CUTE-1 (CO-55)          
1 27844U 03031E   18185.89941118  .00000027  00000-0  31830-4 0  9994
2 27844  98.6859 194.2941 0009075 327.0766  32.9845 14.22120975778673
CUBESAT XI-IV (CO-57)   
1 27848U 03031J   18186.00443321  .00000018  00000-0  27980-4 0  9996
2 27848  98.6945 194.8014 0009151 337.7566  22.3214 14.21724291778595
CUBESAT XI 5            
1 28895U 05043F   18185.91517520  .00000072  00000-0  22570-4 0  9996
2 28895  97.9116 336.6545 0017173  18.3786 341.8034 14.63559105676237
CUTE-1.7+APD II (CO-65) 
1 32785U 08021C   18185.79906852  .00000121  00000-0  18790-4 0  9998
2 32785  97.5464 197.1361 0012656 347.2264  12.8631 14.88139975551724
AAUSAT-II               
1 32788U 08021F   18185.76550755  .00000389  00000-0  41177-4 0  9996
2 32788  97.5205 211.5384 0010276 293.2093  66.8045 14.94380442552804
DELFI-C3 (DO-64)        
1 32789U 08021G   18185.91733623  .00000614  00000-0  46069-4 0  9997
2 32789  97.5102 240.2774 0011152 232.4513 127.5702 15.06129112554355
SEEDS II (CO-66)        
1 32791U 08021J   18185.99323838  .00000292  00000-0  35231-4 0  9992
2 32791  97.5352 202.7200 0012422 325.2836  34.7571 14.90578747552166
SWISSCUBE               
1 35932U 09051B   18186.37074972  .00000088  00000-0  30894-4 0  9994
2 35932  98.5477 337.9700 0008389 147.0859 213.0862 14.56172517466080
BEESAT                  
1 35933U 09051C   18185.91572523  .00000067  00000-0  26043-4 0  9997
2 35933  98.5517 339.0631 0006303 158.1382 202.0085 14.56274861466046
ITUPSAT 1               
1 35935U 09051E   18185.91177578  .00000048  00000-0  22165-4 0  9990
2 35935  98.5628 339.3115 0008679 156.7125 203.4466 14.55450731465877
M-CUBED & EXP-1 PRIME   
1 37855U 11061F   18185.83107803  .00000436  00000-0  30450-4 0  9999
2 37855 101.7149 257.3881 0176334  30.0782 331.0416 15.04512724363833
STRAND-1                
1 39090U 13009E   18185.82001907 -.00000003  00000-0  14158-4 0  9991
2 39090  98.5204  31.9739 0008082 242.0830 117.9537 14.35031289280335
AIST-2 (RS-43)          
1 39133U 13015D   18186.32782140  .00000002  00000-0  12647-4 0  9996
2 39133  64.8725 154.4431 0020725 220.3093 139.6491 15.04569046285930
SOMP                    
1 39134U 13015E   18185.90787253  .00000614  00000-0  38482-4 0  9994
2 39134  64.8646  69.5853 0010629 216.0167 144.0245 15.19228216287210
BEESAT 3                
1 39135U 13015F   18185.95893419  .00000504  00000-0  35551-4 0  9994
2 39135  64.8700  83.0062 0019032 237.7226 122.2057 15.16728553286953
BEESAT-2                
1 39136U 13015G   18186.19874270  .00000433  00000-0  32400-4 0  9997
2 39136  64.8705  85.0699 0021208 234.3018 125.6134 15.16194237287328
NEE-01 PEGASUS          
1 39151U 13018B   18186.21894956  .00000095  00000-0  19684-4 0  9996
2 39151  97.9758 280.1579 0015769 248.4250 111.5281 14.79913773280180
ESTCUBE 1               
1 39161U 13021C   18186.24414994  .00000114  00000-0  25940-4 0  9998
2 39161  98.0084 271.8297 0009775   7.6013 352.5343 14.72078489277104
POPACS 1                
1 39268U 13055D   18185.85313635  .00004532  00000-0  12700-3 0  9996
2 39268  81.0041 327.7501 0637417 174.2029 186.7024 14.34394042245511
POPACS 2                
1 39269U 13055E   18185.85670367  .00001348  00000-0  39362-4 0  9991
2 39269  81.0154 350.0576 0690737 232.0972 121.5819 14.22182556245658
POPACS 3                
1 39270U 13055F   18185.92983456  .00000591  00000-0  18581-4 0  9996
2 39270  81.0170   2.4233 0718041 268.6542  83.2345 14.14707424224162
ZACUBE-1 (TSHEPISOSAT)  
1 39417U 13066B   18185.94948060  .00000086  00000-0  17232-4 0  9996
2 39417  97.5857 213.6391 0060741  96.9044 263.9085 14.80949020249423
WNISAT-1                
1 39423U 13066H   18186.31862692  .00000038  00000-0  17558-4 0  9999
2 39423  97.7279 149.0004 0175210 321.1394  37.7314 14.52962017244867
GOMX 1                  
1 39430U 13066Q   18186.40772262  .00000125  00000-0  32133-4 0  9993
2 39430  97.6986 161.9706 0149970 273.1294  85.2757 14.59093909245806
CUBEBUG-2 (LO-74)       
1 39440U 13066AA  18186.10955049  .00000119  00000-0  23414-4 0  9992
2 39440  97.6004 200.2812 0081605 136.5313 224.2370 14.75686832248560
NEE-02 KRYSAOR          
1 39441U 13066AB  18186.00267878  .00000073  00000-0  17392-4 0  9995
2 39441  97.6007 198.3540 0082926 142.0328 218.6768 14.74788074248405
FUNCUBE-1 (AO-73)       
1 39444U 13066AE  18185.66593319  .00000164  00000-0  26483-4 0  9993
2 39444  97.5865 214.9180 0059861  93.2466 267.5599 14.81732693248247
UWE-3                   
1 39446U 13066AG  18185.62776663  .00000116  00000-0  22082-4 0  9994
2 39446  97.5916 206.1784 0071649 118.3142 242.5322 14.78221221247698
BRITE-TORONTO           
1 40020U 14033L   18186.16457704  .00000060  00000-0  18671-4 0  9998
2 40020  97.7843  43.5728 0087303 186.7426 173.2612 14.66502635216212
DUCHIFAT-1              
1 40021U 14033M   18186.32082655  .00000329  00000-0  39665-4 0  9990
2 40021  97.9156 105.0728 0014277 115.4344 244.8353 14.90330287219651
NANOSATC-BR1            
1 40024U 14033Q   18185.83349728  .00000196  00000-0  26490-4 0  9999
2 40024  97.9090 102.7928 0013534 118.8369 241.4208 14.89590206218980
QB50P1                  
1 40025U 14033R   18186.36210936  .00000159  00000-0  23025-4 0  9997
2 40025  97.9048 101.7236 0013704 121.4804 238.7754 14.88732092219490
QB50P2                  
1 40032U 14033Y   18186.32335374  .00000148  00000-0  22062-4 0  9993
2 40032  97.9000 100.3599 0013160 117.5914 242.6640 14.88276264219422
PERSEUS-M2              
1 40037U 14033AD  18186.19119250  .00000049  00000-0  11758-4 0  9996
2 40037  97.8985  97.7094 0015543 127.1656 233.0981 14.86365300219200
PERSEUS-M1              
1 40039U 14033AF  18186.35543604  .00000034  00000-0  10206-4 0  9991
2 40039  97.8982  97.2225 0015454 123.5825 236.6868 14.85987243219173
POLYITAN-1              
1 40042U 14033AJ  18186.22086571  .00000167  00000-0  24049-4 0  9993
2 40042  97.9123 101.7190 0016086 112.2793 248.0131 14.88415229219395
TIGRISAT                
1 40043U 14033AK  18186.22624631  .00000074  00000-0  18356-4 0  9990
2 40043  97.8064  62.8845 0060960 139.6537 220.9218 14.74150880217265
AEROCUBE 6A             
1 40045U 14033AM  18186.21594293  .00000210  00000-0  37719-4 0  9997
2 40045  97.8235  65.2370 0058972 133.6942 226.9176 14.75165465217187
AEROCUBE 6B             
1 40046U 14033AN  18186.21725599  .00000193  00000-0  35255-4 0  9996
2 40046  97.8202  65.0834 0058264 133.2054 227.4043 14.75157335217321
UKUBE-1                 
1 40074U 14037F   18185.95432942  .00000162  00000-0  26683-4 0  9999
2 40074  98.3903 324.1124 0003466 256.7288 103.3526 14.83817898215930
BRITE-PL 2              
1 40119U 14049B   18185.80294311  .00000055  00000-0  13087-4 0  9997
2 40119  97.9183 274.2741 0016048 281.3074  78.6337 14.84300889209915
FIREBIRD 4              
1 40378U 15003C   18186.31098669  .00000810  00000-0  37167-4 0  9994
2 40378  99.0856  91.7110 0131404 169.8294 190.5642 15.17298480189079
GRIFEX                  
1 40379U 15003D   18186.38042279  .00000538  00000-0  28060-4 0  9997
2 40379  99.0881  87.8478 0138153 182.5352 177.5191 15.14389507188853
EXOCUBE                 
1 40380U 15003E   18186.32306304  .00000394  00000-0  22730-4 0  9993
2 40380  99.0926  85.6037 0142463 190.1045 169.7311 15.12587973188699
TIANWANG 1C (TW-1C)     
1 40926U 15051B   18186.09080705  .00004730  00000-0  87997-4 0  9994
2 40926  97.1811 228.3513 0009007 200.2869 211.7818 15.49331849156082
TIANWANG 1A (TW-1A)     
1 40928U 15051D   18185.89996705  .00001336  00000-0  36874-4 0  9996
2 40928  97.1835 219.5381 0009988 256.5551 226.9047 15.38802701155501
EXACTVIEW 9             
1 40936U 15052G   18185.92038461  .00000448  00000-0 -26159-4 0  9995
2 40936   5.9994  27.5515 0008461 254.2811 105.8124 14.76393456149594
ATHENOXAT 1             
1 41168U 15077C   18185.55802285  .00001520  00000-0  46245-4 0  9991
2 41168  14.9894 253.1749 0011457 280.7408 129.0077 15.12827396141012
GALASSIA                
1 41170U 15077E   18185.49140947  .00001268  00000-0  31758-4 0  9999
2 41170  14.9883 248.1478 0013191 302.6459  57.2589 15.13206555141056
VELOX 2                 
1 41171U 15077F   18185.54144974  .00001078  00000-0  24238-4 0  9994
2 41171  14.9914 270.0674 0008962 241.7231 118.2185 15.10687014140863
HORYU-IV                
1 41340U 16012D   18186.20848938  .00000270  00000-0  13847-4 0  9994
2 41340  31.0038 192.2736 0014067 271.9017  88.0007 15.01004854130605
E-ST@R-II               
1 41459U 16025D   18185.73803414  .00000742  00000-0  42619-4 0  9999
2 41459  98.1344 249.3574 0171932  89.6185 272.4730 15.04459179120067
AAUSAT 4                
1 41460U 16025E   18186.23130032  .00001581  00000-0  84641-4 0  9999
2 41460  98.1282 250.4058 0163370  83.9041 278.0771 15.05934758120200
DIWATA-1                
1 41463U 98067HT  18186.38749010  .00004886  00000-0  43346-4 0  9994
2 41463  51.6372 239.5858 0000885 125.9803 320.5611 15.70699386124866
BEESAT-4                
1 41619U 16040W   18185.75266993  .00000832  00000-0  39241-4 0  9998
2 41619  97.4138 248.6560 0012143 161.0064 199.1628 15.22176429100764
CANX-7                  
1 41788U 16059F   18186.36213862  .00006219  00000-0  10438-2 0  9990
2 41788  98.2119 252.9692 0030678  45.6549 314.7032 14.69738266 94771
ALSAT 1N                
1 41789U 16059G   18186.13626680  .00000074  00000-0  23167-4 0  9990
2 41789  98.1176 248.6639 0029128  33.4286 326.8755 14.64164009 94643
RAVAN                   
1 41849U 16067B   18186.25219063  .00000693  00000-0  64182-4 0  9991
2 41849  97.9253 275.2711 0010091 104.7923 255.4417 14.97800040 89834
CELTEE 1                
1 41850U 16067C   18186.20832892  .00000200  00000-0  22771-4 0  9991
2 41850  97.9249 274.6499 0010498 101.6185 258.6215 14.96832513 89799
OPTICUBE 04             
1 41851U 16067D   18186.30905529  .00000053  00000-0  99477-5 0  9995
2 41851  97.9232 274.6614 0010232 104.3293 255.9064 14.96675961 89803
AEROCUBE 8D             
1 41852U 16067E   18186.21427080 -.00000148  00000-0 -76570-5 0  9993
2 41852  97.9256 274.4075 0011202 102.9699 257.2773 14.96511167 89776
AEROCUBE 8C             
1 41853U 16067F   18186.22885282 -.00000287  00000-0 -19888-4 0  9999
2 41853  97.9249 274.3839 0011324 104.8228 255.4248 14.96470972 89775
PROMETHEUS 2-1          
1 41854U 16067G   18186.23402329 -.00000019  00000-0  36294-5 0  9991
2 41854  97.9253 274.4023 0011633 105.0932 255.1577 14.96580387 89779
PROMETHEUS 2-3          
1 41855U 16067H   18186.30354254  .00000097  00000-0  13834-4 0  9992
2 41855  97.9254 274.4775 0011836 105.4242 254.8287 14.96578103 89786
ITF-2                   
1 41932U 98067KU  18185.60421789  .00020955  00000-0  12709-3 0  9992
2 41932  51.6305 251.0004 0003941 303.8429  56.2196 15.77499079 83513
WASEDA-SAT3             
1 41933U 98067KV  18185.62639321  .00041600  00000-0  17326-3 0  9998
2 41933  51.6318 242.7301 0004166 328.0596  32.0155 15.85258926 83621
AOBA-VELOX 3            
1 41935U 98067KX  18185.76185851  .00031585  00000-0  15362-3 0  9998
2 41935  51.6339 245.2415 0004153 319.1561  40.9130 15.82110783 83704
INS-1B                  
1 41954U 17008G   18185.73123039  .00000733  00000-0  34128-4 0  9995
2 41954  97.4448 249.5486 0007826 296.4020  63.6413 15.23056532 76676
BGUSAT                  
1 41999U 17008BD  18185.94841872  .00001186  00000-0  50934-4 0  9995
2 41999  97.4494 250.8751 0007085 317.1877  42.8808 15.24668612 76131
DIDO-2                  
1 42000U 17008BE  18185.73656721  .00000542  00000-0  25892-4 0  9993
2 42000  97.4466 249.9945 0007425 319.3368  40.7313 15.23234056 76076
PEASSS                  
1 42015U 17008BV  18186.23086916  .00000689  00000-0  31354-4 0  9990
2 42015  97.4463 250.9629 0005483 329.2974  30.7942 15.24053033 76662
AL-FARABI 1             
1 42016U 17008BW  18185.75908014  .00000860  00000-0  37928-4 0  9993
2 42016  97.4472 250.7049 0005380 331.7706  28.3240 15.24476412 76725
NAYIF-1 (EO-88)         
1 42017U 17008BX  18185.88432913  .00000849  00000-0  37468-4 0  9994
2 42017  97.4469 250.8361 0005352 331.5235  28.5709 15.24500761 76765
HAVELSAT                
1 42700U 98067LH  18186.39611369  .00017038  00000-0  13088-3 0  9997
2 42700  51.6340 261.5837 0004795 328.5350  31.5360 15.72170831 64886
CXBN-2                  
1 42704U 98067LM  18186.42264860  .00016808  00000-0  13162-3 0  9992
2 42704  51.6353 262.5304 0001910 298.0515  62.0290 15.71730401 64799
ICECUBE                 
1 42705U 98067LN  18186.40008908  .00047088  00000-0  22595-3 0  9994
2 42705  51.6440 253.4530 0003617 341.1730  18.9139 15.82207366 64975
PHOENIX                 
1 42706U 98067LP  18186.25278221  .00012201  00000-0  10453-3 0  9994
2 42706  51.6347 264.3935 0001331 301.7190  58.3677 15.69881538 64749
X-CUBESAT               
1 42707U 98067LQ  18186.43368292  .00019244  00000-0  14334-3 0  9999
2 42707  51.6307 261.0105 0001983 315.8167  44.2673 15.72808041 64799
QBEE50-LTU-OC           
1 42708U 98067LR  18186.39106770  .00016712  00000-0  13007-3 0  9999
2 42708  51.6355 262.2977 0001849 317.6820  42.4036 15.71881282 64734
ALTAIR PATHFINDER       
1 42711U 98067LS  18185.69259846  .00007608  00000-0  81827-4 0  9998
2 42711  51.6359 274.9254 0003276 254.7463 105.3170 15.64860335 64219
SHARC                   
1 42712U 98067LT  18185.69542626  .00012713  00000-0  13204-3 0  9996
2 42712  51.6372 276.5042 0002456 279.4590  80.6127 15.65030942 64437
ZA-AEROSAT              
1 42713U 98067LU  18186.42429859  .00011255  00000-0  10223-3 0  9999
2 42713  51.6341 266.2780 0001809 268.0176  92.0613 15.68539579 64399
LINK                    
1 42714U 98067LV  18186.20706981  .00051175  00000-0  23758-3 0  9992
2 42714  51.6233 254.0903 0003808 333.0787  27.0018 15.82877850 64642
CSUNSAT 1               
1 42715U 98067LW  18186.43608431  .00012841  00000-0  11277-3 0  9999
2 42715  51.6349 265.6277 0003146 260.5466  99.5176 15.69216393 64403
SPACECUBE               
1 42717U 98067LY  18186.41841024  .00016625  00000-0  13004-3 0  9990
2 42717  51.6324 262.4515 0003649 330.3950  29.6841 15.71764045 63812
HOOPOE                  
1 42718U 98067LZ  18186.41825545  .00023437  00000-0  15973-3 0  9997
2 42718  51.6327 259.4507 0004191 331.6186  28.4585 15.74741709 63852
CHALLENGER              
1 42721U 98067MA  18186.39265772  .00115519  16191-4  33917-3 0  9991
2 42721  51.6252 247.0211 0008944 346.8135  13.2637 15.92487711 63715
NJUST-1                 
1 42722U 98067MB  18186.43257150  .00011089  00000-0  10492-3 0  9996
2 42722  51.6352 267.8584 0005466 307.6990  52.3510 15.67536983 63442
UNSW-ECO                
1 42723U 98067MC  18186.40972637  .00026956  00000-0  17620-3 0  9997
2 42723  51.6368 259.4329 0005614 320.1698  39.8889 15.75608560 63533
LILACSAT-1              
1 42725U 98067ME  18186.38080408  .00013837  00000-0  11630-3 0  9991
2 42725  51.6351 265.2507 0004771 312.4067  47.6526 15.70204018 63379
NSIGHT-1                
1 42726U 98067MF  18186.42323983  .00004399  00000-0  55797-4 0  9991
2 42726  51.6387 275.3684 0004974 305.7492  54.3039 15.61783975 63254
SNUSAT-1                
1 42727U 98067MG  18186.39288610  .00015066  00000-0  12632-3 0  9998
2 42727  51.6331 265.2744 0005616 277.5125  82.5234 15.70172903 63345
I-INSPIRE II            
1 42731U 98067ML  18186.39580717  .00026604  00000-0  16952-3 0  9995
2 42731  51.6356 258.5065 0004480 284.3482  75.7020 15.76208244 63327
POLYITAN-2-SAU          
1 42732U 98067MM  18186.37803516  .00019802  00000-0  14863-3 0  9990
2 42732  51.6337 262.1811 0004727 270.2575  89.7882 15.72597295 63276
SNUSAT-1B               
1 42733U 98067MN  18186.41959851  .00016368  00000-0  13249-3 0  9991
2 42733  51.6341 263.9803 0004987 270.7912  89.2514 15.70949990 63256
EXALTA-1                
1 42734U 98067MP  18186.43310990  .00032329  00000-0  19741-3 0  9997
2 42734  51.6275 257.9616 0006444 305.2342  54.8054 15.77051226 63282
BEEAGLESAT              
1 42736U 98067MR  18186.43307473  .00013313  00000-0  11562-3 0  9996
2 42736  51.6342 265.5724 0005732 306.9965  53.0507 15.69440291 63292
UCLSAT                  
1 42765U 17036A   18186.15891699  .00000658  00000-0  31927-4 0  9998
2 42765  97.3995 245.7174 0012316  21.9601 338.2160 15.21898306 57446
LITUANICASAT-2          
1 42768U 17036D   18185.76128946  .00001133  00000-0  53385-4 0  9996
2 42768  97.4012 244.9181 0015859  11.5490 348.6107 15.21446175 57231
AALTO-1                 
1 42775U 17036L   18185.86441464  .00000447  00000-0  23356-4 0  9990
2 42775  97.3988 244.8855 0014370   9.8609 350.2906 15.20781307 57184
URSA MAIOR              
1 42776U 17036M   18185.91586092  .00000485  00000-0  25053-4 0  9992
2 42776  97.3995 244.9906 0014204   9.9637 350.1877 15.20862478 57195
COMPASS 2               
1 42777U 17036N   18185.76564479  .00000930  00000-0  43959-4 0  9991
2 42777  97.4017 245.2588 0013201  14.4402 345.7208 15.21793279 57189
DIAMOND RED             
1 42783U 17036U   18185.89945214  .00000581  00000-0  28875-4 0  9994
2 42783  97.3996 245.3085 0012941  22.3933 337.7865 15.21499158 57203
PEGASUS                 
1 42784U 17036V   18186.19861224  .00000658  00000-0  32098-4 0  9994
2 42784  97.3997 245.6780 0012827  21.4469 338.7302 15.21706418 57259
DIAMOND GREEN           
1 42785U 17036W   18185.83254542  .00000590  00000-0  29276-4 0  9993
2 42785  97.3998 245.2564 0012855  23.3079 336.8737 15.21501696 57180
DIAMOND BLUE            
1 42786U 17036X   18185.83169132  .00000585  00000-0  29053-4 0  9991
2 42786  97.3998 245.2557 0012699  23.6569 336.5248 15.21500929 57188
NUDTSAT                 
1 42787U 17036Y   18185.91280056  .00000986  00000-0  45788-4 0  9998
2 42787  97.4006 245.6154 0012361  22.4360 337.7415 15.22299603 57060
SUCHAI                  
1 42788U 17036Z   18186.21839644  .00000808  00000-0  38406-4 0  9998
2 42788  97.4000 245.8035 0012431  21.5197 338.6559 15.21982554 57333
SKCUBE                  
1 42789U 17036AA  18185.75804632  .00000729  00000-0  34981-4 0  9992
2 42789  97.3997 245.3437 0012321  23.1372 337.0417 15.21940763 57185
VZLUSAT-1               
1 42790U 17036AB  18185.70467339  .00000924  00000-0  43051-4 0  9993
2 42790  97.4003 245.4181 0011957  23.7821 336.3966 15.22319334 57188
ROBUSTA-1B              
1 42792U 17036AD  18185.92229408  .00000779  00000-0  37016-4 0  9994
2 42792  97.3996 245.5713 0011904  23.8545 336.3240 15.22085316 57228
CICERO 6                
1 42793U 17036AE  18186.24723776  .00000575  00000-0  28285-4 0  9990
2 42793  97.3989 245.8810 0011090  24.4623 335.7137 15.21913012 57345
D-SAT                   
1 42794U 17036AF  18185.82935995  .00000336  00000-0  35000-4 0  9990
2 42794  97.5899 239.8199 0125979 223.0402 136.0912 14.90881665 56351
TOKI                    
1 42820U 98067MU  18186.38638021  .00013349  00000-0  12027-3 0  9996
2 42820  51.6342 268.2698 0002226 255.5060 104.5690 15.68544021 56715
MAZAALAI (NUMSAT-1)     
1 42822U 98067MW  18186.23215030  .00013596  00000-0  12391-3 0  9991
2 42822  51.6343 269.4964 0002310 259.5335 100.5401 15.68239926 56665
BRAC ONNESHA            
1 42823U 98067MX  18185.52611518  .00012218  00000-0  11149-3 0  9994
2 42823  51.6352 273.0503 0004733 266.7146  93.3309 15.68323426 56550
NIGERIAEDUSAT-1         
1 42824U 98067MY  18185.68009402  .00012177  00000-0  11210-3 0  9998
2 42824  51.6356 272.5960 0004658 267.6755  92.3708 15.68107949 56561
CORVUS BC2              
1 42846U 17042X   18185.77973885 -.00000071  00000-0 -16570-5 0  9999
2 42846  97.5959  88.0176 0010743 131.4363 228.7781 14.91827958 52990
CORVUS BC1              
1 42847U 17042Y   18185.68917887  .00000144  00000-0  19528-4 0  9994
2 42847  97.5958  87.9823 0010353 131.3026 228.9086 14.91926917 52972
SILU-1 (SILKROAD 1)     
1 42903U 17021F   18186.31847310  .00012471  00000-0  93643-4 0  9994
2 42903  42.7762 218.3111 0011515  65.3689 358.8073 15.72449275 52787
MIRATA                  
1 43015U 17073C   18185.75664849  .00000379  00000-0  35812-4 0  9995
2 43015  97.7044 116.0388 0257070 214.0835 144.3639 14.78168798 33732
MAKERSAT 0              
1 43016U 17073D   18185.80908010  .00000218  00000-0  23031-4 0  9995
2 43016  97.7073 116.2118 0258502 213.9619 144.4813 14.78171898 33737
ASTERIA                 
1 43020U 98067NH  18186.27915975  .00007543  00000-0  98686-4 0  9998
2 43020  51.6414 283.4359 0001966 242.4688 117.6105 15.59725612 35318
DELLINGR (RBLE)         
1 43021U 98067NJ  18185.90165771  .00003540  00000-0  53324-4 0  9992
2 43021  51.6398 286.8856 0001922 226.7468 133.3364 15.57770789 35238
OSIRIS-3U               
1 43027U 98067NL  18186.28770597  .00017281  00000-0  17529-3 0  9991
2 43027  51.6371 278.9447 0002483 246.3835 113.6899 15.65334969 35253
AEROCUBE 7B             
1 43042U 17071F   18185.84834107  .00001411  00000-0  46183-4 0  9990
2 43042  51.6411 315.4710 0004804 332.8368  27.2364 15.38961610 32327
AEROCUBE 7C             
1 43043U 17071G   18185.84830158  .00001476  00000-0  47854-4 0  9990
2 43043  51.6413 315.4752 0004871 335.4200  24.6551 15.38967657 32296
CHEFSAT                 
1 43044U 17071H   18185.91154926  .00003097  00000-0  86481-4 0  9991
2 43044  51.6409 314.4200 0004834 334.8931  25.1818 15.39929253 32318
ASGARDIA 1              
1 43049U 17071N   18185.82754451  .00001430  00000-0  46445-4 0  9990
2 43049  51.6415 315.3431 0002482   1.1478 358.9511 15.39097400 32297
ISARA                   
1 43050U 17071P   18185.78543859  .00002309  00000-0  67368-4 0  9998
2 43050  51.6402 315.0735 0002353 355.9580   4.1385 15.39761565 32288
FAUNA                   
1 43052U 17071R   18186.39882082  .00001605  00000-0  50680-4 0  9999
2 43052  51.6416 312.4164 0002372 359.5929   0.5053 15.39238759 32376
CORVUS BC3              
1 43118U 18004H   18186.15295393  .00000447  00000-0  22520-4 0  9991
2 43118  97.5318 248.7777 0011610  39.6546 320.5536 15.22279654 26449
MICROMAS-2A             
1 43131U 18004W   18185.90923858  .00001043  00000-0  47590-4 0  9999
2 43131  97.5328 248.6559 0010841  44.1445 316.0654 15.22866540 26410
GOMX4-B                 
1 43196U 18015E   18186.13896482  .00002878  00000-0  12224-3 0  9992
2 43196  97.3443 314.6992 0020950  93.4731 266.8472 15.23676349 23266
GOMX4-A                 
1 43197U 18015F   18186.40666626  .00000309  00000-0  15722-4 0  9992
2 43197  97.3497 314.9668 0021170  93.6998 313.3230 15.23678705 23315
UBAKUSAT                
1 43466U 98067NP  18186.35068248  .00006276  00000-0  95296-4 0  9999
2 43466  51.6398 287.6292 0000108 130.9176 229.1825 15.56008613  8539
1KUNS-PF                
1 43467U 98067NQ  18186.15930742  .00004605  00000-0  72220-4 0  9991
2 43467  51.6403 288.6022 0002397 193.8614 166.2312 15.55841023  8504
BATSU-CS1 (IRAZU)       
1 43468U 98067NR  18185.70432734  .00007226  00000-0  10789-3 0  9993
2 43468  51.6399 290.8125 0000144  68.4190 291.6817 15.56205186108411
