CUTE-1 (CO-55)          
1 27844U 03031E   20049.90464427  .00000045  00000-0  39707-4 0  9992
2 27844  98.6843  59.4306 0010600  46.3149 313.8906 14.22221445863101
CUBESAT XI-IV (CO-57)   
1 27848U 03031J   20049.47442347  .00000034  00000-0  35257-4 0  9999
2 27848  98.6914  59.5508 0010652  58.6200 301.6018 14.21810494862891
CUBESAT XI-V            
1 28895U 05043F   20049.92380302  .00000075  00000-0  23338-4 0  9991
2 28895  97.9890 189.7668 0015541 299.7054  60.2601 14.63738127763129
CUTE-1.7+APD II (CO-65) 
1 32785U 08021C   20049.60290611  .00000165  00000-0  23385-4 0  9993
2 32785  97.5647  42.9514 0013363 164.4451 195.7180 14.88418271640040
AAUSAT-II               
1 32788U 08021F   20049.91390616  .00000665  00000-0  65807-4 0  9996
2 32788  97.4929  59.7269 0013369  96.5551 263.7192 14.94949084641453
DELFI-C3 (DO-64)        
1 32789U 08021G   20049.66504803  .00001301  00000-0  89705-4 0  9995
2 32789  97.4350  96.5713 0012156  14.4784 345.6790 15.07459676643763
SEEDS II (CO-66)        
1 32791U 08021J   20049.54156418  .00000380  00000-0  43794-4 0  9994
2 32791  97.5362  49.0263 0014301 137.4371 222.7959 14.90973332640596
SWISSCUBE               
1 35932U 09051B   20049.74123700  .00000100  00000-0  33639-4 0  9995
2 35932  98.6034 228.2027 0008485 129.7929 230.4016 14.56358576552447
BEESAT-1                
1 35933U 09051C   20049.45515899  .00000097  00000-0  32798-4 0  9998
2 35933  98.6044 229.7520 0006524 140.6221 219.5451 14.56438695552512
ITUPSAT1                
1 35935U 09051E   20049.79221326  .00000076  00000-0  28714-4 0  9996
2 35935  98.6153 230.3151 0008850 140.1262 220.0586 14.55589238552264
TISAT 1                 
1 36799U 10035E   20049.87242275  .00000445  00000-0  50836-4 0  9994
2 36799  98.1805 215.6355 0012252   8.2093 351.9322 14.91272090521107
M-CUBED & EXP-1 PRIME   
1 37855U 11061F   20049.53733408  .00001352  00000-0  74372-4 0  9993
2 37855 101.7260  76.1141 0171868  70.8196 291.1528 15.06006251453151
AEROCUBE 4.5A           
1 38767U 12048K   20049.92030138  .00000459  00000-0  50840-4 0  9996
2 38767  64.6640 250.0588 0155639 176.1652 184.0696 14.92160707 23965
AEROCUBE 4.5B           
1 38768U 12048L   20049.82009537  .00000848  00000-0  75902-4 0  9993
2 38768  64.6652 221.0230 0144404 172.8868 187.4343 14.95790089 23984
STRAND-1                
1 39090U 13009E   20049.43913934  .00000022  00000-0  22915-4 0  9992
2 39090  98.4666 256.0090 0008063 283.6230  76.4057 14.35118120365475
SOMP                    
1 39134U 13015E   20049.90062575  .00000864  00000-0  47856-4 0  9991
2 39134  64.8633 305.6706 0037565 263.3683  96.3169 15.20749776377498
BEESAT-3                
1 39135U 13015F   20049.93719033  .00000944  00000-0  55150-4 0  9998
2 39135  64.8685 327.3427 0045603 264.9591  94.6329 15.17938587377073
BEESAT-2                
1 39136U 13015G   20049.93632584  .00000601  00000-0  39741-4 0  9992
2 39136  64.8702 331.9295 0029971 278.9338  80.8395 15.17335373376985
NEE-01 PEGASO           
1 39151U 13018B   20049.74618235  .00000104  00000-0  20702-4 0  9993
2 39151  97.9701 149.4325 0018252 126.0385 234.2521 14.80128776367970
ESTCUBE 1               
1 39161U 13021C   20049.80347039  .00000098  00000-0  23298-4 0  9991
2 39161  97.9700 135.2139 0008426 263.7950  96.2294 14.72281090364436
POPACS 1                
1 39268U 13055D   20049.76480890  .00002911  00000-0  80227-4 0  9995
2 39268  81.0003  62.6112 0619636 217.4530 138.1937 14.38497689330785
POPACS 2                
1 39269U 13055E   20049.45682156  .00002032  00000-0  58782-4 0  9996
2 39269  81.0130  98.1776 0679009 309.7532  44.5671 14.24981751328891
POPACS 3                
1 39270U 13055F   20049.90793797  .00001266  00000-0  38530-4 0  9999
2 39270  81.0160 117.7465 0711451   6.1536 354.7812 14.16576503308201
ZACUBE-1 (TSHEPISOSAT)  
1 39417U 13066B   20049.93299218  .00000191  00000-0  30361-4 0  9996
2 39417  97.5629  54.6240 0057717 310.8275  48.7941 14.81223280337342
WNISAT-1                
1 39423U 13066H   20049.77818280  .00000056  00000-0  21363-4 0  9993
2 39423  97.7974 339.4552 0174102 268.8653  89.2610 14.53095745331040
TRITON-1                
1 39427U 13066M   20049.92206212  .00000235  00000-0  44990-4 0  9990
2 39427  97.7100  17.6011 0115121 100.3459 261.0748 14.67944485334123
GOMX-1                  
1 39430U 13066Q   20049.88750083  .00000069  00000-0  21706-4 0  9994
2 39430  97.7789 355.7242 0150182 200.9345 158.5684 14.59348587332364
CUBEBUG-2 (LO-74)       
1 39440U 13066AA  20049.90349653  .00000228  00000-0  38625-4 0  9990
2 39440  97.6205  39.0850 0080457   9.5179 350.7533 14.75959747334948
NEE-02 KRYSAOR          
1 39441U 13066AB  20049.90304148  .00000159  00000-0  29636-4 0  9996
2 39441  97.6269  36.6773 0082193  17.7194 342.6852 14.74980838334783
FUNCUBE-1 (AO-73)       
1 39444U 13066AE  20049.93150192  .00000238  00000-0  35633-4 0  9992
2 39444  97.5586  56.7789 0056712 303.4609  56.1191 14.82064600335661
UWE-3                   
1 39446U 13066AG  20049.89366741  .00000207  00000-0  34147-4 0  9993
2 39446  97.5916  46.2665 0069477 341.1181  18.7456 14.78495181334904
AEROCUBE 5A             
1 39465U 13072D   20049.88300965  .00005464  00000-0  44900-3 0  9993
2 39465 120.4988  90.4575 0279955 121.8347 241.0278 14.75156077 23714
AEROCUBE 5B             
1 39466U 13072E   20049.91704316  .00009703  00000-0  66513-3 0  9990
2 39466 120.4923 120.9806 0252949 129.0889 233.2952 14.84453624 23816
BRITE-CA1 (TORONTO)     
1 40020U 14033L   20049.81516250  .00000055  00000-0  17482-4 0  9996
2 40020  97.7321 244.8542 0088826  94.4674 266.6685 14.66622896303232
DUCHIFAT-1              
1 40021U 14033M   20049.27533353  .00000410  00000-0  47529-4 0  9990
2 40021  97.9369 339.8317 0012234 329.8788  30.1725 14.90813205307981
NANOSATC-BR1            
1 40024U 14033Q   20049.83613753  .00000209  00000-0  27655-4 0  9992
2 40024  97.9235 337.1482 0011575 332.6400  27.4206 14.89997057307428
QB50P1                  
1 40025U 14033R   20049.84677564  .00000211  00000-0  28359-4 0  9999
2 40025  97.9130 334.1993 0011946 339.5560  20.5177 14.89071797307292
QB50P2                  
1 40032U 14033Y   20049.85818311  .00000229  00000-0  30602-4 0  9998
2 40032  97.9031 331.9286 0011287 336.3103  23.7592 14.88601664307192
PERSEUS-M2              
1 40037U 14033AD  20049.71607324  .00000036  00000-0  10334-4 0  9994
2 40037  97.8910 326.9544 0014155 350.7939   9.3014 14.86516130307377
PERSEUS-M1              
1 40039U 14033AF  20049.89705635  .00000057  00000-0  12755-4 0  9991
2 40039  97.8882 326.0266 0013933 348.1015  11.9869 14.86136449306814
POLYITAN-1              
1 40042U 14033AJ  20049.82223151  .00000297  00000-0  37755-4 0  9999
2 40042  97.9211 334.6255 0013935 328.6656  31.3729 14.88807311307192
TIGRISAT                
1 40043U 14033AK  20049.56739311  .00000120  00000-0  24937-4 0  9994
2 40043  97.7256 271.4955 0060623  27.3448 333.0930 14.74342076304384
AEROCUBE 6A             
1 40045U 14033AM  20049.45419646  .00000218  00000-0  38472-4 0  9997
2 40045  97.7504 276.2881 0058349  19.5357 340.8070 14.75518983304415
AEROCUBE 6B             
1 40046U 14033AN  20049.86957048  .00000226  00000-0  39700-4 0  9990
2 40046  97.7423 276.0881 0057525  17.5302 342.7876 14.75497981304472
UKUBE-1                 
1 40074U 14037F   20049.70422743  .00000228  00000-0  34513-4 0  9996
2 40074  98.4523 230.9174 0005072 131.2155 228.9478 14.84194336303993
BRITE-PL2 (HEWELIUSZ)   
1 40119U 14049B   20049.74447419  .00000071  00000-0  14800-4 0  9993
2 40119  97.8961 143.1611 0018457 137.3148 222.9504 14.84471426298022
FIREBIRD 4              
1 40378U 15003C   20049.82185189  .00002009  00000-0  81061-4 0  9999
2 40378  99.1114  85.5766 0124917 353.8437   6.1250 15.19635894279130
GRIFEX                  
1 40379U 15003D   20049.77146482  .00001529  00000-0  67929-4 0  9990
2 40379  99.1176  78.1117 0133958  16.6821 343.8749 15.16091285278717
EXOCUBE (CP10)          
1 40380U 15003E   20049.74726926  .00001563  00000-0  72367-4 0  9996
2 40380  99.1239  74.0695 0139209  30.1147 330.7991 15.14074285278445
AEROCUBE 8A             
1 40659U 15025J   20049.43829257  .00014080  00000-0  16650-3 0  9996
2 40659  55.0179 127.2170 0112298 223.3267 135.8899 15.54292046 24873
AEROCUBE 8B             
1 40660U 15025K   20049.44189775  .00013693  00000-0  16089-3 0  9998
2 40660  55.0151 125.4482 0111424 225.1292 134.0655 15.54587627 24883
TIANWANG 1C (TW-1C)     
1 40926U 15051B   20049.88750647  .00012420  00000-0  14676-3 0  9999
2 40926  97.1034 101.1394 0007055 162.6517 251.5852 15.61414359248349
TIANWANG 1A (TW-1A)     
1 40928U 15051D   20049.76757742  .00001711  00000-0  42081-4 0  9994
2 40928  97.1230  80.4745 0008991 262.0336 218.3477 15.41970601246923
EXACTVIEW 9             
1 40936U 15052G   20049.61252299  .00000749  00000-0  15700-4 0  9993
2 40936   6.0037 114.7972 0010445   5.1050 354.9183 14.76543203237488
AEROCUBE 5C             
1 40965U 15058B   20049.72112341  .00000021  00000-0  22333-4 0  9999
2 40965  64.7787 146.5196 0170220 118.5848 243.2504 14.74478541 23655
AEROCUBE 7              
1 40966U 15058C   20049.72542239  .00000049  00000-0  25595-4 0  9996
2 40966  64.7788 145.1536 0169084 118.3109 243.5170 14.74769194 23653
ATHENOXAT 1             
1 41168U 15077C   20049.74645025  .00001720  00000-0  54723-4 0  9993
2 41168  14.9872 219.5555 0011567 262.4284  97.4723 15.14111941231177
GALASSIA                
1 41170U 15077E   20049.68713131  .00001683  00000-0  52130-4 0  9991
2 41170  14.9876 212.2460 0012829 287.2450  72.6467 15.14424427231234
VELOX-II                
1 41171U 15077F   20048.95650880  .00001325  00000-0  37489-4 0  9995
2 41171  14.9904 258.1164 0008818 181.3045 178.7253 15.11524326230768
HORYU-4                 
1 41340U 16012D   20049.90228231  .00000462  00000-0  28310-4 0  9994
2 41340  31.0062  13.0868 0013834  42.4524 317.7180 15.01419093219891
E-ST@R-II               
1 41459U 16025D   20049.82013945  .00001688  00000-0  89566-4 0  9995
2 41459  98.0968 153.6859 0165099 254.0579 104.2396 15.06049861209437
AAUSAT 4                
1 41460U 16025E   20049.80284603  .00001393  00000-0  72884-4 0  9994
2 41460  98.0929 155.5937 0154145 244.2806 114.2436 15.08185671209605
DIWATA-1                
1 41463U 98067HT  20049.49614422  .00093062  15096-4  16668-3 0  9990
2 41463  51.6237  41.7531 0003310  62.3968  81.1009 16.01621979218693
BEESAT-4                
1 41619U 16040W   20049.84938896  .00001188  00000-0  52353-4 0  9992
2 41619  97.3363 112.1341 0009796 235.9233 124.1075 15.23691532191182
CANX-7                  
1 41788U 16059F   20049.91310543  .00006021  00000-0  86232-3 0  9993
2 41788  98.2524 134.9100 0022613 312.9305  46.9301 14.76785619182160
RAVAN                   
1 41849U 16067B   20049.81617261  .00000081  00000-0  11957-4 0  9999
2 41849  97.9238 157.7259 0007787 283.5273  76.5081 14.98445846178704
CELTEE 1                
1 41850U 16067C   20049.77013729  .00000715  00000-0  67181-4 0  9999
2 41850  97.9196 155.7482 0007111 289.1935  70.8516 14.97121697178594
OPTICUBE 04             
1 41851U 16067D   20049.88110240 -.00000044  00000-0  14823-5 0  9990
2 41851  97.9181 155.5424 0007748 290.9762  69.0629 14.96880688178593
AEROCUBE 8D             
1 41852U 16067E   20049.82818006  .00000484  00000-0  47511-4 0  9996
2 41852  97.9191 155.3180 0008166 290.6558  69.3788 14.96838998178560
AEROCUBE 8C             
1 41853U 16067F   20049.85691323 -.00000074  00000-0 -11370-5 0  9993
2 41853  97.9198 155.2633 0008593 294.5038  65.5287 14.96810086178560
PROMETHEUS 2-1          
1 41854U 16067G   20049.85063947  .00000512  00000-0  49695-4 0  9994
2 41854  97.9208 155.5134 0008644 292.8781  67.1527 14.97093548178578
PROMETHEUS 2-3          
1 41855U 16067H   20049.85186429  .00000452  00000-0  44425-4 0  9995
2 41855  97.9212 155.5411 0008865 293.3324  66.6964 14.97103110178572
INS-1B                  
1 41954U 17008G   20049.83153343  .00001054  00000-0  45763-4 0  9993
2 41954  97.3698 116.3035 0009232  13.5019 346.6464 15.24480090167146
BGUSAT                  
1 41999U 17008BD  20049.70416643  .00001809  00000-0  70985-4 0  9995
2 41999  97.3798 119.6828 0008379  25.3642 334.8007 15.26999580166676
DIDO-2                  
1 42000U 17008BE  20049.84006718  .00000732  00000-0  32863-4 0  9999
2 42000  97.3708 116.8511 0009200  31.8085 328.3706 15.24277427166543
PEASSS                  
1 42015U 17008BV  20049.83835118  .00000982  00000-0  41757-4 0  9997
2 42015  97.3725 118.2184 0007169  38.7002 321.4748 15.25345101167117
AL-FARABI 1             
1 42016U 17008BW  20049.85693792  .00001294  00000-0  52949-4 0  9992
2 42016  97.3750 119.0940 0007005  37.9529 322.2202 15.26110601167287
NAYIF-1 (EO-88)         
1 42017U 17008BX  20049.83874430  .00001290  00000-0  52714-4 0  9997
2 42017  97.3746 119.0880 0007023  37.7551 322.4179 15.26148341167309
NSIGHT                  
1 42726U 98067MF  20049.49867668  .00085079  00000-0  29094-3 0  9996
2 42726  51.6296 124.2829 0005041  24.6749 335.4496 15.88982325156470
UCLSAT                  
1 42765U 17036A   20049.28173089  .00000993  00000-0  44782-4 0  9994
2 42765  97.3187 106.6579 0013073  90.1255 270.1480 15.23244617148281
LITUANICASAT-2          
1 42768U 17036D   20049.88565714  .00001666  00000-0  72271-4 0  9995
2 42768  97.3235 107.0541 0016437  79.4738 280.8351 15.23606620147634
AALTO-1                 
1 42775U 17036L   20049.84287595  .00000646  00000-0  31490-4 0  9992
2 42775  97.3165 105.3490 0015582  81.3960 278.9041 15.21661883147484
URSA MAIOR              
1 42776U 17036M   20049.84581336  .00000726  00000-0  34889-4 0  9997
2 42776  97.3176 105.5870 0015392  81.2852 279.0127 15.21825292147493
COMPASS 2               
1 42777U 17036N   20049.83419693  .00001417  00000-0  62074-4 0  9998
2 42777  97.3227 107.4570 0014015  80.8674 279.4148 15.23550253147588
DIAMOND RED             
1 42783U 17036U   20049.61797401  .00000816  00000-0  37992-4 0  9990
2 42783  97.3187 106.3724 0013782  90.6520 269.6296 15.22606065147518
PEGASUS                 
1 42784U 17036V   20049.80876114  .00000944  00000-0  43064-4 0  9990
2 42784  97.3191 106.9075 0013644  89.2047 271.0753 15.22954765147567
DIAMOND GREEN           
1 42785U 17036W   20049.87964454  .00000852  00000-0  39533-4 0  9997
2 42785  97.3188 106.6588 0013689  90.4198 269.8608 15.22608464147623
DIAMOND BLUE            
1 42786U 17036X   20049.87885903  .00000837  00000-0  38900-4 0  9999
2 42786  97.3189 106.6543 0013517  90.5435 269.7350 15.22606524147629
NUDTSAT                 
1 42787U 17036Y   20049.96359661  .00001455  00000-0  62585-4 0  9990
2 42787  97.3240 108.1936 0012828  79.4309 280.8370 15.24141986147490
SUCHAI                  
1 42788U 17036Z   20049.61153737  .00001118  00000-0  49735-4 0  9997
2 42788  97.3198 107.1980 0013189  88.7072 271.5676 15.23454031147631
SKCUBE                  
1 42789U 17036AA  20049.77739211  .00001033  00000-0  46335-4 0  9991
2 42789  97.3193 107.2467 0013066  88.3904 271.8829 15.23317929147572
VZLUSAT-1               
1 42790U 17036AB  20049.88609747  .00001455  00000-0  62633-4 0  9992
2 42790  97.3213 108.1129 0012564  86.6861 273.5814 15.24128495147636
ROBUSTA-1B              
1 42792U 17036AD  20049.87714006  .00001108  00000-0  49270-4 0  9995
2 42792  97.3194 107.5590 0012641  88.5720 271.6965 15.23501374147616
CICERO 6                
1 42793U 17036AE  20049.88197878  .00000742  00000-0  34516-4 0  9999
2 42793  97.3173 107.1153 0011954  90.5163 269.7444 15.22937544147661
D-SAT                   
1 42794U 17036AF  20049.93819893  .00000175  00000-0  20401-4 0  9992
2 42794  97.5095  88.4119 0127343  44.4275 316.7074 14.91219901144880
CORVUS BC2              
1 42846U 17042X   20049.93632640 -.00000054  00000-0 -65274-7 0  9998
2 42846  97.5401 298.7594 0008671 325.1737  34.8914 14.92061001141588
CORVUS BC1              
1 42847U 17042Y   20049.73893355 -.00000048  00000-0  50521-6 0  9999
2 42847  97.5404 298.7185 0008323 325.4530  34.6148 14.92161880141556
MIRATA                  
1 43015U 17073C   20049.83541882  .00001008  00000-0  82536-4 0  9992
2 43015  97.7226 326.5898 0255436  78.7592 284.2211 14.79408792121535
MAKERSAT 0              
1 43016U 17073D   20048.68162047  .00000566  00000-0  48654-4 0  9998
2 43016  97.7263 325.6775 0258016  83.2937 279.7565 14.79041451121358
ASTERIA                 
1 43020U 98067NH  20049.50724224  .00090512  00000-0  32475-3 0  9991
2 43020  51.6403 136.7889 0002975   5.1882 354.9154 15.88006574128498
DELLINGR (RBLE)         
1 43021U 98067NJ  20049.89830520  .00014349  00000-0  13395-3 0  9995
2 43021  51.6359 169.4264 0001806 328.2113  31.8774 15.67589585128097
AEROCUBE 7B (OCSD B)    
1 43042U 17071F   20049.88725099  .00003475  00000-0  87635-4 0  9994
2 43042  51.6380 292.8961 0004032 336.7886  23.2917 15.42718411123919
AEROCUBE 7C (OCSD C)    
1 43043U 17071G   20049.88873089  .00003423  00000-0  86520-4 0  9993
2 43043  51.6380 292.9206 0004310 341.0051  19.0773 15.42696033123889
CHEFSAT                 
1 43044U 17071H   20049.89184721  .00006872  00000-0  14402-3 0  9993
2 43044  51.6381 281.9095 0003893 343.6104  16.4757 15.46616051124034
ASGARDIA 1              
1 43049U 17071N   20049.88720921  .00003310  00000-0  83709-4 0  9996
2 43049  51.6391 292.2186 0002199   7.2962 352.8056 15.42785048123890
ISARA                   
1 43050U 17071P   20049.87053567  .00005848  00000-0  12711-3 0  9994
2 43050  51.6366 283.9270 0001897   8.8063 351.2957 15.45844173124003
PROPCUBE 2 (FAUNA)      
1 43052U 17071R   20049.90598770  .00003325  00000-0  83007-4 0  9995
2 43052  51.6384 290.8631 0002070   4.4835 355.6169 15.43169334123904
CORVUS BC3              
1 43118U 18004H   20049.87107435  .00000683  00000-0  31847-4 0  9994
2 43118  97.4578 121.0538 0011957 109.8252 250.4275 15.23179561116798
MICROMAS-2A             
1 43131U 18004W   20049.83993987  .00001677  00000-0  70343-4 0  9998
2 43131  97.4617 122.3570 0010824 109.7403 250.5003 15.24860629116867
SPACEBEE-4              
1 43139U 18004AE  20049.83684811  .00002267  00000-0  90994-4 0  9999
2 43139  97.4645 123.2658 0010150 111.0866 249.1458 15.25976434116911
SPACEBEE-3              
1 43140U 18004AF  20049.84595337  .00003114  00000-0  12118-3 0  9999
2 43140  97.4658 123.7874 0009953 110.8013 249.4293 15.26726710116946
SPACEBEE-2              
1 43141U 18004AG  20049.84760505  .00003492  00000-0  13453-3 0  9993
2 43141  97.4669 123.9765 0009944 110.3212 249.9096 15.26985666116950
SPACEBEE-1              
1 43142U 18004AH  20049.84081094  .00003723  00000-0  14196-3 0  9995
2 43142  97.4672 124.1653 0009879 110.4224 249.8076 15.27279293116955
CICERO 7                
1 43143U 18004AJ  20049.84584247  .00001471  00000-0  61923-4 0  9993
2 43143  97.4598 122.5652 0008925 116.9726 243.2424 15.24941040116883
GOMX-4B                 
1 43196U 18015E   20049.80248759  .00000327  00000-0  16353-4 0  9990
2 43196  97.4191 179.4079 0019421 161.0762 199.1203 15.24145555113673
GOMX-4A                 
1 43197U 18015F   20049.85799845  .00000620  00000-0  28166-4 0  9994
2 43197  97.4180 179.5172 0019468 161.3336 350.7488 15.24327808113693
1KUNS-PF                
1 43466U 98067NP  20049.70533629  .00065612  00000-0  34304-3 0  9990
2 43466  51.6309 160.4412 0002158 345.3942  14.6997 15.80212453101451
UBAKUSAT                
1 43467U 98067NQ  20049.88028317  .00026038  00000-0  21938-3 0  9991
2 43467  51.6336 174.4834 0001644 299.0760  61.0072 15.69641982101299
BATSU-CS1 (IRAZU)       
1 43468U 98067NR  20049.73039127  .00280780  45193-4  47757-3 0  9996
2 43468  51.6318 143.8405 0006153 359.7350   0.4314 16.02053137201668
CUBERRT                 
1 43546U 98067NU  20049.76234646  .00011460  00000-0  99966-4 0  9990
2 43546  51.6349 173.7057 0003667 353.0232   7.0714 15.69513651 91429
TEMPEST-D               
1 43547U 98067NV  20049.94192955  .00018430  00000-0  22302-3 0  9990
2 43547  51.6358 194.4755 0004793 329.3818  30.6895 15.60726978 90848
RAINCUBE                
1 43548U 98067NW  20049.89085459  .00026827  00000-0  23768-3 0  9991
2 43548  51.6336 181.2937 0004524 345.3780  14.7085 15.68388086 91464
HALOSAT                 
1 43549U 98067NX  20049.85112581  .00027279  00000-0  24436-3 0  9990
2 43549  51.6353 181.8245 0004305 346.0645  14.0232 15.68108220 91015
ENDUROSAT ONE           
1 43551U 98067NZ  20049.81457187  .00039130  00000-0  29618-3 0  9999
2 43551  51.6332 175.5325 0004782 356.0118   4.0841 15.71985112 91505
EQUISAT                 
1 43552U 98067PA  20049.92671258  .00025189  00000-0  22207-3 0  9995
2 43552  51.6359 180.1198 0005091 354.1004   5.9932 15.68544419 91410
AEROCUBE 12A            
1 43556U 18046C   20049.94196260  .00001570  00000-0  66657-4 0  9991
2 43556  51.6432 319.6387 0007808 225.1339 134.9007 15.29411664 89089
AEROCUBE 12B            
1 43557U 18046D   20049.91740175  .00000341  00000-0  24392-4 0  9994
2 43557  51.6433 320.2168 0007809 224.4881 135.5473 15.29185184 89024
UITMSAT-1               
1 43589U 98067PD  20049.78192255  .00031389  00000-0  26181-3 0  9998
2 43589  51.6325 180.5212 0004521   0.5338 359.5663 15.69770170 87132
MAYA-1                  
1 43590U 98067PE  20049.58404584  .00027902  00000-0  23346-3 0  9995
2 43590  51.6328 181.4575 0004536   0.7430 359.3573 15.69760248 87032
BHUTAN-1                
1 43591U 98067PF  20049.56470526  .00029721  00000-0  24752-3 0  9996
2 43591  51.6337 181.3783 0004670   1.0308 359.0698 15.69837077 87030
SIRIUSSAT-1             
1 43595U 98067PG  20049.91022594  .00029987  00000-0  26614-3 0  9990
2 43595  51.6329 182.8975 0002864 324.7482  35.3325 15.68286327 86221
SIRIUSSAT-2             
1 43596U 98067PH  20049.90062911  .00029836  00000-0  26570-3 0  9991
2 43596  51.6338 183.6469 0003319 323.5378  36.5392 15.68204708 86215
TANUSHA-3               
1 43597U 98067PJ  20049.85837816  .00048050  00000-0  34803-3 0  9997
2 43597  51.6307 177.2212 0003158 337.1197  22.9660 15.72939094 86291
SURFSAT                 
1 43614U 18070B   20049.88646502  .00002230  00000-0  58431-4 0  9990
2 43614  93.0306 105.1557 0018178  81.3617 278.9695 15.38609402 80097
CP7 (DAVE)              
1 43615U 18070C   20049.64761744  .00002051  00000-0  53948-4 0  9990
2 43615  93.0309 105.0530 0018319  81.6534 278.6796 15.38492490 80051
ELFIN-B                 
1 43616U 18070D   20049.84771628  .00003874  00000-0  98180-4 0  9996
2 43616  93.0272 105.0498 0018899  83.5150 276.8255 15.39576724 80113
ELFIN-A                 
1 43617U 18070E   20049.89339610  .00003903  00000-0  98518-4 0  9991
2 43617  93.0327 105.4808 0018191  80.5054 279.8255 15.39710425 80121
CUBEBEL-1 (BSUSAT-1)    
1 43666U 18083E   20049.87694535  .00000778  00000-0  41501-4 0  9994
2 43666  97.5015  77.4587 0016404  59.7162  64.3139 15.18018205 72474
DEBRISSAT-2             
1 43680U 98067PR  20049.80843173  .00085721  00000-0  48878-3 0  9991
2 43680  51.6341 173.1648 0003024 343.4845  16.6057 15.78185906 95079
CICERO 10               
1 43690U 18088A   20049.81852578  .00000968  00000-0  42941-4 0  9993
2 43690  85.0414 157.1380 0016076  36.4904 323.7429 15.20037221 70580
IRVINE01                
1 43693U 18088D   20049.74901382  .00001970  00000-0  83355-4 0  9994
2 43693  85.0386 156.2173 0018185  18.9469 341.2446 15.22348465 70632
PROXIMA I               
1 43694U 18088E   20049.81525755  .00000850  00000-0  35512-4 0  9997
2 43694  85.0358 155.9723 0019431  10.3016 349.8620 15.21769193 70652
PROXIMA II              
1 43696U 18088G   20049.81369575  .00000848  00000-0  35421-4 0  9991
2 43696  85.0358 155.9757 0019472  10.2213 349.9421 15.21772980 70641
FACSAT-1                
1 43721U 18096C   20049.88587685  .00001355  00000-0  53933-4 0  9992
2 43721  97.4330 124.0659 0017787 179.9138 180.2107 15.26886192 68146
CENTAURI-2              
1 43722U 18096D   20049.88327195  .00001843  00000-0  71424-4 0  9998
2 43722  97.4338 124.2361 0017834 180.1609 179.9627 15.27305346 68147
INNOSAT-2               
1 43738U 18096V   20049.90854088  .00002886  00000-0  10219-3 0  9996
2 43738  97.4349 125.7535 0023655 189.8317 170.2464 15.29712068 68255
SIRION PATHFINDER-2     
1 43759U 18099B   20049.92555314 -.00000058  00000-0  13774-7 0  9997
2 43759  97.7182 123.5560 0013495 217.7293 142.2983 14.95226361 66076
CORVUS-BC 4             
1 43767U 18099K   20049.88923285  .00000364  00000-0  38832-4 0  9995
2 43767  97.7169 123.0595 0010809 220.4433 139.5985 14.94669720 66043
MOVE-II                 
1 43780U 18099Y   20049.87890113  .00000804  00000-0  78114-4 0  9998
2 43780  97.7187 123.4155 0012593 228.9697 131.0435 14.95280242 66047
SPACEBEE-7              
1 43816U 18099BL  20049.70856607 -.00000095  00000-0 -33429-5 0  9995
2 43816  97.7202 123.5647 0012664 213.8312 146.2102 14.95592786 65595
SPACEBEE-5              
1 43817U 18099BM  20049.83933671  .00000551  00000-0  54193-4 0  9992
2 43817  97.7243 123.9690 0012610 213.1227 146.9206 14.96068477 65624
SPACEBEE-6              
1 43818U 18099BN  20049.88645940  .00000952  00000-0  90522-4 0  9998
2 43818  97.7213 123.8263 0012718 212.1434 147.9012 14.95743271 65778
SHIELDS 1               
1 43850U 18104B   20049.55610958  .00000042  00000-0  00000+0 0  9993
2 43850  85.0247 254.5904 0016187 142.7583 217.4840 15.21275967 65248
STF-1                   
1 43852U 18104D   20049.62149808  .00000041  00000-0  00000-0 0  9994
2 43852  85.0294 255.0013 0015150 155.6600 204.5397 15.21024188 65231
ZACUBE-2                
1 43907U 18111AH  20049.92846729  .00000496  00000-0  22956-4 0  9994
2 43907  97.2765 313.2220 0020838 201.7211 158.3146 15.24453690 63803
LUME 1                  
1 43908U 18111AJ  20049.88356485  .00000888  00000-0  38464-4 0  9991
2 43908  97.2766 313.2781 0020624 201.7145 158.3221 15.24791282 63802
AOBA VELOX-IV           
1 43940U 19003J   20049.88570850  .00001085  00000-0  46635-4 0  9991
2 43940  97.2461 105.1900 0022435 287.4817 126.5656 15.24567301 60438
CATSAT-2                
1 44029U 98067PV  20049.78228776  .00014185  00000-0  16834-3 0  9995
2 44029  51.6374 200.9502 0003893 353.6364   6.4579 15.61471907 59802
DELPHINI                
1 44030U 98067PW  20049.85977138  .00019205  00000-0  22052-3 0  9995
2 44030  51.6343 199.9044 0003917 348.2436  11.8466 15.62069010 59797
UNITE                   
1 44031U 98067PX  20049.85468633  .00010732  00000-0  14111-3 0  9994
2 44031  51.6360 203.6552 0002939 348.3943  11.6981 15.59071600 59740
TECHEDSAT 8             
1 44032U 98067PY  20049.90904399  .00135587  00000-0  73302-3 0  9998
2 44032  51.6289 183.6357 0004250 332.9812  27.0968 15.79170384 59997
CATSAT-1                
1 44033U 98067PZ  20049.59009977  .00012890  00000-0  15361-3 0  9994
2 44033  51.6377 201.9206 0003765 351.0843   9.0083 15.61462790 59689
RAAVANA-1               
1 44329U 98067QE  20049.85718346  .00011619  00000-0  17346-3 0  9991
2 44329  51.6383 212.7042 0006096 274.5901  85.4394 15.55520520 38371
UGUISU                  
1 44330U 98067QF  20049.86435615  .00011146  00000-0  16707-3 0  9994
2 44330  51.6382 212.7497 0006082 273.0777  86.9518 15.55459426 38354
NEPALISAT-1             
1 44331U 98067QG  20049.85182095  .00011341  00000-0  16929-3 0  9998
2 44331  51.6382 212.6682 0006125 275.8920  84.1373 15.55550556 38364
SPOOQY-1                
1 44332U 98067QH  20049.84998481  .00011397  00000-0  17035-3 0  9992
2 44332  51.6380 212.6529 0004995 278.2929  81.7496 15.55514893 38321
SPACEBEE-9              
1 44370U 19037F   20049.93076328  .00005239  00000-0  12976-3 0  9998
2 44370  45.0154  63.1668 0012643 209.9281 150.0902 15.41588589 36141
SPACEBEE-8              
1 44371U 19037G   20049.42603716  .00009431  00000-0  20847-3 0  9994
2 44371  45.0179  63.6359 0010722 212.7255 147.2981 15.44150018 36083
IOD-1 GEMS              
1 44385U 98067QK  20049.83979337  .00016947  00000-0  24051-3 0  9990
2 44385  51.6392 212.6176 0002765 236.6432 123.4295 15.56544697 35841
MOVE-IIB                
1 44398U 19038N   20049.84912868  .00000964  00000-0  59492-4 0  9992
2 44398  97.5214  12.7379 0025301 175.7986 184.3461 15.12050354 34506
SONATE                  
1 44400U 19038Q   20049.79398257  .00000313  00000-0  22028-4 0  9993
2 44400  97.5241  12.7024 0025362 174.3785 185.7735 15.11832372 34490
LUCKY-7                 
1 44406U 19038W   20049.89559758  .00000553  00000-0  35739-4 0  9994
2 44406  97.5237  12.8675 0024823 173.8035 186.3508 15.12064937 34509
BEESAT 9                
1 44412U 19038AC  20049.89850106  .00000769  00000-0  48220-4 0  9990
2 44412  97.5231  12.8535 0022737 179.2725 180.8542 15.12092029 34200
JAISAT-1                
1 44419U 19038F   20049.89076815  .00000688  00000-0  42990-4 0  9992
2 44419  97.5232  13.0198 0021611 178.5935 181.5361 15.12573875 34526
SWIATOWID               
1 44426U 98067QL  20049.91207267  .00012100  00000-0  17196-3 0  9990
2 44426  51.6431 212.1859 0003481 223.2225 210.1799 15.56830435 35865
KRAKSAT                 
1 44427U 98067QM  20049.87188148  .00008173  00000-0  13023-3 0  9992
2 44427  51.6399 214.3241 0003462 225.0009 135.0701 15.54198264 35871
VCC A                   
1 44428U 98067QN  20049.67693188  .00009616  00000-0  14765-3 0  9993
2 44428  51.6398 214.5257 0002663 244.5803 115.4912 15.54992134 35852
ENTRYSAT                
1 44429U 98067QP  20049.70516912  .00011933  00000-0  17798-3 0  9991
2 44429  51.6385 213.9543 0002555 233.5825 126.4931 15.55525953 35868
VCC C                   
1 44430U 98067QQ  20049.87393563  .00017729  00000-0  25556-3 0  9996
2 44430  51.6388 212.8384 0002649 249.0011 111.0697 15.56083519 34728
VCC B                   
1 44431U 98067QR  20049.61431568  .00009616  00000-0  14760-3 0  9998
2 44431  51.6393 214.8520 0002825 242.9149 117.1553 15.55001207 35787
DUCHIFAT-3              
1 44854U 19089C   20049.79616938  .00000193  00000-0  22079-4 0  9993
2 44854  36.9667  85.4541 0007446 179.0203 181.0560 14.98971789 10335
