EYESAT-1 (AO-27)        
1 22825U 93061C   17325.90384060  .00000002  00000-0  18485-4 0  9998
2 22825  98.8348 293.5925 0007570 226.8445 133.2105 14.30013943259948
CUTE-1 (CO-55)          
1 27844U 03031E   17325.96388537  .00000072  00000-0  52365-4 0  9993
2 27844  98.6892 332.6737 0008788 249.0552 110.9686 14.22076520746702
CUBESAT XI-IV (CO-57)   
1 27848U 03031J   17326.00664109  .00000057  00000-0  45829-4 0  9995
2 27848  98.6983 333.0393 0008641 259.9153 100.1049 14.21686002746621
CUBESAT XI 5            
1 28895U 05043F   17325.43257776  .00000246  00000-0  56088-4 0  9996
2 28895  97.8823 120.6633 0016989  10.9090 349.2478 14.63474556643481
CUTE-1.7+APD II (CO-65) 
1 32785U 08021C   17326.47834399  .00000404  00000-0  49636-4 0  9992
2 32785  97.5570 343.4478 0013292  10.6072 349.5423 14.88010013518433
COMPASS-1               
1 32787U 08021E   17325.68042906  .00000904  00000-0  92536-4 0  9993
2 32787  97.5458 352.5047 0011854 339.1103  20.9631 14.92819016518941
AAUSAT-II               
1 32788U 08021F   17325.62974058  .00001207  00000-0  11793-3 0  9992
2 32788  97.5434 355.5667 0010979 330.2524  29.8071 14.94115469519189
DELFI-C3 (DO-64)        
1 32789U 08021G   17326.18165485  .00002923  00000-0  20728-3 0  9995
2 32789  97.5398  20.9774 0011363 284.6353  75.3614 15.05497122520634
CANX-2                  
1 32790U 08021H   17326.55496782  .00000368  00000-0  46019-4 0  9998
2 32790  97.5559 341.7970 0014013  11.9252 348.2294 14.87724285518388
SEEDS II (CO-66)        
1 32791U 08021J   17325.62537102  .00000656  00000-0  72713-4 0  9998
2 32791  97.5511 347.4691 0013203 356.1242   3.9872 14.90393729518592
SWISSCUBE               
1 35932U 09051B   17326.39666049  .00000234  00000-0  64090-4 0  9991
2 35932  98.5177 107.9528 0008667 121.7812 238.4230 14.56088636433348
BEESAT                  
1 35933U 09051C   17325.88942325  .00000186  00000-0  52886-4 0  9995
2 35933  98.5215 108.8481 0006721 133.4617 226.7140 14.56199357433299
ITUPSAT 1               
1 35935U 09051E   17326.17141345  .00000152  00000-0  46096-4 0  9992
2 35935  98.5326 109.3908 0009102 129.1321 231.0686 14.55385423433210
TISAT 1                 
1 36799U 10035E   17325.90726080  .00000847  00000-0  92491-4 0  9991
2 36799  98.0809  92.0327 0012826 163.7496 196.4135 14.90607288399070
M-CUBED & EXP-1 PRIME   
1 37855U 11061F   17325.79785869  .00005210  00000-0  27436-3 0  9997
2 37855 101.7141 277.2901 0178594 335.8251  23.4654 15.03772402330476
HORYU 2                 
1 38340U 12025D   17325.56385740  .00000371  00000-0  62623-4 0  9998
2 38340  98.3766 335.0491 0012306 146.6908 213.5076 14.75449129296490
STRAND-1                
1 39090U 13009E   17325.53615849  .00000076  00000-0  42114-4 0  9992
2 39090  98.5374 169.3875 0008938 187.1487 172.9573 14.34996926248047
BRITE-AUSTRIA           
1 39091U 13009F   17325.89268119  .00000018  00000-0  21690-4 0  9998
2 39091  98.5340 169.0780 0010135 194.5595 165.5299 14.35050394248108
UNIBRITE                
1 39092U 13009G   17326.18475380  .00000028  00000-0  25145-4 0  9992
2 39092  98.5350 169.0435 0009175 186.1813 173.9260 14.34924704248137
AIST-2                  
1 39133U 13015D   17326.52064375  .00000358  00000-0  37832-4 0  9993
2 39133  64.8717 145.1298 0036763 255.3801 104.3241 15.04428822252115
SOMP                    
1 39134U 13015E   17326.18915065  .00003311  00000-0  16743-3 0  9996
2 39134  64.8651  76.1964 0031492 240.6267 119.1714 15.18506924253466
BEESAT-3                
1 39135U 13015F   17325.81337402  .00002976  00000-0  16169-3 0  9997
2 39135  64.8709  88.1379 0033332 259.8273  99.9093 15.16145027253206
BEESAT-2                
1 39136U 13015G   17326.50352662  .00002510  00000-0  14002-3 0  9998
2 39136  64.8711  88.1567 0032574 260.2421  99.5025 15.15639293253266
NEE-01 PEGASUS          
1 39151U 13018B   17326.19686677  .00000312  00000-0  48410-4 0  9998
2 39151  97.9817  56.7100 0015806 257.6281 102.3161 14.79812082246909
CUBEBUG-1 (CAPITAN BETO)
1 39153U 13018D   17326.20456794  .00000416  00000-0  61571-4 0  9995
2 39153  97.9845  57.6577 0015747 255.3911 104.5555 14.80289526246969
ESTCUBE 1               
1 39161U 13021C   17326.45329165  .00000263  00000-0  49854-4 0  9996
2 39161  98.0228  50.3480 0009615   8.0661 352.0710 14.71982956244036
POPACS 1                
1 39268U 13055D   17326.09592764  .00006012  00000-0  16940-3 0  9995
2 39268  81.0031 203.2150 0645375 115.9605 250.9523 14.32591122214781
POPACS 2                
1 39269U 13055E   17325.42723952  .00004662  00000-0  13609-3 0  9995
2 39269  81.0171 221.7014 0696462 164.2159 198.2000 14.21077636213628
POPACS 3                
1 39270U 13055F   17325.47081014  .00002161  00000-0  68034-4 0  9993
2 39270  81.0183 231.4625 0721801 193.5289 164.5605 14.13977522212994
ZACUBE-1 (TSHEPISOSAT)  
1 39417U 13066B   17325.67623222  .00000418  00000-0  59017-4 0  9997
2 39417  97.6117   0.1345 0060635 114.2083 246.5483 14.80823678216085
WNISAT-1                
1 39423U 13066H   17326.46622273  .00000162  00000-0  42306-4 0  9996
2 39423  97.6993 301.8732 0174527 303.7430  54.7239 14.52900529212211
TRITON-1                
1 39427U 13066M   17325.96838503  .00000287  00000-0  53914-4 0  9994
2 39427  97.6364 330.7433 0113647 202.6441 156.9730 14.67565370214187
GOMX 1                  
1 39430U 13066Q   17326.53521985  .00000301  00000-0  64226-4 0  9990
2 39430  97.6764 313.5937 0150340 262.9678  95.4405 14.58977176213013
BRITE-PL                
1 39431U 13066R   17326.48565269  .00000180  00000-0  48996-4 0  9999
2 39431  97.7285 290.3689 0202331 346.1987  13.3724 14.46890528211344
HUMSAT-D                
1 39433U 13066T   17325.70738938  .00000953  00000-0  99383-4 0  9994
2 39433  97.6341  24.0276 0032198  55.1657 305.2583 14.91655120217490
EAGLE 2                 
1 39436U 13066W   17326.23367288  .00084741  00000-0  15264-2 0  9993
2 39436  97.7144  81.0853 0007784 232.7108 127.3433 15.49468864221006
CUBEBUG-2 (LO-74)       
1 39440U 13066AA  17325.84714272  .00000364  00000-0  57614-4 0  9999
2 39440  97.6156 348.2754 0081479 147.9575 212.6626 14.75561694215344
NEE-02 KRYSAOR          
1 39441U 13066AB  17326.55557684  .00000243  00000-0  41544-4 0  9992
2 39441  97.6143 347.4206 0082845 149.8322 210.7697 14.74698620215327
FUNCUBE-1 (AO-73)       
1 39444U 13066AE  17325.91461709  .00000461  00000-0  63353-4 0  9990
2 39444  97.6130   1.6188 0059817 109.7309 251.0370 14.81579838214374
UWE-3                   
1 39446U 13066AG  17325.95418424  .00000366  00000-0  55223-4 0  9993
2 39446  97.6123 354.0549 0071523 130.7463 229.9988 14.78094898213919
BRITE-TORONTO           
1 40020U 14033L   17326.54512172  .00000095  00000-0  24645-4 0  9992
2 40020  97.8107 190.0075 0087472 182.1738 177.9099 14.66443633183295
DUCHIFAT-1              
1 40021U 14033M   17325.71274981  .00000933  00000-0  10224-3 0  9992
2 40021  97.9151 239.0678 0013766 137.3184 222.9105 14.90104670186059
FLOCK 1C-10             
1 40023U 14033P   17326.53832687  .00001418  00000-0  15652-3 0  9997
2 40023  97.9171 238.7612 0013016 142.3655 217.8418 14.89009144186063
NANOSATC-BR1            
1 40024U 14033Q   17325.72029324  .00000656  00000-0  74976-4 0  9992
2 40024  97.9099 237.7044 0013073 138.7450 221.4757 14.89397996185999
QB50P1                  
1 40025U 14033R   17326.18866647  .00000514  00000-0  61172-4 0  9998
2 40025  97.9072 236.9700 0013278 140.7584 219.4598 14.88572119185990
FLOCK 1C-7              
1 40026U 14033S   17326.34256816  .00001007  00000-0  11093-3 0  9992
2 40026  97.9183 239.5067 0011737 140.6050 219.5979 14.89747190186094
FLOCK 1C-1              
1 40027U 14033T   17325.76054124  .00000902  00000-0  10168-3 0  9991
2 40027  97.9179 238.2575 0012428 141.7126 218.5013 14.89065907185966
POPSAT-HIP-1            
1 40028U 14033U   17326.50324916  .00000292  00000-0  37481-4 0  9994
2 40028  97.9100 237.6067 0014577 138.0355 222.1967 14.88432626186022
FLOCK 1C-2              
1 40029U 14033V   17325.72038146  .00001555  00000-0  17066-3 0  9994
2 40029  97.9180 238.0614 0014861 140.3430 219.8964 14.89091217185948
FLOCK 1C-4              
1 40031U 14033X   17326.22323384  .00000432  00000-0  52005-4 0  9990
2 40031  97.9178 238.5177 0015128 137.0641 223.1806 14.88929534186003
QB50P2                  
1 40032U 14033Y   17326.21605461  .00000493  00000-0  59568-4 0  9997
2 40032  97.9038 235.9468 0012795 135.8050 224.4190 14.88123574185942
FLOCK 1C-11             
1 40033U 14033Z   17326.52800056  .00001167  00000-0  12566-3 0  9994
2 40033  97.9213 240.6182 0013400 129.9900 230.2498 14.90354963186179
ANTELSAT                
1 40034U 14033AA  17326.54815361  .00000398  00000-0  66663-4 0  9995
2 40034  97.8362 205.3770 0059665 142.3395 218.2014 14.73809987184254
FLOCK 1C-9              
1 40035U 14033AB  17326.44241186  .00000686  00000-0  78615-4 0  9993
2 40035  97.9212 239.2201 0012057 129.2187 231.0114 14.89137239186057
FLOCK 1C-6              
1 40036U 14033AC  17326.31780161  .00001019  00000-0  11357-3 0  9991
2 40036  97.9219 239.3466 0012173 130.2872 229.9470 14.89244963186055
PERSEUS-M2              
1 40037U 14033AD  17326.54113270  .00000234  00000-0  32779-4 0  9998
2 40037  97.9046 234.4156 0015223 142.3421 217.8863 14.86294216185839
FLOCK 1C-5              
1 40038U 14033AE  17326.46149778  .00001550  00000-0  16963-3 0  9990
2 40038  97.9226 239.2618 0014629 127.9020 232.3478 14.89219056186061
PERSEUS-M1              
1 40039U 14033AF  17326.51361424  .00000221  00000-0  31612-4 0  9994
2 40039  97.9049 233.8696 0015144 138.9055 221.3303 14.85916822185788
FLOCK 1C-8              
1 40040U 14033AG  17326.51359917  .00000855  00000-0  91829-4 0  9999
2 40040  97.9244 241.9705 0013588 116.9289 243.3328 14.91173793186223
FLOCK 1C-3              
1 40041U 14033AH  17325.71574377  .00001005  00000-0  11296-3 0  9997
2 40041  97.9199 238.2417 0013983 132.2881 227.9671 14.88915589185928
POLYITAN-1              
1 40042U 14033AJ  17326.33405369  .00000650  00000-0  76340-4 0  9998
2 40042  97.9147 237.1560 0015674 129.9310 230.3286 14.88227111185947
TIGRISAT                
1 40043U 14033AK  17325.66465840  .00000270  00000-0  47348-4 0  9998
2 40043  97.8342 205.1877 0060820 146.2541 214.2563 14.74058704183730
LEMUR-1                 
1 40044U 14033AL  17325.66455037  .00000289  00000-0  50507-4 0  9997
2 40044  97.8339 204.8856 0059956 147.4633 213.0294 14.73885133184027
AEROCUBE 6A             
1 40045U 14033AM  17325.66751421  .00000637  00000-0  99692-4 0  9999
2 40045  97.8480 206.7925 0058673 141.2465 219.2975 14.74982367183934
AEROCUBE 6B             
1 40046U 14033AN  17325.87098826  .00000439  00000-0  71089-4 0  9996
2 40046  97.8465 206.9048 0058043 140.0750 220.4750 14.74978166183725
UKUBE-1                 
1 40074U 14037F   17326.38587608  .00000448  00000-0  61356-4 0  9995
2 40074  98.3624  88.5773 0003293 262.3576  97.7279 14.83654779182630
BRITE-PL 2              
1 40119U 14049B   17326.24424986  .00000243  00000-0  35524-4 0  9993
2 40119  97.9303  51.2635 0016235 295.5172  64.4363 14.84217050176606
FIREBIRD 4              
1 40378U 15003C   17326.49751785  .00004711  00000-0  19777-3 0  9993
2 40378  99.1097 182.1414 0133451 196.9684 162.7060 15.16349044154997
GRIFEX                  
1 40379U 15003D   17326.54905712  .00003678  00000-0  16529-3 0  9994
2 40379  99.1134 179.3043 0139701 206.4783 152.9260 15.13679168154833
EXOCUBE                 
1 40380U 15003E   17325.57154191  .00002018  00000-0  96523-4 0  9995
2 40380  99.1182 176.5308 0143650 215.0097 144.1621 15.12019219154572
DEORBITSAIL             
1 40719U 15032E   17326.19711923  .00000704  00000-0  10884-3 0  9999
2 40719  97.9629 217.8295 0016718 359.4107   0.7080 14.76245445127637
TIANWANG 1C (TW-1C)     
1 40926U 15051B   17326.39199399  .00009840  00000-0  20517-3 0  9993
2 40926  97.2114   4.8515 0009819 323.6517  93.6820 15.45715537121335
TIANWANG 1B (TW-1B)     
1 40927U 15051C   17326.45680635  .00009941  00000-0  21550-3 0  9999
2 40927  97.2195   4.8583 0009891 334.4543 132.2946 15.44563512121274
TIANWANG 1A (TW-1A)     
1 40928U 15051D   17326.38054696  .00003479  00000-0  96758-4 0  9997
2 40928  97.2104 359.3309 0012185 357.3282  60.1527 15.37441178120990
LEMUR-2-JOEL            
1 40932U 15052C   17326.03889141  .00000647  00000-0  47713-7 0  9990
2 40932   6.0108 180.6249 0015038 329.1980  30.6843 14.77584999116391
LEMUR-2-CHRIS           
1 40933U 15052D   17325.89087647  .00709871  00000-0  90017-1 0  9999
2 40933   6.0161 180.1980 0015811 331.5760  28.3818 14.77842613116385
LEMUR-2-JEROEN          
1 40934U 15052E   17325.05375797  .00000548  00000-0 -13052-4 0  9997
2 40934   6.0083 192.6097 0013797 310.8067  49.0904 14.77090986116178
LEMUR-2-PETER           
1 40935U 15052F   17325.09820722  .00001036  00000-0  54995-4 0  9998
2 40935   6.0015 194.1727 0011185 303.0556  56.8493 14.76853777116170
EXACTVIEW 9             
1 40936U 15052G   17326.43621410  .00000835  00000-0  27924-4 0  9999
2 40936   5.9986 187.7309 0011081 312.4987  47.4520 14.76323456116361
ATHENOXAT 1             
1 41168U 15077C   17326.52310708  .00002710  00000-0  11404-3 0  9998
2 41168  14.9809  92.2566 0011845  49.5366 273.1013 15.12209006107039
GALASSIA                
1 41170U 15077E   17321.71879687  .00002292  00000-0  89269-4 0  9993
2 41170  14.9880 122.9178 0013380   4.0476 355.9808 15.12623239106358
VELOX 2                 
1 41171U 15077F   17321.13377256  .00001689  00000-0  60892-4 0  9995
2 41171  14.9904 143.1336 0009206 306.2905  53.6479 15.10270717  6120
AGGIESAT 4              
1 41313U 98067HP  17326.30447397  .00096614  00000-0  35353-3 0  9996
2 41313  51.6361 264.7434 0004697  82.5550 277.5988 15.87574350103912
HORYU-IV                
1 41340U 16012D   17325.69303643  .00000836  00000-0  57482-4 0  9991
2 41340  31.0042 187.1166 0014233 196.5009 163.5164 15.00807451 96694
OUFTI-1                 
1 41458U 16025C   17326.37274794  .00001706  00000-0  93021-4 0  9991
2 41458  98.1653  12.9406 0173516 120.4662 241.3831 15.03946011 86345
E-ST@R-II               
1 41459U 16025D   17326.34637574  .00003231  00000-0  17280-3 0  9995
2 41459  98.1669  12.8197 0174008 121.1085 240.7319 15.03741584 86334
AAUSAT 4                
1 41460U 16025E   17326.37094219  .00002409  00000-0  12933-3 0  9999
2 41460  98.1586  13.0739 0166149 118.3165 243.4917 15.04898032 86373
DIWATA-1                
1 41463U 98067HT  17326.51384436  .00012843  00000-0  12912-3 0  9997
2 41463  51.6414 304.5486 0001998  57.1102  42.1267 15.65846845 89577
FLOCK 2E'-1             
1 41479U 98067HZ  17326.38063481  .00066386  00000-0  35278-3 0  9994
2 41479  51.6339 284.8282 0003587  71.3385 288.8005 15.79846105 86762
FLOCK 2E'-3             
1 41480U 98067JA  17326.38639458  .00061205  00000-0  34070-3 0  9993
2 41480  51.6273 284.8629 0003273  78.3135 281.8233 15.78854042 86751
FLOCK 2E'-2             
1 41481U 98067JB  17326.10178498  .00662377  21179-3  11793-2 0  9992
2 41481  51.6255 280.5491 0007773 120.9673 239.2102 16.01169839 86776
FLOCK 2E-1              
1 41483U 98067JD  17326.44888536  .00045772  00000-0  29306-3 0  9993
2 41483  51.6358 287.6442 0002452  55.7509 304.3722 15.75823688 86588
FLOCK 2E-2              
1 41484U 98067JE  17326.32272364  .00177830  00000-0  82642-3 0  9990
2 41484  51.6306 283.7801 0003133  84.6068 275.5292 15.82334414 86624
FLOCK 2E-3              
1 41486U 98067JG  17326.08229393  .00043532  00000-0  25781-3 0  9991
2 41486  51.6319 290.4131 0002876  64.0709 296.0587 15.77615105 86536
FLOCK 2E-4              
1 41487U 98067JH  17325.47817134  .00039606  00000-0  25264-3 0  9993
2 41487  51.6317 292.3708 0002408  42.4971 317.6214 15.75975291 86459
FLOCK 2E-6              
1 41563U 98067JM  17325.39687584  .00166851  00000-0  90896-3 0  9999
2 41563  51.6340 296.3281 0005320  93.7287 266.4323 15.78893819 84464
FLOCK 2E-5              
1 41564U 98067JN  17326.19410216  .00032977  00000-0  23952-3 0  9995
2 41564  51.6335 293.4271 0003394  72.4389 287.6980 15.73052407 84562
FLOCK 2E-7              
1 41565U 98067JP  17325.75794978  .00075304  00000-0  40174-3 0  9993
2 41565  51.6291 286.6384 0005332  46.3841 313.7602 15.79700003 84515
FLOCK 2E'-5             
1 41567U 98067JR  17325.46066465  .00033026  00000-0  25338-3 0  9996
2 41567  51.6349 299.8221 0005484  31.8400 328.2929 15.71744886 84281
FLOCK 2E'-6             
1 41568U 98067JS  17325.96185124  .00041496  00000-0  27088-3 0  9990
2 41568  51.6315 291.8223 0005272  45.0925 315.0502 15.75411125 84465
FLOCK 2E'-8             
1 41569U 98067JT  17326.50890935  .00063223  00000-0  32599-3 0  9990
2 41569  51.6323 281.9180 0003516  55.3229 304.8103 15.80526559 84521
FLOCK 2E-9              
1 41571U 98067JV  17326.43295454  .00326157  00000-0  11689-2 0  9994
2 41571  51.6298 279.9087 0003600 100.7748 259.3662 15.87361956 84522
FLOCK 2E-10             
1 41572U 98067JW  17326.34339498  .00051570  00000-0  28868-3 0  9994
2 41572  51.6353 285.3707 0005048  45.7830 314.3585 15.78790991 84445
FLOCK 2E-12             
1 41573U 98067JX  17326.15235760  .00065804  00000-0  33207-3 0  9999
2 41573  51.6323 284.0423 0005550  53.0783 307.0726 15.80967575 84444
FLOCK 2E-11             
1 41574U 98067JY  17326.33342201  .00064130  00000-0  32653-3 0  9994
2 41574  51.6262 282.1556 0006412  59.2984 300.8648 15.80775863 84487
FLOCK 2E'-9             
1 41575U 98067JZ  17326.16160735  .00093574  00000-0  40528-3 0  9990
2 41575  51.6294 280.2249 0006933  67.6682 292.5055 15.84086093 84480
FLOCK 2E'-10            
1 41576U 98067KA  17326.15734258  .00076478  00000-0  35868-3 0  9992
2 41576  51.6320 283.3544 0006691  66.2659 293.9045 15.82478449 84340
FLOCK 2E'-11            
1 41577U 98067KB  17326.44635723  .00064839  00000-0  34919-3 0  9996
2 41577  51.6343 283.8286 0005507  46.7652 313.3808 15.79550139 84184
FLOCK 2E'-12            
1 41578U 98067KC  17326.33092006  .00101557  00000-0  42728-3 0  9992
2 41578  51.6264 280.6235 0006658  61.4317 298.7355 15.84665072 84212
FLOCK 2P-6              
1 41606U 16040H   17326.08068720  .00006262  00000-0  26554-3 0  9999
2 41606  97.4411  27.4905 0009308 235.6010 124.4347 15.23439440 78734
FLOCK 2P-11             
1 41608U 16040K   17326.08513511  .00005426  00000-0  23092-3 0  9999
2 41608  97.4408  27.4582 0009344 235.8299 124.2053 15.23383343 78679
FLOCK 2P-2              
1 41609U 16040L   17325.90506226  .00007208  00000-0  30493-3 0  9998
2 41609  97.4411  27.2741 0009216 236.0388 123.9974 15.23469707 78621
FLOCK 2P-9              
1 41610U 16040M   17325.85097368  .00008345  00000-0  35266-3 0  9992
2 41610  97.4410  27.1745 0009502 236.5995 123.4334 15.23449403 78493
FLOCK 2P-4              
1 41611U 16040N   17325.68145132  .00004443  00000-0  18953-3 0  9996
2 41611  97.4437  27.2627 0009373 248.1337 111.8903 15.23401634 78631
FLOCK 2P-10             
1 41612U 16040P   17325.85635881  .00008102  00000-0  34261-3 0  9997
2 41612  97.4444  27.5198 0009252 247.0934 112.9326 15.23441722 78669
FLOCK 2P-8              
1 41613U 16040Q   17326.39840519  .00008425  00000-0  35615-3 0  9996
2 41613  97.4436  27.9921 0009392 244.0581 115.9689 15.23440297 78749
FLOCK 2P-12             
1 41614U 16040R   17326.16279619  .00007033  00000-0  29784-3 0  9993
2 41614  97.4447  27.9149 0009087 245.1444 114.8848 15.23444496 78712
FLOCK 2P-7              
1 41615U 16040S   17325.73499268  .00005193  00000-0  22057-3 0  9991
2 41615  97.4433  27.3310 0009355 247.2373 112.7876 15.23468799 78646
FLOCK 2P-5              
1 41616U 16040T   17325.84527675  .00008066  00000-0  34105-3 0  9997
2 41616  97.4447  27.5741 0009046 245.7810 114.2482 15.23446766 78648
FLOCK 2P-1              
1 41617U 16040U   17325.89790506  .00005571  00000-0  23589-3 0  9990
2 41617  97.4447  27.6607 0009047 245.9171 114.1119 15.23542698 78674
FLOCK 2P-3              
1 41618U 16040V   17325.86179913  .00006737  00000-0  28543-3 0  9991
2 41618  97.4449  27.5464 0009005 246.4703 113.5588 15.23445079 78665
BEESAT-4                
1 41619U 16040W   17325.87977569  .00002707  00000-0  12343-3 0  9990
2 41619  97.4439  26.6428 0010579 231.6717 128.3568 15.21463398 66564
3CAT-2                  
1 41732U 16051B   17326.57267568  .00001913  00000-0  78167-4 0  9992
2 41732  97.3739 241.2219 0015622  75.9847  43.3957 15.25486236 70677
FLOCK 2E'-13            
1 41761U 98067KH  17325.92360917  .00052908  00000-0  50343-3 0  9996
2 41761  51.6362 314.2803 0006917 118.8611 241.3080 15.66271074 67576
FLOCK 2E'-14            
1 41762U 98067KJ  17326.20551503  .00019291  00000-0  19343-3 0  9995
2 41762  51.6378 312.4554 0005818 116.6113 243.5480 15.65525544 67626
FLOCK 2E'-16            
1 41763U 98067KK  17326.18021978  .00056873  00000-0  52397-3 0  9994
2 41763  51.6379 311.5338 0005330 125.3043 234.8452 15.67053562 67592
FLOCK 2E'-15            
1 41764U 98067KL  17326.52963074  .00018726  00000-0  19315-3 0  9993
2 41764  51.6380 311.6155 0005411 126.5368 233.6126 15.64835283 67620
FLOCK 2E'-18            
1 41769U 98067KM  17326.19050740  .00018365  00000-0  18901-3 0  9997
2 41769  51.6380 313.0941 0003862 142.4261 217.7004 15.64913863 67574
FLOCK 2E'-17            
1 41776U 98067KN  17325.97836942  .00053828  00000-0  53038-3 0  9999
2 41776  51.6390 313.9586 0004418 144.5322 215.5968 15.65407139 67532
FLOCK 2E'-19            
1 41777U 98067KP  17325.95493076  .00029216  00000-0  24394-3 0  9992
2 41777  51.6357 307.7068 0003428 128.9828 231.1475 15.69789653 67578
FLOCK 2E'-20            
1 41782U 98067KQ  17326.49570760  .00030626  00000-0  26927-3 0  9995
2 41782  51.6368 306.8701 0003274 127.1168 233.0128 15.68504153 67505
CANX-7                  
1 41788U 16059F   17326.47199274  .00008600  00000-0  15408-2 0  9995
2 41788  98.1903  27.5507 0028122  36.5691 323.7441 14.66780256 61771
ALSAT 1N                
1 41789U 16059G   17326.43263819  .00000144  00000-0  36550-4 0  9997
2 41789  98.1483  26.8158 0029070  20.4552 339.7810 14.64102523 61769
RAVAN                   
1 41849U 16067B   17325.75344504  .00001465  00000-0  13123-3 0  9995
2 41849  97.9386  46.3768 0009378 132.3749 227.8268 14.97388077 56088
CELTEE 1                
1 41850U 16067C   17325.78264696  .00001009  00000-0  93656-4 0  9997
2 41850  97.9389  46.1688 0010246 128.4355 231.7787 14.96691660 56070
OPTICUBE 04             
1 41851U 16067D   17326.19826424 -.00000049  00000-0  10574-5 0  9990
2 41851  97.9387  46.5547 0009991 127.9993 232.2132 14.96584880 56136
AEROCUBE 8D             
1 41852U 16067E   17326.20710461 -.00000012  00000-0  43190-5 0  9996
2 41852  97.9396  46.4381 0010666 129.0550 231.1621 14.96350771 56125
AEROCUBE 8C             
1 41853U 16067F   17326.21630414  .00000225  00000-0  25256-4 0  9994
2 41853  97.9392  46.4237 0011023 130.9635 229.2541 14.96312460 56127
PROMETHEUS 2-1          
1 41854U 16067G   17326.23225611  .00001046  00000-0  97695-4 0  9994
2 41854  97.9395  46.4123 0011649 131.0688 229.1541 14.96342284 56125
PROMETHEUS 2-3          
1 41855U 16067H   17326.23442155  .00001225  00000-0  11350-3 0  9991
2 41855  97.9398  46.4149 0011841 131.3257 228.8984 14.96336877 56124
LEMUR-2-XIAOQING        
1 41871U 16062C   17326.54221315  .00003414  00000-0  15581-3 0  9993
2 41871  51.6297  54.2823 0004334  70.2405 289.9039 15.23302802 55072
LEMUR-2-SOKOLSKY        
1 41872U 16062D   17326.45746693  .00002690  00000-0  12533-3 0  9994
2 41872  51.6847  54.6278 0006212  85.4360 274.7322 15.23426955 55058
LEMUR-2-ANUBHAVTHAKUR   
1 41873U 16062E   17325.57684898  .00000202  00000-0  23096-4 0  9999
2 41873  51.6409  60.4729 0005450  83.7280 276.4331 15.21965966 54881
LEMUR-2-WINGO           
1 41874U 16062F   17326.52134261  .00003794  00000-0  17318-3 0  9998
2 41874  51.6503  54.7637 0007286  67.0324 293.1410 15.22982170 55055
STARS-C                 
1 41895U 98067KR  17325.45959669  .00116275  00000-0  69873-3 0  9996
2 41895  51.6358 314.1359 0003772  96.6323 263.5107 15.76877584 52651
ITF-2                   
1 41932U 98067KU  17326.37933963  .00034560  00000-0  34036-3 0  9998
2 41932  51.6393 317.3938 0004950 116.7500 243.4003 15.65619507 48261
WASEDA-SAT3             
1 41933U 98067KV  17326.25457216  .00044078  00000-0  40230-3 0  9996
2 41933  51.6372 316.5112 0004849 116.0444 244.1052 15.67398459 48265
AOBA-VELOX 3            
1 41935U 98067KX  17326.49784916  .00037702  00000-0  35379-3 0  9998
2 41935  51.6387 315.9206 0004424 115.5954 244.5499 15.66785823 48396
OSNSAT                  
1 41939U 98067KZ  17326.30345933  .00201360  00000-0  82692-3 0  9997
2 41939  51.6333 304.7191 0007190 101.4608 258.7203 15.84853680 47771
FLOCK 3P-8              
1 41951U 17008D   17326.12710671  .00004867  00000-0  20683-3 0  9997
2 41951  97.4772  26.9518 0008388  10.8080 349.3335 15.23494521 42566
FLOCK 3P-51             
1 41952U 17008E   17325.89957185  .00006848  00000-0  28900-3 0  9995
2 41952  97.4779  26.8186 0008850  29.0077 331.1650 15.23575744 42540
FLOCK 3P-37             
1 41953U 17008F   17325.89809285  .00004768  00000-0  19925-3 0  9999
2 41953  97.4777  26.9646 0008251  34.0377 326.1388 15.24077410 42545
INS-1B                  
1 41954U 17008G   17326.51711819  .00002934  00000-0  13000-3 0  9996
2 41954  97.4746  26.9636 0009592   8.2410 351.8982 15.22391430 42556
FLOCK 3P-19             
1 41955U 17008H   17325.81298892  .00003196  00000-0  13665-3 0  9998
2 41955  97.4769  26.5904 0009275  10.6343 349.5088 15.23543512 42446
FLOCK 3P-24             
1 41956U 17008J   17325.93857130  .00005494  00000-0  23142-3 0  9992
2 41956  97.4767  26.7268 0008867   7.0184 353.1175 15.23731075 42541
FLOCK 3P-18             
1 41957U 17008K   17326.07138978  .00004491  00000-0  19010-3 0  9996
2 41957  97.4765  26.8596 0008997   8.4673 351.6714 15.23665405 42407
FLOCK 3P-22             
1 41958U 17008L   17326.07990842  .00001918  00000-0  83314-4 0  9993
2 41958  97.4771  26.8514 0008887   9.0660 351.0736 15.23507831 42390
FLOCK 3P-21             
1 41959U 17008M   17326.00417070  .00003937  00000-0  16786-3 0  9995
2 41959  97.4776  26.8171 0008742  11.3351 348.8081 15.23500074 42397
FLOCK 3P-28             
1 41960U 17008N   17325.73962244  .00004263  00000-0  18153-3 0  9997
2 41960  97.4775  26.5510 0008686  10.5266 349.6151 15.23494793 42437
FLOCK 3P-26             
1 41961U 17008P   17326.07502189  .00003561  00000-0  15193-3 0  9995
2 41961  97.4772  26.8659 0008813   8.5371 351.6014 15.23542727 42407
FLOCK 3P-17             
1 41962U 17008Q   17326.12322411  .00004702  00000-0  19982-3 0  9998
2 41962  97.4773  26.9562 0008698  11.5906 348.5529 15.23509390 42362
FLOCK 3P-27             
1 41963U 17008R   17326.08462036  .00003189  00000-0  13648-3 0  9993
2 41963  97.4772  26.8557 0008967   8.9584 351.1811 15.23518024 42409
FLOCK 3P-25             
1 41964U 17008S   17325.61120936  .00003066  00000-0  13161-3 0  9996
2 41964  97.4774  26.4091 0008667  11.2070 348.9358 15.23449312 42318
FLOCK 3P-4              
1 41965U 17008T   17326.13055255  .00005069  00000-0  21521-3 0  9990
2 41965  97.4774  26.9500 0008588  10.9073 349.2348 15.23501982 42494
FLOCK 3P-2              
1 41966U 17008U   17325.21197181  .00004872  00000-0  20696-3 0  9997
2 41966  97.4779  26.0390 0008516  12.3557 347.7887 15.23504393 42278
FLOCK 3P-1              
1 41967U 17008V   17326.35161969  .00004468  00000-0  19090-3 0  9996
2 41967  97.4776  27.1261 0008506  10.2589 349.8819 15.23353139 42443
FLOCK 3P-3              
1 41968U 17008W   17326.39721854  .00004867  00000-0  20680-3 0  9996
2 41968  97.4773  27.2042 0008494   9.0120 351.1268 15.23497918 42530
FLOCK 3P-6              
1 41969U 17008X   17326.32578109  .00003833  00000-0  16349-3 0  9992
2 41969  97.4776  27.1558 0008297   8.7884 351.3496 15.23502806 42436
FLOCK 3P-7              
1 41970U 17008Y   17326.37311300  .00004899  00000-0  20797-3 0  9992
2 41970  97.4774  27.2475 0008462  11.7982 348.3451 15.23526006 42448
FLOCK 3P-5              
1 41971U 17008Z   17326.12636126  .00005776  00000-0  24483-3 0  9993
2 41971  97.4779  26.9696 0008449  12.6161 347.5285 15.23500354 42342
FLOCK 3P-12             
1 41972U 17008AA  17325.86221596  .00003457  00000-0  14783-3 0  9991
2 41972  97.4778  26.7078 0008330  13.9017 346.2448 15.23493220 42459
FLOCK 3P-9              
1 41973U 17008AB  17325.66858892  .00005837  00000-0  24738-3 0  9990
2 41973  97.4780  26.5116 0008433  12.2008 347.9431 15.23497242 42425
FLOCK 3P-10             
1 41974U 17008AC  17325.91932247  .00003617  00000-0  15436-3 0  9995
2 41974  97.4781  26.7934 0008307  13.0254 347.1195 15.23523829 42351
FLOCK 3P-11             
1 41975U 17008AD  17326.12946932  .00003881  00000-0  16556-3 0  9993
2 41975  97.4777  26.9681 0008480  11.0924 349.0498 15.23495597 42269
FLOCK 3P-60             
1 41976U 17008AE  17325.71098475  .00003709  00000-0  15818-3 0  9997
2 41976  97.4780  26.6141 0008277  15.1837 344.9646 15.23534468 41689
FLOCK 3P-58             
1 41977U 17008AF  17325.73160445  .00005947  00000-0  25201-3 0  9990
2 41977  97.4779  26.5784 0008265  14.0344 346.1121 15.23494680 42514
FLOCK 3P-57             
1 41978U 17008AG  17326.11772477  .00006136  00000-0  25968-3 0  9999
2 41978  97.4777  26.9821 0008253  11.1496 348.9922 15.23530096 42412
FLOCK 3P-75             
1 41979U 17008AH  17325.91987656  .00002315  00000-0  99975-4 0  9999
2 41979  97.4799  26.8723 0008562  14.7707 345.3778 15.23499175 42539
FLOCK 3P-70             
1 41980U 17008AJ  17325.72110014  .00002336  00000-0  10080-3 0  9998
2 41980  97.4804  26.6806 0008544  14.6307 345.5176 15.23515503 42340
FLOCK 3P-73             
1 41981U 17008AK  17325.92689862  .00003630  00000-0  15497-3 0  9998
2 41981  97.4803  26.8672 0008751  14.2947 345.8536 15.23511981 42517
FLOCK 3P-88             
1 41982U 17008AL  17325.78443658  .00005903  00000-0  24992-3 0  9999
2 41982  97.4798  26.7401 0008582  14.9879 345.1610 15.23530804 41467
FLOCK 3P-85             
1 41983U 17008AM  17325.70464927  .00004336  00000-0  18420-3 0  9992
2 41983  97.4801  26.7006 0008600  18.9712 341.1844 15.23564916 42350
FLOCK 3P-79             
1 41984U 17008AN  17326.16550178  .00005296  00000-0  22435-3 0  9995
2 41984  97.4798  27.1566 0008250  17.3959 342.7559 15.23563143 42428
FLOCK 3P-86             
1 41985U 17008AP  17325.90377256  .00003049  00000-0  13049-3 0  9996
2 41985  97.4800  26.8885 0008217  17.4714 342.6804 15.23553769 42375
FLOCK 3P-36             
1 41986U 17008AQ  17326.23475901  .00005886  00000-0  24918-3 0  9998
2 41986  97.4782  27.1458 0007859  14.5408 345.6053 15.23538992 41913
FLOCK 3P-30             
1 41987U 17008AR  17326.42250358  .00005547  00000-0  23471-3 0  9994
2 41987  97.4780  27.3553 0007799  15.5195 344.6280 15.23578568 42417
FLOCK 3P-34             
1 41988U 17008AS  17326.17252067  .00005446  00000-0  23063-3 0  9991
2 41988  97.4778  27.0618 0007820  12.2608 347.8817 15.23563365 41905
FLOCK 3P-35             
1 41989U 17008AT  17325.71500752  .00004000  00000-0  17037-3 0  9997
2 41989  97.4777  26.5996 0008060  13.8718 346.2738 15.23530972 41839
FLOCK 3P-33             
1 41990U 17008AU  17325.84178391  .00005762  00000-0  24395-3 0  9994
2 41990  97.4781  26.7420 0007705  14.7505 345.3955 15.23546382 41854
LEMUR-2-SATCHMO         
1 41991U 17008AV  17325.91010744  .00002250  00000-0  99275-4 0  9999
2 41991  97.4772  26.6410 0008097  16.9764 343.1742 15.22788871 41859
LEMUR-2-MIA-GRACE       
1 41992U 17008AW  17326.26560717  .00003481  00000-0  15010-3 0  9990
2 41992  97.4776  27.0945 0007976  15.9851 344.1636 15.23203995 41913
LEMUR-2-SMITA-SHARAD    
1 41993U 17008AX  17326.08794581  .00002363  00000-0  10366-3 0  9996
2 41993  97.4771  26.8650 0008020  16.2214 343.9278 15.22948724 41887
LEMUR-2-SPIRE-MINIONS   
1 41994U 17008AY  17326.40461045  .00003613  00000-0  15585-3 0  9996
2 41994  97.4772  27.2079 0007962  14.6454 345.5011 15.23165014 41934
LEMUR-2-RDEATON         
1 41995U 17008AZ  17325.75334081  .00002657  00000-0  11592-3 0  9994
2 41995  97.4773  26.5495 0009491  28.6296 331.5460 15.23002987 42515
LEMUR-2-NOGUECORREIG    
1 41996U 17008BA  17325.93117206  .00003659  00000-0  15763-3 0  9990
2 41996  97.4779  26.7773 0009344  28.6475 331.5273 15.23189737 41766
LEMUR-2-JOBANPUTRA      
1 41997U 17008BB  17325.71508989  .00002328  00000-0  10104-3 0  9995
2 41997  97.4783  26.6076 0009346  29.1376 331.0381 15.23315179 41828
LEMUR-2-TACHIKOMA       
1 41998U 17008BC  17326.21858200  .00002420  00000-0  10619-3 0  9990
2 41998  97.4772  26.9983 0009390  27.5346 332.6386 15.22904743 41827
BGUSAT                  
1 41999U 17008BD  17326.41838805  .00004754  00000-0  20130-3 0  9993
2 41999  97.4783  27.3681 0009152  28.1947 331.9784 15.23622382 41933
DIDO-2                  
1 42000U 17008BE  17326.42890370  .00001837  00000-0  81734-4 0  9990
2 42000  97.4771  27.1722 0009409  27.3288 332.8442 15.22732113 41936
FLOCK 3P-49             
1 42001U 17008BF  17325.76225028  .00002677  00000-0  11494-3 0  9997
2 42001  97.4781  26.6984 0008908  31.1934 328.9830 15.23548411 42368
FLOCK 3P-67             
1 42002U 17008BG  17325.89722362  .00004387  00000-0  18585-3 0  9993
2 42002  97.4776  26.8188 0008758  29.8911 330.2825 15.23654892 42544
FLOCK 3P-68             
1 42003U 17008BH  17325.90137312  .00003390  00000-0  14470-3 0  9993
2 42003  97.4777  26.8086 0008909  28.7154 331.4572 15.23562515 42180
FLOCK 3P-41             
1 42004U 17008BJ  17326.08600089  .00004585  00000-0  19468-3 0  9999
2 42004  97.4777  27.0153 0008711  30.2503 329.9235 15.23555033 42406
FLOCK 3P-45             
1 42005U 17008BK  17326.15552401  .00004752  00000-0  20103-3 0  9996
2 42005  97.4780  27.0856 0008709  29.6655 330.5074 15.23657358 42578
FLOCK 3P-48             
1 42006U 17008BL  17325.62943124  .00004004  00000-0  17051-3 0  9992
2 42006  97.4783  26.5688 0008720  32.6423 327.5351 15.23534227 42280
FLOCK 3P-43             
1 42007U 17008BM  17326.21886867  .00004848  00000-0  20568-3 0  9992
2 42007  97.4778  27.1496 0008532  30.7375 329.4360 15.23550651 42588
FLOCK 3P-42             
1 42008U 17008BN  17326.08666419  .00003554  00000-0  15170-3 0  9993
2 42008  97.4778  27.0137 0008581  31.0031 329.1710 15.23531036 42499
FLOCK 3P-61             
1 42009U 17008BP  17326.47930274  .00004421  00000-0  18793-3 0  9998
2 42009  97.4777  27.4140 0008529  31.9714 328.2038 15.23534628 42602
FLOCK 3P-40             
1 42010U 17008BQ  17326.34137536  .00002085  00000-0  90260-4 0  9990
2 42010  97.4775  27.2718 0008545  32.6124 327.5639 15.23521790 41842
FLOCK 3P-16             
1 42011U 17008BR  17326.13217533  .00002545  00000-0  10962-3 0  9995
2 42011  97.4772  27.0952 0008247  34.5559 325.6213 15.23493927 41757
FLOCK 3P-14             
1 42012U 17008BS  17326.00415158  .00003651  00000-0  15546-3 0  9997
2 42012  97.4781  26.9731 0008441  36.7432 323.4382 15.23594803 42356
FLOCK 3P-53             
1 42013U 17008BT  17325.81037941  .00002251  00000-0  97037-4 0  9997
2 42013  97.4772  26.7439 0008321  35.5633 324.6157 15.23594035 42324
FLOCK 3P-54             
1 42014U 17008BU  17326.07296375  .00004471  00000-0  19023-3 0  9999
2 42014  97.4775  27.0211 0008277  35.7414 324.4375 15.23501730 42532
PEASSS                  
1 42015U 17008BV  17326.37926640  .00002705  00000-0  11648-3 0  9991
2 42015  97.4752  27.3551 0007603  37.4423 322.7278 15.23443202 42429
AL-FARABI 1             
1 42016U 17008BW  17326.22184498  .00003000  00000-0  12783-3 0  9993
2 42016  97.4766  27.2688 0007374  39.2317 320.9453 15.23719375 42525
NAYIF-1 (EO-88)         
1 42017U 17008BX  17326.02198455  .00002931  00000-0  12491-3 0  9998
2 42017  97.4765  27.0739 0007380  40.0215 320.1565 15.23736458 42510
FLOCK 3P-23             
1 42018U 17008BY  17326.40004428  .00002203  00000-0  95332-4 0  9995
2 42018  97.4772  27.1877 0008695   7.6643 352.4725 15.23480651 41388
FLOCK 3P-76             
1 42019U 17008BZ  17325.77895573  .00003838  00000-0  16350-3 0  9991
2 42019  97.4803  26.7631 0008649  16.5552 343.5965 15.23547344 42352
FLOCK 3P-69             
1 42020U 17008CA  17325.84327875  .00005154  00000-0  21853-3 0  9993
2 42020  97.4802  26.8298 0008457  15.4030 344.7463 15.23542616 41250
FLOCK 3P-84             
1 42021U 17008CB  17326.11475974  .00003993  00000-0  17024-3 0  9993
2 42021  97.4798  27.0642 0008814  13.6678 346.4795 15.23490509 42415
FLOCK 3P-59             
1 42022U 17008CC  17326.31333056  .00005439  00000-0  23014-3 0  9993
2 42022  97.4776  27.1824 0008160  14.2680 345.8786 15.23589002 41463
FLOCK 3P-32             
1 42023U 17008CD  17325.92165992  .00004180  00000-0  17790-3 0  9998
2 42023  97.4779  26.7892 0008126  11.8442 348.2984 15.23533072 42541
FLOCK 3P-71             
1 42024U 17008CE  17325.67577397  .00005925  00000-0  25143-3 0  9996
2 42024  97.4806  26.6001 0008716  16.1673 343.9840 15.23446219 41372
FLOCK 3P-77             
1 42025U 17008CF  17326.17409785  .00003534  00000-0  15081-3 0  9992
2 42025  97.4800  27.1446 0008444  15.5258 344.6236 15.23539383 42425
FLOCK 3P-80             
1 42026U 17008CG  17325.89587044  .00003495  00000-0  14909-3 0  9990
2 42026  97.4799  26.8991 0008122  17.5255 342.6260 15.23567941 40521
FLOCK 3P-66             
1 42027U 17008CH  17325.90035307  .00005607  00000-0  23721-3 0  9992
2 42027  97.4781  26.8205 0008897  27.8372 332.3340 15.23570964 42496
FLOCK 3P-65             
1 42028U 17008CJ  17325.76720754  .00003474  00000-0  14822-3 0  9996
2 42028  97.4782  26.6915 0008800  28.7944 331.3777 15.23555554 42371
FLOCK 3P-50             
1 42029U 17008CK  17326.09206437  .00006022  00000-0  25443-3 0  9994
2 42029  97.4781  27.0309 0008682  30.2606 329.9131 15.23587724 41745
FLOCK 3P-52             
1 42030U 17008CL  17326.09337143  .00003714  00000-0  15817-3 0  9994
2 42030  97.4779  27.0172 0008705  29.2358 330.9365 15.23573072 42518
FLOCK 3P-46             
1 42031U 17008CM  17326.08831713  .00001961  00000-0  85042-4 0  9996
2 42031  97.4779  27.0163 0008720  29.9727 330.2007 15.23540175 42540
FLOCK 3P-47             
1 42032U 17008CN  17326.41837225  .00003212  00000-0  13730-3 0  9993
2 42032  97.4776  27.3405 0008673  29.7054 330.4674 15.23551133 42445
FLOCK 3P-44             
1 42033U 17008CP  17326.08304691  .00002306  00000-0  99506-4 0  9992
2 42033  97.4779  27.0304 0008708  33.4667 326.7119 15.23532042 41141
FLOCK 3P-64             
1 42034U 17008CQ  17325.68889023  .00003907  00000-0  16653-3 0  9994
2 42034  97.4778  26.6235 0008660  33.7431 326.4356 15.23515707 42508
FLOCK 3P-63             
1 42035U 17008CR  17326.08048075  .00002466  00000-0  10614-3 0  9994
2 42035  97.4773  27.0147 0008567  33.0295 327.1475 15.23541134 40532
FLOCK 3P-62             
1 42036U 17008CS  17325.67115693  .00005319  00000-0  22417-3 0  9994
2 42036  97.4778  26.6484 0008678  35.6094 324.5721 15.23730698 41671
FLOCK 3P-38             
1 42037U 17008CT  17325.88199442  .00003807  00000-0  16228-3 0  9995
2 42037  97.4776  26.8220 0008358  34.4041 325.7735 15.23532251 42487
FLOCK 3P-39             
1 42038U 17008CU  17325.94584580  .00002662  00000-0  11432-3 0  9994
2 42038  97.4771  26.8772 0008619  34.0319 326.1469 15.23547845 42449
FLOCK 3P-15             
1 42039U 17008CV  17325.42530400  .00002527  00000-0  10883-3 0  9999
2 42039  97.4779  26.3586 0008565  35.1566 325.0234 15.23502368 41642
FLOCK 3P-13             
1 42040U 17008CW  17326.07592630  .00003626  00000-0  15463-3 0  9996
2 42040  97.4779  27.0282 0008308  35.3470 324.8316 15.23551279 41739
FLOCK 3P-55             
1 42041U 17008CX  17326.12010361  .00004348  00000-0  18492-3 0  9996
2 42041  97.4774  27.1177 0008251  38.8134 321.3694 15.23525080 42587
FLOCK 3P-56             
1 42042U 17008CY  17325.90197569  .00004751  00000-0  19907-3 0  9998
2 42042  97.4772  26.9373 0008141  38.2082 321.9731 15.23987078 42346
FLOCK 3P-81             
1 42043U 17008CZ  17326.23392225  .00005772  00000-0  24433-3 0  9996
2 42043  97.4798  27.2187 0008468  16.5904 343.5609 15.23547463 41776
FLOCK 3P-87             
1 42044U 17008DA  17325.91464583  .00004119  00000-0  17532-3 0  9994
2 42044  97.4796  26.8649 0008583  14.4704 345.6777 15.23533728 41875
FLOCK 3P-29             
1 42045U 17008DB  17325.91644279  .00007127  00000-0  30111-3 0  9997
2 42045  97.4779  26.7948 0008176  12.1501 347.9931 15.23525399 41722
FLOCK 3P-82             
1 42046U 17008DC  17326.11201961  .00004850  00000-0  20503-3 0  9992
2 42046  97.4796  27.0681 0008529  14.6208 345.5274 15.23672436 41801
FLOCK 3P-78             
1 42047U 17008DD  17326.30835613  .00005995  00000-0  25374-3 0  9993
2 42047  97.4798  27.2685 0008383  13.4320 346.7139 15.23534859 41764
FLOCK 3P-74             
1 42048U 17008DE  17326.11974865  .00005626  00000-0  23838-3 0  9990
2 42048  97.4800  27.0701 0008804  14.2109 345.9374 15.23523838 41732
FLOCK 3P-31             
1 42049U 17008DF  17326.12173546  .00007719  00000-0  32604-3 0  9995
2 42049  97.4776  26.9827 0008241  12.8576 347.2870 15.23507780 41193
FLOCK 3P-83             
1 42050U 17008DG  17326.12237055  .00005017  00000-0  21299-3 0  9990
2 42050  97.4796  27.0543 0008751  15.2760 344.8740 15.23507270 42466
FLOCK 3P-72             
1 42051U 17008DH  17325.90427019  .00001764  00000-0  76864-4 0  9991
2 42051  97.4806  26.9033 0008243  15.4954 344.6534 15.23517025 40022
LEMUR-2-REDFERN-GOES    
1 42059U 98067LA  17325.90471554  .00031546  00000-0  32253-3 0  9990
2 42059  51.6375 322.4353 0005791 148.1513 211.9833 15.64718042 40645
LEMUR-2-TRUTNA          
1 42067U 98067LC  17326.17297250  .00078637  00000-0  54493-3 0  9990
2 42067  51.6366 315.1896 0004596 121.5540 238.5909 15.73765325 40591
LEMUR-2-AUSTINTACIOUS   
1 42068U 98067LD  17325.86188555  .00043238  00000-0  40817-3 0  9997
2 42068  51.6376 321.3997 0005491 137.1082 223.0343 15.66566943 40580
LEMUR-2-TRUTNAHD        
1 42069U 98067LE  17325.86181362  .00034451  00000-0  34238-3 0  9994
2 42069  51.6385 322.1689 0005165 143.7190 216.4156 15.65391916 40627
HAVELSAT                
1 42700U 98067LH  17326.41607695  .00031302  00000-0  35792-3 0  9998
2 42700  51.6390 324.3649 0003947 178.5014 181.5993 15.61866664 29612
SOMP 2                  
1 42701U 98067LJ  17326.50962820  .00029540  00000-0  34424-3 0  9995
2 42701  51.6386 324.2413 0003955 178.9958 181.1044 15.61405149 29616
COLUMBIA                
1 42702U 98067LK  17326.48150920  .00113342  00000-0  84307-3 0  9992
2 42702  51.6355 319.5204 0003709 113.7226 246.4161 15.71953054 29608
SGSAT                   
1 42703U 98067LL  17326.44428794  .00072954  00000-0  65278-3 0  9995
2 42703  51.6357 321.5252 0004038  81.7330 278.4124 15.67678896 29565
CXBN-2                  
1 42704U 98067LM  17326.38589069  .00031119  00000-0  36120-3 0  9994
2 42704  51.6393 324.9176 0002667  94.6052 265.5246 15.61484824 29526
ICECUBE                 
1 42705U 98067LN  17326.37308137  .00047974  00000-0  51093-3 0  9991
2 42705  51.6418 324.1033 0003055 101.7239 258.4098 15.63492895 29590
PHOENIX                 
1 42706U 98067LP  17326.43264249  .00026769  00000-0  31151-3 0  9996
2 42706  51.6387 324.4796 0001704  91.7575 268.3614 15.61503093 29523
X-CUBESAT               
1 42707U 98067LQ  17326.48954943  .00033019  00000-0  37752-3 0  9998
2 42707  51.6372 324.0965 0001822  90.5172 269.6030 15.61846062 29525
QBEE50-LTU-OC           
1 42708U 98067LR  17326.37074918  .00031418  00000-0  36267-3 0  9993
2 42708  51.6381 324.8050 0001831  91.4902 268.6302 15.61623394 29465
ALTAIR PATHFINDER       
1 42711U 98067LS  17326.44405405  .00019360  00000-0  24798-3 0  9992
2 42711  51.6387 326.0463 0004562 112.9442 247.2032 15.59189517 29160
SHARC                   
1 42712U 98067LT  17326.46455265  .00017628  00000-0  23216-3 0  9993
2 42712  51.6402 326.1986 0002719 113.4556 246.6722 15.58525535 29403
ZA-AEROSAT              
1 42713U 98067LU  17326.43880080  .00027852  00000-0  33686-3 0  9990
2 42713  51.6386 325.2675 0003060  92.9472 267.1872 15.60470143 29173
LINK                    
1 42714U 98067LV  17326.45953108  .00045209  00000-0  48530-3 0  9995
2 42714  51.6368 323.8896 0003456  85.6895 274.4494 15.63315912 29301
CSUNSAT 1               
1 42715U 98067LW  17326.50146959  .00026861  00000-0  32262-3 0  9998
2 42715  51.6391 324.9339 0004907 101.3713 258.7832 15.60666688 29182
UPSAT                   
1 42716U 98067LX  17326.51718658  .00037660  00000-0  41324-3 0  9999
2 42716  51.6384 323.5388 0002266 166.7985 193.3069 15.62840384 29338
SPACECUBE               
1 42717U 98067LY  17326.45082896  .00031077  00000-0  36025-3 0  9999
2 42717  51.6383 324.5950 0002457 172.0985 188.0048 15.61519126 28553
HOOPOE                  
1 42718U 98067LZ  17326.41957804  .00034899  00000-0  39308-3 0  9998
2 42718  51.6384 324.3865 0002395 166.0009 194.1052 15.62204934 28551
CHALLENGER              
1 42721U 98067MA  17326.48435087  .00051501  00000-0  52826-3 0  9992
2 42721  51.6368 323.3033 0004890 149.8461 210.2816 15.64409853 28272
NJUST-1                 
1 42722U 98067MB  17326.53753702  .00024830  00000-0  30510-3 0  9997
2 42722  51.6388 325.1736 0005814 165.1429 194.9736 15.60110833 28257
UNSW-ECO                
1 42723U 98067MC  17326.51779003  .00036130  00000-0  40754-3 0  9995
2 42723  51.6392 324.2961 0005185 157.6356 202.4865 15.62139082 28245
DUTHSAT                 
1 42724U 98067MD  17326.44336604  .00048473  00000-0  50584-3 0  9999
2 42724  51.6380 323.7913 0004106 149.1589 210.9647 15.64003014 28160
LILACSAT-1              
1 42725U 98067ME  17326.51931201  .00029079  00000-0  34704-3 0  9999
2 42725  51.6388 325.0546 0004664 162.4033 197.7122 15.60789711 28157
NSIGHT-1                
1 42726U 98067MF  17326.44169674  .00014158  00000-0  19089-3 0  9990
2 42726  51.6398 326.7930 0005475 171.8657 188.2425 15.58082949 28136
SNUSAT-1                
1 42727U 98067MG  17326.45567860  .00032055  00000-0  38336-3 0  9993
2 42727  51.6376 325.3634 0007239 126.7426 233.4233 15.60665320 28113
QBITO                   
1 42728U 98067MH  17326.48044615  .00033112  00000-0  38503-3 0  9996
2 42728  51.6403 324.8093 0002237 150.5730 209.5390 15.61405873 27960
AALTO-2                 
1 42729U 98067MJ  17326.47919520  .00033226  00000-0  38562-3 0  9993
2 42729  51.6390 324.7895 0002188 148.8275 211.2848 15.61453668 27978
SUSAT                   
1 42730U 98067MK  17326.43116649  .00031459  00000-0  37041-3 0  9999
2 42730  51.6386 325.2136 0002390 148.4858 211.6279 15.61106340 27959
I-INSPIRE II            
1 42731U 98067ML  17326.43916701  .00038393  00000-0  42883-3 0  9991
2 42731  51.6374 324.5002 0007009 110.3268 249.8480 15.62351205 28014
POLYITAN-2-SAU          
1 42732U 98067MM  17326.53470748  .00033517  00000-0  38625-3 0  9991
2 42732  51.6381 324.3926 0006966 111.7415 248.4321 15.61610906 28021
SNUSAT-1B               
1 42733U 98067MN  17326.55959483  .00030859  00000-0  36350-3 0  9991
2 42733  51.6383 324.5624 0007012 115.0675 245.1047 15.61083118 28027
EXALTA-1                
1 42734U 98067MP  17326.50848069  .00037327  00000-0  41770-3 0  9993
2 42734  51.6374 324.2154 0007445 135.9367 224.2221 15.62313212 27979
AOXIANG-1               
1 42735U 98067MQ  17326.53028216  .00024787  00000-0  30306-3 0  9990
2 42735  51.6382 325.1197 0006394 162.4450 197.6765 15.60239518 29383
BEEAGLESAT              
1 42736U 98067MR  17326.45043506  .00027765  00000-0  33305-3 0  9992
2 42736  51.6381 325.3359 0006206 159.4352 200.6893 15.60673583 28069
ATLANTIS                
1 42737U 98067MS  17326.55562069  .00093390  00000-0  76983-3 0  9990
2 42737  51.6347 320.7559 0005306 124.8864 235.2633 15.69570331 28025
LEMUR-2-ANGELA          
1 42752U 17019B   17326.42280449  .00002882  00000-0  11571-3 0  9998
2 42752  51.6426   2.1465 0010368 185.5822 174.5044 15.28279520 25488
LEMUR-2-JENNYBARNA      
1 42753U 17019C   17326.40738757  .00004015  00000-0  15476-3 0  9995
2 42753  51.6408   2.0494 0010214 185.1024 174.9853 15.28582875 25426
LEMUR-2-ROBMOORE        
1 42754U 17019D   17326.43081778  .00003622  00000-0  14247-3 0  9991
2 42754  51.6428   2.1961 0010383 188.5197 171.5608 15.28203240 25465
LEMUR-2-SPIROVISION     
1 42755U 17019E   17326.41773862  .00004184  00000-0  16115-3 0  9992
2 42755  51.6417   2.1103 0010189 188.1591 171.9225 15.28496247 25358
UCLSAT                  
1 42765U 17036A   17325.65826266  .00002367  00000-0  10882-3 0  9990
2 42765  97.4310  23.5707 0013651  84.9710 275.3084 15.21259318 23156
LITUANICASAT-2          
1 42768U 17036D   17325.82513708  .00004213  00000-0  19549-3 0  9997
2 42768  97.4313  23.5062 0017603  74.5532 285.7646 15.20446129 23048
LEMUR-2-SHAINAJOHL      
1 42771U 17036G   17326.47302806  .00003037  00000-0  14199-3 0  9997
2 42771  97.4309  24.1670 0016783  71.9795 288.3268 15.20422831 23086
LEMUR-2-XUENITERENCE    
1 42772U 17036H   17326.20521825  .00003061  00000-0  14295-3 0  9997
2 42772  97.4309  23.9127 0016465  72.6754 287.6281 15.20459976 23044
LEMUR-2-LUCYBRYCE       
1 42773U 17036J   17325.93168829  .00003302  00000-0  15311-3 0  9996
2 42773  97.4314  23.6688 0016200  73.1519 287.1491 15.20649330 23001
LEMUR-2-KUNGFOO         
1 42774U 17036K   17325.93528158  .00002725  00000-0  12736-3 0  9998
2 42774  97.4312  23.6673 0016239  73.1273 287.1742 15.20527572 22992
AALTO-1                 
1 42775U 17036L   17325.67334531  .00001668  00000-0  79621-4 0  9992
2 42775  97.4310  23.4007 0015960  72.9060 287.3922 15.20343598 22964
URSA MAIOR              
1 42776U 17036M   17325.93230538  .00001599  00000-0  76347-4 0  9999
2 42776  97.4313  23.6713 0015788  72.3639 287.9319 15.20401539 23000
COMPASS 2               
1 42777U 17036N   17326.22300239  .00002429  00000-0  11250-3 0  9993
2 42777  97.4329  24.0659 0014760  72.7919 287.4820 15.20976958 23044
LEMUR-2-LYNSEY-SYMO     
1 42779U 17036Q   17326.33164512  .00003870  00000-0  17585-3 0  9997
2 42779  97.4314  24.2106 0014391  81.4238 278.8628 15.21267552 23055
LEMUR-2-LISASAURUS      
1 42780U 17036R   17325.80798753  .00003236  00000-0  14802-3 0  9995
2 42780  97.4312  23.6822 0014314  82.7292 277.5570 15.21159999 22980
LEMUR-2-SAM-AMELIA      
1 42781U 17036S   17325.73534905  .00003559  00000-0  16183-3 0  9997
2 42781  97.4315  23.6250 0014210  83.5842 276.7011 15.21295573 22962
LEMUR-2-MCPEAKE         
1 42782U 17036T   17325.79809571  .00003745  00000-0  16998-3 0  9999
2 42782  97.4317  23.6980 0014051  82.8738 277.4095 15.21331881 22978
DIAMOND RED             
1 42783U 17036U   17326.20382167  .00001978  00000-0  92130-4 0  9993
2 42783  97.4311  24.0667 0014232  82.8596 277.4257 15.21007006 23041
PEGASUS                 
1 42784U 17036V   17326.13256548  .00002091  00000-0  96897-4 0  9990
2 42784  97.4313  24.0115 0014177  83.3205 276.9644 15.21106738 23038
DIAMOND GREEN           
1 42785U 17036W   17326.40028264  .00002109  00000-0  98033-4 0  9997
2 42785  97.4312  24.2669 0014145  82.7833 277.5010 15.21004738 23063
DIAMOND BLUE            
1 42786U 17036X   17326.13557675  .00001867  00000-0  87197-4 0  9990
2 42786  97.4327  24.0076 0013563  77.5358 282.7479 15.20981335 23037
NUDTSAT                 
1 42787U 17036Y   17325.91583665  .00003313  00000-0  15026-3 0  9993
2 42787  97.4312  23.8433 0013797  84.5352 275.7457 15.21443250 22843
SUCHAI                  
1 42788U 17036Z   17325.85714140  .00002979  00000-0  13607-3 0  9991
2 42788  97.4311  23.7665 0013844  84.5331 275.7483 15.21285075 23062
SKCUBE                  
1 42789U 17036AA  17325.72276341  .00002781  00000-0  12722-3 0  9992
2 42789  97.4310  23.6387 0013676  84.9285 275.3511 15.21289646 22961
VZLUSAT-1               
1 42790U 17036AB  17325.71178265  .00003679  00000-0  16637-3 0  9995
2 42790  97.4309  23.6497 0013354  85.5660 274.7101 15.21481099 22964
ROBUSTA-1B              
1 42792U 17036AD  17325.71007486  .00002814  00000-0  12822-3 0  9995
2 42792  97.4307  23.6502 0013246  86.0862 274.1888 15.21422871 22971
CICERO 6                
1 42793U 17036AE  17326.22231621  .00001840  00000-0  84826-4 0  9995
2 42793  97.4306  24.1848 0012331  85.2256 275.0388 15.21468675 23127
D-SAT                   
1 42794U 17036AF  17325.71015191  .00000785  00000-0  74539-4 0  9998
2 42794  97.6231  22.8586 0126018 252.1242 106.6201 14.90710210 22817
TOKI                    
1 42820U 98067MU  17325.45119622  .00025756  00000-0  31916-3 0  9992
2 42820  51.6379 331.4120 0003871  86.1016 274.0420 15.59876051 21351
GHANASAT-1              
1 42821U 98067MV  17325.45933265  .00024499  00000-0  30600-3 0  9992
2 42821  51.6381 331.4668 0003792  89.1233 271.0195 15.59697560 21338
MAZAALAI (NUMSAT-1)     
1 42822U 98067MW  17325.90746716  .00023941  00000-0  29838-3 0  9998
2 42822  51.6382 329.2105 0003789  92.8537 267.2890 15.59769750 21425
BRAC ONNESHA            
1 42823U 98067MX  17325.46088399  .00024974  00000-0  31091-3 0  9997
2 42823  51.6387 331.4826 0006250 117.6579 242.5049 15.59759611 21331
NIGERIAEDUSAT-1         
1 42824U 98067MY  17325.46694425  .00024730  00000-0  30904-3 0  9993
2 42824  51.6393 331.5257 0006103 118.2104 241.9506 15.59667236 21327
LEMUR-2-GREENBERG       
1 42837U 17042N   17326.19477945  .00000931  00000-0  98940-4 0  9990
2 42837  97.6080 231.2442 0013479 160.2190 199.9554 14.91205712 19506
LEMUR-2-ANDIS           
1 42838U 17042P   17326.19295961  .00000926  00000-0  98461-4 0  9999
2 42838  97.6079 231.2459 0013572 160.1693 200.0057 14.91224177 19502
LEMUR-2-MONSON          
1 42839U 17042Q   17325.71606576  .00000648  00000-0  70425-4 0  9996
2 42839  97.6079 230.8013 0013352 161.0210 199.1510 14.91265352 19439
LEMUR-2-FURIAUS         
1 42840U 17042R   17325.77863043  .00001087  00000-0  11420-3 0  9995
2 42840  97.6077 230.8706 0013315 161.1798 198.9916 14.91360360 19431
LEMUR-2-PETERG          
1 42841U 17042S   17326.30385981  .00001197  00000-0  12482-3 0  9997
2 42841  97.6078 231.4047 0013056 157.8795 202.2990 14.91493038 19529
LEMUR-2-DEMBITZ         
1 42842U 17042T   17325.89941032  .00001171  00000-0  12221-3 0  9999
2 42842  97.6076 231.0163 0013031 159.7278 200.4461 14.91512152 19468
LEMUR-2-ZACHARY         
1 42845U 17042W   17326.14911553  .00001171  00000-0  12158-3 0  9995
2 42845  97.6028 231.2132 0013283 163.5923 196.5729 14.91707519 19493
FLOCK 2K-03             
1 42850U 17042AB  17325.66657328  .00013151  00000-0  39156-3 0  9992
2 42850  96.9941 227.7364 0012254 136.9394 223.2811 15.34742207 19788
FLOCK 2K-04             
1 42851U 17042AC  17325.67008844  .00018596  00000-0  55166-3 0  9994
2 42851  96.9945 227.7355 0012037 138.3369 221.8794 15.34787978 19788
FLOCK 2K-01             
1 42852U 17042AD  17326.38545935  .00011594  00000-0  34488-3 0  9996
2 42852  96.9937 228.4157 0012024 134.8758 225.3465 15.34805431 19898
FLOCK 2K-02             
1 42853U 17042AE  17326.03708159  .00003098  00000-0  98628-4 0  9995
2 42853  96.9951 228.0004 0012946 136.8611 223.3649 15.33196905 19839
FLOCK 2K-47             
1 42854U 17042AF  17326.18657907  .00011724  00000-0  34954-3 0  9992
2 42854  96.9941 228.2324 0011799 133.6500 226.5725 15.34733211 19864
FLOCK 2K-48             
1 42855U 17042AG  17325.92432276  .00012510  00000-0  37288-3 0  9991
2 42855  96.9941 227.9919 0011780 134.8750 225.3453 15.34725393 19824
FLOCK 2K-45             
1 42856U 17042AH  17325.72704561  .00009864  00000-0  29472-3 0  9993
2 42856  96.9940 227.8050 0011875 134.3761 225.8458 15.34708892 19792
FLOCK 2K-24             
1 42857U 17042AJ  17326.18227169  .00009210  00000-0  27493-3 0  9995
2 42857  96.9945 228.2389 0012198 131.9620 228.2666 15.34749973 19865
FLOCK 2K-46             
1 42858U 17042AK  17325.72455659  .00013619  00000-0  40523-3 0  9999
2 42858  96.9944 227.8140 0012134 134.1217 226.1028 15.34757527 19797
FLOCK 2K-23             
1 42859U 17042AL  17325.72288301  .00005454  00000-0  16376-3 0  9995
2 42859  96.9943 227.8142 0012066 134.4129 225.8105 15.34751125 19798
FLOCK 2K-21             
1 42860U 17042AM  17325.72138290  .00010454  00000-0  31189-3 0  9993
2 42860  96.9943 227.8149 0012167 134.1914 226.0332 15.34735701 19795
FLOCK 2K-22             
1 42861U 17042AN  17325.67032106  .00015464  00000-0  46151-3 0  9998
2 42861  96.9950 227.7397 0012100 132.9078 227.3184 15.34635137 19782
FLOCK 2K-07             
1 42862U 17042AP  17325.71979837  .00017587  00000-0  52238-3 0  9996
2 42862  96.9947 227.8183 0012442 135.0087 225.2167 15.34755449 19806
FLOCK 2K-08             
1 42863U 17042AQ  17325.71704273  .00014103  00000-0  41957-3 0  9994
2 42863  96.9944 227.8165 0012346 135.5797 224.6439 15.34750456 19796
FLOCK 2K-05             
1 42864U 17042AR  17325.71850981  .00013322  00000-0  39597-3 0  9992
2 42864  96.9947 227.8192 0012420 134.3385 225.8880 15.34792499 19799
FLOCK 2K-40             
1 42865U 17042AS  17325.71556421  .00011162  00000-0  33244-3 0  9998
2 42865  96.9944 227.8239 0012328 135.2096 225.0145 15.34771699 19790
FLOCK 2K-39             
1 42866U 17042AT  17325.71414894  .00013084  00000-0  38932-3 0  9990
2 42866  96.9944 227.8222 0012399 134.9658 225.2593 15.34762983 19796
FLOCK 2K-37             
1 42867U 17042AU  17326.03876029  .00015098  00000-0  44857-3 0  9999
2 42867  96.9944 228.1352 0012417 134.3358 225.8907 15.34778389 19845
FLOCK 2K-38             
1 42868U 17042AV  17325.97052415  .00015000  00000-0  44597-3 0  9991
2 42868  96.9943 228.0770 0012384 133.9214 226.3054 15.34757725 19836
FLOCK 2K-31             
1 42869U 17042AW  17325.70797747  .00010111  00000-0  30176-3 0  9993
2 42869  96.9941 227.8301 0012448 133.3473 226.8811 15.34730654 19797
FLOCK 2K-32             
1 42870U 17042AX  17326.29330704  .00004027  00000-0  12135-3 0  9990
2 42870  96.9942 228.3890 0012524 131.6620 228.5698 15.34783939 19885
FLOCK 2K-29             
1 42871U 17042AY  17325.70510514  .00007614  00000-0  22765-3 0  9990
2 42871  96.9944 227.8366 0012678 133.1366 227.0941 15.34751778 19795
FLOCK 2K-30             
1 42872U 17042AZ  17325.70372397  .00013719  00000-0  40814-3 0  9994
2 42872  96.9943 227.8360 0012593 134.2894 225.9385 15.34753954 19789
FLOCK 2K-44             
1 42873U 17042BA  17325.70214363  .00017456  00000-0  51786-3 0  9995
2 42873  96.9943 227.8408 0013867 124.3266 235.9292 15.34775515 19797
FLOCK 2K-43             
1 42874U 17042BB  17325.73061156  .00003687  00000-0  11483-3 0  9990
2 42874  96.9949 227.8047 0014470 126.3296 233.9286 15.33761695 19793
FLOCK 2K-41             
1 42875U 17042BC  17325.70078427  .00017809  00000-0  52848-3 0  9998
2 42875  96.9944 227.8391 0013948 125.6905 234.5639 15.34761124 19796
FLOCK 2K-36             
1 42876U 17042BD  17325.82804024  .00020711  00000-0  61403-3 0  9995
2 42876  96.9947 227.9710 0014276 125.8673 234.3899 15.34756761 19815
FLOCK 2K-35             
1 42877U 17042BE  17326.22080675  .00010575  00000-0  31501-3 0  9992
2 42877  96.9944 228.3387 0014098 124.2093 236.0489 15.34756094 19878
FLOCK 2K-34             
1 42878U 17042BF  17326.15258047  .00009612  00000-0  28662-3 0  9999
2 42878  96.9945 228.2761 0014247 125.1761 235.0819 15.34746100 19865
FLOCK 2K-33             
1 42879U 17042BG  17325.69324118  .00011232  00000-0  33447-3 0  9999
2 42879  96.9945 227.8471 0014265 126.4518 233.8043 15.34747471 19792
FLOCK 2K-28             
1 42880U 17042BH  17325.72721053  .00003486  00000-0  10866-3 0  9996
2 42880  96.9950 227.8112 0014430 126.9701 233.2866 15.33768665 19799
LEMUR-2-ARTFISCHER      
1 42881U 17042BJ  17326.16578186  .00006954  00000-0  21066-3 0  9990
2 42881  96.9972 228.3064 0014962 126.7049 233.5572 15.34338485 19857
FLOCK 2K-27             
1 42882U 17042BK  17325.69160816  .00012934  00000-0  38500-3 0  9991
2 42882  96.9947 227.8544 0014339 126.7689 233.4874 15.34727293 19791
FLOCK 2K-26             
1 42883U 17042BL  17325.68875844  .00011291  00000-0  33622-3 0  9990
2 42883  96.9945 227.8552 0014221 125.3016 234.9561 15.34748894 19797
FLOCK 2K-25             
1 42884U 17042BM  17326.28156111  .00014048  00000-0  41722-3 0  9990
2 42884  96.9943 228.3998 0014296 124.3957 235.8641 15.34779050 19888
FLOCK 2K-20             
1 42885U 17042BN  17325.68739261  .00013198  00000-0  39255-3 0  9990
2 42885  96.9951 227.8604 0014446 125.7466 234.5124 15.34746134 19792
FLOCK 2K-19             
1 42886U 17042BP  17325.69037992  .00014552  00000-0  43225-3 0  9991
2 42886  96.9947 227.8567 0014366 125.7072 234.5511 15.34765861 19798
FLOCK 2K-18             
1 42887U 17042BQ  17326.20012358  .00012933  00000-0  38445-3 0  9998
2 42887  96.9941 228.3624 0014819 123.3387 236.9278 15.34762980 19873
FLOCK 2K-17             
1 42888U 17042BR  17325.68287812  .00014691  00000-0  43676-3 0  9994
2 42888  96.9939 227.8562 0014587 124.1276 236.1354 15.34733358 19799
FLOCK 2K-16             
1 42889U 17042BS  17325.68450925  .00009368  00000-0  27912-3 0  9992
2 42889  96.9943 227.8639 0014189 123.6585 236.6015 15.34778896 19790
FLOCK 2K-15             
1 42890U 17042BT  17325.67713206  .00013608  00000-0  40394-3 0  9998
2 42890  96.9951 227.8779 0014683 124.5360 235.7272 15.34796711 19797
FLOCK 2K-13             
1 42891U 17042BU  17325.68587715  .00011532  00000-0  34302-3 0  9990
2 42891  96.9942 227.8592 0014579 122.2975 237.9683 15.34771771 19791
FLOCK 2K-14             
1 42892U 17042BV  17325.68006920  .00011144  00000-0  33141-3 0  9994
2 42892  96.9939 227.8603 0014740 123.6507 236.6146 15.34785508 19790
FLOCK 2K-12             
1 42893U 17042BW  17326.52172435  .00004518  00000-0  13569-3 0  9993
2 42893  96.9949 228.6808 0014792 122.0218 238.2465 15.34794721 19921
FLOCK 2K-11             
1 42894U 17042BX  17326.26838181  .00013935  00000-0  41336-3 0  9998
2 42894  96.9943 228.4246 0014775 119.6206 240.6512 15.34811690 19880
FLOCK 2K-10             
1 42895U 17042BY  17326.19724023  .00008617  00000-0  25657-3 0  9999
2 42895  96.9943 228.3614 0014877 121.6062 238.6636 15.34814439 19872
FLOCK 2K-09             
1 42896U 17042BZ  17325.67254316  .00017675  00000-0  52433-3 0  9991
2 42896  96.9949 227.8769 0014642 122.7932 237.4725 15.34763736 19961
FLOCK 2K-06             
1 42897U 17042CA  17325.71116277  .00017281  00000-0  51314-3 0  9990
2 42897  96.9945 227.8290 0012473 134.5425 225.6840 15.34767595 19790
SILU-1 (SILKROAD 1)     
1 42903U 17021F   17326.48814916  .00020778  00000-0  22218-3 0  9991
2 42903  42.7791 132.2370 0009717 286.6109 125.4893 15.63413929 17490
FLOCK 3M-1              
1 42995U 17068J   17326.36625861  .00001630  00000-0  83108-4 0  9991
2 42995  97.3428  79.9304 0018799 146.5064 213.7363 15.18002629  3255
FLOCK 3M-3              
1 42996U 17068K   17326.36399910  .00001602  00000-0  81384-4 0  9998
2 42996  97.3383  79.9190 0018129 147.1564 213.0801 15.18162624  3250
FLOCK 3M-4              
1 42997U 17068L   17326.29697255  .00001479  00000-0  75249-4 0  9999
2 42997  97.3595  79.9257 0017867 148.3032 211.9282 15.18238739  3241
FLOCK 3M-2              
1 42998U 17068M   17326.42458335  .00001643  00000-0  82529-4 0  9991
2 42998  97.3496  80.0263 0016206 143.6669 216.5669 15.18539631  3269
ECAMSAT                 
1 43019U 98067NG  17326.49724436  .00009246  00000-0  14324-3 0  9993
2 43019  51.6422 329.1152 0005742 118.4563  18.9968 15.54793278 86363
ASTERIA                 
1 43020U 98067NH  17326.49692110  .00024853  00000-0  37291-3 0  9997
2 43020  51.6434 329.1219 0003146 110.3495  24.4282 15.54751992   288
DELLINGR                
1 43021U 98067NJ  17326.49698646  .00012814  00000-0  19629-3 0  9997
2 43021  51.6432 329.1204 0002889 103.7183  30.9708 15.54713919   286
1998-067NK              
1 43026U 98067NK  17326.42515852  .00064786  00000-0  94316-3 0  9993
2 43026  51.6454 329.4808 0002895  81.5002  11.1346 15.55117562   178
1998-067NL              
1 43027U 98067NL  17326.49533351  .00083797  00000-0  12140-2 0  9992
2 43027  51.6426 329.1224 0004478  81.7408  43.6843 15.55133529   160
