CUTE-1 (CO-55)          
1 27844U 03031E   19173.87423386  .00000016  00000-0  26890-4 0  9990
2 27844  98.6832 182.0251 0010343  26.0757 334.0940 14.22181941828846
CUBESAT XI-IV (CO-57)   
1 27848U 03031J   19174.00831252  .00000020  00000-0  28967-4 0  9997
2 27848  98.6910 182.6584 0010441  36.3379 323.8505 14.21776693828751
CUBESAT XI-V            
1 28895U 05043F   19173.88356618  .00000082  00000-0  24525-4 0  9992
2 28895  97.9600 316.4709 0016230 343.2062  16.8601 14.63669508727867
CUTE-1.7+APD II (CO-65) 
1 32785U 08021C   19173.85385721  .00000112  00000-0  17754-4 0  9998
2 32785  97.5492 173.3719 0011549 246.6154 113.3849 14.88312035604231
AAUSAT-II               
1 32788U 08021F   19173.73316769  .00000547  00000-0  55308-4 0  9993
2 32788  97.4964 189.2865 0011723 178.0413 182.0856 14.94729600605425
DELFI-C3 (DO-64)        
1 32789U 08021G   19174.13332930  .00000691  00000-0  50159-4 0  9996
2 32789  97.4639 223.6650 0014019 108.7554 251.5197 15.06959409607638
SEEDS II (CO-66)        
1 32791U 08021J   19173.99957460  .00000082  00000-0  13640-4 0  9991
2 32791  97.5275 179.4890 0012242 218.1059 141.9295 14.90822743604757
SWISSCUBE               
1 35932U 09051B   19173.92552016  .00000083  00000-0  29897-4 0  9998
2 35932  98.5884 340.0223 0008368 145.3058 214.8686 14.56286113517354
BEESAT-1                
1 35933U 09051C   19174.13434054  .00000060  00000-0  24570-4 0  9992
2 35933  98.5910 341.9975 0006340 154.4452 205.7060 14.56375041517530
ITUPSAT1                
1 35935U 09051E   19173.91960263  .00000032  00000-0  18512-4 0  9993
2 35935  98.6022 342.0142 0008654 155.3779 204.7832 14.55534832517223
TISAT 1                 
1 36799U 10035E   19173.90993958  .00000305  00000-0  36898-4 0  9992
2 36799  98.1564 326.2020 0013610  74.4550 285.8169 14.91104903485198
M-CUBED & EXP-1 PRIME   
1 37855U 11061F   19173.92003262  .00000995  00000-0  57473-4 0  9995
2 37855 101.7143  71.6893 0173768  64.2743 297.6294 15.05418203416941
STRAND-1                
1 39090U 13009E   19173.83000805 -.00000017  00000-0  91294-5 0  9998
2 39090  98.4882  19.7196 0007927 278.4314  81.5972 14.35087460330982
SOMP                    
1 39134U 13015E   19173.89925431  .00000493  00000-0  31987-4 0  9990
2 39134  64.8636   6.8070 0030808 302.7501  57.0658 15.20158741341231
BEESAT-3                
1 39135U 13015F   19173.89478854  .00000531  00000-0  36213-4 0  9993
2 39135  64.8693  25.1773 0021576 321.8291  38.1306 15.17468157340497
BEESAT-2                
1 39136U 13015G   19173.99930273  .00000539  00000-0  37166-4 0  9999
2 39136  64.8701  28.6757 0019421 300.5510  59.3699 15.16895842340823
NEE-01 PEGASO           
1 39151U 13018B   19174.20848792  .00000093  00000-0  19237-4 0  9992
2 39151  97.9721 270.5990 0017048 182.5297 177.5832 14.80047094332392
ESTCUBE 1               
1 39161U 13021C   19174.14056517  .00000049  00000-0  15558-4 0  9999
2 39161  97.9869 258.9359 0008886 319.6563  40.3985 14.72203343329028
POPACS 1                
1 39268U 13055D   19174.11594297  .00003224  00000-0  89636-4 0  9999
2 39268  81.0031 316.3884 0626347 210.5799 145.7452 14.36899818297673
POPACS 2                
1 39269U 13055E   19173.80538769  .00000598  00000-0  17172-4 0  9994
2 39269  81.0146 346.5435 0683492 288.8701  63.9587 14.23889043295856
POPACS 3                
1 39270U 13055F   19173.84230626  .00001236  00000-0  38322-4 0  9991
2 39270  81.0161   3.3504 0714022 337.6795  19.4669 14.15841032274086
ZACUBE-1 (TSHEPISOSAT)  
1 39417U 13066B   19173.62341349  .00000120  00000-0  21424-4 0  9993
2 39417  97.5619 186.9041 0059554  22.6308 337.7512 14.81115556301628
WNISAT-1                
1 39423U 13066H   19173.97144685  .00000041  00000-0  18300-4 0  9993
2 39423  97.7774 115.5356 0174285 300.2007  58.2032 14.53043697296075
TRITON-1                
1 39427U 13066M   19173.88646753  .00000139  00000-0  30005-4 0  9994
2 39427  97.6760 151.0053 0114477 151.3601 209.3958 14.67841141298763
GOMX-1                  
1 39430U 13066Q   19174.07947588  .00000098  00000-0  27165-4 0  9997
2 39430  97.7466 130.3428 0149755 240.2638 118.3591 14.59253148297241
CUBEBUG-2 (LO-74)       
1 39440U 13066AA  19173.95473355  .00000113  00000-0  22614-4 0  9992
2 39440  97.6017 172.1398 0081816  71.4934 289.5145 14.75853703300601
NEE-02 KRYSAOR          
1 39441U 13066AB  19173.93288093  .00000069  00000-0  16721-4 0  9996
2 39441  97.6058 169.9033 0083349  78.3609 282.6941 14.74906308299261
FUNCUBE-1 (AO-73)       
1 39444U 13066AE  19174.16196908  .00000157  00000-0  25615-4 0  9998
2 39444  97.5601 189.3623 0058476  14.8178 345.4732 14.81934339300595
UWE-3                   
1 39446U 13066AG  19174.01920686  .00000122  00000-0  22799-4 0  9994
2 39446  97.5808 179.2271 0071221  46.9026 313.8115 14.78388287299901
BRITE-CA1 (TORONTO)     
1 40020U 14033L   19174.11270371  .00000002  00000-0  85892-5 0  9990
2 40020  97.7471  17.7036 0088353 141.7104 219.0420 14.66576525267956
DUCHIFAT-1              
1 40021U 14033M   19173.77306501  .00000126  00000-0  18702-4 0  9999
2 40021  97.9240  98.3801 0014045  41.6546 318.5738 14.90627986272153
NANOSATC-BR1            
1 40024U 14033Q   19173.86916917  .00000257  00000-0  32691-4 0  9998
2 40024  97.9137  95.8891 0013353  44.7048 315.5244 14.89842684272065
QB50P1                  
1 40025U 14033R   19173.79961759  .00000186  00000-0  25798-4 0  9996
2 40025  97.9060  93.4773 0013656  50.2077 310.0340 14.88942530271936
QB50P2                  
1 40032U 14033Y   19173.73527807  .00000144  00000-0  21544-4 0  9999
2 40032  97.8986  91.5679 0013018  47.2180 313.0130 14.88477618271847
PERSEUS-M2              
1 40037U 14033AD  19173.86663384  .00000055  00000-0  12439-4 0  9993
2 40037  97.8917  87.9192 0015690  57.7594 302.5140 14.86458903271093
PERSEUS-M1              
1 40039U 14033AF  19174.18811037  .00000034  00000-0  10183-4 0  9992
2 40039  97.8900  87.3393 0015493  54.3934 305.8722 14.86079406271578
POLYITAN-1              
1 40042U 14033AJ  19173.72984136  .00000199  00000-0  27389-4 0  9994
2 40042  97.9140  93.7191 0015704  40.3743 319.8636 14.88655852271323
TIGRISAT                
1 40043U 14033AK  19173.76493278  .00000067  00000-0  17223-4 0  9991
2 40043  97.7571  41.4304 0061500  83.8284 276.9927 14.74268728269200
AEROCUBE 6A             
1 40045U 14033AM  19173.83853225  .00000164  00000-0  30849-4 0  9990
2 40045  97.7795  45.2897 0059585  76.4369 284.3468 14.75386965268938
AEROCUBE 6B             
1 40046U 14033AN  19173.70813718  .00000153  00000-0  29203-4 0  9990
2 40046  97.7731  44.7888 0058646  76.2404 284.5324 14.75367078269295
UKUBE-1                 
1 40074U 14037F   19174.08010517  .00000128  00000-0  22599-4 0  9996
2 40074  98.4378 336.2879 0003803 179.0113 181.1096 14.84052860268303
BRITE-PL2 (HEWELIUSZ)   
1 40119U 14049B   19173.83233950  .00000072  00000-0  15076-4 0  9999
2 40119  97.9047 264.4355 0016899 203.0623 156.9835 14.84405315262193
FIREBIRD 4              
1 40378U 15003C   19174.15292068  .00001616  00000-0  66958-4 0  9998
2 40378  99.1134 155.3785 0128562  75.6428 285.9033 15.18766426242601
GRIFEX                  
1 40379U 15003D   19174.08729495  .00001068  00000-0  49316-4 0  9990
2 40379  99.1125 149.3397 0136514  94.1845 267.4997 15.15457701242254
EXOCUBE (CP10)          
1 40380U 15003E   19173.87773764  .00000858  00000-0  42336-4 0  9997
2 40380  99.1149 145.8305 0141330 105.6659 256.0211 15.13486671241994
TIANWANG 1C (TW-1C)     
1 40926U 15051B   19174.08769731  .00007253  00000-0  10654-3 0  9992
2 40926  97.1339 220.2554 0007757  11.2943  72.4911 15.55761992210840
TIANWANG 1A (TW-1A)     
1 40928U 15051D   19174.09994134  .00001937  00000-0  49192-4 0  9995
2 40928  97.1442 205.3049 0012900  61.6756   3.0000 15.40777533209857
EXACTVIEW 9             
1 40936U 15052G   19174.07619269  .00000724  00000-0  12131-4 0  9992
2 40936   6.0040  29.8124 0010948 207.0390 152.9167 14.76489286201877
ATHENOXAT 1             
1 41168U 15077C   19174.18776113  .00001236  00000-0  29594-4 0  9991
2 41168  14.9870 183.1255 0011588 155.5832 204.5038 15.13628562194665
GALASSIA                
1 41170U 15077E   19174.17991438  .00001234  00000-0  28966-4 0  9992
2 41170  14.9874 176.3150 0012870 180.0614 179.9706 15.13959892194723
VELOX-II                
1 41171U 15077F   19173.52691740  .00001017  00000-0  20139-4 0  9997
2 41171  14.9899 213.9187 0008896  88.7248 271.4091 15.11211454194334
HORYU-4                 
1 41340U 16012D   19173.16211522  .00000296  00000-0  15731-4 0  9991
2 41340  31.0046 112.1793 0014079 163.7626 196.3463 15.01265133183533
E-ST@R-II               
1 41459U 16025D   19174.19127020  .00000604  00000-0  35391-4 0  9996
2 41459  98.1010 260.9211 0167264 343.6825  15.9088 15.05452151173227
AAUSAT 4                
1 41460U 16025E   19174.22774584  .00000880  00000-0  48448-4 0  9998
2 41460  98.0968 262.2143 0157113 336.3713  23.0369 15.07334511173353
DIWATA-1                
1 41463U 98067HT  19174.16415603  .00014120  00000-0  71869-4 0  9999
2 41463  51.6290 223.7063 0000995  50.9641 344.6220 15.81760007180481
BEESAT-4                
1 41619U 16040W   19174.11380737  .00000787  00000-0  36255-4 0  9991
2 41619  97.3670 236.2552 0011671  17.1320 343.0308 15.23124239154531
CANX-7                  
1 41788U 16059F   19174.13291224  .00003979  00000-0  60973-3 0  9991
2 41788  98.2376 249.5797 0025708  11.0282 349.1497 14.74037112146664
RAVAN                   
1 41849U 16067B   19173.79985901  .00000157  00000-0  18408-4 0  9993
2 41849  97.9199 272.9855 0008337  13.7496 346.3951 14.98222874142613
CELTEE 1                
1 41850U 16067C   19174.21766721  .00000632  00000-0  60191-4 0  9994
2 41850  97.9171 272.0942 0008989  19.5316 340.6248 14.97010664142607
OPTICUBE 04             
1 41851U 16067D   19174.15944968  .00000527  00000-0  51325-4 0  9991
2 41851  97.9169 271.8242 0009301  21.3285 338.8322 14.96808960142582
AEROCUBE 8D             
1 41852U 16067E   19174.16248644  .00000450  00000-0  44717-4 0  9993
2 41852  97.9181 271.6525 0010078  20.5503 339.6122 14.96718776142566
AEROCUBE 8C             
1 41853U 16067F   19173.85120520 -.00000384  00000-0 -28329-4 0  9990
2 41853  97.9175 271.2737 0010459  19.9577 340.2051 14.96679532142517
PROMETHEUS 2-1          
1 41854U 16067G   19173.81800029  .00000779  00000-0  73117-4 0  9997
2 41854  97.9183 271.3755 0010566  21.7947 338.3722 14.96896146142514
PROMETHEUS 2-3          
1 41855U 16067H   19173.82032783  .00000807  00000-0  75598-4 0  9990
2 41855  97.9187 271.3938 0010784  22.1708 337.9977 14.96901846142515
INS-1B                  
1 41954U 17008G   19173.76368714  .00000767  00000-0  34627-4 0  9998
2 41954  97.3996 238.7529 0010624 125.4719 234.7511 15.23944811130427
BGUSAT                  
1 41999U 17008BD  19173.74204690  .00001300  00000-0  53167-4 0  9991
2 41999  97.4070 241.1149 0009417 136.7144 223.4836 15.26110092129917
DIDO-2                  
1 42000U 17008BE  19173.75290449  .00000541  00000-0  25329-4 0  9998
2 42000  97.4008 239.2890 0009550 141.5222 218.6698 15.23896584129828
PEASSS                  
1 42015U 17008BV  19174.17345025  .00000668  00000-0  29738-4 0  9990
2 42015  97.4015 240.6665 0007411 142.4116 217.7641 15.24858668130433
AL-FARABI 1             
1 42016U 17008BW  19173.84247763  .00000889  00000-0  37931-4 0  9993
2 42016  97.4031 240.8839 0007287 142.2685 217.9066 15.25490441130533
NAYIF-1 (EO-88)         
1 42017U 17008BX  19173.82989931  .00000881  00000-0  37594-4 0  9999
2 42017  97.4028 240.8815 0007235 142.4519 217.7226 15.25523932130555
ALTAIR PATHFINDER       
1 42711U 98067LS  19173.89406620  .00025422  00000-0  13117-3 0  9992
2 42711  51.6336 267.9777 0000665 156.7348 203.3685 15.80965538119757
NJUST-1                 
1 42722U 98067MB  19174.08345188  .00162978  22825-4  26550-3 0  9993
2 42722  51.6344 244.7270 0011052 355.6987  75.2703 16.02838546119143
NSIGHT                  
1 42726U 98067MF  19173.90793633  .00014735  00000-0  11724-3 0  9990
2 42726  51.6364 287.1430 0004183 194.1244 165.9637 15.71467862118480
UCLSAT                  
1 42765U 17036A   19173.80844525  .00000648  00000-0  30718-4 0  9999
2 42765  97.3506 231.7313 0010606 207.4660 152.6017 15.22737298111094
LITUANICASAT-2          
1 42768U 17036D   19174.11576085  .00001201  00000-0  54264-4 0  9998
2 42768  97.3541 231.6356 0014594 198.0107 162.0614 15.22785440110980
AALTO-1                 
1 42775U 17036L   19173.80624317  .00000444  00000-0  22835-4 0  9990
2 42775  97.3490 230.4689 0013402 199.2706 160.8025 15.21333105110834
URSA MAIOR              
1 42776U 17036M   19174.09549353  .00000477  00000-0  24244-4 0  9991
2 42776  97.3501 230.9001 0013277 198.1140 161.9624 15.21465306110882
COMPASS 2               
1 42777U 17036N   19173.73948909  .00000952  00000-0  43559-4 0  9990
2 42777  97.3540 231.7275 0011938 199.4267 160.6517 15.22882598110888
DIAMOND RED             
1 42783U 17036U   19174.11812908  .00000564  00000-0  27555-4 0  9996
2 42783  97.3506 231.6329 0011316 207.8417 152.2215 15.22194220110922
PEGASUS                 
1 42784U 17036V   19174.16210171  .00000627  00000-0  30025-4 0  9992
2 42784  97.3510 231.8971 0011217 207.2562 152.8087 15.22485871110948
DIAMOND GREEN           
1 42785U 17036W   19174.11693230  .00000573  00000-0  27909-4 0  9996
2 42785  97.3509 231.6560 0011185 208.5615 151.5010 15.22195486110915
DIAMOND BLUE            
1 42786U 17036X   19174.11603348  .00000562  00000-0  27432-4 0  9997
2 42786  97.3508 231.6533 0011017 208.7288 151.3343 15.22192410110929
NUDTSAT                 
1 42787U 17036Y   19173.89447093  .00001292  00000-0  57105-4 0  9996
2 42787  97.3540 232.3165 0009752 213.6248 146.4363 15.23448583110786
SUCHAI                  
1 42788U 17036Z   19174.10230262  .00000768  00000-0  35671-4 0  9991
2 42788  97.3514 232.1398 0010816 206.2148 153.8542 15.22899444111028
SKCUBE                  
1 42789U 17036AA  19173.85551046  .00000722  00000-0  33815-4 0  9997
2 42789  97.3511 231.8407 0010653 207.1705 152.8976 15.22799769110906
VZLUSAT-1               
1 42790U 17036AB  19173.74993996  .00000958  00000-0  43128-4 0  9990
2 42790  97.3525 232.1799 0010236 206.1382 153.9339 15.23443252110918
ROBUSTA-1B              
1 42792U 17036AD  19173.72022791  .00000764  00000-0  35432-4 0  9990
2 42792  97.3512 231.8565 0010186 208.1569 151.9118 15.22965079110903
CICERO 6                
1 42793U 17036AE  19173.71533755  .00000505  00000-0  24693-4 0  9997
2 42793  97.3495 231.6357 0009390 209.5329 150.5378 15.22568974110967
D-SAT                   
1 42794U 17036AF  19174.10268704  .00000033  00000-0  81534-5 0  9995
2 42794  97.5388 218.6126 0127945 126.5677 234.7398 14.91095590108992
CORVUS BC2              
1 42846U 17042X   19173.70315931  .00000105  00000-0  15666-4 0  9992
2 42846  97.5656  67.5461 0010830  48.0940 312.1201 14.91973489105618
CORVUS BC1              
1 42847U 17042Y   19173.92438062  .00000242  00000-0  29090-4 0  9996
2 42847  97.5656  67.8655 0010429  47.0262 313.1830 14.92074024105647
MIRATA                  
1 43015U 17073C   19173.74417694  .00000412  00000-0  37282-4 0  9997
2 43015  97.7195  94.8020 0256153 144.3058 217.5588 14.78969198 85891
MAKERSAT 0              
1 43016U 17073D   19173.75893547  .00000273  00000-0  26513-4 0  9994
2 43016  97.7230  95.0154 0258342 144.6233 217.2429 14.78727466 85883
ASTERIA                 
1 43020U 98067NH  19173.80515903  .00019627  00000-0  15934-3 0  9991
2 43020  51.6430 298.6661 0001771 133.7840 226.3304 15.70735087 90507
DELLINGR (RBLE)         
1 43021U 98067NJ  19173.99450329  .00005773  00000-0  67718-4 0  9997
2 43021  51.6391 310.3262 0002511 120.3518 239.7725 15.63156477 90361
AEROCUBE 7B (OCSD B)    
1 43042U 17071F   19173.91369107  .00001691  00000-0  49792-4 0  9998
2 43042  51.6406  32.2795 0004880 161.8827 198.2333 15.41189986 86733
AEROCUBE 7C (OCSD C)    
1 43043U 17071G   19173.91369093  .00001722  00000-0  50521-4 0  9990
2 43043  51.6395  32.2930 0005014 165.8300 194.2827 15.41195837 86705
CHEFSAT                 
1 43044U 17071H   19173.89674024  .00002805  00000-0  69994-4 0  9998
2 43044  51.6399  27.0466 0004945 163.4553 196.6595 15.43838630 86774
ASGARDIA 1              
1 43049U 17071N   19173.86527154  .00001695  00000-0  49668-4 0  9993
2 43049  51.6414  31.9995 0002388 173.6784 186.4232 15.41320738 86695
ISARA                   
1 43050U 17071P   19173.91384000  .00003115  00000-0  77950-4 0  9996
2 43050  51.6388  27.8689 0002372 167.6580 192.4465 15.43335875 86764
PROPCUBE 2 (FAUNA)      
1 43052U 17071R   19173.87023656  .00002078  00000-0  58177-4 0  9997
2 43052  51.6397  31.3006 0002380 168.8077 191.2961 15.41598576 86701
CORVUS BC3              
1 43118U 18004H   19173.74539572  .00000444  00000-0  21997-4 0  9997
2 43118  97.4862 241.0897 0009103 232.0006 128.0409 15.22841114 80092
MICROMAS-2A             
1 43131U 18004W   19173.74835361  .00001084  00000-0  47579-4 0  9992
2 43131  97.4888 241.7885 0008049 232.6968 127.3536 15.24114051 80133
CICERO 7                
1 43143U 18004AJ  19174.16528550  .00000880  00000-0  39025-4 0  9991
2 43143  97.4875 242.4194 0006064 240.8477 119.2153 15.24250345 80215
GOMX-4B                 
1 43196U 18015E   19173.97203222  .00000076  00000-0  61043-5 0  9998
2 43196  97.3904 301.4504 0017924 294.9944  64.9423 15.23939176 76993
GOMX-4A                 
1 43197U 18015F   19174.23290823  .00000146  00000-0  89810-5 0  9992
2 43197  97.3926 301.7339 0017779 294.9671 157.0504 15.24034625 77049
1KUNS-PF                
1 43466U 98067NP  19173.61476367  .00014341  00000-0  14115-3 0  9992
2 43466  51.6379 314.5135 0000715 149.8721 210.2316 15.66265219 63538
UBAKUSAT                
1 43467U 98067NQ  19173.95235772  .00008568  00000-0  98788-4 0  9996
2 43467  51.6380 316.7679 0002492  93.5817 266.5463 15.62860885 63547
BATSU-CS1 (IRAZU)       
1 43468U 98067NR  19173.85164240  .00018883  00000-0  16393-3 0  9999
2 43468  51.6367 310.0713 0000503 193.4266 166.6718 15.69135068163604
CUBERRT                 
1 43546U 98067NU  19173.85606380  .00019878  00000-0  20507-3 0  9999
2 43546  51.6388 318.3736 0004728 148.0764 212.0519 15.64787777 53644
TEMPEST-D               
1 43547U 98067NV  19173.83288215  .00002452  00000-0  38723-4 0  9991
2 43547  51.6395 325.7181 0006053 136.2360 223.9113 15.57979878 53225
RAINCUBE                
1 43548U 98067NW  19173.88698469  .00008953  00000-0  10852-3 0  9997
2 43548  51.6378 321.5659 0005660 149.5637 210.5687 15.61476051 53732
HALOSAT                 
1 43549U 98067NX  19173.82703158  .00009403  00000-0  11388-3 0  9990
2 43549  51.6385 321.9262 0005614 150.7947 209.3361 15.61426389 53286
ENDUROSAT ONE           
1 43551U 98067NZ  19173.97228256  .00009657  00000-0  11017-3 0  9990
2 43551  51.6383 319.1498 0005872 162.1595 197.9607 15.62952575 53747
EQUISAT                 
1 43552U 98067PA  19173.63582185  .00009072  00000-0  10885-3 0  9991
2 43552  51.6397 322.1723 0006256 158.4955 201.6302 15.61720335 53632
AEROCUBE 12A            
1 43556U 18046C   19173.83576056  .00001170  00000-0  53947-4 0  9994
2 43556  51.6433  36.7757 0009095  85.7935 274.4084 15.28710036 52191
AEROCUBE 12B            
1 43557U 18046D   19174.17648269  .00000285  00000-0  22820-4 0  9991
2 43557  51.6433  35.2972 0009179  86.5764 273.6265 15.28581918 52194
UITMSAT-1               
1 43589U 98067PD  19173.63875973  .00010105  00000-0  12008-3 0  9999
2 43589  51.6371 322.8915 0005563 166.8334 193.2806 15.61824818 49369
MAYA-1                  
1 43590U 98067PE  19173.63380970  .00010103  00000-0  11997-3 0  9993
2 43590  51.6375 322.8629 0005636 166.6928 193.4216 15.61844321 49295
BHUTAN-1                
1 43591U 98067PF  19173.68831686  .00010271  00000-0  12158-3 0  9990
2 43591  51.6384 322.4968 0005811 167.9540 192.1594 15.61902196 49309
SIRIUSSAT-1             
1 43595U 98067PG  19174.12461220  .00007667  00000-0  95139-4 0  9993
2 43595  51.6371 321.6396 0003706 127.5747 232.5583 15.61109953 48538
SIRIUSSAT-2             
1 43596U 98067PH  19173.83535423  .00008837  00000-0  10939-3 0  9992
2 43596  51.6384 323.4921 0004258 126.9455 233.1929 15.60945529 48480
TANUSHA-3               
1 43597U 98067PJ  19173.82896554  .00011049  00000-0  12755-3 0  9994
2 43597  51.6365 321.8901 0003657 142.4003 217.7248 15.62471462 48501
SURFSAT                 
1 43614U 18070B   19173.50257723  .00001376  00000-0  37528-4 0  9992
2 43614  93.0222   5.2443 0013433 295.9289  64.0580 15.37528053 42990
CP7 (DAVE)              
1 43615U 18070C   19174.02919304  .00001237  00000-0  33839-4 0  9998
2 43615  93.0227   5.4628 0013579 292.6706  67.3111 15.37451449 43072
ELFIN-B                 
1 43616U 18070D   19173.77502921  .00002019  00000-0  53989-4 0  9990
2 43616  93.0190   5.2717 0014518 298.1904  61.7883 15.38066798 43045
ELFIN-A                 
1 43617U 18070E   19173.76878820  .00001944  00000-0  51959-4 0  9995
2 43617  93.0245   5.4876 0013560 294.6999  65.2842 15.38105465 43045
CUBEBEL-1 (BSUSAT-1)    
1 43666U 18083E   19174.16646505  .00000519  00000-0  29193-4 0  9993
2 43666  97.5183 198.6148 0015400 167.0469 263.6164 15.17579706 35969
DEBRISSAT-2             
1 43680U 98067PR  19173.87382899  .00013917  00000-0  15453-3 0  9998
2 43680  51.6390 321.4685 0003328 155.0564 205.0614 15.63222630 57255
CICERO 10               
1 43690U 18088A   19173.90710521  .00000707  00000-0  31210-4 0  9998
2 43690  85.0378 315.7299 0014883 183.7240 176.3893 15.19657185 33999
IRVINE01                
1 43693U 18088D   19173.89035557  .00001540  00000-0  66623-4 0  9990
2 43693  85.0354 315.3415 0018799 170.7255 189.4337 15.21379602 34003
PROXIMA I               
1 43694U 18088E   19173.84853427  .00000699  00000-0  29211-4 0  9996
2 43694  85.0321 315.2016 0020081 162.7642 197.4286 15.21383027 34000
PROXIMA II              
1 43696U 18088G   19173.84766414  .00000694  00000-0  28955-4 0  9996
2 43696  85.0322 315.2031 0020125 162.7176 197.4755 15.21388456 34003
FACSAT-1                
1 43721U 18096C   19174.12790168  .00000871  00000-0  36365-4 0  9990
2 43721  97.4593 243.9862 0016748 318.3855  41.6108 15.26290647 31410
CENTAURI-2              
1 43722U 18096D   19173.78004968  .00001081  00000-0  44135-4 0  9996
2 43722  97.4595 243.6851 0016937 320.4372  39.5629 15.26508203 31353
INNOSAT-2               
1 43738U 18096V   19174.16349838  .00001325  00000-0  49967-4 0  9993
2 43738  97.4598 244.7040 0023473 329.8439  30.1447 15.28656551 31464
SIRION PATHFINDER-2     
1 43759U 18099B   19174.20285916  .00000299  00000-0  32499-4 0  9991
2 43759  97.7446 246.1327 0013040 309.3355  50.6709 14.95127808 30092
CORVUS-BC 4             
1 43767U 18099K   19173.87587413  .00000443  00000-0  46207-4 0  9992
2 43767  97.7434 245.6008 0010593 315.1433  44.8931 14.94572214 30041
SHIELDS 1               
1 43850U 18104B   19173.72541151  .00000041  00000-0  00000+0 0  9995
2 43850  85.0281  53.7905 0013388 323.9502  36.0865 15.21080956 28636
STF-1                   
1 43852U 18104D   19173.66622269  .00000041  00000-0  00000-0 0  9991
2 43852  85.0327  54.0551 0013937 339.1733  20.9047 15.20600534 28616
ZACUBE-2                
1 43907U 18111AH  19174.14022416  .00000294  00000-0  14897-4 0  9995
2 43907  97.2901  79.2555 0021148 340.2645  19.7772 15.24188483 27125
LUME 1                  
1 43908U 18111AJ  19173.80453263  .00000630  00000-0  28510-4 0  9997
2 43908  97.2899  78.9446 0021150 341.6833  18.3641 15.24332966 27075
AOBA VELOX-IV           
1 43940U 19003J   19174.07662765  .00001136  00000-0  49657-4 0  9990
2 43940  97.2754 231.8570 0026236  58.4975   3.6166 15.23802220 23753
CATSAT-2                
1 44029U 98067PV  19173.91301964  .00006991  00000-0  10367-3 0  9998
2 44029  51.6406 330.0132 0005318 159.0921 201.0289 15.56457756 22231
DELPHINI                
1 44030U 98067PW  19173.77876967  .00007758  00000-0  11372-3 0  9993
2 44030  51.6394 330.6066 0004913 158.2198 201.9004 15.56591636 22182
UNITE                   
1 44031U 98067PX  19173.68873121  .00004713  00000-0  74151-4 0  9996
2 44031  51.6399 331.5073 0003664 152.1028 208.0160 15.55693437 22163
TECHEDSAT 8             
1 44032U 98067PY  19173.70295958  .00018271  00000-0  22975-3 0  9996
2 44032  51.6390 329.3522 0003850 161.1529 198.9607 15.59726051 22179
CATSAT-1                
1 44033U 98067PZ  19173.91291942  .00006882  00000-0  10213-3 0  9996
2 44033  51.6406 330.0127 0005117 158.5355 201.5852 15.56466431 22143
NEPALISAT-1             
1 44329U 98067QE  19173.77122828  .00005043  00000-0  89800-4 0  9991
2 44329  51.6419 333.5589 0007922  99.6739 260.5146 15.52008303   897
RAAVANA-1               
1 44330U 98067QF  19173.77135316  .00004897  00000-0  87537-4 0  9990
2 44330  51.6421 333.5598 0007871  98.8074 261.3807 15.51971579   872
UGUISU                  
1 44331U 98067QG  19173.83549382  .00004962  00000-0  88367-4 0  9995
2 44331  51.6420 333.2383 0007928 101.5173 258.6708 15.52044402   894
SPOOQY-1                
1 44332U 98067QH  19173.83536331  .00004804  00000-0  85705-4 0  9994
2 44332  51.6419 333.2371 0006708 103.4057 256.7681 15.52081068   862
