CUTE-1 (CO-55)          
1 27844U 03031E   18107.59140850  .00000047  00000-0  41000-4 0  9991
2 27844  98.6886 117.1373 0009752 180.0070 180.1109 14.22106162767548
CUBESAT XI-IV (CO-57)   
1 27848U 03031J   18107.53388364  .00000033  00000-0  35086-4 0  9995
2 27848  98.6974 117.4579 0009433 190.3844 169.7140 14.21711038767417
CUBESAT XI 5            
1 28895U 05043F   18106.94985931  .00000149  00000-0  37372-4 0  9998
2 28895  97.9001 260.9158 0015413 262.1004  97.8450 14.63531168664681
CUTE-1.7+APD II (CO-65) 
1 32785U 08021C   18107.46381205  .00000215  00000-0  28962-4 0  9991
2 32785  97.5503 122.5329 0011778 235.9800 124.0299 14.88095547540075
AAUSAT-II               
1 32788U 08021F   18107.62198501  .00000833  00000-0  82539-4 0  9993
2 32788  97.5273 136.6354 0011835 183.5310 176.5829 14.94288367541134
DELFI-C3 (DO-64)        
1 32789U 08021G   18107.58277134  .00001341  00000-0  96274-4 0  9995
2 32789  97.5179 163.9140 0013666 140.0604 220.1631 15.05911275542563
SEEDS II (CO-66)        
1 32791U 08021J   18107.51703660  .00000327  00000-0  38860-4 0  9999
2 32791  97.5404 127.8029 0012456 214.7595 145.2811 14.90515346540394
SWISSCUBE               
1 35932U 09051B   18107.34958153  .00000135  00000-0  41517-4 0  9993
2 35932  98.5360 257.0778 0008373  44.7396 315.4475 14.56143343454584
BEESAT                  
1 35933U 09051C   18107.51859005  .00000110  00000-0  35868-4 0  9994
2 35933  98.5401 258.7595 0006796  57.7218 302.4636 14.56249249454712
ITUPSAT 1               
1 35935U 09051E   18107.40162248  .00000104  00000-0  35066-4 0  9993
2 35935  98.5513 258.8936 0009007  51.4886 308.7117 14.55428136454488
M-CUBED & EXP-1 PRIME   
1 37855U 11061F   18107.61624287  .00000951  00000-0  56869-4 0  9993
2 37855 101.7231 139.1612 0176844 261.4491  96.6646 15.04269982352075
STRAND-1                
1 39090U 13009E   18107.51864326  .00000033  00000-0  26820-4 0  9994
2 39090  98.5279 314.6738 0010287 114.4345 245.7915 14.35019655269105
AIST-2 (RS-43)          
1 39133U 13015D   18107.89358633  .00000135  00000-0  22081-4 0  9997
2 39133  64.8745  42.4123 0028002 231.7774 128.0824 15.04525608274143
SOMP                    
1 39134U 13015E   18107.83105400  .00001349  00000-0  73484-4 0  9995
2 39134  64.8638 322.1287 0019846 218.8758 141.0943 15.19000329275735
BEESAT 3                
1 39135U 13015F   18107.62259187  .00000826  00000-0  51937-4 0  9993
2 39135  64.8695 335.3784 0026524 243.4612 116.3794 15.16544946275072
BEESAT-2                
1 39136U 13015G   18107.83500104  .00000929  00000-0  57971-4 0  9993
2 39136  64.8702 337.3176 0026682 242.0625 117.7799 15.16019710275440
NEE-01 PEGASUS          
1 39151U 13018B   18107.78756435  .00000184  00000-0  31300-4 0  9998
2 39151  97.9730 202.2878 0018087 140.9381 219.3140 14.79880133268588
ESTCUBE 1               
1 39161U 13021C   18107.80347403  .00000191  00000-0  38227-4 0  9990
2 39161  98.0088 194.5816 0008006 248.6257 111.4097 14.72045987265561
POPACS 1                
1 39268U 13055D   18107.57239297  .00007393  00000-0  20725-3 0  9994
2 39268  81.0054  49.8499 0640805  45.0308 320.1017 14.33725239234297
POPACS 2                
1 39269U 13055E   18107.33542428  .00002305  00000-0  65472-4 0  9999
2 39269  81.0155  70.7977 0694217  99.4117 268.6176 14.21764116233274
POPACS 3                
1 39270U 13055F   18107.34988817  .00001872  00000-0  57417-4 0  9996
2 39270  81.0156  82.2813 0720797 133.4701 232.8790 14.14429183213058
ZACUBE-1 (TSHEPISOSAT)  
1 39417U 13066B   18107.57207033  .00000220  00000-0  34245-4 0  9990
2 39417  97.5933 139.4279 0058904 355.3232   4.7423 14.80909650237820
WNISAT-1                
1 39423U 13066H   18107.81086157  .00000075  00000-0  24725-4 0  9996
2 39423  97.7209  76.5805 0174770 205.6226 153.6246 14.52942214233466
GOMX 1                  
1 39430U 13066Q   18107.88657000  .00000187  00000-0  42615-4 0  9994
2 39430  97.6932  89.1232 0152011 160.3666 200.3476 14.59053509234361
EAGLE 2                 
1 39436U 13066W   18107.32141297  .00209928  00000-0  13695-2 0  9993
2 39436  97.7123 239.4795 0004219 293.2109  66.8710 15.75255888242614
CUBEBUG-2 (LO-74)       
1 39440U 13066AA  18107.58853801  .00000241  00000-0  40528-4 0  9991
2 39440  97.6052 126.4132 0081362  33.3507 327.2791 14.75644389235788
NEE-02 KRYSAOR          
1 39441U 13066AB  18107.56985107  .00000156  00000-0  29295-4 0  9998
2 39441  97.6052 124.6707 0082921  38.1587 322.5454 14.74756980236842
FUNCUBE-1 (AO-73)       
1 39444U 13066AE  18107.86982406  .00000273  00000-0  40161-4 0  9998
2 39444  97.5943 141.1588 0057877 349.9486  10.0565 14.81680672236728
UWE-3                   
1 39446U 13066AG  18107.57960904  .00000222  00000-0  36289-4 0  9997
2 39446  97.5978 132.5423 0070570  14.7560 345.5689 14.78178150235579
BRITE-TORONTO           
1 40020U 14033L   18107.83551009  .00000091  00000-0  23747-4 0  9992
2 40020  97.7945 329.1950 0088992  77.4253 283.6888 14.66483144204743
DUCHIFAT-1              
1 40021U 14033M   18107.76469191  .00000436  00000-0  50748-4 0  9999
2 40021  97.9172  26.3737 0013728  23.8580 336.3271 14.90257814207958
NANOSATC-BR1            
1 40024U 14033Q   18107.77599031  .00000431  00000-0  51111-4 0  9990
2 40024  97.9110  24.7465 0013029  25.9643 334.2225 14.89527589207885
QB50P1                  
1 40025U 14033R   18107.31887662  .00000337  00000-0  42109-4 0  9993
2 40025  97.9072  22.8373 0013325  31.1357 329.0646 14.88678353207738
QB50P2                  
1 40032U 14033Y   18107.32324254  .00000298  00000-0  38362-4 0  9997
2 40032  97.9028  21.6176 0012602  27.2510 332.9365 14.88225671207157
PERSEUS-M2              
1 40037U 14033AD  18107.62882666  .00000094  00000-0  16909-4 0  9998
2 40037  97.9022  19.6471 0015246  33.0748 327.1418 14.86342193207035
PERSEUS-M1              
1 40039U 14033AF  18107.57107433  .00000088  00000-0  16387-4 0  9999
2 40039  97.9022  18.9879 0015030  30.1039 330.1037 14.85963740207478
POLYITAN-1              
1 40042U 14033AJ  18107.29515430  .00000368  00000-0  45728-4 0  9994
2 40042  97.9147  22.9145 0015380  19.6650 340.5157 14.88357060207653
TIGRISAT                
1 40043U 14033AK  18107.62404805  .00000174  00000-0  33274-4 0  9993
2 40043  97.8175 347.1245 0061018  35.1720 325.3493 14.74120055205386
AEROCUBE 6A             
1 40045U 14033AM  18107.66706447  .00000353  00000-0  58472-4 0  9992
2 40045  97.8335 349.2487 0059148  29.5766 330.8767 14.75106917205607
AEROCUBE 6B             
1 40046U 14033AN  18107.66792526  .00000347  00000-0  57542-4 0  9996
2 40046  97.8308 349.1258 0058125  29.0628 331.3796 14.75096759205744
UKUBE-1                 
1 40074U 14037F   18107.72912069  .00000366  00000-0  51297-4 0  9996
2 40074  98.3773 241.9662 0005513 137.5253 222.6391 14.83762589204334
BRITE-PL 2              
1 40119U 14049B   18107.46838977  .00000136  00000-0  22665-4 0  9997
2 40119  97.9176 196.5129 0017750 171.6140 188.5375 14.84272620198291
FIREBIRD 4              
1 40378U 15003C   18107.76200347  .00002395  00000-0  10094-3 0  9993
2 40378  99.0935 357.5757 0133221  71.6692 289.8974 15.16983323177161
GRIFEX                  
1 40379U 15003D   18107.74852742  .00001701  00000-0  77828-4 0  9993
2 40379  99.0971 353.9958 0140016  83.3368 278.3773 15.14155491176956
EXOCUBE                 
1 40380U 15003E   18107.59834809  .00001282  00000-0  62194-4 0  9996
2 40380  99.1020 351.8487 0144343  90.3943 271.3824 15.12387262176784
TIANWANG 1C (TW-1C)     
1 40926U 15051B   18107.85624880  .00008422  00000-0  16229-3 0  9990
2 40926  97.1895 150.4989 0011700 131.3085 340.3538 15.48035979143979
TIANWANG 1A (TW-1A)     
1 40928U 15051D   18107.66579574  .00003387  00000-0  91486-4 0  9994
2 40928  97.1915 142.8425 0011934 170.6970 337.9744 15.38367420143476
EXACTVIEW 9             
1 40936U 15052G   18107.08541420  .00000787  00000-0  21193-4 0  9998
2 40936   6.0043 229.6207 0010188 212.2289 147.7190 14.76368917137922
ATHENOXAT 1             
1 41168U 15077C   18107.23317372  .00002412  00000-0  96002-4 0  9995
2 41168  14.9853 106.3811 0011751 274.5912 182.1938 15.12632018129134
GALASSIA                
1 41170U 15077E   18107.44178448  .00002065  00000-0  75654-4 0  9994
2 41170  14.9886  99.6885 0013192 297.6658  62.2324 15.13029226129210
VELOX 2                 
1 41171U 15077F   18107.42845379  .00001577  00000-0  53711-4 0  9994
2 41171  14.9908 119.8596 0008967 239.8161 120.1271 15.10561152129032
HORYU-IV                
1 41340U 16012D   18107.00557326  .00000550  00000-0  35336-4 0  9991
2 41340  31.0061 336.2539 0014234 207.2597 152.7292 15.00943683118694
E-ST@R-II               
1 41459U 16025D   18107.84778934  .00001573  00000-0  86283-4 0  9991
2 41459  98.1429 167.3231 0171486 351.0904   8.7281 15.04226963108351
AAUSAT 4                
1 41460U 16025E   18107.81580400  .00002284  00000-0  12227-3 0  9995
2 41460  98.1373 167.7011 0162266 347.8962  11.8347 15.05598501108409
DIWATA-1                
1 41463U 98067HT  18107.70876189  .00011647  00000-0  10378-3 0  9992
2 41463  51.6391 281.1522 0000925 213.0177 238.4665 15.68972269112501
BEESAT-4                
1 41619U 16040W   18107.12481604  .00001563  00000-0  71508-4 0  9995
2 41619  97.4207 171.1038 0013411  86.0242 274.2527 15.21935597 88805
CANX-7                  
1 41788U 16059F   18107.97303614  .00003133  00000-0  54448-3 0  9997
2 41788  98.2025 174.2157 0025943 282.5852  77.2528 14.68664547 83269
ALSAT 1N                
1 41789U 16059G   18107.75064385  .00000093  00000-0  26832-4 0  9992
2 41789  98.1243 171.3673 0026989 278.8202  80.9935 14.64142630 83173
RAVAN                   
1 41849U 16067B   18107.75212905  .00000198  00000-0  22114-4 0  9996
2 41849  97.9256 195.6149 0008701  13.9588 346.1872 14.97670689 78082
CELTEE 1                
1 41850U 16067C   18107.19134941  .00000788  00000-0  74165-4 0  9997
2 41850  97.9241 194.6006 0009048  18.3598 341.7948 14.96782300 77979
OPTICUBE 04             
1 41851U 16067D   18107.55198270 -.00000387  00000-0 -28612-4 0  9996
2 41851  97.9236 194.8973 0009267  15.5652 344.5852 14.96646695 78020
AEROCUBE 8D             
1 41852U 16067E   18107.78203114  .00000698  00000-0  66782-4 0  9999
2 41852  97.9247 194.9804 0009742  15.7391 344.4131 14.96453698 78047
AEROCUBE 8C             
1 41853U 16067F   18107.19293294  .00000739  00000-0  70504-4 0  9996
2 41853  97.9251 194.3509 0010358  18.9554 341.2050 14.96420456 77950
PROMETHEUS 2-1          
1 41854U 16067G   18107.53756129  .00000377  00000-0  38481-4 0  9992
2 41854  97.9258 194.6954 0010713  16.8743 343.2833 14.96505709 78000
PROMETHEUS 2-3          
1 41855U 16067H   18107.54008549  .00000234  00000-0  25898-4 0  9990
2 41855  97.9260 194.7010 0010900  16.8404 343.3177 14.96503071 78002
ITF-2                   
1 41932U 98067KU  18107.56365846  .00027132  00000-0  20196-3 0  9995
2 41932  51.6361 292.3963 0003465 315.0885  44.9833 15.72583371 71219
WASEDA-SAT3             
1 41933U 98067KV  18107.74904283  .00042726  00000-0  26116-3 0  9994
2 41933  51.6362 286.7671 0003202 308.5587  51.5126 15.76908876 71303
AOBA-VELOX 3            
1 41935U 98067KX  18107.58048947  .00036421  00000-0  24024-3 0  9995
2 41935  51.6357 289.4630 0003080 310.7269  49.3463 15.75244915 71350
INS-1B                  
1 41954U 17008G   18107.60906053  .00001394  00000-0  62585-4 0  9992
2 41954  97.4517 172.0708 0008999 196.0980 163.9972 15.22827709 64786
BGUSAT                  
1 41999U 17008BD  18107.83995292  .00002202  00000-0  92985-4 0  9995
2 41999  97.4554 173.1814 0007687 212.4798 147.5968 15.24308615 64234
DIDO-2                  
1 42000U 17008BE  18107.55904430  .00000892  00000-0  40873-4 0  9994
2 42000  97.4535 172.4193 0007695 215.9012 144.1708 15.23058386 64179
PEASSS                  
1 42015U 17008BV  18107.43791062  .00001231  00000-0  54011-4 0  9999
2 42015  97.4530 172.6848 0005436 221.6859 138.3964 15.23844426 64664
AL-FARABI 1             
1 42016U 17008BW  18107.44621321  .00001601  00000-0  68636-4 0  9990
2 42016  97.4537 172.8483 0005338 221.5651 138.5180 15.24216025 64794
NAYIF-1 (EO-88)         
1 42017U 17008BX  18107.70398998  .00001565  00000-0  67119-4 0  9995
2 42017  97.4535 173.1105 0005323 220.7626 139.3214 15.24239207 64856
HAVELSAT                
1 42700U 98067LH  18107.79246734  .00023225  00000-0  20994-3 0  9993
2 42700  51.6360 302.9249 0003177  23.0562 337.0577 15.67990189 52533
SGSAT                   
1 42703U 98067LL  18107.72591942  .00313229  50083-4  75395-3 0  9994
2 42703  51.6282 286.4737 0008432 286.1231  73.8848 15.95870318 52652
CXBN-2                  
1 42704U 98067LM  18107.79795259  .00022575  00000-0  20737-3 0  9990
2 42704  51.6363 303.7232 0001472 283.7742  76.3090 15.67614846 52448
ICECUBE                 
1 42705U 98067LN  18107.77990014  .00042846  00000-0  30746-3 0  9999
2 42705  51.6412 299.1593 0002506 307.4128  52.6642 15.73210781 52563
PHOENIX                 
1 42706U 98067LP  18107.81589295  .00021616  00000-0  20565-3 0  9990
2 42706  51.6361 303.8366 0000696 291.2828  68.8094 15.66772470 52439
X-CUBESAT               
1 42707U 98067LQ  18107.79018720  .00025427  00000-0  22614-3 0  9999
2 42707  51.6334 302.8647 0000888 276.5618  83.5277 15.68333982 52437
QBEE50-LTU-OC           
1 42708U 98067LR  18107.83542553  .00022923  00000-0  20959-3 0  9999
2 42708  51.6363 303.2007 0000817 284.4007  75.6899 15.67718987 52395
ALTAIR PATHFINDER       
1 42711U 98067LS  18107.79588822  .00011499  00000-0  13094-3 0  9995
2 42711  51.6365 308.9555 0003154 309.6948  50.3767 15.62779788 52027
SHARC                   
1 42712U 98067LT  18107.77665507  .00019053  00000-0  22186-3 0  9996
2 42712  51.6383 310.3724 0001738 316.5229  43.5627 15.61714338 52240
ZA-AEROSAT              
1 42713U 98067LU  18107.85955675  .00016470  00000-0  16602-3 0  9990
2 42713  51.6354 305.6183 0001699 287.1933  72.8876 15.65533894 52078
LINK                    
1 42714U 98067LV  18107.80138564  .00046042  00000-0  32680-3 0  9998
2 42714  51.6313 299.1386 0002609 270.3621  89.7079 15.73434555 52262
CSUNSAT 1               
1 42715U 98067LW  18107.77004336  .00018629  00000-0  18410-3 0  9999
2 42715  51.6365 305.7854 0003290 294.1227  65.9424 15.65929688 52062
SPACECUBE               
1 42717U 98067LY  18107.79624977  .00023077  00000-0  21142-3 0  9991
2 42717  51.6345 303.6824 0001937  23.6135 336.4949 15.67665163 51463
HOOPOE                  
1 42718U 98067LZ  18107.78630969  .00028257  00000-0  23965-3 0  9999
2 42718  51.6354 302.1192 0001581  12.5540 347.5497 15.69432342 51484
CHALLENGER              
1 42721U 98067MA  18107.76592534  .00061935  00000-0  37604-3 0  9991
2 42721  51.6302 296.6448 0003434 328.8667  31.2129 15.76901609 51253
NJUST-1                 
1 42722U 98067MB  18107.82269328  .00016564  00000-0  17219-3 0  9999
2 42722  51.6363 306.8852 0004845   6.0166 354.0887 15.64741757 51126
UNSW-ECO                
1 42723U 98067MC  18107.80815012  .00031860  00000-0  26507-3 0  9991
2 42723  51.6374 302.2869 0003645 355.9963   4.1004 15.69827250 51161
LILACSAT-1              
1 42725U 98067ME  18107.75629706  .00020526  00000-0  19715-3 0  9990
2 42725  51.6363 305.6897 0003656   4.7694 355.3336 15.66568687 51039
NSIGHT-1                
1 42726U 98067MF  18107.81900119  .00006224  00000-0  79988-4 0  9996
2 42726  51.6386 311.3996 0005048  13.7680 346.3450 15.60573441 50978
SNUSAT-1                
1 42727U 98067MG  18107.76413114  .00021130  00000-0  20360-3 0  9997
2 42727  51.6347 305.7015 0005471 322.5899  37.4715 15.66458999 51001
I-INSPIRE II            
1 42731U 98067ML  18107.75774084  .00028146  00000-0  23061-3 0  9992
2 42731  51.6344 301.8951 0004819 302.7118  57.3415 15.70261534 50940
POLYITAN-2-SAU          
1 42732U 98067MM  18107.78812920  .00024205  00000-0  21702-3 0  9990
2 42732  51.6355 303.6208 0005031 304.3674  55.6846 15.68157017 50924
SNUSAT-1B               
1 42733U 98067MN  18107.82380318  .00022822  00000-0  21429-3 0  9996
2 42733  51.6357 304.6201 0005133 309.6965  50.3578 15.67052041 50918
EXALTA-1                
1 42734U 98067MP  18107.75837619  .00032820  00000-0  26424-3 0  9999
2 42734  51.6328 301.8864 0005193 329.3023  30.7670 15.70595767 50894
BEEAGLESAT              
1 42736U 98067MR  18107.77625318  .00018482  00000-0  18154-3 0  9993
2 42736  51.6352 305.8000 0004869 359.9227   0.1767 15.66083483 50950
ATLANTIS                
1 42737U 98067MS  18087.11387049  .13966215  12356-4  93055-3 0  9999
2 42737  51.6095  27.8979 0006293 234.7874 125.2564 16.40626348 47903
UCLSAT                  
1 42765U 17036A   18107.84600734  .00001249  00000-0  58253-4 0  9993
2 42765  97.4069 168.6525 0010233 290.8760  69.1380 15.21684292 45539
LITUANICASAT-2          
1 42768U 17036D   18107.61920244  .00001883  00000-0  87607-4 0  9991
2 42768  97.4079 168.0656 0014092 278.8100  81.1540 15.21102544 45350
AALTO-1                 
1 42775U 17036L   18107.36406341  .00000852  00000-0  41939-4 0  9991
2 42775  97.4067 167.7698 0012584 278.3928  81.5881 15.20633406 45250
URSA MAIOR              
1 42776U 17036M   18107.61678655  .00000885  00000-0  43336-4 0  9998
2 42776  97.4073 168.0573 0012413 277.6047  82.3779 15.20704057 45299
COMPASS 2               
1 42777U 17036N   18107.11679514  .00001673  00000-0  77354-4 0  9992
2 42777  97.4091 167.8575 0011357 283.4196  76.5773 15.21510966 45222
DIAMOND RED             
1 42783U 17036U   18107.43519798  .00001036  00000-0  49339-4 0  9996
2 42783  97.4073 168.1384 0010833 292.2279  67.7807 15.21316308 45278
PEGASUS                 
1 42784U 17036V   18107.61298038  .00001189  00000-0  55899-4 0  9995
2 42784  97.4074 168.3638 0010773 291.7138  68.2950 15.21501810 45308
DIAMOND GREEN           
1 42785U 17036W   18107.69728945  .00000989  00000-0  47251-4 0  9999
2 42785  97.4075 168.4075 0010712 291.9392  68.0705 15.21320061 45306
DIAMOND BLUE            
1 42786U 17036X   18107.17023240  .00001047  00000-0  49824-4 0  9993
2 42786  97.4075 167.8893 0010604 294.2328  65.7800 15.21319980 45222
NUDTSAT                 
1 42787U 17036Y   18107.61854727  .00001727  00000-0  78613-4 0  9998
2 42787  97.4080 168.5158 0010308 291.3018  68.7117 15.22005730 45158
SUCHAI                  
1 42788U 17036Z   18107.58038880  .00001388  00000-0  64278-4 0  9994
2 42788  97.4075 168.4055 0010375 291.8554  68.1578 15.21742484 45374
SKCUBE                  
1 42789U 17036AA  18107.57855551  .00001291  00000-0  60019-4 0  9998
2 42789  97.4073 168.4030 0010227 291.8771  68.1377 15.21717595 45296
VZLUSAT-1               
1 42790U 17036AB  18107.60877998  .00001730  00000-0  78713-4 0  9991
2 42790  97.4077 168.5143 0009869 291.9040  68.1146 15.22032766 45305
ROBUSTA-1B              
1 42792U 17036AD  18107.61852581  .00001288  00000-0  59680-4 0  9995
2 42792  97.4072 168.4931 0009786 293.0305  66.9898 15.21856476 45313
CICERO 6                
1 42793U 17036AE  18107.80487261  .00000883  00000-0  41994-4 0  9995
2 42793  97.4065 168.6901 0008951 294.0131  66.0168 15.21754205 45415
D-SAT                   
1 42794U 17036AF  18107.70547816  .00000495  00000-0  48328-4 0  9995
2 42794  97.5983 164.6272 0128511 123.1699 238.1923 14.90826592 44716
TOKI                    
1 42820U 98067MU  18107.55761660  .00018254  00000-0  18581-3 0  9995
2 42820  51.6354 308.8460 0002491 276.8440  83.2272 15.65201070 44377
MAZAALAI (NUMSAT-1)     
1 42822U 98067MW  18107.83689245  .00018534  00000-0  19016-3 0  9991
2 42822  51.6357 307.7144 0002368 284.5987  75.4745 15.64988332 44374
BRAC ONNESHA            
1 42823U 98067MX  18107.58052360  .00017959  00000-0  18399-3 0  9999
2 42823  51.6362 309.0164 0004514 315.1894  44.8736 15.65045241 44331
NIGERIAEDUSAT-1         
1 42824U 98067MY  18107.78940651  .00017614  00000-0  18162-3 0  9997
2 42824  51.6368 308.1739 0004444 316.8884  43.1763 15.64898558 44355
CORVUS BC2              
1 42846U 17042X   18107.77239174  .00000085  00000-0  13782-4 0  9993
2 42846  97.6020  12.8109 0010761  44.3627 315.8453 14.91790620 41364
CORVUS BC1              
1 42847U 17042Y   18107.61992531  .00000335  00000-0  38437-4 0  9992
2 42847  97.6020  12.7042 0010393  44.6118 315.5936 14.91889661 41333
SILU-1 (SILKROAD 1)     
1 42903U 17021F   18107.78840176  .00021843  00000-0  18640-3 0  9997
2 42903  42.7797 333.3765 0011726 242.9824 165.7730 15.68981921 40434
MIRATA                  
1 43015U 17073C   18107.36441236  .00001161  00000-0  96272-4 0  9996
2 43015  97.7015  40.9563 0260172 109.3949 253.5580 14.77941108 22154
ASTERIA                 
1 43020U 98067NH  18107.87563462  .00010323  00000-0  14189-3 0  9992
2 43020  51.6408 317.0334 0001908 307.0593  53.0225 15.57925827 23082
DELLINGR (RBLE)         
1 43021U 98067NJ  18107.80383057  .00006196  00000-0  91816-4 0  9992
2 43021  51.6394 318.0443 0001642 298.7582  61.3245 15.56709839 23062
TECHEDSAT 6             
1 43026U 98067NK  18107.81517818  .00221673  00000-0  11073-2 0  9996
2 43026  51.6291 308.2943 0006981 264.8236  95.1969 15.80624336 23096
OSIRIS-3U               
1 43027U 98067NL  18107.85125441  .00023268  00000-0  27497-3 0  9996
2 43027  51.6382 315.3577 0002861 266.6547  93.4119 15.61187293 22988
AEROCUBE 7B             
1 43042U 17071F   18107.84826177  .00003266  00000-0  94902-4 0  9994
2 43042  51.6393 335.3920 0005828  52.2347 307.9165 15.38486137 20316
AEROCUBE 7C             
1 43043U 17071G   18107.52299651  .00003168  00000-0  92459-4 0  9997
2 43043  51.6397 336.9729 0005715  52.6316 307.5188 15.38450922 20235
CHEFSAT                 
1 43044U 17071H   18107.62699575  .00005338  00000-0  14574-3 0  9990
2 43044  51.6401 336.1761 0005743  51.1818 308.9678 15.39073512 20250
ASGARDIA 1              
1 43049U 17071N   18107.57410142  .00003383  00000-0  97560-4 0  9995
2 43049  51.6397 336.5681 0003280  73.4052 286.7292 15.38595515 20240
ISARA                   
1 43050U 17071P   18107.62420841  .00004418  00000-0  12271-3 0  9995
2 43050  51.6398 336.1587 0003228  71.4751 288.6584 15.38992621 20255
FAUNA                   
1 43052U 17071R   18107.63234940  .00003404  00000-0  97775-4 0  9998
2 43052  51.6400 336.2125 0003183  70.3099 289.8228 15.38705732 20245
CORVUS BC3              
1 43118U 18004H   18107.59849945  .00000819  00000-0  38833-4 0  9997
2 43118  97.5391 170.0521 0009362 313.0513  46.9938 15.22132638 14495
MICROMAS-2A             
1 43131U 18004W   18107.44677554  .00001818  00000-0  81415-4 0  9995
2 43131  97.5393 169.9532 0008527 317.5425  42.5150 15.22559482 14470
GOMX4-B                 
1 43196U 18015E   18107.91654986  .00000725  00000-0  33218-4 0  9998
2 43196  97.3362 238.1292 0020248  15.6276 344.5592 15.23467338 11359
GOMX4-A                 
1 43197U 18015F   18107.67694043  .00000626  00000-0  28958-4 0  9995
2 43197  97.3361 237.8932 0020095  16.6883 107.8205 15.23591506 11324
