CUTE-1 (CO-55)          
1 27844U 03031E   20218.46695799  .00000028  00000-0  32325-4 0  9999
2 27844  98.6816 225.4613 0008614 274.5306  85.4888 14.22249541887068
CUBESAT XI-IV (CO-57)   
1 27848U 03031J   20218.43749827  .00000024  00000-0  30847-4 0  9995
2 27848  98.6882 225.9933 0008583 289.0112  71.0135 14.21835143886902
CUBESAT XI-V            
1 28895U 05043F   20218.35775609  .00000077  00000-0  23596-4 0  9992
2 28895  98.0163 353.3608 0018006 124.3332 235.9577 14.63787732787763
CUTE-1.7+APD II (CO-65) 
1 32785U 08021C   20218.40523203  .00000158  00000-0  22664-4 0  9996
2 32785  97.5753 204.2755 0012362 337.9483  22.1201 14.88495672665154
AAUSAT-II               
1 32788U 08021F   20218.24261192  .00000324  00000-0  34511-4 0  9996
2 32788  97.4918 220.5742 0010021 249.6366 110.3779 14.95109253666702
DELFI-C3 (DO-64)        
1 32789U 08021G   20218.57694531  .00001021  00000-0  70536-4 0  9992
2 32789  97.4151 259.6547 0013180 141.4967 218.7204 15.07833439669212
SEEDS II (CO-66)        
1 32791U 08021J   20218.25432568  .00000390  00000-0  44737-4 0  9992
2 32791  97.5425 210.2547 0011937 304.5703  55.4389 14.91083238665651
SWISSCUBE               
1 35932U 09051B   20218.47641234  .00000097  00000-0  32871-4 0  9992
2 35932  98.6116  42.3362 0007207 346.2911  13.8089 14.56411978576965
BEESAT-1                
1 35933U 09051C   20218.45627411  .00000078  00000-0  28528-4 0  9995
2 35933  98.6108  44.1828 0005737   2.7246 357.3981 14.56485461577039
ITUPSAT1                
1 35935U 09051E   20218.47978718  .00000056  00000-0  24158-4 0  9999
2 35935  98.6215  44.4003 0007994 358.3181   1.7988 14.55629597576803
TISAT 1                 
1 36799U 10035E   20218.41478688  .00000363  00000-0  42481-4 0  9997
2 36799  98.1981  30.5794 0012601 163.4782 196.6849 14.91393904546226
M-CUBED & EXP-1 PRIME   
1 37855U 11061F   20218.59498911  .00000807  00000-0  47726-4 0  9991
2 37855 101.7166 332.3384 0170463 289.0458  69.2358 15.06395004478606
AEROCUBE 4.5A           
1 38767U 12048K   20218.40003373  .00000429  00000-0  50412-4 0  9990
2 38767  64.6665  83.2708 0136958 118.9595 242.5329 14.92329887 49108
AEROCUBE 4.5B           
1 38768U 12048L   20218.55637974  .00000699  00000-0  67544-4 0  9990
2 38768  64.6672  50.4578 0126330 114.3547 247.0816 14.96017325 49227
STRAND-1                
1 39090U 13009E   20218.51084790  .00000020  00000-0  22065-4 0  9992
2 39090  98.4530  61.7119 0009979 133.3514 226.8504 14.35139221389728
SOMP                    
1 39134U 13015E   20218.15992587  .00001015  00000-0  54207-4 0  9998
2 39134  64.8629 119.8485 0029641 235.8747 123.9569 15.21158427403087
BEESAT-3                
1 39135U 13015F   20218.18408283  .00000700  00000-0  43454-4 0  9999
2 39135  64.8668 144.0266 0035043 235.2374 124.5452 15.18259628402618
BEESAT-2                
1 39136U 13015G   20218.51493671  .00000908  00000-0  54280-4 0  9991
2 39136  64.8719 148.0982 0033347 274.4721  85.2596 15.17653624402560
NEE-01 PEGASO           
1 39151U 13018B   20218.54673830  .00000112  00000-0  21781-4 0  9998
2 39151  97.9753 317.0296 0015759 304.0196  55.9518 14.80186789392930
ESTCUBE 1               
1 39161U 13021C   20218.48390993  .00000055  00000-0  16438-4 0  9991
2 39161  97.9641 300.5299 0010800  83.7648 276.4778 14.72336246389257
POPACS 1                
1 39268U 13055D   20218.51456588  .00004345  00000-0  11643-3 0  9991
2 39268  80.9985 244.2925 0616598  76.5419 290.3687 14.39633141355052
POPACS 2                
1 39269U 13055E   20218.49908866  .00003074  00000-0  87234-4 0  9998
2 39269  81.0140 283.4503 0677457 177.8517 182.5861 14.25617794352975
POPACS 3                
1 39270U 13055F   20218.55085284  .00001017  00000-0  31718-4 0  9998
2 39270  81.0180 305.7356 0708585 241.7980 110.9911 14.16964173332084
ZACUBE-1 (TSHEPISOSAT)  
1 39417U 13066B   20218.47422794  .00000169  00000-0  27375-4 0  9996
2 39417  97.5662 213.7735 0060279 116.4491 244.2924 14.81298595362290
WNISAT-1                
1 39423U 13066H   20218.34536457  .00000042  00000-0  17541-4 0  9995
2 39423  97.8010 136.4924 0176358 102.9130 259.1829 14.53128544355526
TRITON-1                
1 39427U 13066M   20218.55346400  .00000141  00000-0  30863-4 0  9991
2 39427  97.7292 176.7659 0112146 281.2616  77.6003 14.68028000358867
GOMX-1                  
1 39430U 13066Q   20218.55291783  .00000142  00000-0  34505-4 0  9996
2 39430  97.7922 154.1181 0151893  30.3477 330.6409 14.59418724356968
CUBEBUG-2 (LO-74)       
1 39440U 13066AA  20218.43471494  .00000152  00000-0  28040-4 0  9991
2 39440  97.6338 198.2391 0079972 180.0763 180.0449 14.76034088359802
NEE-02 KRYSAOR          
1 39441U 13066AB  20218.47942334  .00000076  00000-0  18017-4 0  9990
2 39441  97.6414 195.7718 0081298 189.1845 170.7883 14.75032689359631
FUNCUBE-1 (AO-73)       
1 39444U 13066AE  20218.44372070  .00000248  00000-0  36533-4 0  9998
2 39444  97.5602 216.0019 0059466 108.6869 252.0812 14.82156463360629
UWE-3                   
1 39446U 13066AG  20218.47486699  .00000138  00000-0  24784-4 0  9999
2 39446  97.6006 205.4454 0070655 148.7363 211.8081 14.78567305359818
AEROCUBE 5A             
1 39465U 13072D   20218.39887126  .00002983  00000-0  27275-3 0  9995
2 39465 120.4949 340.4240 0257559 295.8168  61.6529 14.76667149 48593
AEROCUBE 5B             
1 39466U 13072E   20218.49145223  .00003089  00000-0  23886-3 0  9994
2 39466 120.4930  20.1979 0231085 306.0664  51.9192 14.86369957 48862
BRITE-CA1 (TORONTO)     
1 40020U 14033L   20218.46513337  .00000032  00000-0  14020-4 0  9998
2 40020  97.7312  43.8687 0085888 276.4378  82.7053 14.66653625327941
DUCHIFAT-1              
1 40021U 14033M   20218.54091640  .00000285  00000-0  34748-4 0  9995
2 40021  97.9427 150.0812 0014062 121.5128 238.7465 14.90941354333203
NANOSATC-BR1            
1 40024U 14033Q   20218.52410896  .00000206  00000-0  27200-4 0  9992
2 40024  97.9268 146.2850 0013298 125.7416 234.5040 14.90105973332542
QB50P1                  
1 40025U 14033R   20218.50612059  .00000173  00000-0  24289-4 0  9993
2 40025  97.9140 142.8098 0013400 132.9546 227.2797 14.89164286332398
QB50P2                  
1 40032U 14033Y   20218.50388033  .00000177  00000-0  24994-4 0  9990
2 40032  97.9022 140.1699 0012863 129.9140 230.3209 14.88688632332287
PERSEUS-M2              
1 40037U 14033AD  20218.53380821  .00000062  00000-0  13209-4 0  9995
2 40037  97.8861 134.5099 0015103 146.4888 213.7286 14.86554623331959
PERSEUS-M1              
1 40039U 14033AF  20218.48857663  .00000077  00000-0  14976-4 0  9992
2 40039  97.8823 133.1877 0014980 144.7374 215.4836 14.86175884331858
POLYITAN-1              
1 40042U 14033AJ  20218.51041623  .00000203  00000-0  27657-4 0  9992
2 40042  97.9225 143.3762 0015727 124.8405 235.4294 14.88912121332293
TIGRISAT                
1 40043U 14033AK  20218.35230600  .00000122  00000-0  25294-4 0  9995
2 40043  97.7049  72.2337 0059295 199.3530 160.5428 14.74395196329259
AEROCUBE 6A             
1 40045U 14033AM  20218.44199009  .00000162  00000-0  30509-4 0  9993
2 40045  97.7301  78.0440 0057057 190.0661 169.9411 14.75597592329573
AEROCUBE 6B             
1 40046U 14033AN  20218.58772393  .00000230  00000-0  40080-4 0  9993
2 40046  97.7208  77.3993 0056519 188.6911 171.3326 14.75593577329355
UKUBE-1                 
1 40074U 14037F   20218.51078186  .00000216  00000-0  33014-4 0  9993
2 40074  98.4537  49.7680 0004088 337.5752  22.5312 14.84296552329037
BRITE-PL2 (HEWELIUSZ)   
1 40119U 14049B   20218.52421508  .00000089  00000-0  16964-4 0  9990
2 40119  97.8958 310.2626 0016254 311.9306  48.0522 14.84521023322978
FIREBIRD 4              
1 40378U 15003C   20218.35127304  .00003011  00000-0  11711-3 0  9998
2 40378  99.0921 288.6596 0124245 150.2546 210.5824 15.20230225304741
GRIFEX                  
1 40379U 15003D   20218.43980234  .00001507  00000-0  66389-4 0  9997
2 40379  99.0988 280.3988 0132738 175.8382 184.3984 15.16513173304270
EXOCUBE (CP10)          
1 40380U 15003E   20218.37726333  .00001111  00000-0  52668-4 0  9996
2 40380  99.1058 275.8408 0137480 191.3379 168.4743 15.14451847303963
AEROCUBE 8A             
1 40659U 15025J   20218.01061496  .00010402  00000-0  11176-3 0  9993
2 40659  55.0163  67.9771 0100444 303.3230  55.8220 15.58430059 51121
AEROCUBE 8B             
1 40660U 15025K   20218.55400137  .00009035  00000-0  96734-4 0  9997
2 40660  55.0135  63.2518 0099660 306.9019  52.2916 15.58825842 51223
TIANWANG 1C (TW-1C)     
1 40926U 15051B   20218.42091499  .00027209  00000-0  25004-3 0  9998
2 40926  97.0789 270.5665 0004397 239.5856 178.0886 15.67663938274695
TIANWANG 1A (TW-1A)     
1 40928U 15051D   20218.44163968  .00002908  00000-0  68129-4 0  9998
2 40928  97.1067 245.0767 0010876  18.9436  89.5611 15.42843194272922
EXACTVIEW 9             
1 40936U 15052G   20218.40787736  .00000754  00000-0  16188-4 0  9994
2 40936   6.0041 351.2169 0011037 238.1858 121.7194 14.76582971262475
AEROCUBE 5C             
1 40965U 15058B   20218.46548828 -.00000037  00000-0  15460-4 0  9992
2 40965  64.7796 355.4846 0171094  55.8376 305.8816 14.74541622 48533
AEROCUBE 7              
1 40966U 15058C   20218.50353371  .00000002  00000-0  19976-4 0  9992
2 40966  64.7798 353.7809 0170040  55.4885 306.2142 14.74845895 48544
ATHENOXAT 1             
1 41168U 15077C   20218.17299200  .00001944  00000-0  65945-4 0  9994
2 41168  14.9889  63.9349 0011175  86.7289 273.4311 15.14459426256746
GALASSIA                
1 41170U 15077E   20217.22414589  .00001870  00000-0  61308-4 0  9998
2 41170  14.9895  62.5877 0012488 100.4030 259.7699 15.14749604256671
VELOX-II                
1 41171U 15077F   20218.33944504  .00001426  00000-0  42953-4 0  9999
2 41171  14.9912 100.5832 0008688   7.7940 352.2515 15.11751822256434
HORYU-4                 
1 41340U 16012D   20218.49266165  .00000420  00000-0  24990-4 0  9998
2 41340  31.0063  19.4821 0014119 275.7073  84.1953 15.01528832245252
E-ST@R-II               
1 41459U 16025D   20218.54746809  .00000760  00000-0  41979-4 0  9990
2 41459  98.1088 331.1069 0165623  46.9648 314.5315 15.06553453234831
AAUSAT 4                
1 41460U 16025E   20218.27707846  .00001227  00000-0  63175-4 0  9991
2 41460  98.1065 333.3279 0154244  36.1127 325.0478 15.08913373235005
BEESAT-4                
1 41619U 16040W   20218.40501159  .00001340  00000-0  57945-4 0  9992
2 41619  97.3162 276.7744 0011354  16.2946 343.8655 15.24120538216857
CANX-7                  
1 41788U 16059F   20218.49589997  .00006475  00000-0  87598-3 0  9994
2 41788  98.2577 307.6001 0033326 142.0854 218.2705 14.78972000207064
RAVAN                   
1 41849U 16067B   20218.55264324 -.00000334  00000-0 -22661-4 0  9993
2 41849  97.9382 329.2538 0009708  78.9609 281.2704 14.98598961203976
CELTEE 1                
1 41850U 16067C   20218.25909540  .00000722  00000-0  67614-4 0  9994
2 41850  97.9318 326.5357 0010591  87.3101 272.9332 14.97207802203805
OPTICUBE 04             
1 41851U 16067D   20218.53218577  .00000151  00000-0  18462-4 0  9992
2 41851  97.9308 326.4058 0010593  87.4156 272.8278 14.96943616203824
AEROCUBE 8D             
1 41852U 16067E   20218.54858857 -.00000316  00000-0 -22217-4 0  9993
2 41852  97.9309 326.2616 0010913  87.4695 272.7776 14.96933863203801
AEROCUBE 8C             
1 41853U 16067F   20218.24711674  .00000721  00000-0  68041-4 0  9999
2 41853  97.9305 325.8552 0011628  91.1930 269.0624 14.96897463203750
PROMETHEUS 2-1          
1 41854U 16067G   20218.54021029 -.00000084  00000-0 -19750-5 0  9999
2 41854  97.9321 326.5131 0011803  87.5877 272.6695 14.97235295203819
PROMETHEUS 2-3          
1 41855U 16067H   20218.54032967 -.00000109  00000-0 -41544-5 0  9997
2 41855  97.9324 326.5483 0011989  87.9075 272.3519 14.97244556203814
INS-1B                  
1 41954U 17008G   20218.43284017  .00001279  00000-0  54223-4 0  9990
2 41954  97.3512 281.9507 0010472 123.0801 237.1443 15.24880191192839
BGUSAT                  
1 41999U 17008BD  20218.14288356  .00002599  00000-0  98745-4 0  9990
2 41999  97.3631 286.0876 0009332 130.4486 229.7569 15.27670073192384
DIDO-2                  
1 42000U 17008BE  20218.34033787  .00000928  00000-0  40527-4 0  9991
2 42000  97.3521 282.3478 0009495 139.3832 220.8116 15.24545469192215
PEASSS                  
1 42015U 17008BV  20218.34649655  .00001153  00000-0  48042-4 0  9995
2 42015  97.3546 284.0545 0007368 139.4977 220.6810 15.25703442192802
AL-FARABI 1             
1 42016U 17008BW  20218.27477986  .00001540  00000-0  61601-4 0  9990
2 42016  97.3577 285.1102 0007237 138.5392 221.6397 15.26571219192979
NAYIF-1 (EO-88)         
1 42017U 17008BX  20218.44882337  .00001551  00000-0  61950-4 0  9999
2 42017  97.3572 285.2920 0007323 137.8612 222.3191 15.26613508193022
UCLSAT                  
1 42765U 17036A   20218.41525282  .00001164  00000-0  51465-4 0  9990
2 42765  97.2972 271.3343 0010420 205.4653 154.6072 15.23615979174035
LITUANICASAT-2          
1 42768U 17036D   20218.11121646  .00001979  00000-0  83863-4 0  9997
2 42768  97.3031 271.0892 0014045 197.5616 162.5138 15.24224425173255
AALTO-1                 
1 42775U 17036L   20218.23967080  .00000745  00000-0  35646-4 0  9994
2 42775  97.2946 268.8421 0013109 201.3519 158.7172 15.21901846173098
URSA MAIOR              
1 42776U 17036M   20218.28877562  .00000813  00000-0  38417-4 0  9990
2 42776  97.2959 269.1955 0012948 200.7293 159.3420 15.22090291173111
COMPASS 2               
1 42777U 17036N   20218.40135776  .00001607  00000-0  69034-4 0  9990
2 42777  97.3019 271.7723 0011659 196.6128 163.4730 15.24048825173253
DIAMOND RED             
1 42783U 17036U   20218.56359563  .00000907  00000-0  41552-4 0  9993
2 42783  97.2972 270.6957 0011076 207.8394 152.2251 15.22913290173223
PEGASUS                 
1 42784U 17036V   20218.38488831  .00001086  00000-0  48622-4 0  9999
2 42784  97.2977 270.9748 0010963 207.2342 152.8322 15.23301978173221
DIAMOND GREEN           
1 42785U 17036W   20218.56237234  .00000911  00000-0  41731-4 0  9999
2 42785  97.2975 270.7316 0010953 208.5007 151.5633 15.22913112173296
DIAMOND BLUE            
1 42786U 17036X   20218.43017894  .00000912  00000-0  41758-4 0  9994
2 42786  97.2974 270.5981 0010795 209.1152 150.9485 15.22913064173276
NUDTSAT                 
1 42787U 17036Y   20218.59608796  .00001189  00000-0  50934-4 0  9992
2 42787  97.3024 272.6913 0009489 206.3291 153.7469 15.24649484173180
SUCHAI                  
1 42788U 17036Z   20218.58821790  .00001264  00000-0  55194-4 0  9990
2 42788  97.2986 271.8068 0010567 204.1038 155.9706 15.23868662173361
SKCUBE                  
1 42789U 17036AA  20218.57382863  .00001173  00000-0  51706-4 0  9997
2 42789  97.2980 271.6301 0010437 204.5046 155.5696 15.23703486173279
VZLUSAT-1               
1 42790U 17036AB  20218.38864673  .00001686  00000-0  71068-4 0  9994
2 42790  97.3006 272.4832 0010018 201.9743 158.1067 15.24639016173302
ROBUSTA-1B              
1 42792U 17036AD  20218.39016756  .00001284  00000-0  55988-4 0  9995
2 42792  97.2983 271.7182 0010006 205.1916 154.8835 15.23896886173273
CICERO 6                
1 42793U 17036AE  20218.46429865  .00000815  00000-0  37320-4 0  9992
2 42793  97.2958 271.1334 0009275 207.5053 152.5694 15.23212764173324
D-SAT                   
1 42794U 17036AF  20218.35637806  .00000239  00000-0  26113-4 0  9995
2 42794  97.4908 248.5859 0125556 201.0938 158.5077 14.91298934169989
CORVUS BC2              
1 42846U 17042X   20218.46215184 -.00000007  00000-0  44692-5 0  9990
2 42846  97.5164  99.7950 0011083 110.8231 249.4177 14.92122188166719
CORVUS BC1              
1 42847U 17042Y   20218.32040705 -.00000041  00000-0  11435-5 0  9998
2 42847  97.5166  99.8381 0010721 110.4586 249.7785 14.92224046166699
MIRATA                  
1 43015U 17073C   20218.56556823  .00000544  00000-0  48059-4 0  9997
2 43015  97.7157 128.9151 0251515 248.2981 109.1284 14.79734390146486
MAKERSAT 0              
1 43016U 17073D   20218.27108980  .00000362  00000-0  34030-4 0  9995
2 43016  97.7191 128.8022 0254375 250.4309 106.9279 14.79277054146429
DELLINGR (RBLE)         
1 43021U 98067NJ  20217.89571537  .00018819  00000-0  14587-3 0  9992
2 43021  51.6356  32.0592 0001133 237.5871 122.5018 15.71879113154484
AEROCUBE 7B (OCSD B)    
1 43042U 17071F   20218.43549080  .00003981  00000-0  95272-4 0  9995
2 43042  51.6363 186.1561 0003883 221.1312 138.9382 15.43899293149945
AEROCUBE 7C (OCSD C)    
1 43043U 17071G   20218.43968472  .00004245  00000-0  10107-3 0  9993
2 43043  51.6363 186.1995 0004059 226.2420 133.8230 15.43872917149916
CHEFSAT                 
1 43044U 17071H   20218.59401020  .00008902  00000-0  16958-3 0  9996
2 43044  51.6373 168.7762 0003477 235.0742 124.9920 15.48992512150169
ASGARDIA 1              
1 43049U 17071N   20218.49680308  .00003626  00000-0  87583-4 0  9999
2 43049  51.6375 185.1605 0001721 242.6054 117.4758 15.43896758149934
ISARA                   
1 43050U 17071P   20218.48042138  .00008007  00000-0  15930-3 0  9997
2 43050  51.6352 172.3831 0001483 247.9345 112.1485 15.47887630150109
PROPCUBE 2 (FAUNA)      
1 43052U 17071R   20218.59767099  .00004005  00000-0  94292-4 0  9994
2 43052  51.6371 182.8511 0001660 240.1313 119.9509 15.44372837149969
CORVUS BC3              
1 43118U 18004H   20218.42775253  .00000724  00000-0  33366-4 0  9996
2 43118  97.4415 288.2960 0008890 235.3097 124.7303 15.23426746142454
MICROMAS-2A             
1 43131U 18004W   20218.45466627  .00001728  00000-0  71233-4 0  9996
2 43131  97.4466 290.2312 0007777 231.7239 128.3299 15.25423257142562
SPACEBEE-4              
1 43139U 18004AE  20218.51175602  .00002806  00000-0  10941-3 0  9997
2 43139  97.4503 291.5909 0007143 230.1804 129.8806 15.26776717142648
SPACEBEE-3              
1 43140U 18004AF  20218.49208664  .00003467  00000-0  13074-3 0  9995
2 43140  97.4520 292.3368 0006876 227.2256 132.8406 15.27724552142682
SPACEBEE-2              
1 43141U 18004AG  20218.46162354  .00003889  00000-0  14490-3 0  9999
2 43141  97.4533 292.5972 0006890 226.4138 133.6530 15.28046745142696
SPACEBEE-1              
1 43142U 18004AH  20218.48315328  .00004025  00000-0  14815-3 0  9997
2 43142  97.4538 292.9091 0006871 225.6355 134.4322 15.28422059142705
CICERO 7                
1 43143U 18004AJ  20218.45477119  .00001629  00000-0  67281-4 0  9995
2 43143  97.4444 290.4024 0005874 241.4632 118.6015 15.25449315142587
GOMX-4B                 
1 43196U 18015E   20218.32382232  .00000326  00000-0  16291-4 0  9990
2 43196  97.4444 346.5028 0017256 295.2186  64.7262 15.24290347139343
GOMX-4A                 
1 43197U 18015F   20218.47023837  .00000662  00000-0  29761-4 0  9999
2 43197  97.4430 346.7546 0017658 296.0638 131.9176 15.24563517139380
UBAKUSAT                
1 43467U 98067NQ  20218.53845804  .00035952  00000-0  21121-3 0  9998
2 43467  51.6359  28.6910 0001257 246.0261 114.0608 15.77890681127852
CUBERRT                 
1 43546U 98067NU  20218.50917995  .00016010  00000-0  10849-3 0  9993
2 43546  51.6333  29.2832 0002471 273.5057  86.5660 15.75185682117978
TEMPEST-D               
1 43547U 98067NV  20218.52004914  .00006285  00000-0  73289-4 0  9995
2 43547  51.6362  64.0573 0004060 236.6290 123.4316 15.63127266117199
RAINCUBE                
1 43548U 98067NW  20218.55113460  .00037661  00000-0  23214-3 0  9990
2 43548  51.6311  37.0148 0003530 272.6921  87.3675 15.76776994118003
HALOSAT                 
1 43549U 98067NX  20218.32889173  .00036825  00000-0  23826-3 0  9997
2 43549  51.6345  39.3877 0003038 281.7961  78.2698 15.75683907117512
ENDUROSAT ONE           
1 43551U 98067NZ  20217.75836962  .00089183  00000-0  34156-3 0  9997
2 43551  51.6321  27.1178 0004550 271.6865  88.3619 15.86677093118033
EQUISAT                 
1 43552U 98067PA  20218.51358855  .00035397  00000-0  21830-3 0  9996
2 43552  51.6313  36.1369 0003921 281.6654  78.3906 15.76794778117941
AEROCUBE 12A            
1 43556U 18046C   20218.42889053  .00001295  00000-0  56366-4 0  9991
2 43556  51.6408 230.2157 0008596 109.8982 250.2925 15.29921922114872
AEROCUBE 12B            
1 43557U 18046D   20218.43367044  .00001201  00000-0  53646-4 0  9999
2 43557  51.6411 230.9838 0008653 109.6459 250.5456 15.29626012114819
UITMSAT-1               
1 43589U 98067PD  20217.86454462  .00054938  00000-0  28275-3 0  9996
2 43589  51.6336  36.1001 0003270 294.7621  65.3040 15.80624807113621
MAYA-1                  
1 43590U 98067PE  20217.92063135  .00061242  00000-0  31436-3 0  9997
2 43590  51.6295  35.6934 0003200 289.8172  70.2484 15.80638571113568
BHUTAN-1                
1 43591U 98067PF  20218.20361230  .00059759  00000-0  30349-3 0  9999
2 43591  51.6350  33.9462 0003459 297.9899  62.0752 15.80880283113612
SIRIUSSAT-1             
1 43595U 98067PG  20218.53963166  .00040957  00000-0  24368-3 0  9999
2 43595  51.6279  38.3813 0001995 263.9243  96.1530 15.77541259112764
SIRIUSSAT-2             
1 43596U 98067PH  20218.54153119  .00040949  00000-0  24477-3 0  9992
2 43596  51.6275  39.2196 0002099 261.6705  98.4058 15.77436110112757
TANUSHA-3               
1 43597U 98067PJ  20218.49995839  .00203698  27562-4  48472-3 0  9999
2 43597  51.6246  20.5373 0005470 292.9499  67.0932 15.96223939112992
SURFSAT                 
1 43614U 18070B   20218.55359604  .00002909  00000-0  74319-4 0  9992
2 43614  93.0237 174.8914 0016914 138.9769 221.2761 15.39386105106034
CP7 (DAVE)              
1 43615U 18070C   20218.39478085  .00002908  00000-0  74678-4 0  9997
2 43615  93.0239 174.8130 0017063 139.2117 221.0418 15.39229313106005
ELFIN-B                 
1 43616U 18070D   20218.52094874  .00004011  00000-0  98146-4 0  9996
2 43616  93.0200 174.8241 0017436 139.8918 220.3628 15.40670129106075
ELFIN-A                 
1 43617U 18070E   20218.61306018  .00004519  00000-0  10984-3 0  9999
2 43617  93.0253 175.4154 0016979 136.4127 223.8473 15.40874580106095
CUBEBEL-1 (BSUSAT-1)    
1 43666U 18083E   20218.47769285  .00000979  00000-0  50929-4 0  9990
2 43666  97.4870 244.4551 0014587 183.3446 318.7814 15.18338809 98051
CICERO 10               
1 43690U 18088A   20218.46483760  .00000911  00000-0  39975-4 0  9996
2 43690  85.0358  46.0204 0016697 125.1746 235.1061 15.20290857 96185
IRVINE01                
1 43693U 18088D   20218.50854171  .00002772  00000-0  11542-3 0  9998
2 43693  85.0331  44.5303 0019953 108.2628 252.0788 15.23052752 96313
PROXIMA I               
1 43694U 18088E   20218.46667013  .00001039  00000-0  43377-4 0  9998
2 43694  85.0303  44.4274 0021444 101.7825 258.5824 15.22041290 96309
PROXIMA II              
1 43696U 18088G   20218.46483387  .00001040  00000-0  43453-4 0  9997
2 43696  85.0303  44.4327 0021481 101.7163 258.6491 15.22043056 96297
FACSAT-1                
1 43721U 18096C   20218.54608936  .00001339  00000-0  52653-4 0  9996
2 43721  97.4186 291.8523 0016162 313.1238  46.8648 15.27335503 93889
CENTAURI-2              
1 43722U 18096D   20218.48892960  .00001710  00000-0  65369-4 0  9993
2 43722  97.4199 292.1190 0016131 312.9603  47.0283 15.27893483 93881
INNOSAT-2               
1 43738U 18096V   20218.56268649  .00002398  00000-0  83352-4 0  9995
2 43738  97.4221 294.3694 0021926 318.1524  41.8039 15.30530008 94040
SIRION PATHFINDER-2     
1 43759U 18099B   20218.49549089  .00000191  00000-0  22497-4 0  9995
2 43759  97.7032 289.3132 0014886  25.5384 334.6569 14.95298514 91262
CORVUS-BC 4             
1 43767U 18099K   20218.45484480 -.00000033  00000-0  21754-5 0  9995
2 43767  97.7009 288.6309 0012416  30.3946 329.7992 14.94740761 91224
MOVE-II                 
1 43780U 18099Y   20218.43734984  .00000136  00000-0  17437-4 0  9990
2 43780  97.7041 289.2025 0014374  36.8665 323.3541 14.95443743 91233
SPACEBEE-7              
1 43816U 18099BL  20218.43408284  .00000198  00000-0  22882-4 0  9999
2 43816  97.7056 289.6205 0013890  22.1965 337.9854 14.95730883 90811
SPACEBEE-5              
1 43817U 18099BM  20218.43357236  .00000845  00000-0  79648-4 0  9991
2 43817  97.7112 290.1464 0013543  22.9741 337.2083 14.96389638 90832
SPACEBEE-6              
1 43818U 18099BN  20218.45793870  .00000290  00000-0  31049-4 0  9999
2 43818  97.7067 289.8075 0013601  21.3588 338.8198 14.95931095 90970
SHIELDS 1               
1 43850U 18104B   20218.53197718  .00000473  00000-0  19233-4 0  9994
2 43850  85.0317 142.9187 0012664 246.7654 113.2254 15.21423191 90939
STF-1                   
1 43852U 18104D   20218.54767176  .00001065  00000-0  45698-4 0  9990
2 43852  85.0358 143.4809 0012175 264.2306  95.7547 15.21365066 90912
ZACUBE-2                
1 43907U 18111AH  20218.54569704  .00000454  00000-0  21148-4 0  9991
2 43907  97.2604 116.8203 0020730 334.7484  25.2738 15.24630980 89494
LUME 1                  
1 43908U 18111AJ  20218.38921845  .00001073  00000-0  45424-4 0  9993
2 43908  97.2605 116.8736 0020459 334.8364  25.1875 15.25119859 89481
AOBA VELOX-IV           
1 43940U 19003J   20218.39116751  .00001961  00000-0  80324-4 0  9997
2 43940  97.2244 267.9841 0025115  53.2251 307.1287 15.25159573 86105
CATSAT-2                
1 44029U 98067PV  20218.58237598  .00020832  00000-0  19981-3 0  9995
2 44029  51.6383  66.7915 0003050 269.6442  90.4204 15.66594660 86227
DELPHINI                
1 44030U 98067PW  20218.56542928  .00021269  00000-0  19421-3 0  9995
2 44030  51.6335  65.0381 0002949 265.2488  94.8172 15.67801745 86210
UNITE                   
1 44031U 98067PX  20218.00566493  .00012017  00000-0  14040-3 0  9991
2 44031  51.6374  77.1523 0002251 252.1008 107.9741 15.62060133 86003
CATSAT-1                
1 44033U 98067PZ  20218.51844838  .00020951  00000-0  20084-3 0  9992
2 44033  51.6381  67.1223 0002911 270.2243  89.8420 15.66603918 86127
RAAVANA-1               
1 44329U 98067QE  20217.35563097  .00012917  00000-0  17104-3 0  9998
2 44329  51.6395  93.8770 0005762 175.2164 184.8885 15.58659819 64473
UGUISU                  
1 44330U 98067QF  20218.07620833  .00012389  00000-0  16480-3 0  9991
2 44330  51.6372  90.4232 0005723 177.5514 182.5508 15.58582531 64560
NEPALISAT-1             
1 44331U 98067QG  20218.37332063  .00011772  00000-0  15623-3 0  9993
2 44331  51.6372  88.6597 0005708 182.0628 178.0342 15.58702252 64621
SPOOQY-1                
1 44332U 98067QH  20217.93106313  .00012431  00000-0  16538-3 0  9991
2 44332  51.6380  90.9587 0004807 181.0799 179.0184 15.58580349 64517
SPACEBEE-9              
1 44370U 19037F   20218.32981412  .00008999  00000-0  20014-3 0  9996
2 44370  45.0050 202.3486 0011615 112.2794 247.9328 15.44015478 62157
SPACEBEE-8              
1 44371U 19037G   20218.32486243  .00019551  00000-0  36049-3 0  9990
2 44371  45.0055 194.7278 0010102 113.9413 246.2537 15.48830814 62227
IOD-1 GEMS              
1 44385U 98067QK  20218.35026013  .00017652  00000-0  20791-3 0  9990
2 44385  51.6395  86.3176 0002641 141.0916 219.0269 15.61475844 62137
MOVE-IIB                
1 44398U 19038N   20218.51345040  .00001290  00000-0  77622-4 0  9994
2 44398  97.5392 179.1304 0024156 322.1492  37.8039 15.12411478 59997
SONATE                  
1 44400U 19038Q   20218.56044939  .00000527  00000-0  34345-4 0  9993
2 44400  97.5432 179.1886 0024160 320.2611  39.6848 15.11996827 59991
LUCKY-7                 
1 44406U 19038W   20218.43509188  .00000668  00000-0  42213-4 0  9996
2 44406  97.5426 179.1851 0023580 320.4255  39.5253 15.12269220 59971
BEESAT 9                
1 44412U 19038AC  20218.56326470  .00000883  00000-0  54491-4 0  9998
2 44412  97.5417 179.2934 0021805 326.3148  33.6696 15.12364718 59698
JAISAT-1                
1 44419U 19038F   20218.43558795  .00000900  00000-0  54717-4 0  9999
2 44419  97.5418 179.4686 0020656 326.0072  33.9834 15.12848241 60000
SWIATOWID               
1 44426U 98067QL  20218.53965199  .00023679  00000-0  26483-3 0  9993
2 44426  51.6399  84.3906 0003093 123.2014 314.3241 15.62606061 62181
KRAKSAT                 
1 44427U 98067QM  20218.46826438  .00007796  00000-0  11451-3 0  9999
2 44427  51.6439  92.2209 0003858 133.4524 286.1521 15.56530918 62119
VCC A                   
1 44428U 98067QN  20218.13801458  .00012365  00000-0  16807-3 0  9997
2 44428  51.6405  91.6480 0002943 147.8889 212.2283 15.58013196 62092
ENTRYSAT                
1 44429U 98067QP  20218.20253998  .00014292  00000-0  18502-3 0  9991
2 44429  51.6388  89.7953 0002730 141.3792 218.7397 15.59170836 62129
VCC C                   
1 44430U 98067QQ  20218.52079802  .00017575  00000-0  21430-3 0  9999
2 44430  51.6381  86.6792 0002370 158.6974 201.4119 15.60571737 61020
VCC B                   
1 44431U 98067QR  20217.36664895  .00012389  00000-0  16820-3 0  9998
2 44431  51.6389  95.4771 0002889 142.1020 218.0176 15.58041888 61910
ATL-1                   
1 44830U 19084G   20218.37899983  .00105674  00000-0  45118-3 0  9995
2 44830  96.9652  88.1640 0021037  53.7296 306.5914 15.84555660 38183
SMOG-P                  
1 44832U 19084J   20218.38259938  .00128564  76692-5  49454-3 0  9993
2 44832  96.9653  88.4726 0018726  52.6425 307.6550 15.87089795 38202
DUCHIFAT-3              
1 44854U 19089C   20218.11797552  .00000277  00000-0  28782-4 0  9999
2 44854  36.9671 170.7494 0007396  92.2699 267.8879 14.99094433 35600
EYESAT-NANO             
1 44877U 19092E   20218.48558584  .00000953  00000-0  51698-4 0  9991
2 44877  97.4562  40.9855 0012931 202.3633 157.7038 15.16902590 35020
ORBITAL FACTORY 2 (OF-2)
1 45113U 19071C   20218.55795659  .00001780  00000-0  65591-4 0  9992
2 45113  51.6442 126.3130 0012379 233.1464 126.8383 15.33496112 28667
M2 PATHFINDER           
1 45727U 20037E   20218.52381865  .00000898  00000-0  95702-4 0  9990
2 45727  97.7037  37.5079 0014286 134.9302 225.3122 14.91214101  5336
