CUTE-1 (CO-55)          
1 27844U 03031E   19101.97187445  .00000053  00000-0  43455-4 0  9992
2 27844  98.6864 111.1913 0009024 221.7884 138.2605 14.22169372818629
CUBESAT XI-IV (CO-57)   
1 27848U 03031J   19101.94475705  .00000040  00000-0  38180-4 0  9997
2 27848  98.6943 111.6493 0008754 234.2155 125.8209 14.21765687818518
CUBESAT XI-V            
1 28895U 05043F   19101.89745785  .00000176  00000-0  42656-4 0  9990
2 28895  97.9478 246.9939 0016382 201.2435 158.8089 14.63647301717332
CUTE-1.7+APD II (CO-65) 
1 32785U 08021C   19102.18399109  .00000293  00000-0  37282-4 0  9999
2 32785  97.5498 105.0850 0014437 123.2191 237.0413 14.88276822593641
AAUSAT-II               
1 32788U 08021F   19101.83424843  .00000338  00000-0  36178-4 0  9990
2 32788  97.5016 120.5545 0013327  70.7699 289.4963 14.94655667594680
DELFI-C3 (DO-64)        
1 32789U 08021G   19101.95192600  .00002123  00000-0  14652-3 0  9993
2 32789  97.4722 153.6405 0012021   5.2734 354.8618 15.06788924596660
SEEDS II (CO-66)        
1 32791U 08021J   19102.51708252  .00000454  00000-0  51454-4 0  9992
2 32791  97.5299 111.3003 0014986 100.7741 259.5166 14.90772789594109
SWISSCUBE               
1 35932U 09051B   19102.12508386  .00000171  00000-0  49699-4 0  9993
2 35932  98.5802 266.1466 0007868  22.0971 338.0563 14.56262107506943
BEESAT-1                
1 35933U 09051C   19102.40707649  .00000141  00000-0  42755-4 0  9991
2 35933  98.5835 268.1614 0006354  36.0210 324.1414 14.56354228507091
ITUPSAT1                
1 35935U 09051E   19102.15105234  .00000101  00000-0  34337-4 0  9990
2 35935  98.5946 268.1403 0008596  30.6900 329.4798 14.55516992506817
TISAT 1                 
1 36799U 10035E   19102.37437467  .00000543  00000-0  60919-4 0  9998
2 36799  98.1455 252.3335 0011163 310.6421  49.3825 14.91049917474731
M-CUBED & EXP-1 PRIME   
1 37855U 11061F   19101.86964978  .00001435  00000-0  79876-4 0  9990
2 37855 101.7246 322.6262 0173916 277.8497  80.3004 15.05258407406108
STRAND-1                
1 39090U 13009E   19102.50394642  .00000018  00000-0  21428-4 0  9990
2 39090  98.4955 309.5636 0010110 124.4173 235.7970 14.35077677320757
SOMP                    
1 39134U 13015E   19102.51630867  .00002114  00000-0  10643-3 0  9994
2 39134  64.8640 238.0415 0024695 315.8111  44.1043 15.19978405330381
BEESAT-3                
1 39135U 13015F   19102.51752620  .00001428  00000-0  81033-4 0  9996
2 39135  64.8660 255.4100 0011547 314.4499  45.5682 15.17315626330050
BEESAT-2                
1 39136U 13015G   19101.80437481  .00001407  00000-0  81211-4 0  9998
2 39136  64.8677 261.3233 0012563 307.5750  52.4234 15.16755228329877
NEE-01 PEGASO           
1 39151U 13018B   19102.47741391  .00000211  00000-0  34780-4 0  9991
2 39151  97.9684 199.4026 0018273  62.3948 297.9117 14.80020868321782
ESTCUBE 1               
1 39161U 13021C   19102.43547608  .00000147  00000-0  31125-4 0  9995
2 39161  97.9889 188.4881 0009299 174.8023 185.3284 14.72177992318477
POPACS 1                
1 39268U 13055D   19102.52499237  .00007232  00000-0  19905-3 0  9997
2 39268  81.0049  31.7768 0629868  62.5119 303.8642 14.36401130287395
POPACS 2                
1 39269U 13055E   19102.54684542  .00002647  00000-0  75100-4 0  9990
2 39269  81.0153  60.0000 0686486 135.5737 230.2673 14.23546059285719
POPACS 3                
1 39270U 13055F   19101.61320433  .00001638  00000-0  50581-4 0  9990
2 39270  81.0152  76.8733 0715251 184.5750 174.8660 14.15616603263865
ZACUBE-1 (TSHEPISOSAT)  
1 39417U 13066B   19102.21344484  .00000232  00000-0  35620-4 0  9990
2 39417  97.5669 119.4935 0057452 254.8129 104.6726 14.81081939291051
WNISAT-1                
1 39423U 13066H   19102.42376494  .00000028  00000-0  15053-4 0  9997
2 39423  97.7713  49.1172 0175482 162.7312 197.9950 14.53026345285682
TRITON-1                
1 39427U 13066M   19102.51319857  .00000340  00000-0  62089-4 0  9999
2 39427  97.6708  84.0645 0114493  21.3241 339.2680 14.67807616288483
GOMX-1                  
1 39430U 13066Q   19102.49292321  .00000221  00000-0  48574-4 0  9997
2 39430  97.7399  63.5022 0152601 105.8624 255.9459 14.59218611286805
CUBEBUG-2 (LO-74)       
1 39440U 13066AA  19101.95132088  .00000279  00000-0  45983-4 0  9995
2 39440  97.6022 104.3903 0079014 305.7240  53.6638 14.75821149288786
NEE-02 KRYSAOR          
1 39441U 13066AB  19101.95131881  .00000186  00000-0  33744-4 0  9995
2 39441  97.6056 102.2417 0080638 312.3909  47.0494 14.74883051288653
FUNCUBE-1 (AO-73)       
1 39444U 13066AE  19102.04853752  .00000296  00000-0  42933-4 0  9999
2 39444  97.5654 121.2153 0056634 249.3560 110.1575 14.81893345289915
UWE-3                   
1 39446U 13066AG  19101.93609736  .00000238  00000-0  38387-4 0  9993
2 39446  97.5834 111.3119 0068494 281.4284  77.9240 14.78355338288667
BRITE-CA1 (TORONTO)     
1 40020U 14033L   19102.54194469  .00000080  00000-0  22060-4 0  9994
2 40020  97.7540 310.0703 0087792  11.6753 348.6461 14.66562853257451
DUCHIFAT-1              
1 40021U 14033M   19102.34858350  .00000550  00000-0  62091-4 0  9999
2 40021  97.9228  26.7275 0011464 273.5237  86.4670 14.90571803261514
NANOSATC-BR1            
1 40024U 14033Q   19101.73556972  .00000506  00000-0  58687-4 0  9996
2 40024  97.9133  23.7042 0010816 279.5034  80.4961 14.89793246261323
QB50P1                  
1 40025U 14033R   19101.75701136  .00000337  00000-0  41897-4 0  9990
2 40025  97.9064  21.5509 0011038 285.4871  74.5127 14.88900621261215
QB50P2                  
1 40032U 14033Y   19101.73746948  .00000334  00000-0  42018-4 0  9999
2 40032  97.8995  19.8037 0010440 281.1937  78.8106 14.88438231261131
PERSEUS-M2              
1 40037U 14033AD  19101.70427529  .00000117  00000-0  19472-4 0  9999
2 40037  97.8936  16.2756 0013093 293.9216  66.0628 14.86441210260370
PERSEUS-M1              
1 40039U 14033AF  19102.20932783  .00000143  00000-0  22603-4 0  9999
2 40039  97.8924  15.9340 0012882 289.0827  70.8993 14.86061414260881
POLYITAN-1              
1 40042U 14033AJ  19102.54713812  .00000393  00000-0  48225-4 0  9995
2 40042  97.9142  22.6126 0013192 270.9904  88.9801 14.88611864261246
TIGRISAT                
1 40043U 14033AK  19102.15973170  .00000145  00000-0  28973-4 0  9991
2 40043  97.7677 332.8380 0059024 315.9098  43.7412 14.74245172258652
AEROCUBE 6A             
1 40045U 14033AM  19102.21934370  .00000283  00000-0  48158-4 0  9999
2 40045  97.7890 336.3719 0056961 308.9296  50.6843 14.75345634258611
AEROCUBE 6B             
1 40046U 14033AN  19102.56275834  .00000292  00000-0  49534-4 0  9990
2 40046  97.7832 336.3822 0056023 306.9896  52.6193 14.75326479258803
UKUBE-1                 
1 40074U 14037F   19102.40772440  .00000336  00000-0  47567-4 0  9996
2 40074  98.4275 260.5784 0006129  75.8020 284.3883 14.84004233257676
BRITE-PL2 (HEWELIUSZ)   
1 40119U 14049B   19102.24441031  .00000176  00000-0  27333-4 0  9991
2 40119  97.9032 193.4841 0018899  82.3573 277.9786 14.84386514251660
FIREBIRD 4              
1 40378U 15003C   19102.53254297  .00003878  00000-0  15630-3 0  9995
2 40378  99.1074  69.1362 0127166 314.5354  44.5542 15.18535601231734
GRIFEX                  
1 40379U 15003D   19102.51038789  .00003294  00000-0  14357-3 0  9997
2 40379  99.1056  63.5905 0135339 331.9592  27.4389 15.15287359231419
EXOCUBE (CP10)          
1 40380U 15003E   19102.40643392  .00002968  00000-0  13554-3 0  9994
2 40380  99.1079  60.4430 0140385 342.4596  17.1808 15.13324891231191
TIANWANG 1C (TW-1C)     
1 40926U 15051B   19102.47305637  .00016620  00000-0  25573-3 0  9991
2 40926  97.1446 148.7715 0006542 259.3258 216.0150 15.54266036199718
TIANWANG 1A (TW-1A)     
1 40928U 15051D   19102.40268729  .00004952  00000-0  12452-3 0  9993
2 40928  97.1534 135.1877 0009939 326.8126 158.3792 15.40359727198819
EXACTVIEW 9             
1 40936U 15052G   19100.71787116  .00000850  00000-0  29873-4 0  9990
2 40936   6.0023 192.8296 0011049 248.1580 111.7372 14.76468331191012
ATHENOXAT 1             
1 41168U 15077C   19101.96003779  .00002557  00000-0  10130-3 0  9990
2 41168  14.9892 352.3999 0011724 232.1454 127.7806 15.13477339183704
GALASSIA                
1 41170U 15077E   19101.96816451  .00002346  00000-0  88760-4 0  9993
2 41170  14.9894 345.7461 0013016 255.2813 104.6065 15.13813444183768
VELOX-II                
1 41171U 15077F   19101.51440532  .00001952  00000-0  74355-4 0  9995
2 41171  14.9920  19.6517 0008954 171.9389 188.1076 15.11113482183420
HORYU-4                 
1 41340U 16012D   19101.48658666  .00000712  00000-0  47390-4 0  9990
2 41340  31.0044 208.4538 0013878 172.7302 187.3537 15.01214960172750
E-ST@R-II               
1 41459U 16025D   19102.46931265  .00001452  00000-0  78970-4 0  9993
2 41459  98.1017 185.6151 0167253 223.6682 135.1216 15.05218367162434
AAUSAT 4                
1 41460U 16025E   19102.46060995  .00002481  00000-0  12900-3 0  9991
2 41460  98.0968 186.6791 0157814 217.2806 141.7398 15.06996474162549
DIWATA-1                
1 41463U 98067HT  19102.40615485  .00032175  00000-0  18131-3 0  9999
2 41463  51.6299 235.7595 0001160 303.6291 154.6067 15.78881139169130
BEESAT-4                
1 41619U 16040W   19101.90888686  .00002149  00000-0  94478-4 0  9999
2 41619  97.3739 165.3779 0009702 259.7586 100.2557 15.22928317143546
CANX-7                  
1 41788U 16059F   19102.43052654  .00008423  00000-0  13068-2 0  9998
2 41788  98.2325 176.7936 0027419 213.6132 146.3251 14.73133681136109
RAVAN                   
1 41849U 16067B   19102.20270900  .00000757  00000-0  69052-4 0  9994
2 41849  97.9156 200.3451 0007683 238.5117 121.5354 14.98145504131895
CELTEE 1                
1 41850U 16067C   19102.22897815  .00000427  00000-0  42407-4 0  9997
2 41850  97.9141 199.2256 0007227 243.2650 116.7832 14.96978281131834
OPTICUBE 04             
1 41851U 16067D   19102.22804227  .00000331  00000-0  34249-4 0  9992
2 41851  97.9133 199.0419 0007307 245.6742 114.3716 14.96785104131826
AEROCUBE 8D             
1 41852U 16067E   19102.22635319  .00000593  00000-0  57231-4 0  9993
2 41852  97.9144 198.8656 0008091 245.6481 114.3895 14.96677431131809
AEROCUBE 8C             
1 41853U 16067F   19102.18077934 -.00000143  00000-0 -71782-5 0  9993
2 41853  97.9137 198.7614 0008827 248.8705 111.1573 14.96637243131799
PROMETHEUS 2-1          
1 41854U 16067G   19102.22428924  .00000938  00000-0  87114-4 0  9993
2 41854  97.9151 198.9103 0008746 246.1715 113.8590 14.96836052131802
PROMETHEUS 2-3          
1 41855U 16067H   19102.22684268  .00000829  00000-0  77583-4 0  9997
2 41855  97.9154 198.9260 0008903 247.0025 113.0257 14.96841061131807
INS-1B                  
1 41954U 17008G   19102.18902467  .00002077  00000-0  89217-4 0  9996
2 41954  97.4057 168.1007 0009970  33.0604 327.1255 15.23767585119523
BGUSAT                  
1 41999U 17008BD  19102.46322328  .00003405  00000-0  13588-3 0  9991
2 41999  97.4119 170.4620 0009210  47.3045 312.8967 15.25819670119045
DIDO-2                  
1 42000U 17008BE  19101.71735268  .00001394  00000-0  60839-4 0  9990
2 42000  97.4075 168.1721 0009797  51.4365 308.7749 15.23766271118853
PEASSS                  
1 42015U 17008BV  19102.18269123  .00001750  00000-0  73653-4 0  9994
2 42015  97.4079 169.4848 0007757  57.0849 303.1134 15.24697542119460
AL-FARABI 1             
1 42016U 17008BW  19102.14298472  .00002381  00000-0  97427-4 0  9996
2 42016  97.4088 169.9106 0007596  57.3449 302.8521 15.25287458119607
NAYIF-1 (EO-88)         
1 42017U 17008BX  19102.13192152  .00002422  00000-0  98969-4 0  9992
2 42017  97.4086 169.9090 0007567  57.7216 302.4754 15.25318044119624
PHOENIX                 
1 42706U 98067LP  19102.49326777  .00284670  44378-4  59473-3 0  9995
2 42706  51.6212 249.7940 0007286 304.7018  55.3305 15.98463219109176
ALTAIR PATHFINDER       
1 42711U 98067LS  19102.48718857  .00042614  00000-0  26951-3 0  9999
2 42711  51.6348 277.1911 0003709 238.6729 121.3908 15.76132666108475
SHARC                   
1 42712U 98067LT  19102.50601964  .00363682  66057-4  75118-3 0  9991
2 42712  51.6256 266.6697 0008072 290.1241  69.8900 15.98611734108850
ZA-AEROSAT              
1 42713U 98067LU  19101.66600000  .00160587  20802-4  47322-3 0  9991
2 42713  51.6289 260.9363 0005234 280.6309  79.4108 15.92308191108615
CSUNSAT1                
1 42715U 98067LW  19102.49993118  .00310641  52152-4  56869-3 0  9997
2 42715  51.6235 251.3955 0007884 297.9831  62.0381 16.00750142108813
NJUST-1                 
1 42722U 98067MB  19102.46789995  .00106954  00000-0  41779-3 0  9993
2 42722  51.6373 263.2298 0004179 272.5254 184.7543 15.86203699107722
NSIGHT                  
1 42726U 98067MF  19102.49756111  .00026133  00000-0  22886-3 0  9992
2 42726  51.6370 291.7624 0004855 269.0950  90.9491 15.68686332107265
SNUSAT-1B               
1 42727U 98067MG  19089.91797841  .06519165  12339-4  59073-3 0  9997
2 42727  51.6087 308.8243 0009316 268.9251  91.0707 16.37980460105869
BEEAGLESAT              
1 42736U 98067MR  19102.39138051  .00460391  11016-3  63569-3 0  9992
2 42736  51.6231 249.8037 0009911 308.0459  51.9658 16.05377898107718
UCLSAT                  
1 42765U 17036A   19102.11174430  .00002066  00000-0  91786-4 0  9994
2 42765  97.3583 161.5449 0013308 105.9413 254.3291 15.22572081100188
LITUANICASAT-2          
1 42768U 17036D   19101.89326162  .00003401  00000-0  14920-3 0  9990
2 42768  97.3613 160.9025 0017068  98.6751 261.6420 15.22510998 99998
AALTO-1                 
1 42775U 17036L   19101.91296267  .00001234  00000-0  58204-4 0  9999
2 42775  97.3574 160.2519 0015786  97.6981 262.6048 15.21219948 99900
URSA MAIOR              
1 42776U 17036M   19102.53714214  .00001353  00000-0  63302-4 0  9993
2 42776  97.3581 160.9882 0015633  95.7716 264.5302 15.21345412100009
COMPASS 2               
1 42777U 17036N   19101.91697509  .00002622  00000-0  11534-3 0  9991
2 42777  97.3614 161.3749 0014446  99.4762 260.8108 15.22661005 99951
DIAMOND RED             
1 42783U 17036U   19102.39637562  .00001555  00000-0  70886-4 0  9994
2 42783  97.3586 161.4790 0013962 105.7033 254.5745 15.22054413100013
PEGASUS                 
1 42784U 17036V   19102.38800810  .00001752  00000-0  78827-4 0  9994
2 42784  97.3590 161.6581 0013836 105.3614 254.9153 15.22329469100024
DIAMOND GREEN           
1 42785U 17036W   19102.39520073  .00001539  00000-0  70176-4 0  9998
2 42785  97.3589 161.4998 0013862 106.2160 254.0603 15.22053631100002
DIAMOND BLUE            
1 42786U 17036X   19102.13123559  .00001513  00000-0  69026-4 0  9993
2 42786  97.3589 161.2405 0013680 107.1824 253.0911 15.22052216 99960
NUDTSAT                 
1 42787U 17036Y   19102.42667100  .00001641  00000-0  72202-4 0  9993
2 42787  97.3629 162.2663 0012308  96.8655 263.4002 15.23199387 99907
SUCHAI                  
1 42788U 17036Z   19102.41278146  .00002133  00000-0  94265-4 0  9991
2 42788  97.3591 161.9369 0013460 104.9254 255.3474 15.22714645100119
SKCUBE                  
1 42789U 17036AA  19101.83295055  .00002073  00000-0  91964-4 0  9991
2 42789  97.3587 161.3247 0013310 106.7265 253.5433 15.22625036 99948
VZLUSAT-1               
1 42790U 17036AB  19101.88801419  .00002763  00000-0  11951-3 0  9998
2 42790  97.3599 161.7416 0012895 106.1465 254.1192 15.23215194 99971
ROBUSTA-1B              
1 42792U 17036AD  19102.16535833  .00001895  00000-0  83903-4 0  9998
2 42792  97.3591 161.7805 0012850 106.1944 254.0708 15.22789396100019
CICERO 6                
1 42793U 17036AE  19101.68286907  .00001359  00000-0  61663-4 0  9994
2 42793  97.3576 161.1472 0012046 108.6996 251.5550 15.22441373100004
D-SAT                   
1 42794U 17036AF  19102.09638963  .00000319  00000-0  33144-4 0  9992
2 42794  97.5482 149.7405 0126785   7.6890 352.6233 14.91057106 98265
TOKI                    
1 42820U 98067MU  19102.45994158  .00346341  62920-4  60671-3 0  9991
2 42820  51.6244 254.8468 0007631 296.9318  63.0912 16.01493386101118
MAZAALAI (NUMSAT-1)     
1 42822U 98067MW  19102.52117580  .00260779  38697-4  56770-3 0  9996
2 42822  51.6263 256.8320 0006981 294.0261  66.0017 15.97751989101077
BRAC ONNESHA            
1 42823U 98067MX  19102.31721389  .00291838  46658-4  57168-3 0  9990
2 42823  51.6235 256.9288 0007945 291.7949  68.2215 15.99584182101052
NIGERIAEDUSAT-1         
1 42824U 98067MY  19102.45335843  .00249905  36160-4  56747-3 0  9999
2 42824  51.6266 257.9496 0007453 289.8269  70.1936 15.96995220101043
CORVUS BC2              
1 42846U 17042X   19102.27619100  .00000178  00000-0  22895-4 0  9993
2 42846  97.5732 358.9377 0008124 282.5760  77.4550 14.91945207 94964
CORVUS BC1              
1 42847U 17042Y   19102.50219984  .00000132  00000-0  18284-4 0  9993
2 42847  97.5732 359.2502 0007707 281.1431  78.8922 14.92044895 94990
SILU-1 (SILKROAD 1)     
1 42903U 17021F   19100.23204088  .02436429  89480-5  50117-3 0  9998
2 42903  42.7609 296.2424 0011156 293.9683  66.9737 16.29954320 97039
MIRATA                  
1 43015U 17073C   19102.49983191  .00002747  00000-0  21865-3 0  9993
2 43015  97.7185  26.3328 0256544  17.0695 343.8949 14.78833596 75365
MAKERSAT 0              
1 43016U 17073D   19101.75924063  .00001851  00000-0  14874-3 0  9992
2 43016  97.7222  25.8142 0258597  19.7229 341.3762 14.78626971 75259
ASTERIA                 
1 43020U 98067NH  19102.48651309  .00026971  00000-0  24385-3 0  9998
2 43020  51.6421 302.3467 0002255 223.0692 137.0128 15.67893293 79307
DELLINGR (RBLE)         
1 43021U 98067NJ  19102.11150568  .00012725  00000-0  14881-3 0  9992
2 43021  51.6388 313.2508 0002670 193.3050 166.7874 15.61971388 79128
AEROCUBE 7B (OCSD B)    
1 43042U 17071F   19102.18890799  .00005784  00000-0  14897-3 0  9999
2 43042  51.6391  22.8378 0003776 269.4684  90.5869 15.40717366 75674
AEROCUBE 7C (OCSD C)    
1 43043U 17071G   19101.86467325  .00005674  00000-0  14616-3 0  9996
2 43043  51.6392  24.4358 0004116 272.5675  87.4839 15.40753003 75597
CHEFSAT                 
1 43044U 17071H   19102.28814853  .00008770  00000-0  20435-3 0  9992
2 43044  51.6396  18.3570 0003814 272.9131  87.1418 15.43059311 75713
ASGARDIA 1              
1 43049U 17071N   19101.95194486  .00004710  00000-0  12249-3 0  9997
2 43049  51.6400  23.5410 0001729 302.5886  57.4932 15.40879476 75614
ISARA                   
1 43050U 17071P   19102.02357533  .00008699  00000-0  20585-3 0  9994
2 43050  51.6391  20.3069 0001456 298.0548  62.0291 15.42606455 75652
PROPCUBE 2 (FAUNA)      
1 43052U 17071R   19101.90439624  .00005812  00000-0  14765-3 0  9991
2 43052  51.6399  23.2402 0001614 296.5894  63.4926 15.41127857 75606
CORVUS BC3              
1 43118U 18004H   19101.85765717  .00001226  00000-0  55552-4 0  9995
2 43118  97.4926 169.4203 0011869 124.9744 235.2608 15.22727389 69150
MICROMAS-2A             
1 43131U 18004W   19102.18023934  .00003092  00000-0  13105-3 0  9995
2 43131  97.4942 170.2839 0010979 125.8985 234.3272 15.23858571 69231
CICERO 7                
1 43143U 18004AJ  19102.21050254  .00002458  00000-0  10430-3 0  9990
2 43143  97.4931 170.5237 0008951 132.5292 227.6702 15.24038622 69253
GOMX-4B                 
1 43196U 18015E   19101.94006025  .00000661  00000-0  30244-4 0  9996
2 43196  97.3812 230.4883 0018705 181.0200 179.1002 15.23869170 66022
GOMX-4A                 
1 43197U 18015F   19102.32931282  .00000775  00000-0  34819-4 0  9990
2 43197  97.3801 230.8902 0019278 179.7415 232.5998 15.23960702 66093
1KUNS-PF                
1 43466U 98067NP  19102.41973548  .00024771  00000-0  26502-3 0  9996
2 43466  51.6382 315.2955 0001249 181.6632 178.4359 15.63718716 52383
UBAKUSAT                
1 43467U 98067NQ  19102.49495536  .00015905  00000-0  18956-3 0  9994
2 43467  51.6380 317.2925 0002970 167.5240 192.5828 15.61254313 52374
BATSU-CS1 (IRAZU)       
1 43468U 98067NR  19102.44781561  .00033196  00000-0  32669-3 0  9995
2 43468  51.6375 313.2219 0001375 190.1728 169.9240 15.65669006152406
CUBERRT                 
1 43546U 98067NU  19102.45552025  .00013199  00000-0  15368-3 0  9992
2 43546  51.6387 319.2717 0005340 229.7036 130.3492 15.62038334 42479
TEMPEST-D               
1 43547U 98067NV  19102.03769782  .00006486  00000-0  94281-4 0  9990
2 43547  51.6386 325.4784 0005367 224.5574 135.4987 15.57148152 42032
RAINCUBE                
1 43548U 98067NW  19101.85194879  .00016125  00000-0  20291-3 0  9999
2 43548  51.6381 324.2336 0005380 231.8503 128.2006 15.59803857 42489
HALOSAT                 
1 43549U 98067NX  19101.98154796  .00016813  00000-0  21151-3 0  9998
2 43549  51.6383 323.6044 0005154 237.0557 122.9941 15.59775852 42063
ENDUROSAT ONE           
1 43551U 98067NZ  19101.86961495  .00019287  00000-0  23125-3 0  9991
2 43551  51.6388 322.8622 0005550 243.3140 116.7286 15.60929907 42474
EQUISAT                 
1 43552U 98067PA  19101.86835055  .00016299  00000-0  20299-3 0  9993
2 43552  51.6396 323.6128 0005913 242.6703 117.3688 15.60064774 42424
AEROCUBE 12A            
1 43556U 18046C   19101.85639224  .00003272  00000-0  12887-3 0  9996
2 43556  51.6421  21.9996 0008448 183.8053 176.2864 15.28491552 41182
AEROCUBE 12B            
1 43557U 18046D   19101.93011178  .00002211  00000-0  91483-4 0  9990
2 43557  51.6418  21.7393 0008458 183.3406 176.7519 15.28387534 41148
UITMSAT-1               
1 43589U 98067PD  19102.44869517  .00016902  00000-0  21076-3 0  9993
2 43589  51.6370 321.4587 0005075 252.9285 107.1152 15.60006565 38241
MAYA-1                  
1 43590U 98067PE  19101.86814389  .00017669  00000-0  22000-3 0  9996
2 43590  51.6374 324.3343 0005187 251.1363 108.9068 15.60007572 38087
BHUTAN-1                
1 43591U 98067PF  19101.86117946  .00017623  00000-0  21899-3 0  9997
2 43591  51.6386 324.2984 0005324 252.5140 107.5272 15.60061085 38083
SIRIUSSAT-1             
1 43595U 98067PG  19102.52033673  .00016317  00000-0  20842-3 0  9995
2 43595  51.6373 321.9377 0003703 204.4495 155.6323 15.59403108 37355
SIRIUSSAT-2             
1 43596U 98067PH  19101.83872151  .00017722  00000-0  22735-3 0  9995
2 43596  51.6386 325.6608 0004302 204.0404 156.0388 15.59217471 37240
TANUSHA-3               
1 43597U 98067PJ  19102.21350640  .00020923  00000-0  25630-3 0  9997
2 43597  51.6369 322.8687 0003611 218.5399 141.5336 15.60315849 37313
SURFSAT                 
1 43614U 18070B   19102.55359404  .00003468  00000-0  95137-4 0  9992
2 43614  93.0305 335.9714 0015213 195.3801 164.6992 15.37218667 32098
CP7 (DAVE)              
1 43615U 18070C   19101.90532023  .00003338  00000-0  91753-4 0  9997
2 43615  93.0310 335.7054 0015198 197.7879 162.2844 15.37157682 31990
ELFIN-B                 
1 43616U 18070D   19101.87217709  .00005094  00000-0  13773-3 0  9991
2 43616  93.0270 335.6161 0015850 202.0513 158.0060 15.37630405 31996
ELFIN-A                 
1 43617U 18070E   19101.86759335  .00005250  00000-0  14184-3 0  9998
2 43617  93.0327 335.7766 0015084 198.2824 161.7889 15.37662612 31997
CUBEBEL-1 (BSUSAT-1)    
1 43666U 18083E   19102.43150493  .00001483  00000-0  77332-4 0  9999
2 43666  97.5260 127.3529 0016856  65.0607  43.4610 15.17427084 25087
DEBRISSAT-2             
1 43680U 98067PR  19101.96078373  .00027392  00000-0  33085-3 0  9991
2 43680  51.6376 324.1961 0003039 229.3629 130.7106 15.60514365 46010
CICERO 10               
1 43690U 18088A   19101.93194727  .00001581  00000-0  72297-4 0  9997
2 43690  85.0414   3.1165 0017579  94.9988 265.3259 15.19524679 23060
IRVINE01                
1 43693U 18088D   19102.51935055  .00003904  00000-0  17294-3 0  9998
2 43693  85.0386   2.4708 0021097  80.7701 279.5925 15.21087972 23152
PROXIMA I               
1 43694U 18088E   19102.15246377  .00001479  00000-0  63990-4 0  9991
2 43694  85.0358   2.5834 0021883  74.2562 286.1091 15.21261444 23100
PROXIMA II              
1 43696U 18088G   19102.15185705  .00001465  00000-0  63355-4 0  9990
2 43696  85.0358   2.5844 0021909  74.2374 286.1281 15.21266904 23100
FACSAT-1                
1 43721U 18096C   19102.46577784  .00002581  00000-0  10269-3 0  9999
2 43721  97.4647 172.4305 0017612 201.9212 158.1275 15.26070029 20487
CENTAURI-2              
1 43722U 18096D   19102.52062227  .00003008  00000-0  11854-3 0  9994
2 43722  97.4645 172.5092 0017774 202.5331 157.5129 15.26248723 20487
INNOSAT-2               
1 43738U 18096V   19102.47842608  .00003813  00000-0  14001-3 0  9995
2 43738  97.4645 172.8706 0023912 216.3745 143.5870 15.28300222 20519
SIRION PATHFINDER-2     
1 43759U 18099B   19102.52510546  .00000106  00000-0  14950-4 0  9996
2 43759  97.7494 175.3173 0014408 179.0724 181.0526 14.95094112 19384
CORVUS-BC 4             
1 43767U 18099K   19102.17145056 -.00000005  00000-0  47998-5 0  9994
2 43767  97.7484 174.8324 0011731 181.6287 178.4897 14.94540748 19339
SHIELDS 1               
1 43850U 18104B   19102.27956879  .00000041  00000-0  00000+0 0  9994
2 43850  85.0253 101.0045 0013359 210.9244 149.1223 15.21013534 17778
STF-1                   
1 43852U 18104D   19102.45954933  .00000041  00000-0  00000+0 0  9995
2 43852  85.0317 101.0334 0013006 224.8981 135.1307 15.20450065 17796
LUME 1                  
1 43908U 18111AJ  19102.51113383  .00001493  00000-0  63872-4 0  9991
2 43908  97.2945   9.5811 0020392 225.5937 134.3632 15.24184762 16217
AOBA VELOX-IV           
1 43940U 19003J   19102.42825413  .00002488  00000-0  10634-3 0  9994
2 43940  97.2840 162.3142 0022716 311.8056 113.7015 15.23544373 12843
CATSAT-2                
1 44029U 98067PV  19101.84593833  .00014548  00000-0  21843-3 0  9997
2 44029  51.6400 330.2001 0004459 248.3638 111.6878 15.55136260 11011
DELPHINI                
1 44030U 98067PW  19101.84455147  .00014857  00000-0  22245-3 0  9994
2 44030  51.6393 330.1883 0004123 245.1109 114.9454 15.55193401 10988
UNITE                   
1 44031U 98067PX  19101.85188210  .00009440  00000-0  14620-3 0  9990
2 44031  51.6398 330.2371 0002865 238.9286 121.1424 15.54777909 10981
TECHEDSAT 8             
1 44032U 98067PY  19101.87671926  .00027008  00000-0  37702-3 0  9990
2 44032  51.6392 329.6530 0003351 230.8699 129.1995 15.56668605 10979
CATSAT-1                
1 44033U 98067PZ  19102.03861812  .00014696  00000-0  22046-3 0  9999
2 44033  51.6399 329.2377 0004236 249.6663 110.3873 15.55150972 10951
