CUTE-1 (CO-55)          
1 27844U 03031E   20099.50282247  .00000043  00000-0  39221-4 0  9990
2 27844  98.6843 108.2873 0008689 256.3130 103.7081 14.22230225870193
CUBESAT XI-IV (CO-57)   
1 27848U 03031J   20099.01656815  .00000031  00000-0  33876-4 0  9993
2 27848  98.6913 108.3583 0008550 271.6625  88.3573 14.21817929869968
CUBESAT XI-V            
1 28895U 05043F   20098.86875471  .00000119  00000-0  31734-4 0  9992
2 28895  97.9974 237.2475 0017791 140.2204 220.0307 14.63753910770284
CUTE-1.7+APD II (CO-65) 
1 32785U 08021C   20099.55216275  .00000181  00000-0  25148-4 0  9993
2 32785  97.5701  90.6581 0013318  12.2305 347.9233 14.88443662647547
AAUSAT-II               
1 32788U 08021F   20099.51090008  .00000676  00000-0  66792-4 0  9995
2 32788  97.4933 107.1171 0010093 294.3435  65.6732 14.95000605648968
DELFI-C3 (DO-64)        
1 32789U 08021G   20098.71706422  .00000959  00000-0  66946-4 0  9996
2 32789  97.4267 143.9682 0011883 190.3330 169.7656 15.07574782651153
SEEDS II (CO-66)        
1 32791U 08021J   20099.47223714  .00000418  00000-0  47604-4 0  9991
2 32791  97.5397  96.7217 0012759 342.7305  17.3478 14.91009000648039
SWISSCUBE               
1 35932U 09051B   20099.48305131  .00000115  00000-0  36965-4 0  9992
2 35932  98.6084 279.5240 0007229 350.8580   9.2484 14.56374944559684
BEESAT-1                
1 35933U 09051C   20098.78208652  .00000098  00000-0  33144-4 0  9991
2 35933  98.6088 280.6556 0005803   9.2168 350.9134 14.56452816559699
ITUPSAT1                
1 35935U 09051E   20099.07918396  .00000075  00000-0  28359-4 0  9996
2 35935  98.6196 281.1718 0008040   3.5710 356.5543 14.55601339559469
TISAT 1                 
1 36799U 10035E   20098.71900162  .00000220  00000-0  28200-4 0  9998
2 36799  98.1878 266.2997 0011908 195.7117 164.3732 14.91310581528585
M-CUBED & EXP-1 PRIME   
1 37855U 11061F   20099.09636356  .00000768  00000-0  46048-4 0  9992
2 37855 101.7182 151.2458 0171191 283.7367  74.4841 15.06137234461081
AEROCUBE 4.5A           
1 38767U 12048K   20099.38051634  .00000161  00000-0  28178-4 0  9994
2 38767  64.6649  95.4147 0148903 160.2849 200.4106 14.92226611 31341
AEROCUBE 4.5B           
1 38768U 12048L   20099.16003092  .00000311  00000-0  37573-4 0  9992
2 38768  64.6668  65.8909 0137596 156.7578 203.9840 14.95868521 31365
STRAND-1                
1 39090U 13009E   20099.08027876  .00000022  00000-0  22665-4 0  9991
2 39090  98.4635 304.6969 0010056 129.2147 230.9932 14.35124363372612
SOMP                    
1 39134U 13015E   20099.54838467  .00000983  00000-0  52962-4 0  9993
2 39134  64.8618 144.6535 0036527 255.3666 104.3410 15.20892498385422
BEESAT-3                
1 39135U 13015F   20098.68910697  .00000690  00000-0  42990-4 0  9999
2 39135  64.8674 169.9406 0042258 258.7863 100.8512 15.18051847384869
BEESAT-2                
1 39136U 13015G   20099.16942083  .00000778  00000-0  48362-4 0  9994
2 39136  64.8666 173.1254 0028899 280.9925  78.7951 15.17427053384843
NEE-01 PEGASO           
1 39151U 13018B   20099.50147782  .00000142  00000-0  25722-4 0  9995
2 39151  97.9687 198.8189 0016189 331.2350  28.7968 14.80147354375331
ESTCUBE 1               
1 39161U 13021C   20099.48405373  .00000139  00000-0  29683-4 0  9996
2 39161  97.9653 183.9169 0010754 101.8856 258.3556 14.72298613371743
POPACS 1                
1 39268U 13055D   20098.79966618  .00004568  00000-0  12332-3 0  9990
2 39268  81.0059  10.8379 0619853  72.0567 294.7167 14.38811814339303
POPACS 2                
1 39269U 13055E   20099.16821269  .00001856  00000-0  52148-4 0  9992
2 39269  81.0164  46.7956 0679384 165.0522 197.1901 14.25164741337192
POPACS 3                
1 39270U 13055F   20098.64056250  .00000866  00000-0  26733-4 0  9997
2 39270  81.0158  68.0324 0710012 226.1042 127.9387 14.16703178315102
ZACUBE-1 (TSHEPISOSAT)  
1 39417U 13066B   20098.77382911  .00000187  00000-0  29679-4 0  9990
2 39417  97.5650 100.7331 0059690 148.3812 212.1010 14.81245500344579
WNISAT-1                
1 39423U 13066H   20099.35772872  .00000060  00000-0  21234-4 0  9990
2 39423  97.7999  25.6333 0176267 113.9861 247.9866 14.53104490338246
TRITON-1                
1 39427U 13066M   20099.13532439  .00000188  00000-0  38269-4 0  9990
2 39427  97.7186  64.0007 0112439 303.5040  55.5461 14.67974830341538
GOMX-1                  
1 39430U 13066Q   20099.52845476  .00000241  00000-0  52263-4 0  9995
2 39430  97.7842  42.3036 0152314  45.1917 316.1539 14.59371296339605
CUBEBUG-2 (LO-74)       
1 39440U 13066AA  20099.52815317  .00000165  00000-0  29888-4 0  9999
2 39440  97.6268  85.9140 0079384 206.3183 153.3985 14.75983801343461
NEE-02 KRYSAOR          
1 39441U 13066AB  20098.95011471  .00000088  00000-0  19737-4 0  9991
2 39441  97.6335  82.9290 0080702 216.8727 142.6918 14.74998041343172
FUNCUBE-1 (AO-73)       
1 39444U 13066AE  20099.55475814  .00000229  00000-0  34297-4 0  9991
2 39444  97.5600 103.6600 0059036 138.4857 222.0863 14.82091893343602
UWE-3                   
1 39446U 13066AG  20098.95976149  .00000157  00000-0  27488-4 0  9997
2 39446  97.5960  92.5718 0069928 178.5367 181.6063 14.78517694342744
AEROCUBE 5A             
1 39465U 13072D   20098.73817874  .00007879  00000-0  65085-3 0  9992
2 39465 120.4957 267.1449 0269407 171.2834 189.3021 14.75913291 30924
AEROCUBE 5B             
1 39466U 13072E   20099.47020143  .00007315  00000-0  52152-3 0  9996
2 39466 120.4932 302.8204 0239989 179.9250 180.1869 14.85519506 31172
BRITE-CA1 (TORONTO)     
1 40020U 14033L   20099.48246390  .00000073  00000-0  21013-4 0  9994
2 40020  97.7327 291.6938 0086096 296.4585  62.7806 14.66634876310508
DUCHIFAT-1              
1 40021U 14033M   20099.34521033  .00000445  00000-0  50945-4 0  9999
2 40021  97.9396  30.1685 0013346 152.5596 207.6329 14.90855697315445
NANOSATC-BR1            
1 40024U 14033Q   20099.53062583  .00000328  00000-0  39924-4 0  9997
2 40024  97.9254  26.9574 0012587 155.8424 204.3386 14.90032375315349
QB50P1                  
1 40025U 14033R   20099.50502019  .00000214  00000-0  28714-4 0  9997
2 40025  97.9139  23.8319 0012693 162.9444 197.2202 14.89101413315192
QB50P2                  
1 40032U 14033Y   20098.79273841  .00000247  00000-0  32453-4 0  9994
2 40032  97.9034  20.7393 0012106 161.8505 198.3146 14.88629355314992
PERSEUS-M2              
1 40037U 14033AD  20099.19065121  .00000062  00000-0  13191-4 0  9997
2 40037  97.8900  16.0639 0014345 177.0375 183.0928 14.86528790314729
PERSEUS-M1              
1 40039U 14033AF  20098.77831012  .00000045  00000-0  11417-4 0  9992
2 40039  97.8868  14.5002 0014207 176.1963 183.9363 14.86148743314583
POLYITAN-1              
1 40042U 14033AJ  20098.74984321  .00000316  00000-0  39681-4 0  9999
2 40042  97.9222  23.5588 0014968 157.1310 203.0576 14.88845450314479
TIGRISAT                
1 40043U 14033AK  20098.83927279  .00000125  00000-0  25879-4 0  9991
2 40043  97.7196 318.4704 0058792 226.0042 133.6313 14.74358077311940
AEROCUBE 6A             
1 40045U 14033AM  20099.16136456  .00000201  00000-0  36085-4 0  9995
2 40045  97.7444 323.9172 0056578 216.5292 143.2054 14.75543626311989
AEROCUBE 6B             
1 40046U 14033AN  20098.83145234  .00000265  00000-0  45336-4 0  9992
2 40046  97.7360 322.9517 0055964 216.6741 143.0633 14.75526056311694
UKUBE-1                 
1 40074U 14037F   20099.45757979  .00000292  00000-0  42143-4 0  9994
2 40074  98.4542 283.6249 0004386   1.1645 358.9566 14.84226915311370
BRITE-PL2 (HEWELIUSZ)   
1 40119U 14049B   20098.81521650  .00000087  00000-0  16815-4 0  9990
2 40119  97.8927 191.7423 0016900 344.7104  15.3598 14.84486780305307
FIREBIRD 4              
1 40378U 15003C   20099.40036231  .00001604  00000-0  65339-4 0  9991
2 40378  99.1035 145.3517 0124615 187.3756 172.5645 15.19812481286672
GRIFEX                  
1 40379U 15003D   20099.33424662  .00000923  00000-0  42975-4 0  9997
2 40379  99.1109 137.5886 0132828 211.3278 147.9987 15.16224100286227
EXOCUBE (CP10)          
1 40380U 15003E   20098.64888066  .00000772  00000-0  38479-4 0  9990
2 40380  99.1182 132.6160 0137526 227.6450 131.3066 15.14207766285831
AEROCUBE 8A             
1 40659U 15025J   20099.44908225  .00009778  00000-0  11278-3 0  9994
2 40659  55.0164 256.5707 0111040 355.5319   4.4714 15.55539431 32654
AEROCUBE 8B             
1 40660U 15025K   20098.99302311  .00009127  00000-0  10481-3 0  9992
2 40660  55.0135 256.8022 0110241 356.2019   3.8168 15.55855403 32593
TIANWANG 1C (TW-1C)     
1 40926U 15051B   20099.41176263  .00018479  00000-0  20293-3 0  9991
2 40926  97.0938 150.8202 0006057  10.9879 115.9489 15.63230587256076
TIANWANG 1A (TW-1A)     
1 40928U 15051D   20099.34330017  .00002874  00000-0  68639-4 0  9993
2 40928  97.1172 128.8704 0012639  83.9242  39.8793 15.42246981254564
EXACTVIEW 9             
1 40936U 15052G   20099.12364053  .00000797  00000-0  22287-4 0  9997
2 40936   6.0026 121.7699 0010601 345.4786  14.5037 14.76557836244819
AEROCUBE 5C             
1 40965U 15058B   20099.09734676  .00000088  00000-0  30389-4 0  9998
2 40965  64.7801 356.9911 0168120 100.1882 261.8230 14.74497974 30937
AEROCUBE 7              
1 40966U 15058C   20099.09184726  .00000153  00000-0  37931-4 0  9997
2 40966  64.7801 355.5872 0167005  99.8829 262.1174 14.74793098 30932
ATHENOXAT 1             
1 41168U 15077C   20099.48174754  .00001952  00000-0  66836-4 0  9990
2 41168  14.9874 214.7601 0011359 234.6159 125.3100 15.14238311238728
GALASSIA                
1 41170U 15077E   20098.68782477  .00001884  00000-0  62466-4 0  9990
2 41170  14.9877 212.6685 0012673 249.8147 110.0811 15.14541104238679
VELOX-II                
1 41171U 15077F   20098.77791912  .00001535  00000-0  49377-4 0  9994
2 41171  14.9907 254.1651 0008687 151.2402 208.8398 15.11607665238317
HORYU-4                 
1 41340U 16012D   20099.29743188  .00000475  00000-0  29185-4 0  9999
2 41340  31.0056  58.5493 0014014 172.7185 187.3656 15.01457869227322
E-ST@R-II               
1 41459U 16025D   20099.51478559  .00001709  00000-0  89192-4 0  9991
2 41459  98.0958 205.8984 0166556  87.1503 274.8777 15.06253974216916
AAUSAT 4                
1 41460U 16025E   20099.35900485  .00002950  00000-0  14672-3 0  9992
2 41460  98.0960 207.8244 0155564  77.5535 284.3023 15.08495004217079
DIWATA-1                
1 41463U 98067HT  20097.47294285  .06230670  12834-4  30325-4 0  9990
2 41463  51.6144 141.1724 0000010 296.9794 187.6526 16.55522519226431
BEESAT-4                
1 41619U 16040W   20099.16711143  .00001351  00000-0  58858-4 0  9994
2 41619  97.3270 160.3435 0012744  71.1627 289.0991 15.23829794198696
CANX-7                  
1 41788U 16059F   20099.50016375  .00006789  00000-0  95233-3 0  9991
2 41788  98.2513 185.6274 0033819 157.1998 203.0684 14.77402640189483
RAVAN                   
1 41849U 16067B   20098.82972592  .00000367  00000-0  35801-4 0  9996
2 41849  97.9247 207.5154 0009452 120.2498 239.9660 14.98490965186045
CELTEE 1                
1 41850U 16067C   20099.56264076  .00000350  00000-0  35567-4 0  9992
2 41850  97.9197 206.1907 0010124 119.0011 241.2226 14.97145229186040
OPTICUBE 04             
1 41851U 16067D   20099.54798735 -.00000172  00000-0 -96629-5 0  9996
2 41851  97.9189 205.8327 0009904 120.0076 240.2129 14.96899198186020
AEROCUBE 8D             
1 41852U 16067E   20098.82778925  .00000382  00000-0  38559-4 0  9994
2 41852  97.9195 204.9349 0010934 123.2129 237.0142 14.96868166185895
AEROCUBE 8C             
1 41853U 16067F   20099.52617901  .00000051  00000-0  97802-5 0  9999
2 41853  97.9204 205.5536 0011340 120.3124 239.9220 14.96840821185994
PROMETHEUS 2-1          
1 41854U 16067G   20099.17610670  .00001019  00000-0  93422-4 0  9995
2 41854  97.9210 205.4839 0011914 121.7056 238.5328 14.97135715185953
PROMETHEUS 2-3          
1 41855U 16067H   20098.77600354  .00001018  00000-0  93359-4 0  9997
2 41855  97.9212 205.1074 0012077 123.2634 236.9746 14.97145288185899
INS-1B                  
1 41954U 17008G   20098.73007119  .00001167  00000-0  50171-4 0  9999
2 41954  97.3609 164.3794 0009054 179.6730 180.4515 15.24605418174590
BGUSAT                  
1 41999U 17008BD  20099.17598950  .00002063  00000-0  80047-4 0  9996
2 41999  97.3712 168.5785 0007872 185.8638 174.2510 15.27211902174222
DIDO-2                  
1 42000U 17008BE  20098.81135619  .00000765  00000-0  34097-4 0  9990
2 42000  97.3618 164.9876 0007838 198.0205 162.0756 15.24362790174002
PEASSS                  
1 42015U 17008BV  20099.16852140  .00001043  00000-0  44027-4 0  9994
2 42015  97.3637 166.7999 0005703 196.5996 163.5056 15.25459897174638
AL-FARABI 1             
1 42016U 17008BW  20099.16190860  .00001381  00000-0  56058-4 0  9991
2 42016  97.3662 167.7255 0005633 195.1171 164.9900 15.26255828174806
NAYIF-1 (EO-88)         
1 42017U 17008BX  20099.07691924  .00001390  00000-0  56362-4 0  9997
2 42017  97.3657 167.6528 0005670 195.2691 164.8377 15.26294754174811
NSIGHT                  
1 42726U 98067MF  20099.42792720  .00318384  56885-4  46021-3 0  9993
2 42726  51.6245 219.7183 0008615 318.5508  41.4850 16.04701841164440
UCLSAT                  
1 42765U 17036A   20099.40228981  .00001090  00000-0  48722-4 0  9992
2 42765  97.3091 155.5002 0009567 273.1959  86.8184 15.23368127155325
LITUANICASAT-2          
1 42768U 17036D   20098.81107683  .00001832  00000-0  78877-4 0  9992
2 42768  97.3144 154.7937 0012984 263.6660  96.3099 15.23800209155081
AALTO-1                 
1 42775U 17036L   20099.09568640  .00000636  00000-0  31040-4 0  9997
2 42775  97.3070 153.2141 0012136 266.1771  93.8077 15.21737256154972
URSA MAIOR              
1 42776U 17036M   20098.69871626  .00000706  00000-0  33980-4 0  9997
2 42776  97.3082 153.0832 0011943 267.4743  92.5126 15.21908013154926
COMPASS 2               
1 42777U 17036N   20098.69636950  .00001374  00000-0  60085-4 0  9995
2 42777  97.3135 155.1238 0010556 265.3881  94.6150 15.23704512155020
DIAMOND RED             
1 42783U 17036U   20099.10279750  .00000851  00000-0  39406-4 0  9992
2 42783  97.3092 154.5473 0010258 276.4981  83.5088 15.22703055155045
PEGASUS                 
1 42784U 17036V   20099.15065244  .00001012  00000-0  45859-4 0  9998
2 42784  97.3096 154.9723 0010143 275.2063  84.8016 15.23065182155074
DIAMOND GREEN           
1 42785U 17036W   20099.43015886  .00000893  00000-0  41245-4 0  9998
2 42785  97.3094 154.8991 0010153 275.9131  84.0948 15.22702707155080
DIAMOND BLUE            
1 42786U 17036X   20099.42938484  .00000879  00000-0  40620-4 0  9996
2 42786  97.3094 154.8942 0009994 276.1591  83.8507 15.22704014155082
NUDTSAT                 
1 42787U 17036Y   20099.52893939  .00001636  00000-0  69743-4 0  9992
2 42787  97.3147 156.5800 0009926 276.4408  83.5700 15.24300785155046
SUCHAI                  
1 42788U 17036Z   20099.39667208  .00001213  00000-0  53554-4 0  9990
2 42788  97.3103 155.7369 0009675 272.3985  87.6145 15.23586797155211
SKCUBE                  
1 42789U 17036AA  20098.71323920  .00001074  00000-0  47973-4 0  9999
2 42789  97.3099 154.9444 0009559 275.5770  84.4377 15.23438835155029
VZLUSAT-1               
1 42790U 17036AB  20098.66402607  .00001470  00000-0  63007-4 0  9991
2 42790  97.3122 155.7312 0009073 273.1883  86.8317 15.24288493155069
ROBUSTA-1B              
1 42792U 17036AD  20099.13542206  .00001095  00000-0  48569-4 0  9995
2 42792  97.3100 155.5854 0009132 274.3404  85.6790 15.23626235155111
CICERO 6                
1 42793U 17036AE  20098.69922124  .00000750  00000-0  34766-4 0  9998
2 42793  97.3079 154.6557 0008472 279.3124  80.7155 15.23022659155095
D-SAT                   
1 42794U 17036AF  20098.65258763  .00000287  00000-0  30464-4 0  9992
2 42794  97.5020 134.7844 0124896 240.9586 117.9074 14.91245247152147
CORVUS BC2              
1 42846U 17042X   20098.75794359  .00000316  00000-0  36302-4 0  9994
2 42846  97.5329 345.4641 0010341 146.2579 213.9300 14.92080149148864
CORVUS BC1              
1 42847U 17042Y   20099.42900170  .00000344  00000-0  38984-4 0  9999
2 42847  97.5330 346.2625 0010053 143.2717 216.9193 14.92181516148963
MIRATA                  
1 43015U 17073C   20099.54454828  .00000828  00000-0  70217-4 0  9990
2 43015  97.7214  14.4137 0252150 276.7147  80.5431 14.79541021128886
MAKERSAT 0              
1 43016U 17073D   20098.74196636  .00000539  00000-0  47887-4 0  9998
2 43016  97.7247  13.8332 0254836 280.2257  77.0310 14.79137067128741
ASTERIA                 
1 43020U 98067NH  20099.08823078  .00301740  51581-4  46255-3 0  9999
2 43020  51.6438 234.4943 0006056 342.6279  17.4524 16.03784765136401
DELLINGR (RBLE)         
1 43021U 98067NJ  20099.53898586  .00015536  00000-0  13697-3 0  9991
2 43021  51.6354 276.6833 0001848 155.0826 205.0260 15.68925765135883
AEROCUBE 7B (OCSD B)    
1 43042U 17071F   20099.11254427  .00003081  00000-0  77783-4 0  9993
2 43042  51.6382  51.6011 0004783 140.7590 219.3744 15.43107221131519
AEROCUBE 7C (OCSD C)    
1 43043U 17071G   20099.11475940  .00003275  00000-0  82154-4 0  9992
2 43043  51.6382  51.6306 0004962 145.0965 215.0347 15.43083177131481
CHEFSAT                 
1 43044U 17071H   20098.53577204  .00006422  00000-0  13179-3 0  9991
2 43044  51.6391  42.0051 0004708 144.9549 215.1750 15.47361039131565
ASGARDIA 1              
1 43049U 17071N   20099.11068159  .00002805  00000-0  71534-4 0  9996
2 43049  51.6394  50.9181 0002481 152.0581 208.0538 15.43153213131482
ISARA                   
1 43050U 17071P   20099.12120504  .00006488  00000-0  13695-3 0  9996
2 43050  51.6374  41.3124 0002434 148.5629 211.5504 15.46510506131616
PROPCUBE 2 (FAUNA)      
1 43052U 17071R   20099.11674067  .00003524  00000-0  86311-4 0  9999
2 43052  51.6388  49.4774 0002481 148.2466 211.8671 15.43567280131505
CORVUS BC3              
1 43118U 18004H   20099.14040764  .00000717  00000-0  33264-4 0  9993
2 43118  97.4492 169.9714 0008873 304.5771  55.4628 15.23258320124293
MICROMAS-2A             
1 43131U 18004W   20099.18458450  .00001742  00000-0  72607-4 0  9990
2 43131  97.4534 171.5056 0007686 303.8665  56.1841 15.25043660124384
SPACEBEE-4              
1 43139U 18004AE  20099.14435161  .00002308  00000-0  91988-4 0  9990
2 43139  97.4565 172.4834 0006924 305.1568  54.9022 15.26227802124426
SPACEBEE-3              
1 43140U 18004AF  20098.80060198  .00002825  00000-0  10926-3 0  9994
2 43140  97.4580 172.7193 0006598 304.7401  55.3216 15.27038440124412
SPACEBEE-2              
1 43141U 18004AG  20098.72816311  .00002951  00000-0  11307-3 0  9996
2 43141  97.4592 172.8620 0006554 304.0283  56.0333 15.27314918124410
SPACEBEE-1              
1 43142U 18004AH  20098.84260044  .00003278  00000-0  12411-3 0  9996
2 43142  97.4596 173.1969 0006531 303.0545  57.0066 15.27634891124431
CICERO 7                
1 43143U 18004AJ  20098.79447608  .00001534  00000-0  64196-4 0  9995
2 43143  97.4516 171.3127 0006106 318.7913  41.2863 15.25107651124347
GOMX-4B                 
1 43196U 18015E   20098.90982404  .00000522  00000-0  24316-4 0  9992
2 43196  97.4242 228.0353 0018894 357.6714   2.4427 15.24194225121153
GOMX-4A                 
1 43197U 18015F   20099.40004384  .00000804  00000-0  35641-4 0  9997
2 43197  97.4241 228.5894 0018931 356.8622  53.3996 15.24400967121248
1KUNS-PF                
1 43466U 98067NP  20099.43004958  .00108801  00000-0  38954-3 0  9996
2 43466  51.6286 261.3948 0004109 278.3969  81.6570 15.87972713109337
UBAKUSAT                
1 43467U 98067NQ  20099.12298194  .00026652  00000-0  20384-3 0  9991
2 43467  51.6328 282.8134 0001248 152.3942 207.7123 15.71954902109038
CUBERRT                 
1 43546U 98067NU  20098.83340755  .00010824  00000-0  89306-4 0  9991
2 43546  51.6342 283.1481 0003655 175.6352 184.4678 15.70946668 99132
TEMPEST-D               
1 43547U 98067NV  20098.84924666  .00006823  00000-0  83548-4 0  9998
2 43547  51.6366 308.1013 0005381 146.0215 214.1125 15.61672764 98484
RAINCUBE                
1 43548U 98067NW  20098.98162826  .00023881  00000-0  19274-3 0  9993
2 43548  51.6330 290.8640 0004636 180.4545 179.6449 15.70728108 99174
HALOSAT                 
1 43549U 98067NX  20098.82837836  .00021882  00000-0  18056-3 0  9993
2 43549  51.6353 292.1491 0004137 180.2955 179.8041 15.70255855 98700
ENDUROSAT ONE           
1 43551U 98067NZ  20099.53847635  .00047379  00000-0  30719-3 0  9992
2 43551  51.6337 280.3090 0004678 202.1961 157.8837 15.75511013 99335
EQUISAT                 
1 43552U 98067PA  20098.82257540  .00023018  00000-0  18521-3 0  9995
2 43552  51.6353 290.6504 0005155 186.6847 173.4083 15.70824078 99091
AEROCUBE 12A            
1 43556U 18046C   20099.53408830  .00001506  00000-0  64172-4 0  9999
2 43556  51.6421  81.4637 0008740  47.1801 312.9912 15.29583985 96673
AEROCUBE 12B            
1 43557U 18046D   20099.38651542  .00000635  00000-0  34492-4 0  9997
2 43557  51.6420  82.7193 0008793  46.9363 313.2352 15.29327858 96590
UITMSAT-1               
1 43589U 98067PD  20098.82251040  .00027782  00000-0  20651-3 0  9993
2 43589  51.6318 289.7431 0004786 198.4784 161.6041 15.72596706 94847
MAYA-1                  
1 43590U 98067PE  20098.81548474  .00027621  00000-0  20534-3 0  9996
2 43590  51.6315 289.7052 0004863 199.2055 160.8760 15.72596707 94773
BHUTAN-1                
1 43591U 98067PF  20098.92056151  .00028635  00000-0  21174-3 0  9992
2 43591  51.6331 288.9622 0004935 199.2769 160.8044 15.72701270 94798
SIRIUSSAT-1             
1 43595U 98067PG  20099.00140560  .00026710  00000-0  21415-3 0  9994
2 43595  51.6324 292.4670 0002819 169.4303 190.6754 15.70823275 93931
SIRIUSSAT-2             
1 43596U 98067PH  20099.56737368  .00032310  00000-0  25868-3 0  9993
2 43596  51.6332 290.3136 0003250 167.4981 192.6098 15.70747870 94014
TANUSHA-3               
1 43597U 98067PJ  20099.53902757  .00059704  00000-0  35557-3 0  9999
2 43597  51.6305 281.6920 0002938 208.3554 151.7286 15.77354119 94126
SURFSAT                 
1 43614U 18070B   20099.50740947  .00002461  00000-0  64161-4 0  9995
2 43614  93.0225 125.6851 0012728 242.4961 117.4999 15.38853153 87723
CP7 (DAVE)              
1 43615U 18070C   20099.07739227  .00002091  00000-0  54787-4 0  9999
2 43615  93.0227 125.5015 0012851 244.0107 115.9824 15.38722850 87655
ELFIN-B                 
1 43616U 18070D   20099.04605629  .00003161  00000-0  79534-4 0  9991
2 43616  93.0189 125.4114 0013275 246.7339 113.2518 15.39918012 87681
ELFIN-A                 
1 43617U 18070E   20099.08711221  .00003208  00000-0  80326-4 0  9995
2 43617  93.0243 125.8817 0012675 242.3290 117.6678 15.40070249 87697
CUBEBEL-1 (BSUSAT-1)    
1 43666U 18083E   20099.58277448  .00000878  00000-0  46326-4 0  9998
2 43666  97.4962 126.7187 0013365 241.1059 275.4814 15.18123677 80017
DEBRISSAT-2             
1 43680U 98067PR  20098.76303636  .00109951  00000-0  41368-3 0  9994
2 43680  51.6310 278.7563 0004835 251.9678 108.0800 15.86957209102827
CICERO 10               
1 43690U 18088A   20099.12528187  .00000860  00000-0  37874-4 0  9998
2 43690  85.0350 124.6676 0013941 199.5318 160.5391 15.20121898 78053
IRVINE01                
1 43693U 18088D   20099.50470667  .00001985  00000-0  83480-4 0  9995
2 43693  85.0320 123.3128 0017786 180.4898 179.6330 15.22564740 78204
PROXIMA I               
1 43694U 18088E   20099.06603026  .00000790  00000-0  32795-4 0  9990
2 43694  85.0293 123.4144 0019333 175.2059 184.9372 15.21850689 78130
PROXIMA II              
1 43696U 18088G   20099.06436539  .00000799  00000-0  33206-4 0  9992
2 43696  85.0294 123.4184 0019373 175.1629 184.9804 15.21853421 78130
FACSAT-1                
1 43721U 18096C   20099.42777794  .00001196  00000-0  47710-4 0  9998
2 43721  97.4250 173.3733 0017921  15.7499 344.4293 15.27039407 75704
CENTAURI-2              
1 43722U 18096D   20099.14885307  .00001793  00000-0  69161-4 0  9995
2 43722  97.4259 173.3076 0017951  16.7307 343.4521 15.27500764 75663
INNOSAT-2               
1 43738U 18096V   20099.48786502  .00002568  00000-0  90428-4 0  9997
2 43738  97.4272 175.3296 0023939  22.0246 338.2018 15.29988268 75839
SIRION PATHFINDER-2     
1 43759U 18099B   20099.51368728 -.00000254  00000-0 -17803-4 0  9991
2 43759  97.7101 172.3501 0015551  60.1247 300.1516 14.95248375 73476
CORVUS-BC 4             
1 43767U 18099K   20098.89338311  .00000303  00000-0  33100-4 0  9996
2 43767  97.7085 171.2270 0013226  66.4483 293.8125 14.94692152 73362
MOVE-II                 
1 43780U 18099Y   20098.79565450  .00000393  00000-0  40753-4 0  9997
2 43780  97.7105 171.5570 0014921  73.7910 286.4951 14.95327688 73359
SPACEBEE-7              
1 43816U 18099BL  20098.74907345  .00000817  00000-0  78552-4 0  9994
2 43816  97.7120 171.8589 0014695  60.0468 300.2209 14.95634243 72925
SPACEBEE-5              
1 43817U 18099BM  20099.46527237  .00000945  00000-0  88911-4 0  9995
2 43817  97.7160 172.9048 0014130  58.5977 301.6624 14.96165448 73040
SPACEBEE-6              
1 43818U 18099BN  20098.85482120  .00000227  00000-0  25436-4 0  9995
2 43818  97.7132 172.0697 0014454  59.0790 301.1850 14.95800940 73092
SHIELDS 1               
1 43850U 18104B   20099.08637733  .00000041  00000-0  00000+0 0  9995
2 43850  85.0292 221.8447 0014226 337.8516  22.2121 15.21324402 72771
STF-1                   
1 43852U 18104D   20098.56674706  .00000041  00000-0  00000-0 0  9991
2 43852  85.0345 222.6818 0014263 354.1022   6.0064 15.21140370 72673
ZACUBE-2                
1 43907U 18111AH  20099.55101490  .00000565  00000-0  25669-4 0  9998
2 43907  97.2717   1.3979 0022569  34.4682 325.8014 15.24514356 71364
LUME 1                  
1 43908U 18111AJ  20098.96944448  .00001020  00000-0  43567-4 0  9995
2 43908  97.2718   0.9596 0022431  36.1885 324.0866 15.24897660 71287
AOBA VELOX-IV           
1 43940U 19003J   20099.44841691  .00002067  00000-0  85503-4 0  9990
2 43940  97.2372 153.1081 0025855 109.9079   7.5538 15.24756210 67982
CATSAT-2                
1 44029U 98067PV  20099.03793898  .00013807  00000-0  15436-3 0  9997
2 44029  51.6382 312.4110 0004508 174.2800 185.8246 15.63050142 67506
DELPHINI                
1 44030U 98067PW  20098.83885116  .00014530  00000-0  15765-3 0  9990
2 44030  51.6350 312.5000 0004605 172.4950 187.6115 15.63771046 67458
UNITE                   
1 44031U 98067PX  20098.81100062  .00008358  00000-0  10745-3 0  9993
2 44031  51.6376 317.6116 0003602 161.8098 198.3025 15.60025252 67381
TECHEDSAT 8             
1 44032U 98067PY  20099.23341830  .00412291  81994-4  86335-3 0  9999
2 44032  51.6224 285.6224 0009271 269.8498  90.1449 15.98331025 67826
CATSAT-1                
1 44033U 98067PZ  20099.03781094  .00013246  00000-0  14830-3 0  9991
2 44033  51.6385 312.4152 0004341 171.2945 188.8126 15.63056067 67414
RAAVANA-1               
1 44329U 98067QE  20099.05287083  .00008914  00000-0  12983-3 0  9993
2 44329  51.6397 326.7682 0006849 102.8463 257.3294 15.56542893 46033
UGUISU                  
1 44330U 98067QF  20098.86940203  .00008207  00000-0  12040-3 0  9992
2 44330  51.6396 327.7896 0006828 101.2288 258.9471 15.56472131 45981
NEPALISAT-1             
1 44331U 98067QG  20099.04655066  .00008819  00000-0  12839-3 0  9999
2 44331  51.6394 326.7252 0006876 104.2126 255.9630 15.56572070 46025
SPOOQY-1                
1 44332U 98067QH  20098.91788226  .00008549  00000-0  12498-3 0  9991
2 44332  51.6397 327.3628 0005847 106.4197 253.7438 15.56506639 45964
SPACEBEE-9              
1 44370U 19037F   20098.84102706  .00007802  00000-0  18413-3 0  9992
2 44370  45.0146 150.2797 0011079 130.1482 230.0296 15.42421647 43698
SPACEBEE-8              
1 44371U 19037G   20099.53728753  .00013205  00000-0  27419-3 0  9996
2 44371  45.0205 142.8244 0009126 138.8527 221.3044 15.45682456 43834
IOD-1 GEMS              
1 44385U 98067QK  20098.86664888  .00012820  00000-0  17346-3 0  9994
2 44385  51.6408 327.0606 0002825  77.9176 282.2133 15.58096810 43481
MOVE-IIB                
1 44398U 19038N   20098.88464982  .00001196  00000-0  72626-4 0  9991
2 44398  97.5292  61.0537 0025845  14.3846 345.8114 15.12169303 41918
SONATE                  
1 44400U 19038Q   20099.16847288  .00000572  00000-0  36991-4 0  9993
2 44400  97.5324  61.3526 0025636  11.8603 348.3226 15.11886675 41953
LUCKY-7                 
1 44406U 19038W   20098.86524354  .00000613  00000-0  39160-4 0  9998
2 44406  97.5320  61.1340 0025118  12.7256 347.4603 15.12133561 41900
BEESAT 9                
1 44412U 19038AC  20099.13162826  .00000883  00000-0  54681-4 0  9992
2 44412  97.5313  61.3783 0023377  17.8605 342.3442 15.12183495 41648
JAISAT-1                
1 44419U 19038F   20099.10820870  .00000966  00000-0  58706-4 0  9990
2 44419  97.5315  61.5663 0022222  17.5817 342.6178 15.12666058 41961
SWIATOWID               
1 44426U 98067QL  20099.50305003  .00017075  00000-0  22433-3 0  9993
2 44426  51.6426 323.6491 0003665  77.1084 353.2463 15.58615057 43591
KRAKSAT                 
1 44427U 98067QM  20098.85609609  .00006417  00000-0  10101-3 0  9997
2 44427  51.6414 329.9825 0003851  63.0721 297.0663 15.54968233 43497
VCC A                   
1 44428U 98067QN  20099.33935279  .00008733  00000-0  12999-3 0  9997
2 44428  51.6412 326.4639 0003268  86.9969 273.1397 15.55986848 43583
ENTRYSAT                
1 44429U 98067QP  20098.83406568  .00009930  00000-0  14309-3 0  9993
2 44429  51.6400 328.3238 0002907  81.2085 278.9235 15.56693951 43511
VCC C                   
1 44430U 98067QQ  20099.04563723  .00013110  00000-0  18119-3 0  9994
2 44430  51.6401 326.7468 0003009  93.8755 266.2581 15.57499803 42376
VCC B                   
1 44431U 98067QR  20099.01939731  .00008341  00000-0  12440-3 0  9999
2 44431  51.6407 328.0686 0003414  85.2079 274.9302 15.56001779 43473
ATL-1                   
1 44830U 19084G   20099.07287887  .00035361  00000-0  26334-3 0  9997
2 44830  96.9863 327.8389 0033765 144.9004 215.4495 15.71908742 19372
SMOG-P                  
1 44832U 19084J   20099.11192483  .00042383  00000-0  30757-3 0  9997
2 44832  96.9869 327.9450 0032955 143.4945 216.8576 15.72522058 19387
DUCHIFAT-3              
1 44854U 19089C   20099.48827398  .00000328  00000-0  32965-4 0  9993
2 44854  36.9668 151.8183 0008327 224.2865 135.7227 14.99015670 17794
ORBITAL FACTORY 2 (OF-2)
1 45113U 19071C   20099.09026143  .00001828  00000-0  67870-4 0  9998
2 45113  51.6453 343.3881 0013331 161.3133 198.8340 15.33079419 10331
