EYESAT-1 (AO-27)        
1 22825U 93061C   18004.91432285 -.00000010  00000-0  13786-4 0  9996
2 22825  98.8413 338.2654 0009455 101.2904 258.9340 14.30018362265962
CUTE-1 (CO-55)          
1 27844U 03031E   18005.00877522  .00000045  00000-0  39850-4 0  9995
2 27844  98.6884  16.0636 0010691 120.9609 239.2621 14.22086803753000
CUBESAT XI-IV (CO-57)   
1 27848U 03031J   18004.99326079  .00000031  00000-0  33751-4 0  9991
2 27848  98.6973  16.3886 0010487 130.0417 230.1682 14.21694634752872
CUBESAT XI 5            
1 28895U 05043F   18004.87375159  .00000128  00000-0  33332-4 0  9991
2 28895  97.8852 163.1740 0015993 222.3298 137.6672 14.63494366649759
CUTE-1.7+APD II (CO-65) 
1 32785U 08021C   18005.18739651  .00000205  00000-0  27877-4 0  9992
2 32785  97.5542  25.0971 0012245 213.5784 146.4658 14.88040702524938
COMPASS-1               
1 32787U 08021E   18005.11979537  .00000179  00000-0  22419-4 0  9993
2 32787  97.5412  35.1030 0012616 177.3548 182.7741 14.92875031525620
AAUSAT-II               
1 32788U 08021F   18004.82958508  .00000778  00000-0  77683-4 0  9994
2 32788  97.5386  38.0078 0012261 169.0840 191.0649 14.94177182525785
DELFI-C3 (DO-64)        
1 32789U 08021G   18005.11263162  .00001517  00000-0  10912-3 0  9996
2 32789  97.5347  63.9007 0013687 131.2120 229.0289 15.05648210527240
CANX-2                  
1 32790U 08021H   18005.00342931  .00000169  00000-0  24159-4 0  9999
2 32790  97.5534  23.1746 0012882 216.5185 143.5154 14.87751309524849
SEEDS II (CO-66)        
1 32791U 08021J   18005.00289920  .00000378  00000-0  44156-4 0  9999
2 32791  97.5474  29.8785 0013000 195.8318 164.2496 14.90437336525204
SWISSCUBE               
1 35932U 09051B   18004.96317722  .00000114  00000-0  36707-4 0  9990
2 35932  98.5211 152.4354 0007434 359.8966   0.2228 14.56107330439682
BEESAT                  
1 35933U 09051C   18004.93363975  .00000098  00000-0  32985-4 0  9994
2 35933  98.5250 153.8468 0005948  16.0467 344.0918 14.56216578439706
ITUPSAT 1               
1 35935U 09051E   18004.89651672  .00000068  00000-0  26838-4 0  9992
2 35935  98.5361 154.0634 0008113   7.4015 352.7300 14.55400078439541
TISAT 1                 
1 36799U 10035E   18004.94228015  .00000244  00000-0  30956-4 0  9994
2 36799  98.0840 137.0955 0012872  30.4248 329.7713 14.90659195405635
M-CUBED & EXP-1 PRIME   
1 37855U 11061F   18004.90767216  .00000388  00000-0  28433-4 0  9991
2 37855 101.7205 343.9090 0177879 205.2327 154.0116 15.03960249336632
HORYU 2                 
1 38340U 12025D   18004.91542676  .00000196  00000-0  36920-4 0  9991
2 38340  98.3749  20.9550 0011871  16.5298 343.6295 14.75478545292623
STRAND-1                
1 39090U 13009E   18004.81244427  .00000040  00000-0  29546-4 0  9993
2 39090  98.5342 213.1693 0010222  65.1344 295.0902 14.35005278254372
BRITE-AUSTRIA           
1 39091U 13009F   18004.88847613  .00000004  00000-0  16720-4 0  9997
2 39091  98.5307 212.5691 0011576  71.6480 288.5964 14.35055596254419
UNIBRITE                
1 39092U 13009G   18005.18439253  .00000016  00000-0  20850-4 0  9991
2 39092  98.5318 212.5348 0010411  65.1609 295.0657 14.34930144254444
AIST-2                  
1 39133U 13015D   18005.19415229  .00000090  00000-0  19016-4 0  9996
2 39133  64.8736   7.0745 0034992 248.2503 111.4891 15.04465044258686
SOMP                    
1 39134U 13015E   18004.91637272  .00001046  00000-0  59469-4 0  9998
2 39134  64.8642 294.8692 0029542 231.6725 128.1746 15.18690768259725
BEESAT-3                
1 39135U 13015F   18004.93911360  .00001039  00000-0  63023-4 0  9997
2 39135  64.8700 306.0700 0030479 256.0527 103.7209 15.16296541259507
BEESAT-2                
1 39136U 13015G   18004.91836216  .00000840  00000-0  53648-4 0  9993
2 39136  64.8706 308.4912 0031830 254.1035 105.6581 15.15782704259458
NEE-01 PEGASUS          
1 39151U 13018B   18005.21536281  .00000159  00000-0  28076-4 0  9996
2 39151  97.9796 100.4407 0018403 114.9781 245.3344 14.79836643253412
CUBEBUG-1 (CAPITAN BETO)
1 39153U 13018D   18005.20879281  .00000210  00000-0  34420-4 0  9995
2 39153  97.9826 101.4230 0018316 113.0172 247.2974 14.80319620253480
ESTCUBE 1               
1 39161U 13021C   18005.02588229  .00000149  00000-0  31572-4 0  9993
2 39161  98.0196  93.3154 0008561 212.3053 147.7628 14.72005044250443
POPACS 1                
1 39268U 13055D   18004.74088048  .00002629  00000-0  74580-4 0  9991
2 39268  81.0026 157.5532 0642892 347.7195  10.8918 14.32929721219562
POPACS 2                
1 39269U 13055E   18004.92193877  .00002369  00000-0  68094-4 0  9993
2 39269  81.0143 176.0280 0695727  35.7205 328.8505 14.21316841218722
POPACS 3                
1 39270U 13055F   18004.90833756  .00000975  00000-0  28945-4 0  9992
2 39270  81.0154 186.3527 0722217  66.5794 300.9612 14.14146168198579
ZACUBE-1 (TSHEPISOSAT)  
1 39417U 13066B   18004.93488993  .00000206  00000-0  32577-4 0  9992
2 39417  97.6062  42.1301 0058387 331.0661  28.7319 14.80854280222633
WNISAT-1                
1 39423U 13066H   18005.12936809  .00000006  00000-0  10618-4 0  9995
2 39423  97.7053 342.0250 0175588 166.3843 194.2181 14.52911471218557
TRITON-1                
1 39427U 13066M   18004.94529866  .00000197  00000-0  39260-4 0  9994
2 39427  97.6363  11.7593 0115457  62.7427 298.5485 14.67592152220443
GOMX 1                  
1 39430U 13066Q   18005.15387529  .00000190  00000-0  42937-4 0  9998
2 39430  97.6801 353.9527 0152801 124.9432 236.6232 14.58999958219382
BRITE-PL                
1 39431U 13066R   18005.12202600  .00000037  00000-0  18316-4 0  9996
2 39431  97.7353 330.2630 0201791 210.4759 148.4583 14.46900548217645
HUMSAT-D                
1 39433U 13066T   18004.71169298  .00000575  00000-0  62199-4 0  9992
2 39433  97.6279  66.6209 0029614 266.4608  93.3223 14.91708938224052
EAGLE 2                 
1 39436U 13066W   18004.81870757  .00050979  00000-0  77309-3 0  9996
2 39436  97.7124 127.8522 0005589  68.1108 292.0738 15.54452026226617
CUBEBUG-2 (LO-74)       
1 39440U 13066AA  18005.12799233  .00000207  00000-0  35961-4 0  9993
2 39440  97.6117  29.9716 0080684   6.0939 354.1233 14.75591956221873
NEE-02 KRYSAOR          
1 39441U 13066AB  18005.04826189  .00000131  00000-0  25832-4 0  9998
2 39441  97.6107  28.3124 0082258  10.7122 349.5816 14.74719814221738
FUNCUBE-1 (AO-73)       
1 39444U 13066AE  18005.15060105  .00000254  00000-0  37987-4 0  9991
2 39444  97.6076  43.6508 0057450 326.2845  33.4720 14.81615969221518
UWE-3                   
1 39446U 13066AG  18004.88835347  .00000210  00000-0  34753-4 0  9990
2 39446  97.6077  35.5702 0069952 349.4470  10.5269 14.78124879220400
BRITE-TORONTO           
1 40020U 14033L   18005.21437727  .00000097  00000-0  24946-4 0  9999
2 40020  97.8065 231.5845 0088585  44.6804 316.1494 14.66458489189709
DUCHIFAT-1              
1 40021U 14033M   18004.82983611  .00000423  00000-0  49529-4 0  9991
2 40021  97.9176 283.2554 0013199   3.3494 356.7810 14.90159914192626
FLOCK 1C-10             
1 40023U 14033P   18004.74682352  .00000611  00000-0  70719-4 0  9996
2 40023  97.9195 281.9857 0013535   9.9306 350.2145 14.89082256192495
NANOSATC-BR1            
1 40024U 14033Q   18004.72405927  .00000349  00000-0  42640-4 0  9996
2 40024  97.9122 281.7009 0012506   5.5966 354.5389 14.89444623192547
QB50P1                  
1 40025U 14033R   18004.81365497  .00000261  00000-0  34024-4 0  9994
2 40025  97.9092 280.5157 0012776   8.9610 351.1832 14.88610138192481
FLOCK 1C-7              
1 40026U 14033S   18004.99976913  .00001333  00000-0  14466-3 0  9993
2 40026  97.9228 283.2394 0011716   6.1285 354.0065 14.89826746192594
FLOCK 1C-1              
1 40027U 14033T   18004.70645033  .00000407  00000-0  49048-4 0  9995
2 40027  97.9180 282.2315 0013407   6.6263 353.5187 14.89139534192506
POPSAT-HIP-1            
1 40028U 14033U   18005.13228516  .00000428  00000-0  52103-4 0  9996
2 40028  97.9129 281.1693 0014148   6.4933 353.6487 14.88471900192512
FLOCK 1C-2              
1 40029U 14033V   18004.73237444  .00001465  00000-0  16077-3 0  9993
2 40029  97.9210 282.1013 0014320   4.1497 355.9832 14.89194774192503
FLOCK 1C-4              
1 40031U 14033X   18004.70271121  .00000552  00000-0  64625-4 0  9992
2 40031  97.9190 282.0093 0014933   1.3462 358.7870 14.89007273192488
QB50P2                  
1 40032U 14033Y   18004.78696975  .00000258  00000-0  34020-4 0  9998
2 40032  97.9055 279.3884 0012051   4.7033 355.4294 14.88159803192420
FLOCK 1C-11             
1 40033U 14033Z   18004.76499303 -.00000064  00000-0 -65709-6 0  9990
2 40033  97.9210 283.9826 0012240 354.9225   5.1892 14.90401030192613
ANTELSAT                
1 40034U 14033AA  18004.72727500  .00000235  00000-0  42660-4 0  9997
2 40034  97.8330 247.1037 0059196   5.7893 354.3987 14.73840865190611
FLOCK 1C-9              
1 40035U 14033AB  18004.71420753  .00000610  00000-0  70427-4 0  9996
2 40035  97.9229 282.5381 0012036 356.5776   3.5394 14.89214407192503
FLOCK 1C-6              
1 40036U 14033AC  18004.72089357  .00000869  00000-0  97522-4 0  9990
2 40036  97.9255 282.8112 0012170 358.2638   1.8632 14.89321944192515
PERSEUS-M2              
1 40037U 14033AD  18004.82932596  .00000087  00000-0  16137-4 0  9999
2 40037  97.9060 277.4548 0014691  10.7172 349.4354 14.86311251191761
FLOCK 1C-5              
1 40038U 14033AE  18004.73107023  .00001285  00000-0  14139-3 0  9999
2 40038  97.9233 282.5823 0014470 355.8720   4.2417 14.89295181192509
PERSEUS-M1              
1 40039U 14033AF  18005.21682265  .00000092  00000-0  16817-4 0  9991
2 40039  97.9062 277.2973 0014415   5.9423 354.1960 14.85933832192271
FLOCK 1C-8              
1 40040U 14033AG  18004.72637279  .00000842  00000-0  90360-4 0  9991
2 40040  97.9284 285.3907 0012887 342.4340  17.6449 14.91250317192678
FLOCK 1C-3              
1 40041U 14033AH  18005.00224104  .00001171  00000-0  13046-3 0  9994
2 40041  97.9234 282.5575 0013412 354.3597   5.7447 14.88984497192513
POLYITAN-1              
1 40042U 14033AJ  18004.70007776  .00000365  00000-0  45604-4 0  9995
2 40042  97.9166 280.4604 0014780 356.8794   3.2328 14.88273142191881
TIGRISAT                
1 40043U 14033AK  18005.19424745  .00000156  00000-0  30694-4 0  9990
2 40043  97.8309 248.2250 0060348   5.3131 354.8705 14.74081159190592
LEMUR-1                 
1 40044U 14033AL  18004.85992765  .00000154  00000-0  30523-4 0  9994
2 40044  97.8306 247.5862 0059550   7.7090 352.5020 14.73908437190124
AEROCUBE 6A             
1 40045U 14033AM  18005.16879516  .00000368  00000-0  60841-4 0  9991
2 40045  97.8453 249.9427 0058473   0.1750 359.9470 14.75031202190493
AEROCUBE 6B             
1 40046U 14033AN  18004.89763751  .00000360  00000-0  59706-4 0  9994
2 40046  97.8435 249.5854 0057504   0.6133 359.5137 14.75021720190218
UKUBE-1                 
1 40074U 14037F   18005.02014255  .00000314  00000-0  45119-4 0  9995
2 40074  98.3660 134.2866 0005805 114.9680 245.2109 14.83692809189108
BRITE-PL 2              
1 40119U 14049B   18004.79522520  .00000105  00000-0  19020-4 0  9990
2 40119  97.9272  94.5474 0018315 147.8481 212.3854 14.84237257182972
FIREBIRD 4              
1 40378U 15003C   18005.17849188  .00001472  00000-0  64530-4 0  9997
2 40378  99.1066 234.5495 0134114  52.5895 308.7451 15.16558508161612
GRIFEX                  
1 40379U 15003D   18005.17566650  .00001081  00000-0  51643-4 0  9995
2 40379  99.1100 231.4529 0140704  62.7907 298.7578 15.13841131161437
EXOCUBE                 
1 40380U 15003E   18004.84211028  .00000765  00000-0  39372-4 0  9999
2 40380  99.1151 229.3428 0144909  69.5074 292.1638 15.12148787161251
DEORBITSAIL             
1 40719U 15032E   18004.77916064  .00000382  00000-0  62440-4 0  9998
2 40719  97.9616 260.7909 0015594 211.2281 148.8003 14.76295657134065
TIANWANG 1C (TW-1C)     
1 40926U 15051B   18005.07817940  .00007036  00000-0  14331-3 0  9994
2 40926  97.2054  48.2844 0011527 145.0205 273.2013 15.46492769128083
TIANWANG 1B (TW-1B)     
1 40927U 15051C   18005.16450301  .00007059  00000-0  14960-3 0  9992
2 40927  97.2142  48.2911 0011216 156.0453 248.8864 15.45327576128027
TIANWANG 1A (TW-1A)     
1 40928U 15051D   18005.04892008  .00003084  00000-0  85229-4 0  9995
2 40928  97.2052  42.1844 0011762 181.8880 236.6501 15.37730427127703
LEMUR-2-JOEL            
1 40932U 15052C   17364.31025959 -.00125049  00000-0 -17455-1 0  9992
2 40932   6.0099 267.3132 0013997 159.1516 200.9589 14.77605176122063
LEMUR-2-CHRIS           
1 40933U 15052D   18003.07274498  .00003075  00000-0  32975-3 0  9999
2 40933   6.0062 239.1073 0013396 217.0350 142.8196 14.77771210122632
LEMUR-2-JEROEN          
1 40934U 15052E   18004.00982141  .00002590  00000-0  26889-3 0  9993
2 40934   6.0035 238.8776 0011121 212.0366 147.9100 14.77109443122684
LEMUR-2-PETER           
1 40935U 15052F   18003.11566235  .00001362  00000-0  10031-3 0  9995
2 40935   6.0006 247.3739 0010391 200.9812 158.9927 14.76884053122547
EXACTVIEW 9             
1 40936U 15052G   18004.67202521 -.00002799  00000-0 -48311-3 0  9992
2 40936   5.9968 239.6699 0009034 214.0208 145.8885 14.76332222122767
ATHENOXAT 1             
1 41168U 15077C   18004.70486111  .00000909  00000-0  12856-4 0  9995
2 41168  14.9936 136.4009 0012326 290.7850 282.6381 15.12354582113586
GALASSIA                
1 41170U 15077E   18004.98585726  .00001708  00000-0  56572-4 0  9991
2 41170  14.9883 129.6929 0013400 314.9808  44.9427 15.12773901113671
VELOX 2                 
1 41171U 15077F   18004.67515524  .00001374  00000-0  42008-4 0  9995
2 41171  14.9905 149.2094 0009144 258.5898 101.3395 15.10379134113478
AGGIESAT 4              
1 41313U 98067HP  18005.08392062  .00076415  13513-4  20383-3 0  9995
2 41313  51.6337  34.2206 0001460  28.8509 331.2579 15.94657045110883
HORYU-IV                
1 41340U 16012D   18004.92061142  .00000440  00000-0  26984-4 0  9991
2 41340  31.0051 265.7557 0014296 273.7499  86.1501 15.00852423103346
OUFTI-1                 
1 41458U 16025C   18005.08151100  .00001893  00000-0  10359-3 0  9998
2 41458  98.1596  59.0751 0170684 334.7297  24.5649 15.04126987 92914
E-ST@R-II               
1 41459U 16025D   18005.12805945  .00001720  00000-0  94968-4 0  9995
2 41459  98.1619  59.0240 0171302 335.3523  23.9603 15.03903019 92912
AAUSAT 4                
1 41460U 16025E   18005.11773104  .00001935  00000-0  10556-3 0  9995
2 41460  98.1540  59.2895 0163024 332.4440  26.8210 15.05131237 92950
DIWATA-1                
1 41463U 98067HT  18005.08334823  .00009506  00000-0  93286-4 0  9995
2 41463  51.6416  83.3333 0001075 173.0868 255.6023 15.66833889 96401
FLOCK 2E'-1             
1 41479U 98067HZ  18004.58515472  .00047101  00000-0  20447-3 0  9998
2 41479  51.6323  60.2756 0001996 342.4121  17.6813 15.84342447 93601
FLOCK 2E'-3             
1 41480U 98067JA  18004.56205494  .00048229  00000-0  22505-3 0  9997
2 41480  51.6259  60.8432 0001697 332.2390  27.8522 15.82800790 93586
FLOCK 2E-1              
1 41483U 98067JD  18004.59638970  .00026612  00000-0  15314-3 0  9994
2 41483  51.6346  65.0005 0000933 352.8948   7.2039 15.78522892 93391
FLOCK 2E-2              
1 41484U 98067JE  18005.15211290  .00269678  40854-4  57022-3 0  9998
2 41484  51.6277  53.5757 0006694  35.9664 324.1795 15.98269278 93595
FLOCK 2E-3              
1 41486U 98067JG  18005.18761815  .00031937  00000-0  16457-3 0  9993
2 41486  51.6298  62.1316 0001360  17.7829 342.3220 15.80857952 93502
FLOCK 2E-4              
1 41487U 98067JH  18005.15384560  .00098580  00000-0  44174-3 0  9993
2 41487  51.6292  61.1453 0003822  45.1567 314.9746 15.83371009 93513
FLOCK 2E-6              
1 41563U 98067JM  18004.62281119  .00162618  00000-0  53016-3 0  9994
2 41563  51.6296  65.8238 0004814 353.5703   6.5240 15.89672104 91476
FLOCK 2E-5              
1 41564U 98067JN  18005.18649405  .00019194  00000-0  12895-3 0  9993
2 41564  51.6309  67.4243 0001684 287.7812  72.3003 15.75227627 91498
FLOCK 2E-7              
1 41565U 98067JP  18004.60034159  .00040594  00000-0  18088-3 0  9992
2 41565  51.6264  58.8180 0001037 223.4222 136.6700 15.83861080 91457
FLOCK 2E'-5             
1 41567U 98067JR  18004.61870518  .00017014  00000-0  12214-3 0  9998
2 41567  51.6345  73.4383 0002954 191.2271 168.8663 15.73781198 91233
FLOCK 2E'-6             
1 41568U 98067JS  18005.19093905  .00031299  00000-0  17861-3 0  9994
2 41568  51.6285  63.6204 0001504 216.8093 143.2805 15.78614353 91447
FLOCK 2E'-8             
1 41569U 98067JT  18005.13455347  .00042994  00000-0  18087-3 0  9996
2 41569  51.6302  54.9125 0001036   8.5903 351.5118 15.85043374 91436
FLOCK 2E-9              
1 41571U 98067JV  17358.79358663  .07570510  12393-4  99252-3 0  9996
2 41571  51.6107 107.3098 0009920 356.3054   4.2290 16.34648771 89702
FLOCK 2E-10             
1 41572U 98067JW  18004.57837025  .00104973  00000-0  46675-3 0  9994
2 41572  51.6327  61.0320 0000273 221.4386 138.6597 15.83517806 91288
FLOCK 2E-12             
1 41573U 98067JX  18004.57168239  .00051850  00000-0  20903-3 0  9990
2 41573  51.6295  57.9032 0000961 277.1805  82.9089 15.85846393 91325
FLOCK 2E-11             
1 41574U 98067JY  18004.57695118  .00047135  00000-0  19696-3 0  9990
2 41574  51.6234  57.0659 0001612 259.3527 100.7295 15.85141924 91339
FLOCK 2E'-9             
1 41575U 98067JZ  18005.16456090  .00068813  12902-4  22582-3 0  9993
2 41575  51.6264  49.6888 0002479 317.3489  42.7325 15.90787987 91473
FLOCK 2E'-10            
1 41576U 98067KA  18005.15449278  .00094111  00000-0  32847-3 0  9990
2 41576  51.6292  53.5613 0001851 293.8634  66.2177 15.88550206 91327
FLOCK 2E'-11            
1 41577U 98067KB  18004.59905939  .00043609  00000-0  19545-3 0  9995
2 41577  51.6324  59.6843 0001052 227.9465 132.1449 15.83704201 91011
FLOCK 2E'-12            
1 41578U 98067KC  18004.99081824  .00096343  14688-4  28387-3 0  9996
2 41578  51.6223  51.5216 0001629 359.6589   0.4416 15.92603554 91150
FLOCK 2P-6              
1 41606U 16040H   18004.88617130  .00002420  00000-0  10343-3 0  9997
2 41606  97.4354  70.9177 0012118  89.1884 271.0742 15.23758220 85408
FLOCK 2P-11             
1 41608U 16040K   18005.15583091  .00002447  00000-0  10485-3 0  9994
2 41608  97.4349  71.1404 0012167  88.1605 272.1026 15.23662982 85387
FLOCK 2P-2              
1 41609U 16040L   18004.84064927  .00001232  00000-0  54092-4 0  9996
2 41609  97.4356  70.8324 0012027  88.7994 271.4621 15.23777896 85312
FLOCK 2P-9              
1 41610U 16040M   18004.78713695  .00000939  00000-0  41975-4 0  9993
2 41610  97.4353  70.7309 0012355  89.0980 271.1672 15.23758332 85188
FLOCK 2P-4              
1 41611U 16040N   18005.14479564  .00002691  00000-0  11472-3 0  9994
2 41611  97.4377  71.3538 0012399  96.0628 264.2022 15.23753579 85406
FLOCK 2P-10             
1 41612U 16040P   18004.79286439  .00001667  00000-0  72201-4 0  9992
2 41612  97.4386  71.0949 0012229  96.9873 263.2756 15.23754449 85357
FLOCK 2P-8              
1 41613U 16040Q   18004.87642708  .00003012  00000-0  12807-3 0  9998
2 41613  97.4379  71.1069 0012366  96.0788 264.1858 15.23747068 85365
FLOCK 2P-12             
1 41614U 16040R   18004.90235490  .00001117  00000-0  49381-4 0  9991
2 41614  97.4391  71.2974 0012072  96.2877 263.9736 15.23747205 85377
FLOCK 2P-7              
1 41615U 16040S   18004.87073242  .00000840  00000-0  38027-4 0  9990
2 41615  97.4379  71.0948 0012434  97.0051 263.2601 15.23605913 85360
FLOCK 2P-5              
1 41616U 16040T   18004.71639313  .00001073  00000-0  47560-4 0  9992
2 41616  97.4392  71.0871 0012029  96.5170 263.7437 15.23733024 85320
FLOCK 2P-1              
1 41617U 16040U   18005.16221630  .00002040  00000-0  87691-4 0  9996
2 41617  97.4391  71.5673 0012094  95.5308 264.7309 15.23744399 85415
FLOCK 2P-3              
1 41618U 16040V   18004.79880935  .00001027  00000-0  45625-4 0  9999
2 41618  97.4393  71.1244 0012007  96.7543 263.5061 15.23743324 85358
BEESAT-4                
1 41619U 16040W   18004.81034466  .00001219  00000-0  56975-4 0  9996
2 41619  97.4380  70.0709 0013403  84.4763 275.8002 15.21633279 73249
3CAT-2                  
1 41732U 16051B   18005.12325249  .00001324  00000-0  54815-4 0  9999
2 41732  97.3772 284.1692 0012196 285.6150 181.5139 15.25634422 77312
FLOCK 2E'-13            
1 41761U 98067KH  18004.82780202  .00032795  00000-0  26770-3 0  9992
2 41761  51.6348  90.7222 0006576 313.4466  46.5984 15.70255260 74461
FLOCK 2E'-14            
1 41762U 98067KJ  18004.65700667  .00012064  00000-0  11693-3 0  9996
2 41762  51.6372  91.8883 0005278 295.5269  64.5181 15.66831315 74435
FLOCK 2E'-16            
1 41763U 98067KK  18004.80245047  .00036337  00000-0  28385-3 0  9995
2 41763  51.6360  89.0972 0006086 326.8042  33.2573 15.71261757 74448
FLOCK 2E'-15            
1 41764U 98067KL  18004.74711446  .00009445  00000-0  95843-4 0  9994
2 41764  51.6374  92.4881 0004949 304.3698  55.6829 15.65994639 74396
FLOCK 2E'-18            
1 41769U 98067KM  18005.23546194  .00009294  00000-0  94143-4 0  9994
2 41769  51.6373  89.7427 0004012 328.3409  31.7345 15.66067200 74475
FLOCK 2E'-17            
1 41776U 98067KN  18004.78328515  .00037774  00000-0  32160-3 0  9990
2 41776  51.6368  91.2520 0005604 339.9724  20.1052 15.69170918 74409
FLOCK 2E'-19            
1 41777U 98067KP  18004.65896498  .00016224  00000-0  12622-3 0  9995
2 41777  51.6350  84.3046 0003433 327.8062  32.2726 15.71915588 74445
FLOCK 2E'-20            
1 41782U 98067KQ  18004.66578018  .00016400  00000-0  13604-3 0  9994
2 41782  51.6358  86.6605 0003478 321.7577  38.3174 15.70362066 74280
CANX-7                  
1 41788U 16059F   18005.18869387  .00005567  00000-0  98475-3 0  9992
2 41788  98.1940  71.2482 0032284 243.6228 116.1708 14.67426287 68185
ALSAT 1N                
1 41789U 16059G   18005.10286433  .00000093  00000-0  26827-4 0  9992
2 41789  98.1423  70.0005 0027034 239.4720 120.3822 14.64116728 68151
RAVAN                   
1 41849U 16067B   18005.18983516  .00001193  00000-0  10762-3 0  9994
2 41849  97.9363  91.5108 0008058 359.0364   1.0841 14.97497656 62730
CELTEE 1                
1 41850U 16067C   18005.17409851  .00000607  00000-0  58451-4 0  9997
2 41850  97.9344  91.2002 0008364 356.5206   3.5956 14.96720681 62716
OPTICUBE 04             
1 41851U 16067D   18004.79076537  .00000381  00000-0  38781-4 0  9999
2 41851  97.9348  90.7663 0008765   0.2385 359.8838 14.96607740 62653
AEROCUBE 8D             
1 41852U 16067E   18005.20731350 -.00000287  00000-0 -19916-4 0  9994
2 41852  97.9359  91.0553 0009565 355.5781   4.5353 14.96388672 62705
AEROCUBE 8C             
1 41853U 16067F   18005.21756535 -.00000094  00000-0 -29113-5 0  9995
2 41853  97.9353  91.0391 0009853 355.6095   4.5037 14.96350119 62703
PROMETHEUS 2-1          
1 41854U 16067G   18005.23232933  .00000526  00000-0  51729-4 0  9994
2 41854  97.9357  91.0317 0009948 355.3855   4.7272 14.96398060 62702
PROMETHEUS 2-3          
1 41855U 16067H   18004.76656811  .00000555  00000-0  54334-4 0  9994
2 41855  97.9360  90.5605 0010145 357.4051   2.7115 14.96393076 62631
LEMUR-2-XIAOQING        
1 41871U 16062C   18004.96774656  .00002428  00000-0  11384-3 0  9995
2 41871  51.6381 207.5880 0002635 206.3213 153.7632 15.23609927 61693
LEMUR-2-SOKOLSKY        
1 41872U 16062D   18005.20843166  .00000504  00000-0  34614-4 0  9992
2 41872  51.7023 206.6392 0004351 206.6012 153.4742 15.23659336 61725
LEMUR-2-ANUBHAVTHAKUR   
1 41873U 16062E   18004.96351538  .00001195  00000-0  65824-4 0  9996
2 41873  51.6359 209.6786 0004327 210.2573 149.8155 15.22051186 61649
LEMUR-2-WINGO           
1 41874U 16062F   18004.95641435  .00001917  00000-0  93746-4 0  9990
2 41874  51.6678 208.2547 0006177 194.8652 165.2144 15.23259870 61678
STARS-C                 
1 41895U 98067KR  18005.20637558  .00098150  00000-0  39273-3 0  9997
2 41895  51.6335  81.8933 0005532 350.9665   9.1238 15.85732045 59730
ITF-2                   
1 41932U 98067KU  18004.69157572  .00016716  00000-0  15516-3 0  9996
2 41932  51.6389  97.4024 0004442 304.0542  56.0032 15.67582969 55050
WASEDA-SAT3             
1 41933U 98067KV  18004.70104036  .00022757  00000-0  19026-3 0  9998
2 41933  51.6362  95.1520 0004431 307.9518  52.1079 15.69910130 55089
AOBA-VELOX 3            
1 41935U 98067KX  18004.83726498  .00020157  00000-0  17509-3 0  9992
2 41935  51.6379  95.3560 0004023 308.5832  51.4805 15.69067038 55199
OSNSAT                  
1 41939U 98067KZ  18005.23792920  .00781564  35309-3  74444-3 0  9994
2 41939  51.6247  72.1612 0007216   8.8445 351.3027 16.11212202 54780
FLOCK 3P-8              
1 41951U 17008D   18004.80133919  .00002109  00000-0  90686-4 0  9998
2 41951  97.4714  70.4576 0007965 195.0637 165.0364 15.23745098 49227
FLOCK 3P-51             
1 41952U 17008E   18004.89896293  .00000938  00000-0  41922-4 0  9996
2 41952  97.4723  70.6589 0007425 214.1610 145.9150 15.23798969 49246
FLOCK 3P-37             
1 41953U 17008F   18005.21112050  .00002141  00000-0  90380-4 0  9996
2 41953  97.4718  71.1508 0006638 217.0766 143.0014 15.24360627 49297
INS-1B                  
1 41954U 17008G   18004.89536551  .00001169  00000-0  53435-4 0  9995
2 41954  97.4689  70.0835 0009071 196.9221 163.1714 15.22544633 49155
FLOCK 3P-19             
1 41955U 17008H   18004.94638567  .00002459  00000-0  10522-3 0  9994
2 41955  97.4712  70.5524 0008748 195.5923 164.5046 15.23746957 49165
FLOCK 3P-24             
1 41956U 17008J   18004.86690152  .00002621  00000-0  11093-3 0  9999
2 41956  97.4706  70.5010 0008653 192.0959 168.0072 15.24065981 49233
FLOCK 3P-18             
1 41957U 17008K   18005.13383430  .00002102  00000-0  89864-4 0  9995
2 41957  97.4707  70.7614 0008694 193.2847 166.8162 15.23943604 49110
FLOCK 3P-22             
1 41958U 17008L   18004.82048515  .00000610  00000-0  28431-4 0  9998
2 41958  97.4714  70.4200 0008564 194.6658 165.4332 15.23633463 49054
FLOCK 3P-21             
1 41959U 17008M   18004.87637472  .00000692  00000-0  31872-4 0  9993
2 41959  97.4722  70.5198 0008389 196.1284 163.9687 15.23627548 49073
FLOCK 3P-28             
1 41960U 17008N   18004.93940431  .00001481  00000-0  64578-4 0  9990
2 41960  97.4717  70.5804 0008264 193.9915 166.1094 15.23737294 49168
FLOCK 3P-26             
1 41961U 17008P   18005.14235164  .00001884  00000-0  81280-4 0  9991
2 41961  97.4713  70.7649 0008507 192.7265 167.3758 15.23761459 49114
FLOCK 3P-17             
1 41962U 17008Q   18004.86276062  .00004060  00000-0  17159-3 0  9994
2 41962  97.4713  70.5277 0008158 196.8727 163.2239 15.23784426 49028
FLOCK 3P-27             
1 41963U 17008R   18005.15158995  .00001674  00000-0  72530-4 0  9995
2 41963  97.4715  70.7547 0008599 193.4903 166.6105 15.23782523 49116
FLOCK 3P-25             
1 41964U 17008S   18004.94284023  .00001464  00000-0  63892-4 0  9992
2 41964  97.4715  70.5671 0008238 194.2862 165.8144 15.23740802 49068
FLOCK 3P-4              
1 41965U 17008T   18005.13288107  .00001558  00000-0  67772-4 0  9997
2 41965  97.4717  70.7833 0008109 194.8171 165.2830 15.23743490 49195
FLOCK 3P-2              
1 41966U 17008U   18004.87131086  .00001434  00000-0  62628-4 0  9999
2 41966  97.4719  70.5280 0008065 193.6440 166.4580 15.23738820 49072
FLOCK 3P-1              
1 41967U 17008V   18004.89840632  .00001819  00000-0  78990-4 0  9992
2 41967  97.4718  70.4982 0008131 195.8812 164.2171 15.23582969 49074
FLOCK 3P-3              
1 41968U 17063B   18004.87487282  .00001729  00000-0  74935-4 0  9995
2 41968  97.4714  70.5128 0008130 194.2593 165.8416 15.23716006 49151
FLOCK 3P-6              
1 41969U 17008X   18004.86876530  .00002936  00000-0  12506-3 0  9998
2 41969  97.4718  70.5322 0007969 193.4842 166.6183 15.23751213 49068
FLOCK 3P-7              
1 41970U 17008Y   18004.71697521  .00001035  00000-0  45997-4 0  9995
2 41970  97.4721  70.4305 0007962 197.3915 162.7050 15.23778310 49046
FLOCK 3P-5              
1 41971U 17008Z   18004.80063690  .00001404  00000-0  61395-4 0  9990
2 41971  97.4723  70.4786 0007915 197.0616 163.0355 15.23745198 48998
FLOCK 3P-12             
1 41972U 17008AA  18004.86477755  .00002797  00000-0  11926-3 0  9998
2 41972  97.4718  70.5431 0007773 196.9487 163.1491 15.23758916 49150
FLOCK 3P-9              
1 41973U 17008AB  18004.73680702  .00001855  00000-0  80113-4 0  9992
2 41973  97.4723  70.4133 0007937 195.3100 164.7898 15.23752738 49134
FLOCK 3P-10             
1 41974U 17008AC  18004.72380806  .00001429  00000-0  62412-4 0  9993
2 41974  97.4724  70.4350 0007752 196.7461 163.3521 15.23759000 49011
FLOCK 3P-11             
1 41975U 17008AD  18004.86952134  .00002946  00000-0  12551-3 0  9991
2 41975  97.4720  70.5422 0008046 195.2787 164.8208 15.23742685 49043
FLOCK 3P-60             
1 41976U 17008AE  18004.90803505  .00001697  00000-0  73450-4 0  9992
2 41976  97.4725  70.6516 0007636 197.2317 162.8662 15.23802156 48411
FLOCK 3P-58             
1 41977U 17008AF  18004.79972913  .00001537  00000-0  66912-4 0  9998
2 41977  97.4722  70.4797 0007685 196.5847 163.5140 15.23743074 49224
FLOCK 3P-57             
1 41978U 17008AG  18004.72559860  .00001313  00000-0  57596-4 0  9994
2 41978  97.4723  70.4263 0007806 195.5135 164.5864 15.23733994 49053
FLOCK 3P-75             
1 41979U 17008AH  18004.92151243  .00001503  00000-0  65464-4 0  9994
2 41979  97.4744  70.7220 0007924 198.2998 161.7955 15.23752680 49234
FLOCK 3P-70             
1 41980U 17008AJ  18004.91992106  .00001608  00000-0  69836-4 0  9999
2 41980  97.4746  70.7274 0007928 197.8925 162.2034 15.23750705 49089
FLOCK 3P-73             
1 41981U 17008AK  18004.86377083  .00001416  00000-0  61914-4 0  9991
2 41981  97.4746  70.6510 0008108 199.3375 160.7556 15.23731352 49202
FLOCK 3P-88             
1 41982U 17008AL  18004.91672721  .00001741  00000-0  75366-4 0  9992
2 41982  97.4739  70.7206 0007939 197.9858 162.1099 15.23764231 48185
FLOCK 3P-85             
1 41983U 17008AM  18005.16474100  .00001932  00000-0  83154-4 0  9998
2 41983  97.4741  71.0110 0007824 200.8103 159.2816 15.23812986 49127
FLOCK 3P-79             
1 41984U 17008AN  18004.63979447  .00001119  00000-0  49457-4 0  9999
2 41984  97.4747  70.4859 0007447 201.9243 158.1676 15.23794168 49049
FLOCK 3P-86             
1 41985U 17008AP  18005.16652002  .00001050  00000-0  46623-4 0  9990
2 41985  97.4743  71.0019 0007499 199.3594 160.7359 15.23779984 49111
FLOCK 3P-36             
1 41986U 17008AQ  18004.84061933  .00001054  00000-0  46736-4 0  9991
2 41986  97.4728  70.5957 0007286 197.6279 162.4706 15.23798183 48559
FLOCK 3P-30             
1 41987U 17008AR  18004.76653246  .00001179  00000-0  52006-4 0  9992
2 41987  97.4728  70.5422 0007156 199.2618 160.8350 15.23762824 49010
FLOCK 3P-34             
1 41988U 17008AS  18005.17214153  .00001069  00000-0  47370-4 0  9995
2 41988  97.4722  70.9018 0007437 193.9974 166.1058 15.23796605 48600
FLOCK 3P-35             
1 41989U 17008AT  18004.91254614  .00001026  00000-0  45633-4 0  9996
2 41989  97.4722  70.6342 0007583 195.1222 164.9789 15.23772122 48560
FLOCK 3P-33             
1 41990U 17008AU  18004.77589922  .00000962  00000-0  42929-4 0  9998
2 41990  97.4724  70.5172 0007187 196.2168 163.8840 15.23801626 48541
LEMUR-2-SATCHMO         
1 41991U 17008AV  18004.80286542  .00001011  00000-0  46094-4 0  9998
2 41991  97.4714  70.3128 0007255 199.7039 160.3919 15.22928038 48535
LEMUR-2-MIA-GRACE       
1 41992U 17008AW  18004.88285065  .00001525  00000-0  67098-4 0  9993
2 41992  97.4718  70.5241 0007173 199.6279 160.4683 15.23399121 48559
LEMUR-2-SMITA-SHARAD    
1 41993U 17008AX  18004.71319430  .00001108  00000-0  49981-4 0  9998
2 41993  97.4713  70.2816 0007171 199.8494 160.2465 15.23096333 48521
LEMUR-2-SPIRE-MINIONS   
1 41994U 17008AY  18005.15436653  .00001466  00000-0  64691-4 0  9997
2 41994  97.4714  70.7646 0007270 197.8143 162.2840 15.23358646 48592
LEMUR-2-RDEATON         
1 41995U 17008AZ  18004.90261646  .00001134  00000-0  51006-4 0  9996
2 41995  97.4715  70.4921 0007911 215.2642 144.8072 15.23151902 49239
LEMUR-2-NOGUECORREIG    
1 41996U 17008BA  18005.20595148  .00001368  00000-0  60528-4 0  9996
2 41996  97.4722  70.8621 0007868 214.2461 145.8269 15.23368216 48504
LEMUR-2-JOBANPUTRA      
1 41997U 17008BB  18004.72335182  .00001133  00000-0  50486-4 0  9995
2 41997  97.4724  70.4369 0007819 215.8524 144.2189 15.23496960 48529
LEMUR-2-TACHIKOMA       
1 41998U 17008BC  18004.91083015  .00001078  00000-0  48784-4 0  9998
2 41998  97.4713  70.4785 0007821 215.6275 144.4440 15.23050125 48479
BGUSAT                  
1 41999U 17008BD  18004.89164824  .00001656  00000-0  71632-4 0  9994
2 41999  97.4728  70.6887 0007728 216.2092 143.8622 15.23852666 48555
DIDO-2                  
1 42000U 17008BE  18004.86370751  .00000910  00000-0  41895-4 0  9993
2 42000  97.4710  70.3818 0007766 216.7448 143.3256 15.22849770 48541
FLOCK 3P-49             
1 42001U 17008BF  18005.15679704  .00001075  00000-0  47683-4 0  9991
2 42001  97.4725  70.9314 0007418 215.1337 144.9412 15.23758876 49122
FLOCK 3P-67             
1 42002U 17008BG  18004.89447729  .00002025  00000-0  86748-4 0  9993
2 42002  97.4719  70.6623 0007339 214.8840 145.1917 15.23921594 49248
FLOCK 3P-68             
1 42003U 17008BH  18004.83535805  .00001116  00000-0  49348-4 0  9996
2 42003  97.4721  70.5824 0007500 214.0437 146.0320 15.23799176 48873
FLOCK 3P-41             
1 42004U 17008BJ  18005.15192797  .00000954  00000-0  42611-4 0  9997
2 42004  97.4721  70.9189 0007280 214.9877 145.0883 15.23784511 49112
FLOCK 3P-45             
1 42005U 17008BK  18005.15255286  .00002065  00000-0  88393-4 0  9993
2 42005  97.4718  70.9293 0007238 215.0044 145.0718 15.23932429 49273
FLOCK 3P-48             
1 42006U 17008BL  18004.82682438  .00001034  00000-0  45951-4 0  9998
2 42006  97.4727  70.6066 0007122 216.9884 143.0863 15.23769653 49011
FLOCK 3P-43             
1 42007U 17008BM  18004.76122991  .00000647  00000-0  29973-4 0  9990
2 42007  97.4724  70.5289 0007087 217.1172 142.9576 15.23677926 49221
FLOCK 3P-42             
1 42008U 17008BN  18004.75966351  .00001288  00000-0  56545-4 0  9993
2 42008  97.4721  70.5233 0007111 217.0423 143.0324 15.23766549 49148
FLOCK 3P-61             
1 42009U 17008BP  18004.75870597  .00001365  00000-0  59777-4 0  9996
2 42009  97.4723  70.5314 0006927 219.4940 140.5793 15.23749943 49191
FLOCK 3P-40             
1 42010U 17008BQ  18005.21220525  .00001509  00000-0  65752-4 0  9990
2 42010  97.4716  70.9741 0006901 218.4758 141.5988 15.23747203 48521
FLOCK 3P-16             
1 42011U 17008BR  18004.87212617  .00001573  00000-0  68440-4 0  9993
2 42011  97.4717  70.6659 0006516 220.1580 139.9176 15.23737698 48418
FLOCK 3P-14             
1 42012U 17008BS  18004.87238158  .00001677  00000-0  72593-4 0  9991
2 42012  97.4726  70.6837 0006751 222.3382 137.7335 15.23819573 49037
FLOCK 3P-53             
1 42013U 17008BT  18005.20425303  .00001091  00000-0  48320-4 0  9991
2 42013  97.4713  70.9705 0006550 218.8833 141.1934 15.23780232 49087
FLOCK 3P-54             
1 42014U 17008BU  18004.87897568  .00001520  00000-0  66270-4 0  9991
2 42014  97.4719  70.6583 0006468 221.1683 138.9067 15.23718793 49245
PEASSS                  
1 42015U 17008BV  18004.92479221  .00001083  00000-0  48266-4 0  9999
2 42015  97.4704  70.7177 0005507 222.7122 137.3687 15.23583419 49053
AL-FARABI 1             
1 42016U 17008BW  18005.15293825  .00001318  00000-0  57576-4 0  9995
2 42016  97.4708  71.0390 0005437 222.1389 137.9431 15.23895610 49210
NAYIF-1 (EO-88)         
1 42017U 17008BX  18005.14954291  .00001347  00000-0  58726-4 0  9996
2 42017  97.4707  71.0404 0005392 222.4496 137.6325 15.23915296 49232
FLOCK 3P-23             
1 42018U 17008BY  18005.14042912  .00002057  00000-0  88574-4 0  9998
2 42018  97.4710  70.7565 0008403 192.7396 167.3630 15.23724680 48047
FLOCK 3P-76             
1 42019U 17008BZ  18004.91058142  .00001487  00000-0  64751-4 0  9992
2 42019  97.4747  70.7472 0007897 199.8734 160.2196 15.23780015 49072
FLOCK 3P-69             
1 42020U 17008CA  18004.84342328  .00001072  00000-0  47504-4 0  9995
2 42020  97.4746  70.6829 0007805 198.5547 161.5407 15.23783432 47955
FLOCK 3P-84             
1 42021U 17008CB  18005.11632202  .00001504  00000-0  65499-4 0  9993
2 42021  97.4742  70.9127 0008192 197.9501 162.1448 15.23763746 49117
FLOCK 3P-59             
1 42022U 17008CC  18004.91840209  .00002220  00000-0  94968-4 0  9998
2 42022  97.4718  70.6302 0007591 198.2925 161.8040 15.23861671 48107
FLOCK 3P-32             
1 42023U 17008CD  18004.79229692  .00001578  00000-0  68666-4 0  9993
2 42023  97.4724  70.4952 0007673 194.9035 165.1977 15.23729265 49222
FLOCK 3P-71             
1 42024U 17008CE  18004.87541746  .00002043  00000-0  87938-4 0  9991
2 42024  97.4742  70.6466 0007880 200.4080 159.6843 15.23748035 48100
FLOCK 3P-77             
1 42025U 17008CF  18005.17443342  .00000997  00000-0  44417-4 0  9990
2 42025  97.4744  70.9963 0007841 199.1483 160.9461 15.23772356 49123
FLOCK 3P-80             
1 42026U 17008CG  18004.89424328  .00001804  00000-0  77689-4 0  9997
2 42026  97.4740  70.7529 0007432 199.8306 160.2643 15.23893052 47224
FLOCK 3P-66             
1 42027U 17008CH  18004.76903383  .00001598  00000-0  69365-4 0  9999
2 42027  97.4726  70.5305 0007517 213.4719 146.6044 15.23780152 49179
FLOCK 3P-65             
1 42028U 17008CJ  18005.16102928  .00000973  00000-0  43403-4 0  9992
2 42028  97.4725  70.9250 0007410 212.3795 147.6988 15.23785895 49139
FLOCK 3P-50             
1 42029U 17008CK  18005.15756079  .00001041  00000-0  46220-4 0  9991
2 42029  97.4727  70.9388 0007197 214.6437 145.4332 15.23783535 48456
FLOCK 3P-52             
1 42030U 17008CL  18004.76561090  .00001367  00000-0  59797-4 0  9990
2 42030  97.4725  70.5296 0007263 215.4345 144.6410 15.23771382 49165
FLOCK 3P-46             
1 42031U 17008CM  18004.82609514  .00001240  00000-0  54525-4 0  9996
2 42031  97.4722  70.5927 0007184 216.2599 143.8151 15.23766740 49206
FLOCK 3P-47             
1 42032U 17008CN  18004.76214650  .00001211  00000-0  53331-4 0  9995
2 42032  97.4720  70.5234 0007108 217.0485 143.0262 15.23765834 49045
FLOCK 3P-44             
1 42033U 17008CP  18005.15129526  .00000672  00000-0  31022-4 0  9990
2 42033  97.4725  70.9329 0007183 218.2969 141.7758 15.23659722 47853
FLOCK 3P-64             
1 42034U 17008CQ  18004.82245129  .00001318  00000-0  57781-4 0  9990
2 42034  97.4720  70.5893 0006981 219.0114 141.0621 15.23750409 49226
FLOCK 3P-63             
1 42035U 17008CR  18005.14840806  .00002811  00000-0  11997-3 0  9997
2 42035  97.4714  70.9138 0006988 217.2037 142.8716 15.23727303 47248
FLOCK 3P-62             
1 42036U 17008CS  18004.86303430  .00002127  00000-0  90764-4 0  9993
2 42036  97.4717  70.6895 0006952 220.5315 139.5405 15.24009191 48402
FLOCK 3P-38             
1 42037U 17008CT  18004.81873104  .00002798  00000-0  11937-3 0  9997
2 42037  97.4717  70.5914 0006657 219.1829 140.8927 15.23738590 49170
FLOCK 3P-39             
1 42038U 17008CU  18004.75062914  .00001342  00000-0  58835-4 0  9993
2 42038  97.4716  70.5137 0006861 220.2261 139.8469 15.23722653 49113
FLOCK 3P-15             
1 42039U 17008CV  18004.75601958  .00001411  00000-0  61678-4 0  9997
2 42039  97.4718  70.5199 0006773 219.7043 140.3699 15.23747231 48397
FLOCK 3P-13             
1 42040U 17008CW  18004.94664589  .00001056  00000-0  46987-4 0  9990
2 42040  97.4723  70.7339 0006643 220.3931 139.6814 15.23691568 48417
FLOCK 3P-55             
1 42041U 17008CX  18004.72846802  .00001437  00000-0  62813-4 0  9996
2 42041  97.4722  70.5603 0006355 225.0442 135.0280 15.23718491 49220
FLOCK 3P-56             
1 42042U 17008CY  18004.88943895  .00002115  00000-0  89584-4 0  9992
2 42042  97.4713  70.7896 0006306 222.9937 137.0808 15.24266024 49047
FLOCK 3P-81             
1 42043U 17008CZ  18004.90491300  .00001134  00000-0  50007-4 0  9993
2 42043  97.4744  70.7443 0007724 201.2935 158.7982 15.23840889 48423
FLOCK 3P-87             
1 42044U 17008DA  18004.78454712  .00001338  00000-0  58629-4 0  9990
2 42044  97.4741  70.5820 0007963 198.9761 161.1180 15.23754852 48558
FLOCK 3P-29             
1 42045U 17008DB  18004.91763144  .00001516  00000-0  65988-4 0  9992
2 42045  97.4723  70.6332 0007743 194.7560 165.3452 15.23772523 48424
FLOCK 3P-82             
1 42046U 17008DC  18005.10865566  .00002137  00000-0  91327-4 0  9992
2 42046  97.4738  70.9229 0007964 198.4240 161.6709 15.23946812 48507
FLOCK 3P-78             
1 42047U 17008DD  18004.91477649  .00001438  00000-0  62706-4 0  9994
2 42047  97.4743  70.7264 0007869 198.1415 161.9542 15.23782590 48404
FLOCK 3P-74             
1 42048U 17008DE  18004.72787500  .00001407  00000-0  61529-4 0  9992
2 42048  97.4746  70.5276 0008128 200.0502 160.0417 15.23730454 48377
FLOCK 3P-31             
1 42049U 17008DF  18004.72946955  .00001171  00000-0  51694-4 0  9994
2 42049  97.4723  70.4274 0007787 196.6836 163.4146 15.23751166 47839
FLOCK 3P-83             
1 42050U 17008DG  18004.86184540  .00002842  00000-0  12118-3 0  9998
2 42050  97.4739  70.6403 0007991 200.2888 159.8033 15.23736973 49127
FLOCK 3P-72             
1 42051U 17008DH  18004.90774713  .00000620  00000-0  28864-4 0  9999
2 42051  97.4750  70.7539 0007671 198.6007 161.4951 15.23624379 46727
LEMUR-2-REDFERN-GOES    
1 42059U 98067LA  18005.13231060  .00017054  00000-0  16268-3 0  9993
2 42059  51.6369  98.0504 0006236 331.5630  28.5024 15.66876018 47578
LEMUR-2-TRUTNA          
1 42067U 98067LC  18004.85771061  .00058578  00000-0  32865-3 0  9997
2 42067  51.6407  90.1566 0005254 333.8281  26.2454 15.78686540 47481
LEMUR-2-AUSTINTACIOUS   
1 42068U 98067LD  18005.22298079  .00018658  00000-0  16268-3 0  9997
2 42068  51.6373  95.6536 0005835 323.8712  36.1890 15.69026154 47544
LEMUR-2-TRUTNAHD        
1 42069U 98067LE  18005.13236534  .00018902  00000-0  17410-3 0  9998
2 42069  51.6379  97.3240 0005590 330.0812  29.9864 15.67666655 47568
HAVELSAT                
1 42700U 98067LH  18004.77073376  .00014707  00000-0  16014-3 0  9990
2 42700  51.6384 105.4107 0004945 354.5266   5.5674 15.63666360 36393
SOMP 2                  
1 42701U 98067LJ  18004.87784745  .00013583  00000-0  15139-3 0  9999
2 42701  51.6379 105.3762 0004950 354.7948   5.2995 15.63144189 36392
COLUMBIA                
1 42702U 98067LK  18005.23408008  .00092221  00000-0  47598-3 0  9996
2 42702  51.6318  94.1628 0006347 343.7471  16.3326 15.80337667 36501
SGSAT                   
1 42703U 98067LL  18004.85280629  .00046515  00000-0  34453-3 0  9992
2 42703  51.6344  99.8986 0003208 305.7745  54.2955 15.72426138 36383
CXBN-2                  
1 42704U 98067LM  18004.68733576  .00016247  00000-0  17904-3 0  9999
2 42704  51.6388 106.3597 0001949 296.0158  64.0636 15.63271761 36299
ICECUBE                 
1 42705U 98067LN  18004.73507826  .00025651  00000-0  25112-3 0  9992
2 42705  51.6416 104.4628 0002392 303.3597  56.7169 15.65944103 36386
PHOENIX                 
1 42706U 98067LP  18004.86480963  .00014468  00000-0  16126-3 0  9998
2 42706  51.6381 105.2917 0001128 314.6008  45.4895 15.63086265 36314
X-CUBESAT               
1 42707U 98067LQ  18004.71597796  .00015384  00000-0  16701-3 0  9993
2 42707  51.6364 105.7769 0001393 313.5170  46.5709 15.63706733 36289
QBEE50-LTU-OC           
1 42708U 98067LR  18004.73245976  .00015570  00000-0  17099-3 0  9994
2 42708  51.6377 105.8939 0001351 313.0099  47.0782 15.63398434 36241
ALTAIR PATHFINDER       
1 42711U 98067LS  18004.81903011  .00009043  00000-0  11456-3 0  9997
2 42711  51.6381 107.9785 0003781 290.8005  69.2583 15.60294872 35938
SHARC                   
1 42712U 98067LT  18004.73240733  .00006992  00000-0  92968-4 0  9992
2 42712  51.6398 108.9229 0002021 299.7227  60.3565 15.59429177 36154
ZA-AEROSAT              
1 42713U 98067LU  18004.70777895  .00013500  00000-0  15728-3 0  9995
2 42713  51.6376 107.2388 0002181 283.0716  77.0035 15.62007094 35931
LINK                    
1 42714U 98067LV  18004.82559841  .00024783  00000-0  24238-3 0  9999
2 42714  51.6351 104.2480 0002600 290.4101  69.6616 15.65989715 36093
CSUNSAT 1               
1 42715U 98067LW  18004.82879807  .00013731  00000-0  15848-3 0  9995
2 42715  51.6386 106.5490 0003993 281.2677  78.7868 15.62230986 35950
UPSAT                   
1 42716U 98067LX  18004.77411336  .00019312  00000-0  19693-3 0  9992
2 42716  51.6376 104.6788 0003540 352.7331   7.3613 15.65108764 36103
SPACECUBE               
1 42717U 98067LY  18004.75149197  .00015375  00000-0  16960-3 0  9993
2 42717  51.6374 106.0265 0003508 354.9725   5.1233 15.63294085 35320
HOOPOE                  
1 42718U 98067LZ  18004.88932641  .00016811  00000-0  17818-3 0  9991
2 42718  51.6379 104.6979 0003501 351.8483   8.2454 15.64239114 35357
CHALLENGER              
1 42721U 98067MA  18005.19636899  .00026700  00000-0  24472-3 0  9998
2 42721  51.6360 101.4723 0005980 334.6086  25.4616 15.67546089 35125
NJUST-1                 
1 42722U 98067MB  18005.27206186  .00017666  00000-0  20771-3 0  9999
2 42722  51.6396 104.9424 0006514 343.3352  45.8704 15.61505958 35081
UNSW-ECO                
1 42723U 98067MC  18004.73249996  .00018737  00000-0  19767-3 0  9999
2 42723  51.6388 105.9086 0005834 334.6932  25.3777 15.64258555 35005
DUTHSAT                 
1 42724U 98067MD  18005.23305837  .00025259  00000-0  23737-3 0  9992
2 42724  51.6368 101.7344 0005254 336.5328  23.5428 15.66964902 35028
LILACSAT-1              
1 42725U 98067ME  18005.16122219  .00013845  00000-0  15816-3 0  9993
2 42725  51.6385 105.0197 0005320 341.2263  18.8534 15.62484384 34971
NSIGHT-1                
1 42726U 98067MF  18004.72401170  .00006077  00000-0  83391-4 0  9994
2 42726  51.6397 109.6120 0005689 345.5145  14.5684 15.58854243 34884
SNUSAT-1                
1 42727U 98067MG  18005.16399430  .00013876  00000-0  15881-3 0  9992
2 42727  51.6369 105.0149 0006895 304.1122  55.9217 15.62424763 34944
QBITO                   
1 42728U 98067MH  18004.84729885  .00014505  00000-0  16079-3 0  9998
2 42728  51.6399 105.9442 0002955 342.8985  17.1910 15.63224868 34745
AALTO-2                 
1 42729U 98067MJ  18004.84417018  .00015103  00000-0  16652-3 0  9993
2 42729  51.6384 105.9046 0002943 342.0955  17.9935 15.63324900 34750
SUSAT                   
1 42730U 98067MK  18004.74361872  .00015073  00000-0  16932-3 0  9997
2 42730  51.6378 106.7259 0003025 339.9426  20.1449 15.62843984 34720
I-INSPIRE II            
1 42731U 98067ML  18004.77472508  .00020664  00000-0  21476-3 0  9991
2 42731  51.6370 105.4126 0006230 289.5631  70.4691 15.64563842 34799
POLYITAN-2-SAU          
1 42732U 98067MM  18004.70287594  .00015608  00000-0  17059-3 0  9998
2 42732  51.6378 106.4399 0006299 287.9347  72.0961 15.63505668 34779
SNUSAT-1B               
1 42733U 98067MN  18004.74481365  .00015430  00000-0  17315-3 0  9993
2 42733  51.6378 106.7250 0006298 290.6164  69.4154 15.62836182 34777
EXALTA-1                
1 42734U 98067MP  18004.78044360  .00019169  00000-0  19957-3 0  9995
2 42734  51.6364 105.4521 0007448 313.1882  46.8490 15.64567107 34745
AOXIANG-1               
1 42735U 98067MQ  18005.19163597  .00011355  00000-0  13501-3 0  9994
2 42735  51.6376 105.2116 0006740 337.2840  22.7855 15.61654270 36208
BEEAGLESAT              
1 42736U 98067MR  18004.71347065  .00014672  00000-0  16868-3 0  9990
2 42736  51.6376 107.2669 0006626 333.5345  26.5310 15.62253878 34820
ATLANTIS                
1 42737U 98067MS  18004.69953779  .00067717  00000-0  42630-3 0  9997
2 42737  51.6309  99.5956 0006938 328.1433  31.9146 15.76020011 34815
LEMUR-2-ANGELA          
1 42752U 17019B   18004.83924328  .00000816  00000-0  41743-4 0  9998
2 42752  51.6407 153.9840 0010194 347.0329  13.0387 15.28470536 32129
LEMUR-2-JENNYBARNA      
1 42753U 17019C   18004.94466915  .00003029  00000-0  11893-3 0  9995
2 42753  51.6399 153.1950 0009973 346.7814  13.2903 15.28857845 32096
LEMUR-2-ROBMOORE        
1 42754U 17019D   18004.84938912  .00000363  00000-0  25701-4 0  9998
2 42754  51.6410 154.0468 0010253 349.5611  10.5155 15.28396749 32106
LEMUR-2-SPIROVISION     
1 42755U 17019E   18005.02305911  .00002340  00000-0  95041-4 0  9998
2 42755  51.6386 152.9588 0009965 349.8808  10.1970 15.28755545 32023
UCLSAT                  
1 42765U 17036A   18004.85808640  .00001172  00000-0  55299-4 0  9998
2 42765  97.4248  67.1740 0010413 291.6787  68.3339 15.21408361 30460
LITUANICASAT-2          
1 42768U 17036D   18004.91566797  .00001831  00000-0  86323-4 0  9996
2 42768  97.4252  66.9542 0014418 278.3900  81.5701 15.20678835 29746
LEMUR-2-SHAINAJOHL      
1 42771U 17036G   18004.90722776  .00001347  00000-0  64525-4 0  9992
2 42771  97.4251  66.9615 0013592 278.0182  81.9511 15.20584438 29682
LEMUR-2-XUENITERENCE    
1 42772U 17036H   18005.16473534  .00001288  00000-0  61776-4 0  9996
2 42772  97.4250  67.2274 0013237 276.8061  83.1668 15.20627354 29722
LEMUR-2-LUCYBRYCE       
1 42773U 17036J   18005.21418707  .00001511  00000-0  71481-4 0  9997
2 42773  97.4255  67.3176 0013067 275.7566  84.2179 15.20848592 29738
LEMUR-2-KUNGFOO         
1 42774U 17036K   18004.89280254  .00001330  00000-0  63560-4 0  9993
2 42774  97.4252  66.9860 0013000 277.5463  82.4296 15.20697023 29678
AALTO-1                 
1 42775U 17036L   18004.90046987  .00000737  00000-0  36910-4 0  9998
2 42775  97.4246  66.9672 0012707 276.6947  83.2842 15.20446533 29688
URSA MAIOR              
1 42776U 17036M   18004.76280790  .00000773  00000-0  38466-4 0  9993
2 42776  97.4251  66.8534 0012571 277.4216  82.5591 15.20508582 29662
COMPASS 2               
1 42777U 17036N   18005.10139221  .00001419  00000-0  66708-4 0  9993
2 42777  97.4264  67.3444 0011587 280.3713  79.6217 15.21167332 29717
LEMUR-2-LYNSEY-SYMO     
1 42779U 17036Q   18004.80697795  .00001488  00000-0  69228-4 0  9992
2 42779  97.4258  67.1066 0011133 288.6706  71.3321 15.21464273 29663
LEMUR-2-LISASAURUS      
1 42780U 17036R   18004.87868280  .00001380  00000-0  64661-4 0  9997
2 42780  97.4252  67.1548 0011058 288.8038  71.1998 15.21338071 29686
LEMUR-2-SAM-AMELIA      
1 42781U 17036S   18004.73592715  .00001500  00000-0  69682-4 0  9992
2 42781  97.4254  67.0393 0010948 289.4556  70.5496 15.21498926 29654
LEMUR-2-MCPEAKE         
1 42782U 17036T   18004.86345104  .00001495  00000-0  69428-4 0  9996
2 42782  97.4258  67.1798 0010837 288.4701  71.5356 15.21531477 29674
DIAMOND RED             
1 42783U 17036U   18005.14845231  .00000581  00000-0  29231-4 0  9998
2 42783  97.4248  67.4001 0010981 289.9758  70.0294 15.21112523 29720
PEGASUS                 
1 42784U 17036V   18004.74496352  .00001036  00000-0  49441-4 0  9991
2 42784  97.4250  67.0260 0010947 291.8982  68.1090 15.21244047 29662
DIAMOND GREEN           
1 42785U 17036W   18004.88445744 -.00000021  00000-0  21918-5 0  9990
2 42785  97.4251  67.1477 0010884 291.6596  68.3480 15.21105603 29753
DIAMOND BLUE            
1 42786U 17036X   18004.68604121  .00000904  00000-0  43734-4 0  9993
2 42786  97.4251  66.9535 0010737 292.9090  67.1012 15.21102441 29728
NUDTSAT                 
1 42787U 17036Y   18004.71496011  .00001509  00000-0  69823-4 0  9994
2 42787  97.4253  67.0677 0010551 292.0427  67.9688 15.21640698 29503
SUCHAI                  
1 42788U 17036Z   18004.85871397  .00001238  00000-0  58160-4 0  9995
2 42788  97.4250  67.1774 0010586 291.6275  68.3832 15.21445830 29758
SKCUBE                  
1 42789U 17036AA  18004.79012800  .00001120  00000-0  52929-4 0  9992
2 42789  97.4249  67.1136 0010423 291.9414  68.0714 15.21440384 29662
VZLUSAT-1               
1 42790U 17036AB  18004.90447592  .00001475  00000-0  68257-4 0  9991
2 42790  97.4250  67.2628 0010111 291.8202  68.1958 15.21674888 29682
ROBUSTA-1B              
1 42792U 17036AD  18005.10240284  .00001156  00000-0  54335-4 0  9993
2 42792  97.4246  67.4534 0009986 292.0452  67.9723 15.21575293 29727
CICERO 6                
1 42793U 17036AE  18004.89065508  .00000737  00000-0  35755-4 0  9992
2 42793  97.4243  67.2730 0009103 294.6857  65.3431 15.21570384 29767
D-SAT                   
1 42794U 17036AF  18004.94447607  .00000168  00000-0  19998-4 0  9992
2 42794  97.6165  65.5614 0128829 105.1541 256.3968 14.90754983 29400
TOKI                    
1 42820U 98067MU  18004.69578934  .00014464  00000-0  17133-3 0  9997
2 42820  51.6377 108.6492 0002865 271.4437  88.6229 15.61504743 28287
GHANASAT-1              
1 42821U 98067MV  18004.70987950  .00013344  00000-0  16000-3 0  9990
2 42821  51.6375 108.7433 0002859 274.8714  85.1953 15.61266087 28248
MAZAALAI (NUMSAT-1)     
1 42822U 98067MW  18004.70753918  .00013414  00000-0  16029-3 0  9995
2 42822  51.6378 108.7294 0002877 277.2208  82.8459 15.61349779 28269
BRAC ONNESHA            
1 42823U 98067MX  18004.70918939  .00013707  00000-0  16353-3 0  9997
2 42823  51.6382 108.7479 0005758 296.5625  63.4779 15.61361272 28248
NIGERIAEDUSAT-1         
1 42824U 98067MY  18004.71809687  .00013236  00000-0  15877-3 0  9995
2 42824  51.6388 108.8134 0005636 297.1826  62.8592 15.61254546 28262
LEMUR-2-GREENBERG       
1 42837U 17042N   18005.21218305  .00000688  00000-0  74426-4 0  9993
2 42837  97.6086 273.7004 0014017  25.6927 334.4985 14.91278080 26069
LEMUR-2-ANDIS           
1 42838U 17042P   18005.20975951  .00000686  00000-0  74146-4 0  9997
2 42838  97.6086 273.7029 0014117  25.5637 334.6277 14.91299708 26061
LEMUR-2-MONSON          
1 42839U 17042Q   18004.79916721  .00000347  00000-0  40219-4 0  9999
2 42839  97.6086 273.3235 0013834  26.5422 333.6502 14.91314932 26006
LEMUR-2-FURIAUS         
1 42840U 17042R   18005.19401542  .00000469  00000-0  52282-4 0  9994
2 42840  97.6085 273.7202 0013904  25.3917 334.7983 14.91433679 26059
LEMUR-2-PETERG          
1 42841U 17042S   18004.70903327  .00000487  00000-0  53866-4 0  9998
2 42841  97.6086 273.2889 0013556  25.4608 334.7276 14.91563908 25994
LEMUR-2-DEMBITZ         
1 42842U 17042T   18004.84067489  .00000505  00000-0  55721-4 0  9997
2 42842  97.6084 273.4184 0013562  25.5505 334.6381 14.91584981 26011
LEMUR-2-ZACHARY         
1 42845U 17042W   18004.68215607  .00000729  00000-0  77571-4 0  9994
2 42845  97.6033 273.2066 0014037  30.2348 329.9678 14.91781497 25983
FLOCK 2K-03             
1 42850U 17042AB  18005.19032743  .00004322  00000-0  12811-3 0  9993
2 42850  96.9938 269.9841 0011100 354.4677   5.6443 15.35288287 26619
FLOCK 2K-04             
1 42851U 17042AC  18004.67205725  .00006592  00000-0  19418-3 0  9999
2 42851  96.9942 269.4909 0011001 359.0440   1.0781 15.35295046 26531
FLOCK 2K-01             
1 42852U 17042AD  18004.80085277  .00007286  00000-0  21451-3 0  9994
2 42852  96.9937 269.6118 0010776 356.9862   3.1316 15.35279573 26558
FLOCK 2K-02             
1 42853U 17042AE  18004.69694900  .00001471  00000-0  47748-4 0  9999
2 42853  96.9952 269.3265 0011754 355.9326   4.1820 15.33390918 26520
FLOCK 2K-47             
1 42854U 17042AF  18004.66713825  .00005941  00000-0  17528-3 0  9993
2 42854  96.9937 269.4898 0010541 355.0350   5.0788 15.35291053 26534
FLOCK 2K-48             
1 42855U 17042AG  18004.73103030  .00005557  00000-0  16404-3 0  9998
2 42855  96.9940 269.5596 0010492 355.3045   4.8099 15.35298265 26549
FLOCK 2K-45             
1 42856U 17042AH  18004.66399977  .00003699  00000-0  11000-3 0  9990
2 42856  96.9940 269.4951 0010571 353.8786   6.2328 15.35278949 26534
FLOCK 2K-24             
1 42857U 17042AJ  18004.79597420  .00001428  00000-0  44149-4 0  9997
2 42857  96.9943 269.6174 0010651 350.4042   9.6997 15.35017482 26558
FLOCK 2K-46             
1 42858U 17042AK  18004.72762112  .00005462  00000-0  16138-3 0  9991
2 42858  96.9944 269.5685 0010576 353.8826   6.2288 15.35280436 26545
FLOCK 2K-23             
1 42859U 17042AL  18004.79100942  .00005242  00000-0  15499-3 0  9991
2 42859  96.9941 269.6295 0010615 354.5042   5.6084 15.35276739 26552
FLOCK 2K-21             
1 42860U 17042AM  18004.72459667  .00005324  00000-0  15742-3 0  9999
2 42860  96.9941 269.5680 0010620 354.3201   5.7921 15.35265275 26545
FLOCK 2K-22             
1 42861U 17042AN  18005.19594010  .00004804  00000-0  14213-3 0  9998
2 42861  96.9946 269.9892 0010575 352.0259   8.0815 15.35295864 26610
FLOCK 2K-07             
1 42862U 17042AP  18004.72260242  .00006886  00000-0  20279-3 0  9995
2 42862  96.9944 269.5741 0010849 354.9791   5.1343 15.35287948 26555
FLOCK 2K-08             
1 42863U 17042AQ  18005.17596110  .00004638  00000-0  13733-3 0  9992
2 42863  96.9938 270.0036 0010933 354.2570   5.8547 15.35284261 26610
FLOCK 2K-05             
1 42864U 17042AR  18005.17736474  .00003267  00000-0  97390-4 0  9991
2 42864  96.9945 270.0086 0010857 353.0091   7.1000 15.35280789 26614
FLOCK 2K-40             
1 42865U 17042AS  18004.78318205  .00003319  00000-0  98909-4 0  9991
2 42865  96.9945 269.6418 0010992 355.7721   4.3429 15.35282081 26551
FLOCK 2K-39             
1 42866U 17042AT  18004.78144138  .00003257  00000-0  97118-4 0  9996
2 42866  96.9942 269.6391 0011072 354.6989   5.4136 15.35272462 26552
FLOCK 2K-37             
1 42867U 17042AU  18004.71456105  .00001773  00000-0  53884-4 0  9993
2 42867  96.9944 269.5819 0011186 354.6980   5.4144 15.35254410 26547
FLOCK 2K-38             
1 42868U 17042AV  18004.71151347  .00005377  00000-0  15884-3 0  9995
2 42868  96.9941 269.5845 0011085 353.4220   6.6877 15.35285868 26543
FLOCK 2K-31             
1 42869U 17042AW  18005.16590772  .00003053  00000-0  91141-4 0  9995
2 42869  96.9939 270.0171 0011005 349.8459  10.2562 15.35287283 26618
FLOCK 2K-32             
1 42870U 17042AX  18004.90359244  .00001833  00000-0  55619-4 0  9999
2 42870  96.9941 269.7719 0011067 350.8240   9.2801 15.35252401 26577
FLOCK 2K-29             
1 42871U 17042AY  18004.77174208  .00002137  00000-0  64439-4 0  9998
2 42871  96.9942 269.6537 0011163 350.7896   9.3142 15.35276815 26551
FLOCK 2K-30             
1 42872U 17042AZ  18004.70439339  .00001673  00000-0  50986-4 0  9997
2 42872  96.9943 269.5916 0011251 351.5163   8.5890 15.35232340 26531
FLOCK 2K-44             
1 42873U 17042BA  18004.89874558  .00004820  00000-0  14268-3 0  9993
2 42873  96.9942 269.7821 0011679 339.2269  20.8499 15.35264040 26570
FLOCK 2K-43             
1 42874U 17042BB  18004.89606937  .00001835  00000-0  57935-4 0  9990
2 42874  96.9948 269.6444 0012305 340.8162  19.2617 15.33972512 26565
FLOCK 2K-41             
1 42875U 17042BC  18004.76291299  .00007176  00000-0  20970-3 0  9990
2 42875  96.9941 269.6621 0011975 342.1279  17.9543 15.35505499 26552
FLOCK 2K-36             
1 42876U 17042BD  18004.89748156  .00001433  00000-0  44232-4 0  9992
2 42876  96.9949 269.7876 0012234 340.9458  19.1327 15.35039591 26579
FLOCK 2K-35             
1 42877U 17042BE  18004.69963047  .00001676  00000-0  51072-4 0  9998
2 42877  96.9946 269.6019 0012094 341.5356  18.5448 15.35220331 26541
FLOCK 2K-34             
1 42878U 17042BF  18004.76390648  .00006918  00000-0  20423-3 0  9997
2 42878  96.9945 269.6603 0012118 342.7910  17.2921 15.35195480 26555
FLOCK 2K-33             
1 42879U 17042BG  18004.95631896  .00004572  00000-0  13559-3 0  9998
2 42879  96.9944 269.8500 0012252 341.8248  18.2557 15.35226075 26580
FLOCK 2K-28             
1 42880U 17042BH  18004.89256149  .00001522  00000-0  48428-4 0  9993
2 42880  96.9951 269.6516 0012439 340.8423  19.2351 15.33973456 26567
LEMUR-2-ARTFISCHER      
1 42881U 17042BJ  18004.79041269  .00002566  00000-0  78299-4 0  9996
2 42881  96.9971 269.6897 0013054 343.2139  16.8671 15.34714272 26543
FLOCK 2K-27             
1 42882U 17042BK  18004.75953786  .00001278  00000-0  39485-4 0  9992
2 42882  96.9948 269.6725 0012490 342.7194  17.3624 15.35194240 26559
FLOCK 2K-26             
1 42883U 17042BL  18004.69171939  .00005838  00000-0  17226-3 0  9992
2 42883  96.9943 269.6084 0012287 341.6157  18.4642 15.35272627 26541
FLOCK 2K-25             
1 42884U 17042BM  18004.76248276  .00005136  00000-0  15215-3 0  9997
2 42884  96.9943 269.6596 0012204 342.5047  17.5775 15.35204311 26550
FLOCK 2K-20             
1 42885U 17042BN  18004.95117691  .00004220  00000-0  12516-3 0  9999
2 42885  96.9943 269.8615 0012271 340.2507  19.8260 15.35266394 26581
FLOCK 2K-19             
1 42886U 17042BP  18005.14976076  .00004627  00000-0  13700-3 0  9999
2 42886  96.9944 270.0454 0012315 340.5927  19.4847 15.35272943 26614
FLOCK 2K-18             
1 42887U 17042BQ  18004.68177664  .00002607  00000-0  78208-4 0  9995
2 42887  96.9945 269.6222 0012494 340.5159  19.5607 15.35245747 26547
FLOCK 2K-17             
1 42888U 17042BR  18004.94756708  .00004528  00000-0  13426-3 0  9991
2 42888  96.9937 269.8535 0012331 338.4158  21.6565 15.35237482 26581
FLOCK 2K-16             
1 42889U 17042BS  18004.94875625  .00006875  00000-0  20275-3 0  9999
2 42889  96.9943 269.8645 0011975 338.5417  21.5324 15.35230806 26588
FLOCK 2K-15             
1 42890U 17042BT  18005.20182076  .00004251  00000-0  12611-3 0  9993
2 42890  96.9948 270.1309 0012221 338.4139  21.6588 15.35260312 26625
FLOCK 2K-13             
1 42891U 17042BU  18004.69064625  .00001225  00000-0  38150-4 0  9990
2 42891  96.9945 269.6106 0012562 335.8467  24.2187 15.35011418 26540
FLOCK 2K-14             
1 42892U 17042BV  18004.68341260  .00005719  00000-0  16893-3 0  9994
2 42892  96.9941 269.6120 0012273 338.8512  21.2224 15.35248458 26541
FLOCK 2K-12             
1 42893U 17042BW  18004.67730106  .00004447  00000-0  13175-3 0  9992
2 42893  96.9950 269.6338 0012424 341.1415  18.9368 15.35269113 26543
FLOCK 2K-11             
1 42894U 17042BX  18004.68488613  .00001867  00000-0  56671-4 0  9999
2 42894  96.9945 269.6223 0012293 335.7031  24.3632 15.35206749 26549
FLOCK 2K-10             
1 42895U 17042BY  18004.67868941  .00003400  00000-0  10132-3 0  9991
2 42895  96.9942 269.6208 0012395 339.0116  21.0618 15.35245880 26541
FLOCK 2K-09             
1 42896U 17042BZ  18004.67555658  .00006603  00000-0  19458-3 0  9998
2 42896  96.9948 269.6341 0012250 338.8732  21.2005 15.35267499 26718
FLOCK 2K-06             
1 42897U 17042CA  18004.77815936  .00003463  00000-0  10305-3 0  9991
2 42897  96.9944 269.6466 0011199 353.1198   6.9891 15.35290018 26558
SILU-1 (SILKROAD 1)     
1 42903U 17021F   18005.11199631  .00014714  00000-0  14868-3 0  9991
2 42903  42.7794 230.8834 0009623 243.7325 253.5257 15.65070251 24329
FLOCK 3M-1              
1 42995U 17068J   18005.20043278  .00000527  00000-0  29031-4 0  9994
2 42995  97.3444 122.4754 0017574   2.6692 357.4633 15.18088956  9906
FLOCK 3M-3              
1 42996U 17068K   18005.06172634  .00000600  00000-0  32467-4 0  9997
2 42996  97.3400 122.3169 0016973   4.0412 356.0956 15.18251016  9885
FLOCK 3M-4              
1 42997U 17068L   18004.99169023  .00000860  00000-0  44962-4 0  9998
2 42997  97.3612 122.4489 0016769   5.4921 354.6495 15.18397293  9879
FLOCK 3M-2              
1 42998U 17068M   18005.11130239  .00000693  00000-0  36599-4 0  9992
2 42998  97.3513 122.5030 0014909   1.5268 358.6009 15.18637225  9897
ECAMSAT                 
1 43019U 98067NG  18004.85032947  .00004196  00000-0  67683-4 0  9992
2 43019  51.6404 112.6962 0004806 286.7277  73.3187 15.55319805 93118
ASTERIA                 
1 43020U 98067NH  18004.84441228  .00009063  00000-0  13607-3 0  9993
2 43020  51.6405 112.6591 0002187 284.0590  76.0158 15.55694863  7032
DELLINGR (RBLE)         
1 43021U 98067NJ  18005.17201021  .00005407  00000-0  85056-4 0  9992
2 43021  51.6405 111.0961 0001897 284.3864  75.6916 15.55352974  7087
TECHEDSAT 6             
1 43026U 98067NK  18005.16510731  .00047214  00000-0  57536-3 0  9990
2 43026  51.6386 110.2996 0003020 318.6602  41.4163 15.60011722  6993
OSIRIS-3U               
1 43027U 98067NL  18004.76222553  .00016727  00000-0  23537-3 0  9997
2 43027  51.6401 112.8598 0003379 262.9890  97.0718 15.56785750  6903
2017-071E               
1 43041U 17071E   18005.18116075  .00005435  00000-0  15200-3 0  9999
2 43041  51.6397 114.8636 0000080 315.7839  44.3139 15.38274742  6809
2017-071F               
1 43042U 17071F   18005.18991704  .00002467  00000-0  75912-4 0  9999
2 43042  51.6400 114.9193 0005673  40.3379 319.8024 15.37756925  4513
2017-071G               
1 43043U 17071G   18005.18979327  .00002576  00000-0  78790-4 0  9995
2 43043  51.6401 114.9187 0005652  40.1372 320.0028 15.37765494  4481
2017-071H               
1 43044U 17071H   18005.18839915  .00005235  00000-0  14866-3 0  9992
2 43044  51.6395 114.9100 0005452  38.7154 321.4220 15.37881923  4483
2017-071J               
1 43045U 17071J   18004.72714326  .00005219  00000-0  14653-3 0  9996
2 43045  51.6396 117.0814 0004593  27.3177 332.8048 15.38246830  4460
2017-071K               
1 43046U 17071K   18005.18092910  .00005049  00000-0  14193-3 0  9996
2 43046  51.6408 114.8643 0004410  27.0493 333.0720 15.38287498  4539
2017-071L               
1 43047U 17071L   18005.18850411  .00004730  00000-0  13527-3 0  9991
2 43047  51.6398 114.9115 0003766  69.0055 291.1331 15.37899913  4527
2017-071M               
1 43048U 17071M   18004.79876556  .00004309  00000-0  12428-3 0  9997
2 43048  51.6400 116.8095 0003725  68.2093 291.9287 15.37869553  4466
2017-071N               
1 43049U 17071N   18005.18640675  .00002573  00000-0  78279-4 0  9991
2 43049  51.6402 114.8967 0003144  61.0831 299.0468 15.37931222  4475
2017-071P               
1 43050U 17071P   18005.18573809  .00004064  00000-0  11739-3 0  9991
2 43050  51.6401 114.8937 0003056  57.4756 302.6523 15.37983033  4470
2017-071Q               
1 43051U 17071Q   18004.73285822  .00004519  00000-0  12957-3 0  9995
2 43051  51.6396 117.1187 0001409 157.3049 202.7998 15.37926904  4405
2017-071R               
1 43052U 17071R   18004.73054685  .00002705  00000-0  81610-4 0  9995
2 43052  51.6400 117.1041 0003049  56.8639 303.2637 15.37990654  4401
2017-071S               
1 43053U 17071S   18005.18804094  .00004220  00000-0  12181-3 0  9993
2 43053  51.6399 114.9080 0001454 160.4480 199.6559 15.37895284  4482
2017-071T               
1 43054U 17071T   18004.85675549  .00003981  00000-0  11426-3 0  9992
2 43054  51.6399 116.4471 0000037  84.6384 275.4604 15.38232621  4430
