CUTE-1 (CO-55)          
1 27844U 03031E   19047.02457020  .00000060  00000-0  46621-4 0  9992
2 27844  98.6864  57.0577 0010325  31.8757 328.3044 14.22160203810858
CUBESAT XI-IV (CO-57)   
1 27848U 03031J   19046.98190149  .00000040  00000-0  37995-4 0  9998
2 27848  98.6945  57.4868 0010396  42.4512 317.7468 14.21757785810706
CUBESAT XI-V            
1 28895U 05043F   19046.93293590  .00000103  00000-0  28540-4 0  9991
2 28895  97.9383 194.0154 0017167  23.7819 336.4174 14.63630675709295
CUTE-1.7+APD II (CO-65) 
1 32785U 08021C   19047.18648864  .00000186  00000-0  25769-4 0  9990
2 32785  97.5478  52.6971 0011929 314.1025  45.9210 14.88250127585462
AAUSAT-II               
1 32788U 08021F   19046.93679516  .00000781  00000-0  77155-4 0  9990
2 32788  97.5052  68.0543 0010382 248.5720 111.4394 14.94601428586489
DELFI-C3 (DO-64)        
1 32789U 08021G   19046.69766293  .00001383  00000-0  97213-4 0  9999
2 32789  97.4816  99.9878 0012497 179.5028 180.6214 15.06652571588349
SEEDS II (CO-66)        
1 32791U 08021J   19047.00722601  .00000178  00000-0  23463-4 0  9990
2 32791  97.5300  58.3488 0011896 288.8487  71.1442 14.90734352585830
SWISSCUBE               
1 35932U 09051B   19047.01998356  .00000116  00000-0  37359-4 0  9998
2 35932  98.5715 209.5005 0007838 174.1075 186.0215 14.56244391498925
BEESAT-1                
1 35933U 09051C   19046.68715137  .00000090  00000-0  31318-4 0  9995
2 35933  98.5749 210.8526 0005764 185.6002 174.5132 14.56338413498906
ITUPSAT1                
1 35935U 09051E   19046.67414569  .00000067  00000-0  26670-4 0  9990
2 35935  98.5860 211.0844 0008109 185.0087 175.1029 14.55504063498740
TISAT 1                 
1 36799U 10035E   19046.94243830  .00000388  00000-0  45285-4 0  9993
2 36799  98.1361 195.1665 0013454 125.8835 234.3633 14.91004306466475
M-CUBED & EXP-1 PRIME   
1 37855U 11061F   19047.09665918  .00000783  00000-0  47290-4 0  9996
2 37855 101.7274 239.6710 0174448  80.0697 282.0155 15.05138551398331
STRAND-1                
1 39090U 13009E   19046.86503513  .00000038  00000-0  28461-4 0  9991
2 39090  98.4993 254.7898 0008171 297.5457  62.4898 14.35070863312756
SOMP                    
1 39134U 13015E   19046.45584673  .00001105  00000-0  60584-4 0  9996
2 39134  64.8629  59.5927 0019110 321.5295  38.4469 15.19813039321485
BEESAT-3                
1 39135U 13015F   19046.68923518  .00000754  00000-0  47572-4 0  9998
2 39135  64.8700  75.4433 0010112 275.2728  84.7244 15.17205199321197
BEESAT-2                
1 39136U 13015G   19046.48294345  .00000818  00000-0  51554-4 0  9992
2 39136  64.8686  79.5609 0010647 287.9286  72.0679 15.16637806321480
NEE-01 PEGASO           
1 39151U 13018B   19047.17381330  .00000110  00000-0  21565-4 0  9994
2 39151  97.9708 144.5191 0015998 235.8764 124.0930 14.79999213313609
ESTCUBE 1               
1 39161U 13021C   19046.97357152  .00000065  00000-0  18180-4 0  9999
2 39161  97.9943 133.9786 0010121   7.2289 352.9062 14.72158383310310
POPACS 1                
1 39268U 13055D   19046.85715902  .00003328  00000-0  93453-4 0  9993
2 39268  81.0022  90.3392 0629791 226.9645 127.7143 14.36007079277937
POPACS 2                
1 39269U 13055E   19046.52111651  .00001814  00000-0  53061-4 0  9998
2 39269  81.0154 117.7549 0685769 298.1955  55.1596 14.23323546277745
POPACS 3                
1 39270U 13055F   19046.55014774  .00001928  00000-0  60250-4 0  9995
2 39270  81.0179 132.9446 0715577 342.5517  15.2158 14.15479441276778
ZACUBE-1 (TSHEPISOSAT)  
1 39417U 13066B   19046.94930250  .00000202  00000-0  31599-4 0  9997
2 39417  97.5699  67.3031 0060457  76.8329 283.9620 14.81054677282878
WNISAT-1                
1 39423U 13066H   19046.91978570  .00000124  00000-0  34496-4 0  9990
2 39423  97.7628 357.6429 0175555 336.7863  22.5472 14.53016706277632
TRITON-1                
1 39427U 13066M   19046.88560795  .00000121  00000-0  27414-4 0  9995
2 39427  97.6634  31.9499 0113401 198.0486 161.6680 14.67780204280134
GOMX-1                  
1 39430U 13066Q   19047.15505116  .00000181  00000-0  42341-4 0  9998
2 39430  97.7299  11.8951 0149923 280.9153  77.5212 14.59197962278739
CUBEBUG-2 (LO-74)       
1 39440U 13066AA  19046.89716582  .00000183  00000-0  32245-4 0  9994
2 39440  97.6001  52.6046 0081601 123.3494 237.5561 14.75792679280668
NEE-02 KRYSAOR          
1 39441U 13066AB  19046.99800488  .00000112  00000-0  22798-4 0  9999
2 39441  97.6028  50.6067 0082993 129.2245 231.6370 14.74862682281714
FUNCUBE-1 (AO-73)       
1 39444U 13066AE  19046.61194509  .00000249  00000-0  36877-4 0  9995
2 39444  97.5692  68.8027 0059556  72.4877 288.2833 14.81860773281112
UWE-3                   
1 39446U 13066AG  19046.97626487  .00000199  00000-0  32934-4 0  9995
2 39446  97.5837  59.5280 0071585 100.3354 260.5937 14.78327564281132
BRITE-CA1 (TORONTO)     
1 40020U 14033L   19047.14063743  .00000056  00000-0  17916-4 0  9995
2 40020  97.7584 257.6704 0087285 186.4881 173.5201 14.66550902249333
DUCHIFAT-1              
1 40021U 14033M   19046.76435559  .00000226  00000-0  28950-4 0  9990
2 40021  97.9220 330.9820 0014390  94.5440 265.7422 14.90522027253231
NANOSATC-BR1            
1 40024U 14033Q   19046.72696096  .00000338  00000-0  41178-4 0  9995
2 40024  97.9131 328.6663 0013625  97.4730 262.8036 14.89751984252612
QB50P1                  
1 40025U 14033R   19046.78277712  .00000239  00000-0  31475-4 0  9991
2 40025  97.9068 326.6692 0013820 102.2745 258.0020 14.88866159252520
QB50P2                  
1 40032U 14033Y   19046.81343416  .00000183  00000-0  25808-4 0  9999
2 40032  97.9004 325.0572 0013299  98.6255 261.6469 14.88405557252441
PERSEUS-M2              
1 40037U 14033AD  19046.77416484  .00000049  00000-0  11786-4 0  9996
2 40037  97.8957 321.7292 0015738 109.3849 250.9070 14.86426018252715
PERSEUS-M1              
1 40039U 14033AF  19047.19786558  .00000080  00000-0  15348-4 0  9990
2 40039  97.8946 321.3478 0015644 105.5583 254.7360 14.86046589252711
POLYITAN-1              
1 40042U 14033AJ  19046.82273285  .00000266  00000-0  34595-4 0  9992
2 40042  97.9146 326.9531 0016131  92.6811 267.6252 14.88568666252957
TIGRISAT                
1 40043U 14033AK  19047.18276227  .00000114  00000-0  24252-4 0  9993
2 40043  97.7759 280.1040 0061044 131.2600 229.3890 14.74226219250558
AEROCUBE 6A             
1 40045U 14033AM  19047.21529233  .00000234  00000-0  40990-4 0  9997
2 40045  97.7964 283.3805 0058904 124.4855 236.1938 14.75311865250506
AEROCUBE 6B             
1 40046U 14033AN  19047.21884696  .00000222  00000-0  39276-4 0  9997
2 40046  97.7912 283.1023 0058239 123.8525 236.8246 14.75292204250647
UKUBE-1                 
1 40074U 14037F   19046.98290362  .00000185  00000-0  29448-4 0  9994
2 40074  98.4150 202.0924 0003573 248.7479 111.3337 14.83966350249450
BRITE-PL2 (HEWELIUSZ)   
1 40119U 14049B   19046.83370054  .00000105  00000-0  18942-4 0  9997
2 40119  97.9076 138.5588 0016106 261.4146  98.5244 14.84368842243448
FIREBIRD 4              
1 40378U 15003C   19046.91228996  .00001276  00000-0  54590-4 0  9990
2 40378  99.0992   2.2593 0129516 138.9625 222.1437 15.18215252223292
GRIFEX                  
1 40379U 15003D   19047.10302353  .00000870  00000-0  41544-4 0  9997
2 40379  99.0979 357.3055 0136872 154.6916 206.1101 15.15063818223023
EXOCUBE (CP10)          
1 40380U 15003E   19046.79558090  .00000758  00000-0  38432-4 0  9991
2 40380  99.1002 354.0961 0141475 165.2857 195.2554 15.13136929222773
TIANWANG 1C (TW-1C)     
1 40926U 15051B   19047.19753578  .00009601  00000-0  15471-3 0  9996
2 40926  97.1544  93.6400 0010692 100.8708 300.0864 15.53083445191131
TIANWANG 1A (TW-1A)     
1 40928U 15051D   19047.16237469  .00002956  00000-0  75982-4 0  9991
2 40928  97.1604  81.1400 0012178 150.0230 250.9865 15.39993504190313
EXACTVIEW 9             
1 40936U 15052G   19047.15070094  .00000743  00000-0  14927-4 0  9993
2 40936   6.0026 214.7276 0010807 211.5129 148.4351 14.76452166183082
ATHENOXAT 1             
1 41168U 15077C   19044.53709491  .00001628  00000-0  51244-4 0  9993
2 41168  14.9826  53.1119 0011685 154.8671 113.8928 15.13326311174982
GALASSIA                
1 41170U 15077E   19046.55175288  .00001743  00000-0  56727-4 0  9990
2 41170  14.9895  31.9374 0013001 204.5695 155.4006 15.13673895175354
VELOX-II                
1 41171U 15077F   19046.32952475  .00001420  00000-0  43725-4 0  9993
2 41171  14.9918  62.4714 0008977 126.8746 233.2398 15.11018695175063
HORYU-4                 
1 41340U 16012D   19046.76389412  .00000412  00000-0  24648-4 0  9997
2 41340  31.0040 196.7796 0014153 348.6016  11.4298 15.01170226164527
E-ST@R-II               
1 41459U 16025D   19047.02570579  .00001744  00000-0  93100-4 0  9996
2 41459  98.1098 127.3776 0169776  50.7931 310.8228 15.05091844154094
AAUSAT 4                
1 41460U 16025E   19047.14753801  .00001905  00000-0  99614-4 0  9997
2 41460  98.1053 128.4621 0160241  44.1655 317.2223 15.06814863154211
DIWATA-1                
1 41463U 98067HT  19047.16689961  .00017889  00000-0  11315-3 0  9992
2 41463  51.6319 161.0213 0001611  28.4533  40.9192 15.76674468160414
BEESAT-4                
1 41619U 16040W   19046.64794462  .00001177  00000-0  53281-4 0  9993
2 41619  97.3844 111.0855 0013148  95.9722 264.3013 15.22773293135133
CANX-7                  
1 41788U 16059F   19047.12644405  .00008481  00000-0  13399-2 0  9994
2 41788  98.2288 120.7629 0025224  49.7912 310.5521 14.72376007127960
RAVAN                   
1 41849U 16067B   19046.83242611  .00000180  00000-0  20420-4 0  9994
2 41849  97.9200 144.1836 0010065  74.0276 286.2053 14.98098373123600
CELTEE 1                
1 41850U 16067C   19047.21686935  .00000685  00000-0  64894-4 0  9993
2 41850  97.9163 143.5486 0010424  75.5925 284.6453 14.96947066123606
OPTICUBE 04             
1 41851U 16067D   19047.20903103  .00000629  00000-0  60301-4 0  9999
2 41851  97.9154 143.3782 0010395  76.9103 283.3278 14.96760627123599
AEROCUBE 8D             
1 41852U 16067E   19047.20314079  .00000566  00000-0  54933-4 0  9992
2 41852  97.9163 143.1992 0011025  76.9368 283.3083 14.96638712123576
AEROCUBE 8C             
1 41853U 16067F   19047.22312808  .00000338  00000-0  34961-4 0  9999
2 41853  97.9169 143.1654 0011617  76.9296 283.3221 14.96608324123575
PROMETHEUS 2-1          
1 41854U 16067G   19047.20659167  .00000839  00000-0  78529-4 0  9994
2 41854  97.9170 143.2320 0011755  77.8364 282.4173 14.96782512123576
PROMETHEUS 2-3          
1 41855U 16067H   19047.20927535  .00000900  00000-0  83831-4 0  9993
2 41855  97.9174 143.2460 0011979  77.9003 282.3559 14.96785352123577
INS-1B                  
1 41954U 17008G   19047.15555165  .00001086  00000-0  48310-4 0  9998
2 41954  97.4159 113.7319 0008507 207.4281 152.6508 15.23617563111143
BGUSAT                  
1 41999U 17008BD  19046.78033394  .00001894  00000-0  77434-4 0  9996
2 41999  97.4219 115.2381 0007142 223.9585 136.1085 15.25573861110554
DIDO-2                  
1 42000U 17008BE  19046.75039165  .00000805  00000-0  36506-4 0  9995
2 42000  97.4173 113.8569 0007290 229.3064 130.7541 15.23659832110485
PEASSS                  
1 42015U 17008BV  19046.85486123  .00001008  00000-0  43830-4 0  9996
2 42015  97.4176 114.7336 0005101 233.3833 126.6936 15.24561199111037
AL-FARABI 1             
1 42016U 17008BW  19046.83580709  .00001254  00000-0  52946-4 0  9991
2 42016  97.4188 115.1227 0004990 232.5288 127.5496 15.25114472111170
NAYIF-1 (EO-88)         
1 42017U 17008BX  19046.76022243  .00001265  00000-0  53372-4 0  9994
2 42017  97.4186 115.0567 0004940 233.1344 126.9441 15.25143879111187
HAVELSAT                
1 42700U 98067LH  19046.77314136  .00419263  96666-4  48064-3 0  9992
2 42700  51.6182 168.5732 0006326 341.3420  18.7361 16.08400952100589
CXBN-2                  
1 42704U 98067LM  19046.75307807  .00391989  84024-4  48663-3 0  9995
2 42704  51.6212 170.7935 0006744 338.4009  21.6718 16.07153017100474
PHOENIX                 
1 42706U 98067LP  19046.80306394  .00060334  00000-0  25608-3 0  9992
2 42706  51.6254 182.6157 0001764 344.7063  15.3886 15.84712134100311
QBEE50-LTU-OC           
1 42708U 98067LR  19046.80164608  .00501433  13727-3  54567-3 0  9993
2 42708  51.6163 169.5381 0006966 339.2689  20.8041 16.09183783100434
ALTAIR PATHFINDER       
1 42711U 98067LS  19047.00877365  .00023940  00000-0  17678-3 0  9992
2 42711  51.6314 202.2452 0002799  23.5722 336.5404 15.72853910 99736
SHARC                   
1 42712U 98067LT  19046.88977967  .00074635  00000-0  35254-3 0  9994
2 42712  51.6298 198.4473 0001450 324.7472  35.3434 15.82363271100016
ZA-AEROSAT              
1 42713U 98067LU  19046.81247740  .00058152  00000-0  26911-3 0  9993
2 42713  51.6318 188.0189 0001990 355.6994   4.3992 15.82899561 99906
CSUNSAT1                
1 42715U 98067LW  19046.80549950  .00076360  00000-0  30424-3 0  9997
2 42715  51.6285 184.9398 0002720 357.7465   2.3527 15.85932608 99945
SPACECUBE               
1 42717U 98067LY  19046.80770762  .00411882  92159-4  50507-3 0  9992
2 42717  51.6116 170.2082 0006329 339.5504  20.5255 16.07348474 99508
NJUST-1                 
1 42722U 98067MB  19046.95920345  .00046732  00000-0  25216-3 0  9995
2 42722  51.6384 191.8719 0003172  72.8602  26.0430 15.79656851 98937
LILACSAT-1 (LO-90)      
1 42725U 98067ME  19047.18552712  .00150583  19844-4  41063-3 0  9991
2 42725  51.6321 177.4996 0002195  13.0612  49.1933 15.93829449 99059
NSIGHT                  
1 42726U 98067MF  19046.90641457  .00015765  00000-0  15276-3 0  9995
2 42726  51.6362 214.5092 0004806  70.2695 289.8819 15.66561136 98547
SNUSAT-1B               
1 42727U 98067MG  19046.78180310  .00130711  17612-4  37841-3 0  9990
2 42727  51.6256 180.0913 0003556 359.1620   0.9380 15.92753619 98944
SNUSAT-1                
1 42733U 98067MN  19046.84235101  .00211189  29446-4  43671-3 0  9998
2 42733  51.6223 175.1619 0005231 347.5328  12.5551 15.98743467 98902
BEEAGLESAT              
1 42736U 98067MR  19046.83310399  .00070695  00000-0  26481-3 0  9999
2 42736  51.6280 183.5366 0002220  47.5779 312.5413 15.87229671 98850
UCLSAT                  
1 42765U 17036A   19047.16657868  .00001058  00000-0  48714-4 0  9991
2 42765  97.3688 107.7050 0010147 305.1625  54.8660 15.22428752 91829
LITUANICASAT-2          
1 42768U 17036D   19046.81274189  .00001601  00000-0  72439-4 0  9991
2 42768  97.3717 106.9163 0013756 294.0439  65.9357 15.22284286 91614
AALTO-1                 
1 42775U 17036L   19046.91993851  .00000667  00000-0  33009-4 0  9995
2 42775  97.3677 106.4830 0012531 293.6720  66.3200 15.21124909 91549
URSA MAIOR              
1 42776U 17036M   19046.82494857  .00000712  00000-0  34927-4 0  9999
2 42776  97.3686 106.5003 0012342 294.0086  65.9858 15.21242573 91534
COMPASS 2               
1 42777U 17036N   19046.71135312  .00001363  00000-0  61806-4 0  9995
2 42777  97.3718 107.2520 0011118 296.6662  63.3435 15.22477623 91553
DIAMOND RED             
1 42783U 17036U   19046.84134305  .00000849  00000-0  40235-4 0  9998
2 42783  97.3689 107.0831 0010812 306.7022  53.3220 15.21937438 91569
PEGASUS                 
1 42784U 17036V   19047.17139220  .00000937  00000-0  43781-4 0  9994
2 42784  97.3692 107.5693 0010697 305.2108  54.8126 15.22198641 91629
DIAMOND GREEN           
1 42785U 17036W   19046.84013526  .00000838  00000-0  39768-4 0  9998
2 42785  97.3692 107.1023 0010733 307.4685  52.5574 15.21936667 91559
DIAMOND BLUE            
1 42786U 17036X   19047.16787871  .00000811  00000-0  38581-4 0  9999
2 42786  97.3691 107.4226 0010556 306.5035  53.5228 15.21937508 91607
NUDTSAT                 
1 42787U 17036Y   19046.91229367  .00001514  00000-0  67232-4 0  9999
2 42787  97.3729 107.8045 0011438 310.0203  50.0029 15.23018958 91455
SUCHAI                  
1 42788U 17036Z   19046.81531758  .00001121  00000-0  51274-4 0  9992
2 42788  97.3696 107.4411 0010307 306.1991  53.8292 15.22558619 91653
SKCUBE                  
1 42789U 17036AA  19046.88969968  .00001050  00000-0  48322-4 0  9999
2 42789  97.3693 107.4791 0010161 305.9824  54.0469 15.22481947 91582
VZLUSAT-1               
1 42790U 17036AB  19046.89943897  .00001385  00000-0  61766-4 0  9993
2 42790  97.3704 107.7964 0009743 305.4932  54.5396 15.23026512 91602
ROBUSTA-1B              
1 42792U 17036AD  19046.89941875  .00001084  00000-0  49524-4 0  9993
2 42792  97.3692 107.6054 0009748 307.1213  52.9133 15.22643102 91605
CICERO 6                
1 42793U 17036AE  19046.79950529  .00000742  00000-0  35161-4 0  9991
2 42793  97.3679 107.3842 0009028 309.8314  50.2127 15.22337381 91653
D-SAT                   
1 42794U 17036AF  19046.93267262  .00000214  00000-0  24049-4 0  9990
2 42794  97.5584  96.9194 0126555 190.0642 169.8041 14.91020382 90042
TOKI                    
1 42820U 98067MU  19046.83152643  .00079441  00000-0  31962-3 0  9997
2 42820  51.6285 188.0829 0002356 340.0587  20.0324 15.85716866 92278
MAZAALAI (NUMSAT-1)     
1 42822U 98067MW  19046.82337755  .00074057  00000-0  31624-3 0  9990
2 42822  51.6301 189.5701 0002212 351.9202   8.1765 15.84503831 92237
BRAC ONNESHA            
1 42823U 98067MX  19046.84290245  .00066993  00000-0  27803-3 0  9999
2 42823  51.6272 188.9383 0003019   8.3106 351.7947 15.85136329 92229
NIGERIAEDUSAT-1         
1 42824U 98067MY  19046.80514407  .00071735  00000-0  31008-3 0  9997
2 42824  51.6310 190.2604 0002843  20.5121 339.5996 15.84258578 92196
CORVUS BC2              
1 42846U 17042X   19046.94448991  .00000127  00000-0  17881-4 0  9995
2 42846  97.5796 305.7382 0011112 102.3111 257.9353 14.91921892 86714
CORVUS BC1              
1 42847U 17042Y   19046.77181287  .00000023  00000-0  75877-5 0  9994
2 42847  97.5798 305.6586 0010795 102.2028 258.0401 14.92021415 86689
SILU-1 (SILKROAD 1)     
1 42903U 17021F   19047.03953769  .00102446  12127-4  28736-3 0  9995
2 42903  42.7717 273.5639 0017821 249.8994 258.3907 15.92821410 88493
MIRATA                  
1 43015U 17073C   19046.74252958  .00000598  00000-0  52528-4 0  9991
2 43015  97.7178 332.7804 0255780 198.0759 161.1233 14.78697892 67121
MAKERSAT 0              
1 43016U 17073D   19046.73958519  .00000391  00000-0  36214-4 0  9992
2 43016  97.7211 332.9622 0257691 198.2761 160.9061 14.78534334 67125
ASTERIA                 
1 43020U 98067NH  19046.92758031  .00009761  00000-0  10017-3 0  9999
2 43020  51.6405 224.5266 0002072  19.1091 340.9982 15.65666167 70596
DELLINGR (RBLE)         
1 43021U 98067NJ  19047.07058775  .00007376  00000-0  92244-4 0  9998
2 43021  51.6376 230.6542 0001979  10.2621 349.8413 15.60969022 70526
OSIRIS-3U               
1 43027U 98067NL  19046.88445787  .00281436  43216-4  61860-3 0  9995
2 43027  51.6298 197.5627 0005963 313.3996  46.6515 15.97575705 70828
AEROCUBE 7B (OCSD B)    
1 43042U 17071F   19047.17946468  .00002405  00000-0  68446-4 0  9998
2 43042  51.6386 291.5176 0005460  75.4069 284.7521 15.40376324 67198
AEROCUBE 7C (OCSD C)    
1 43043U 17071G   19046.92010691  .00002205  00000-0  63597-4 0  9991
2 43043  51.6390 292.7974 0005551  75.9654 284.1948 15.40369564 67127
CHEFSAT                 
1 43044U 17071H   19046.90104221  .00004566  00000-0  11353-3 0  9997
2 43044  51.6391 289.7474 0005385  76.7388 283.4198 15.42349845 67163
ASGARDIA 1              
1 43049U 17071N   19046.88191388  .00002870  00000-0  79477-4 0  9997
2 43049  51.6394 292.5605 0003155  93.3175 266.8171 15.40480292 67123
ISARA                   
1 43050U 17071P   19046.88051933  .00004892  00000-0  12255-3 0  9996
2 43050  51.6386 290.3326 0003030  92.3515 267.7817 15.41946347 67150
PROPCUBE 2 (FAUNA)      
1 43052U 17071R   19046.90751810  .00002632  00000-0  73187-4 0  9994
2 43052  51.6395 291.9971 0003071  90.2908 269.8429 15.40701118 67126
CORVUS BC3              
1 43118U 18004H   19046.85348149  .00000655  00000-0  31217-4 0  9996
2 43118  97.5024 114.5342 0009556 330.2092  29.8599 15.22633750 60787
MICROMAS-2A             
1 43131U 18004W   19046.88615289  .00001582  00000-0  69019-4 0  9997
2 43131  97.5042 115.0039 0008616 333.1745  26.9045 15.23645134 60812
CICERO 7                
1 43143U 18004AJ  19046.72681700  .00001214  00000-0  53308-4 0  9990
2 43143  97.5032 115.0445 0007036 347.0016  13.1038 15.23868542 60804
GOMX-4B                 
1 43196U 18015E   19047.24023492  .00000315  00000-0  15974-4 0  9994
2 43196  97.3722 176.6716 0019825  22.5670 337.6428 15.23809345 57696
GOMX-4A                 
1 43197U 18015F   19047.18567338  .00000361  00000-0  17804-4 0  9995
2 43197  97.3729 176.6301 0020257  24.0253  96.1712 15.23905775 57696
1KUNS-PF                
1 43466U 98067NP  19046.97308618  .00014653  00000-0  17222-3 0  9991
2 43466  51.6370 235.2419 0000162 136.1914 223.9093 15.61694385 43718
UBAKUSAT                
1 43467U 98067NQ  19047.03806915  .00009187  00000-0  11794-3 0  9997
2 43467  51.6365 236.4217 0001937 325.9142  34.1726 15.59920700 43719
BATSU-CS1 (IRAZU)       
1 43468U 98067NR  19046.93120030  .00018946  00000-0  20944-3 0  9993
2 43468  51.6366 234.2077 0000289 184.7033 175.3959 15.63063647143710
CUBERRT                 
1 43546U 98067NU  19047.01724109  .00015419  00000-0  19116-3 0  9998
2 43546  51.6370 238.5237 0005336  35.2196 324.9149 15.60238188 33818
TEMPEST-D               
1 43547U 98067NV  19047.15478939  .00004260  00000-0  65717-4 0  9992
2 43547  51.6377 240.1886 0006066  32.4805 327.6559 15.56527370 33489
RAINCUBE                
1 43548U 98067NW  19047.04870831  .00009669  00000-0  13068-3 0  9997
2 43548  51.6361 239.4808 0005525  40.6622 319.4782 15.58464161 33932
HALOSAT                 
1 43549U 98067NX  19046.98478671  .00008857  00000-0  12039-3 0  9991
2 43549  51.6364 239.8066 0005521  43.1714 316.9710 15.58434967 33486
ENDUROSAT ONE           
1 43551U 98067NZ  19046.78087097  .00011101  00000-0  14425-3 0  9997
2 43551  51.6374 239.9453 0005833  49.8248 310.3255 15.59337531 33877
EQUISAT                 
1 43552U 98067PA  19046.81797958  .00009961  00000-0  13310-3 0  9999
2 43552  51.6382 240.1984 0006266  48.9651 311.1882 15.58725812 33832
AEROCUBE 12A            
1 43556U 18046C   19046.86684930  .00001764  00000-0  75754-4 0  9996
2 43556  51.6424 285.6508 0008330 355.2019   4.8879 15.28302740 32777
AEROCUBE 12B            
1 43557U 18046D   19046.87201149  .00001519  00000-0  67174-4 0  9990
2 43557  51.6422 285.6837 0008309 355.3479   4.7422 15.28223310 32721
UITMSAT-1               
1 43589U 98067PD  19046.81633976  .00010829  00000-0  14531-3 0  9999
2 43589  51.6358 240.9221 0005604  58.9274 301.2268 15.58506736 29569
MAYA-1                  
1 43590U 98067PE  19046.74902359  .00010691  00000-0  14343-3 0  9995
2 43590  51.6357 241.2238 0005725  58.8756 301.2797 15.58528973 29485
BHUTAN-1                
1 43591U 98067PF  19046.74389041  .00011035  00000-0  14754-3 0  9992
2 43591  51.6370 241.1936 0005841  59.2548 300.9019 15.58580336 29482
SIRIUSSAT-1             
1 43595U 98067PG  19046.99612123  .00010521  00000-0  14412-3 0  9993
2 43595  51.6364 240.6215 0003135  14.3777 345.7303 15.57992915 28697
SIRIUSSAT-2             
1 43596U 98067PH  19046.82137553  .00010351  00000-0  14276-3 0  9994
2 43596  51.6375 241.7236 0003782  14.7279 345.3823 15.57830496 28669
TANUSHA-3               
1 43597U 98067PJ  19046.90750221  .00012080  00000-0  16095-3 0  9999
2 43597  51.6360 240.7608 0003213  32.3322 327.7867 15.58575958 28684
SURFSAT                 
1 43614U 18070B   19046.75953865  .00002400  00000-0  66318-4 0  9996
2 43614  93.0388 312.8843 0019053  64.3016 296.0202 15.36945997 23529
CP7 (DAVE)              
1 43615U 18070C   19046.95585792  .00002194  00000-0  60708-4 0  9996
2 43615  93.0390 312.9664 0019047  63.5217 296.7987 15.36907459 23553
ELFIN-B                 
1 43616U 18070D   19046.80705068  .00003289  00000-0  89848-4 0  9993
2 43616  93.0349 312.8461 0020130  66.5512 293.7854 15.37253999 23530
ELFIN-A                 
1 43617U 18070E   19046.80367378  .00003388  00000-0  92513-4 0  9995
2 43617  93.0407 312.9643 0019101  63.8728 296.4487 15.37288978 23531
DEBRISSAT-1             
1 43621U 98067PM  19046.98579214  .00488887  00000-0  16246-2 0  9995
2 43621  51.6345 229.3261 0004836 259.6726 100.3691 15.88496588 23833
CUBEBEL-1 (BSUSAT-1)    
1 43666U 18083E   19047.09887355  .00000792  00000-0  43116-4 0  9998
2 43666  97.5316  72.3565 0013832 253.2638 192.7700 15.17304717 16696
DEBRISSAT-2             
1 43680U 98067PR  19046.91227641  .00015142  00000-0  20097-3 0  9997
2 43680  51.6400 240.8113 0003392  60.4752 299.6579 15.58448980 37424
CICERO 10               
1 43690U 18088A   19046.94124789  .00000854  00000-0  38411-4 0  9999
2 43690  85.0367  39.2932 0013277 302.9567  57.0396 15.19404421 14717
IRVINE01                
1 43693U 18088D   19046.92434867  .00002561  00000-0  11402-3 0  9998
2 43693  85.0344  39.1458 0016372 286.6546  73.2898 15.20820048 14706
PROXIMA I               
1 43694U 18088E   19046.76423098  .00000945  00000-0  40495-4 0  9994
2 43694  85.0310  39.1599 0017236 277.2079  82.7203 15.21149762 14694
PROXIMA II              
1 43696U 18088G   19046.76383271  .00000954  00000-0  40885-4 0  9997
2 43696  85.0311  39.1606 0017274 277.1684  82.7593 15.21155987 14686
FACSAT-1                
1 43721U 18096C   19047.18717104  .00001298  00000-0  53286-4 0  9999
2 43721  97.4742 117.1958 0019345  45.6100 314.6718 15.25907836 12056
CENTAURI-2              
1 43722U 18096D   19047.18201709  .00001602  00000-0  64825-4 0  9999
2 43722  97.4741 117.2034 0019440  46.4268 313.8580 15.26037307 12047
CORVUS-BC 4             
1 43767U 18099K   19047.20364100  .00000359  00000-0  38566-4 0  9990
2 43767  97.7573 120.5359 0012107  19.2629 340.9046 14.94514577 11120
SHIELDS 1               
1 43850U 18104B   19046.75218767  .00000042  00000-0  00000-0 0  9993
2 43850  85.0319 137.7012 0017780  64.3384 295.9738 15.20965606  9338
STF-1                   
1 43852U 18104D   19046.71312279  .00000041  00000-0  00000+0 0  9992
2 43852  85.0372 137.8093 0017367  79.6424 280.6845 15.20337114  9320
LUME 1                  
1 43908U 18111AJ  19047.16486855  .00000948  00000-0  41708-4 0  9995
2 43908  97.2986 315.7125 0023460  65.5515 294.8166 15.24052869  7783
AOBA VELOX-IV           
1 43940U 19003J   19047.12083441  .00001597  00000-0  69602-4 0  9996
2 43940  97.2938 108.5875 0025760 140.7126 273.9255 15.23335417  4422
CATSAT-2                
1 44029U 98067PV  19046.56054297  .00007960  00000-0  12784-3 0  9994
2 44029  51.6384 245.9691 0005270  54.7946 305.3537 15.54017725  2413
DELPHINI                
1 44030U 98067PW  19046.81776415  .00008896  00000-0  14193-3 0  9992
2 44030  51.6380 244.6871 0004829  56.6713 303.4739 15.54034983  2428
UNITE                   
1 44031U 98067PX  19046.75338619  .00005939  00000-0  97316-4 0  9990
2 44031  51.6382 245.0065 0003519  55.0637 305.0684 15.54001997  2419
TECHEDSAT 8             
1 44032U 98067PY  19046.81567196  .00016662  00000-0  25613-3 0  9997
2 44032  51.6381 244.6729 0003335  58.0839 302.0476 15.54369496  2400
CATSAT-1                
1 44033U 98067PZ  19046.75322031  .00006346  00000-0  10335-3 0  9991
2 44033  51.6384 245.0057 0005244  56.9090 303.2403 15.54039764  2359
