CUTE-1 (CO-55)          
1 27844U 03031E   18152.55003860  .00000049  00000-0  41940-4 0  9991
2 27844  98.6866 161.4371 0010883  60.8397 299.3869 14.22115202773975
CUBESAT XI-IV (CO-57)   
1 27848U 03031J   18152.57539378  .00000038  00000-0  37083-4 0  9996
2 27848  98.6952 161.8550 0010872  70.1381 290.0967 14.21718997773812
CUBESAT XI 5            
1 28895U 05043F   18152.41496472  .00000120  00000-0  31778-4 0  9991
2 28895  97.9073 304.5114 0018153 117.4321 242.8730 14.63548740671332
CUTE-1.7+APD II (CO-65) 
1 32785U 08021C   18152.17911761  .00000215  00000-0  28926-4 0  9995
2 32785  97.5474 165.1215 0014748  91.5763 268.7144 14.88122277546727
AAUSAT-II               
1 32788U 08021F   18152.62041124  .00000939  00000-0  92307-4 0  9992
2 32788  97.5224 179.7740 0012997  47.1943 313.0368 14.94344057547854
DELFI-C3 (DO-64)        
1 32789U 08021G   18152.56506456  .00001999  00000-0  14097-3 0  9996
2 32789  97.5129 207.7700 0012131 359.1549   0.9656 15.06049161549334
SEEDS II (CO-66)        
1 32791U 08021J   18152.02538117  .00000252  00000-0  31108-4 0  9993
2 32791  97.5366 170.2974 0015027  74.6252 285.6626 14.90552898547025
SWISSCUBE               
1 35932U 09051B   18152.35746014  .00000135  00000-0  41506-4 0  9993
2 35932  98.5433 303.1394 0006446 255.8079 104.2402 14.56161161461135
BEESAT                  
1 35933U 09051C   18152.38581287  .00000112  00000-0  36372-4 0  9996
2 35933  98.5473 304.7063 0004595 271.6229  88.4441 14.56264936461169
ITUPSAT 1               
1 35935U 09051E   18152.36290376  .00000089  00000-0  31698-4 0  9991
2 35935  98.5586 304.9358 0006930 266.0681  93.9723 14.55441869460995
M-CUBED & EXP-1 PRIME   
1 37855U 11061F   18152.11297239  .00001702  00000-0  94164-4 0  9996
2 37855 101.7166 206.4271 0176885 129.8460 231.8466 15.04392097359231
STRAND-1                
1 39090U 13009E   18152.56118398  .00000041  00000-0  29558-4 0  9990
2 39090  98.5231 359.1493 0009031 351.7473   8.3563 14.35027014275565
AIST-2 (RS-43)          
1 39133U 13015D   18152.82737622  .00000155  00000-0  23450-4 0  9992
2 39133  64.8737 260.3555 0024024 224.8818 135.0360 15.04553081280906
SOMP                    
1 39134U 13015E   18152.46655144  .00001215  00000-0  66987-4 0  9991
2 39134  64.8625 177.7613 0013449 214.4003 145.6255 15.19140710282515
BEESAT 3                
1 39135U 13015F   18152.52858719  .00000689  00000-0  44955-4 0  9997
2 39135  64.8679 190.7167 0022951 236.9494 122.9427 15.16657543281887
BEESAT-2                
1 39136U 13015G   18152.55880517  .00000869  00000-0  54808-4 0  9990
2 39136  64.8688 193.3604 0022472 239.1948 120.6966 15.16127663281833
NEE-01 PEGASUS          
1 39151U 13018B   18152.81822070  .00000181  00000-0  30965-4 0  9994
2 39151  97.9745 246.9923 0017024   3.5860 356.5471 14.79900955275243
ESTCUBE 1               
1 39161U 13021C   18152.80174283  .00000129  00000-0  28397-4 0  9992
2 39161  98.0075 238.8945 0010999 105.4883 254.7542 14.72065575272188
POPACS 1                
1 39268U 13055D   18152.29567580  .00001901  00000-0  54121-4 0  9999
2 39268  81.0033   2.9609 0637086 273.2146  79.6387 14.34154235240701
POPACS 2                
1 39269U 13055E   18152.36760570  .00002241  00000-0  65505-4 0  9998
2 39269  81.0167  24.5151 0691484 329.1934  27.0306 14.22095937239672
POPACS 3                
1 39270U 13055F   18152.61913363  .00002899  00000-0  90660-4 0  9997
2 39270  81.0197  36.2961 0719653   4.0825 356.5793 14.14642027219456
ZACUBE-1 (TSHEPISOSAT)  
1 39417U 13066B   18152.57164028  .00000217  00000-0  33863-4 0  9997
2 39417  97.5879 182.0439 0058447 204.9146 154.9244 14.80934312244488
WNISAT-1                
1 39423U 13066H   18152.85022560  .00000057  00000-0  20493-4 0  9996
2 39423  97.7273 118.1219 0176943  65.4959 296.4586 14.52952975240004
GOMX 1                  
1 39430U 13066Q   18152.87388424  .00000262  00000-0  56418-4 0  9994
2 39430  97.6966 130.8507 0152175  19.4556 341.2367 14.59077815240929
CUBEBUG-2 (LO-74)       
1 39440U 13066AA  18152.61268395  .00000245  00000-0  41380-4 0  9994
2 39440  97.6016 168.7740 0079034 245.6605 113.6340 14.75670879242421
NEE-02 KRYSAOR          
1 39441U 13066AB  18152.55331077  .00000147  00000-0  28266-4 0  9995
2 39441  97.6019 166.9345 0080426 251.0227 108.2255 14.74776165242311
FUNCUBE-1 (AO-73)       
1 39444U 13066AE  18152.57579917  .00000322  00000-0  46251-4 0  9996
2 39444  97.5888 183.5534 0057713 200.2722 159.6200 14.81712067242758
UWE-3                   
1 39446U 13066AG  18152.59444873  .00000254  00000-0  40631-4 0  9992
2 39446  97.5934 175.0191 0069062 225.7369 133.8163 14.78204553242222
BRITE-TORONTO           
1 40020U 14033L   18152.86779198  .00000077  00000-0  21840-4 0  9992
2 40020  97.7880  11.9670 0086222 294.2143  65.0068 14.66493846211332
DUCHIFAT-1              
1 40021U 14033M   18152.54882096  .00000366  00000-0  43498-4 0  9994
2 40021  97.9167  71.2391 0011728 226.0836 133.9414 14.90302742214629
NANOSATC-BR1            
1 40024U 14033Q   18152.58216142  .00000455  00000-0  53581-4 0  9997
2 40024  97.9103  69.5469 0011020 228.3618 131.6656 14.89566453214033
QB50P1                  
1 40025U 14033R   18152.75559318  .00000315  00000-0  39784-4 0  9996
2 40025  97.9062  68.1851 0011195 232.3089 127.7113 14.88712038214493
QB50P2                  
1 40032U 14033Y   18152.50486885  .00000312  00000-0  39857-4 0  9993
2 40032  97.9016  66.6538 0010663 228.1958 131.8348 14.88257279213870
PERSEUS-M2              
1 40037U 14033AD  18152.32936544  .00000118  00000-0  19662-4 0  9996
2 40037  97.9004  64.0664 0013124 239.0037 120.9889 14.86356303213671
PERSEUS-M1              
1 40039U 14033AF  18152.28298505  .00000104  00000-0  18251-4 0  9999
2 40039  97.9002  63.3914 0013006 235.5365 124.4622 14.85978192213607
POLYITAN-1              
1 40042U 14033AJ  18152.60717569  .00000325  00000-0  41168-4 0  9993
2 40042  97.9136  68.1583 0013597 221.5195 138.4990 14.88392916213885
TIGRISAT                
1 40043U 14033AK  18152.62685918  .00000163  00000-0  31828-4 0  9990
2 40043  97.8107  30.5127 0058664 248.6621 110.8320 14.74139271212011
AEROCUBE 6A             
1 40045U 14033AM  18152.63953844  .00000366  00000-0  60427-4 0  9991
2 40045  97.8274  32.7659 0056490 242.9402 116.6036 14.75143269212236
AEROCUBE 6B             
1 40046U 14033AN  18152.57285221  .00000431  00000-0  69895-4 0  9993
2 40046  97.8242  32.5608 0055844 242.4167 117.1364 14.75136370211985
UKUBE-1                 
1 40074U 14037F   18152.57410286  .00000258  00000-0  38256-4 0  9993
2 40074  98.3858 289.0442 0004948  22.3068 337.8359 14.83796719210986
BRITE-PL 2              
1 40119U 14049B   18152.50086739  .00000175  00000-0  27340-4 0  9991
2 40119  97.9178 241.2142 0018192  33.4617 326.7742 14.84289636204883
FIREBIRD 4              
1 40378U 15003C   18152.61093009  .00001800  00000-0  77433-4 0  9993
2 40378  99.0886  51.3266 0130414 282.5863  76.0807 15.17208037183952
GRIFEX                  
1 40379U 15003D   18152.54993105  .00001362  00000-0  63758-4 0  9990
2 40379  99.0915  47.4741 0137474 295.2581  63.4451 15.14321255183737
EXOCUBE                 
1 40380U 15003E   18152.32018204  .00001179  00000-0  58109-4 0  9996
2 40380  99.0963  45.1146 0141956 303.0954  55.6710 15.12530930183559
TIANWANG 1C (TW-1C)     
1 40926U 15051B   18152.83554771  .00007185  00000-0  13519-3 0  9993
2 40926  97.1841 195.2505 0008992 345.3458 133.6013 15.48813991150934
TIANWANG 1A (TW-1A)     
1 40928U 15051D   18152.60408589  .00002212  00000-0  59937-4 0  9996
2 40928  97.1859 186.9001 0012674  26.7457  97.2904 15.38639715150386
EXACTVIEW 9             
1 40936U 15052G   18152.81933081  .00000776  00000-0  19574-4 0  9995
2 40936   6.0009 263.5848 0010273 137.7029 222.3935 14.76385860144695
ATHENOXAT 1             
1 41168U 15077C   18152.60671950  .00001401  00000-0  39712-4 0  9993
2 41168  14.9834 134.3227 0012048 183.7856 314.2158 15.12750504136011
GALASSIA                
1 41170U 15077E   18152.53232783  .00001763  00000-0  58827-4 0  9994
2 41170  14.9881 129.5118 0013262 204.4120 155.5573 15.13139941136053
VELOX 2                 
1 41171U 15077F   18152.32934989  .00001398  00000-0  43067-4 0  9993
2 41171  14.9902 152.3400 0009070 141.4800 218.6169 15.10640361135830
HORYU-IV                
1 41340U 16012D   18152.09376441  .00000447  00000-0  27403-4 0  9998
2 41340  31.0062  49.3545 0014200 293.1008  66.8131 15.00980913125476
E-ST@R-II               
1 41459U 16025D   18152.41464481  .00000416  00000-0  26359-4 0  9996
2 41459  98.1386 214.2695 0170663 200.6931 158.7366 15.04335142115059
AAUSAT 4                
1 41460U 16025E   18152.74047329  .00000937  00000-0  52775-4 0  9991
2 41460  98.1303 215.0865 0161947 195.7010 163.9167 15.05742022115164
DIWATA-1                
1 41463U 98067HT  18152.79097740  .00008717  00000-0  75790-4 0  9993
2 41463  51.6401  51.1801 0002193  87.3565  19.8745 15.69981452119580
BEESAT-4                
1 41619U 16040W   18152.42274492  .00001600  00000-0  72920-4 0  9994
2 41619  97.4160 215.7868 0009938 288.2300  71.7854 15.22083006 95697
CANX-7                  
1 41788U 16059F   18152.79314068  .00006899  00000-0  11665-2 0  9997
2 41788  98.2079 219.2207 0034866 143.0873 217.2722 14.69282915 89840
ALSAT 1N                
1 41789U 16059G   18152.71834577  .00000076  00000-0  23601-4 0  9998
2 41789  98.1196 215.7189 0029378 134.1220 226.2401 14.64155365 89756
RAVAN                   
1 41849U 16067B   18152.78193527  .00001103  00000-0  99248-4 0  9996
2 41849  97.9247 241.3046 0008235 204.3639 155.7194 14.97746584 84820
CELTEE 1                
1 41850U 16067C   18152.78349702  .00000629  00000-0  60224-4 0  9990
2 41850  97.9234 240.7870 0008283 205.5949 154.4863 14.96807397 84790
OPTICUBE 04             
1 41851U 16067D   18152.54665631 -.00000203  00000-0 -12448-4 0  9992
2 41851  97.9238 240.4666 0007977 209.3590 150.7184 14.96669557 84753
AEROCUBE 8D             
1 41852U 16067E   18152.78226431  .00000653  00000-0  62806-4 0  9990
2 41852  97.9245 240.5500 0009100 207.9773 152.0960 14.96484796 84776
AEROCUBE 8C             
1 41853U 16067F   18152.79605166  .00000804  00000-0  76205-4 0  9994
2 41853  97.9250 240.5281 0009238 208.7440 151.3273 14.96452811 84773
PROMETHEUS 2-1          
1 41854U 16067G   18152.53612095  .00000734  00000-0  69818-4 0  9990
2 41854  97.9258 240.2701 0009459 209.7560 150.3124 14.96554259 84734
PROMETHEUS 2-3          
1 41855U 16067H   18152.80616788  .00000547  00000-0  53416-4 0  9993
2 41855  97.9261 240.5476 0009609 209.7252 150.3424 14.96552230 84770
ITF-2                   
1 41932U 98067KU  18152.76785921  .00043070  00000-0  28161-3 0  9996
2 41932  51.6347  60.2518 0004801 129.9940 230.1482 15.75359795 78333
WASEDA-SAT3             
1 41933U 98067KV  18152.80632274  .00072252  00000-0  35759-3 0  9999
2 41933  51.6351  53.6153 0004462 134.6563 225.4803 15.81360123 78425
AOBA-VELOX 3            
1 41935U 98067KX  18152.31522338  .00050182  00000-0  27937-3 0  9993
2 41935  51.6371  58.6718 0004681 130.2449 229.8962 15.78927097 78417
INS-1B                  
1 41954U 17008G   18152.81492661  .00001615  00000-0  71677-4 0  9998
2 41954  97.4469 216.9084 0010774  54.2793 305.9444 15.22970462 71660
BGUSAT                  
1 41999U 17008BD  18152.60691899  .00002997  00000-0  12460-3 0  9996
2 41999  97.4510 217.7131 0010191  71.5143 288.7201 15.24529070 71051
DIDO-2                  
1 42000U 17008BE  18152.56152136  .00001220  00000-0  54593-4 0  9993
2 42000  97.4487 217.0806 0010295  71.4410 288.7944 15.23166932 71025
PEASSS                  
1 42015U 17008BV  18152.61387490  .00001440  00000-0  62421-4 0  9991
2 42015  97.4484 217.5706 0008265  78.4451 281.7714 15.23972164 71545
AL-FARABI 1             
1 42016U 17008BW  18152.61068742  .00001869  00000-0  79209-4 0  9995
2 42016  97.4492 217.7536 0008169  78.8442 281.3713 15.24376206 71670
NAYIF-1 (EO-88)         
1 42017U 17008BX  18152.60518664  .00001879  00000-0  79578-4 0  9998
2 42017  97.4490 217.7546 0008144  79.1118 281.1036 15.24399809 71699
HAVELSAT                
1 42700U 98067LH  18152.81623166  .00038350  00000-0  31059-3 0  9993
2 42700  51.6360  73.3433 0003906 166.1116 193.9990 15.70382404 59603
CXBN-2                  
1 42704U 98067LM  18152.76954234  .00035250  00000-0  29125-3 0  9991
2 42704  51.6369  74.5473 0003352 107.8034 252.3329 15.69943560 59508
ICECUBE                 
1 42705U 98067LN  18152.18027748  .00068320  00000-0  40256-3 0  9991
2 42705  51.6459  70.6821 0003719 126.4951 233.6392 15.77537750 59562
PHOENIX                 
1 42706U 98067LP  18152.81958222  .00025807  00000-0  22735-3 0  9997
2 42706  51.6363  74.8757 0002412 106.4345 253.6917 15.68557437 59496
X-CUBESAT               
1 42707U 98067LQ  18152.35653405  .00034029  00000-0  27136-3 0  9998
2 42707  51.6332  75.4630 0002766 108.0010 252.1289 15.70818033 59434
QBEE50-LTU-OC           
1 42708U 98067LR  18152.61321379  .00035303  00000-0  29073-3 0  9998
2 42708  51.6370  74.9805 0002648 109.4286 250.6998 15.70024236 59427
ALTAIR PATHFINDER       
1 42711U 98067LS  18152.41213381  .00016397  00000-0  17568-3 0  9991
2 42711  51.6369  83.4167 0004720 112.3925 247.7571 15.63980391 59004
SHARC                   
1 42712U 98067LT  18152.79631550  .00029605  00000-0  31652-3 0  9991
2 42712  51.6386  83.0369 0003579 113.6273 246.5097 15.63627405 59289
ZA-AEROSAT              
1 42713U 98067LU  18152.83561344  .00025272  00000-0  23477-3 0  9992
2 42713  51.6356  77.2216 0003481 102.7317 257.4069 15.67259018 59121
LINK                    
1 42714U 98067LV  18152.76142719  .00081361  00000-0  46117-3 0  9993
2 42714  51.6269  67.5683 0004034 108.3024 251.8416 15.78334958 59355
CSUNSAT 1               
1 42715U 98067LW  18152.35053925  .00025429  00000-0  23117-3 0  9997
2 42715  51.6365  79.2514 0004968 105.5209 254.6336 15.67784693 59058
SPACECUBE               
1 42717U 98067LY  18152.82984585  .00035322  00000-0  29113-3 0  9991
2 42717  51.6346  74.1591 0002935 153.3201 206.7948 15.70002659 58531
HOOPOE                  
1 42718U 98067LZ  18152.82383350  .00048441  00000-0  35891-3 0  9991
2 42718  51.6358  71.8714 0003093 146.5287 213.5907 15.72401529 58565
CHALLENGER              
1 42721U 98067MA  18152.78910609  .00129798  00000-0  56106-3 0  9990
2 42721  51.6291  63.2267 0005255 150.9595 209.1702 15.84009555 58375
NJUST-1                 
1 42722U 98067MB  18152.82332242  .00025233  00000-0  24290-3 0  9995
2 42722  51.6366  78.6592 0005509 158.1853 201.9378 15.66364756 58173
UNSW-ECO                
1 42723U 98067MC  18152.32286276  .00044845  00000-0  32469-3 0  9993
2 42723  51.6374  74.5553 0005055 147.3921 212.7390 15.72969419 58164
LILACSAT-1              
1 42725U 98067ME  18152.64618170  .00027367  00000-0  23971-3 0  9990
2 42725  51.6390  77.3172 0004286 146.6995 282.8938 15.68657510 58088
NSIGHT-1                
1 42726U 98067MF  18152.88931246  .00010905  00000-0  13164-3 0  9992
2 42726  51.6391  84.4060 0005265 164.8431 195.2721 15.61313038 58017
SNUSAT-1                
1 42727U 98067MG  18152.32616766  .00027923  00000-0  24536-3 0  9992
2 42727  51.6347  79.0325 0006935 125.7603 234.4039 15.68550874 57997
I-INSPIRE II            
1 42731U 98067ML  18152.70300251  .00058019  00000-0  40714-3 0  9994
2 42731  51.6343  71.7728 0006454 118.8531 241.3116 15.73581599 58014
POLYITAN-2-SAU          
1 42732U 98067MM  18152.16887697  .00024539  00000-0  19883-3 0  9992
2 42732  51.6357  77.2414 0006622 113.3584 246.8111 15.70604037 57898
SNUSAT-1B               
1 42733U 98067MN  18152.17730431  .00023311  00000-0  20054-3 0  9996
2 42733  51.6360  78.8139 0006658 115.7135 244.4550 15.69184569 57871
EXALTA-1                
1 42734U 98067MP  18152.88169414  .00058967  00000-0  40382-3 0  9993
2 42734  51.6332  70.6929 0006839 136.9027 223.2509 15.74139835 57998
BEEAGLESAT              
1 42736U 98067MR  18152.16078292  .00024564  00000-0  22190-3 0  9992
2 42736  51.6357  80.2015 0005811 151.6676 208.4638 15.67957990 57915
UCLSAT                  
1 42765U 17036A   18152.36278266  .00001510  00000-0  69445-4 0  9997
2 42765  97.4019 212.4660 0013289 127.4430 232.8017 15.21812508 52891
LITUANICASAT-2          
1 42768U 17036D   18152.48078545  .00002798  00000-0  12770-3 0  9998
2 42768  97.4029 212.1907 0017474 119.0792 241.2197 15.21308644 52179
AALTO-1                 
1 42775U 17036L   18152.83338863  .00001086  00000-0  52345-4 0  9999
2 42775  97.4011 212.4445 0015825 115.7032 244.5840 15.20724950 52167
URSA MAIOR              
1 42776U 17036M   18152.42595335  .00001125  00000-0  54007-4 0  9995
2 42776  97.4019 212.0920 0015661 117.1686 243.1148 15.20799037 52107
COMPASS 2               
1 42777U 17036N   18152.49295931  .00002052  00000-0  93550-4 0  9998
2 42777  97.4040 212.5189 0014601 119.8886 240.3802 15.21681250 52124
DIAMOND RED             
1 42783U 17036U   18152.16035118  .00001038  00000-0  49243-4 0  9991
2 42783  97.4020 212.1326 0013882 128.3136 231.9350 15.21423998 52072
PEGASUS                 
1 42784U 17036V   18152.39825589  .00001457  00000-0  67442-4 0  9992
2 42784  97.4022 212.4308 0013803 127.6214 232.6277 15.21623834 52112
DIAMOND GREEN           
1 42785U 17036W   18152.35657430  .00001310  00000-0  61307-4 0  9999
2 42785  97.4023 212.3382 0013765 128.1714 232.0764 15.21428740 52173
DIAMOND BLUE            
1 42786U 17036X   18152.35570831  .00001293  00000-0  60548-4 0  9995
2 42786  97.4022 212.3375 0013603 128.3663 231.8798 15.21428448 52091
NUDTSAT                 
1 42787U 17036Y   18152.58539030  .00002148  00000-0  96412-4 0  9996
2 42787  97.4029 212.8013 0013401 126.6692 233.5778 15.22183512 51998
SUCHAI                  
1 42788U 17036Z   18152.16101451  .00001374  00000-0  63344-4 0  9991
2 42788  97.4024 212.2890 0013419 128.2105 232.0341 15.21883296 52151
SKCUBE                  
1 42789U 17036AA  18152.35730680  .00001617  00000-0  74032-4 0  9991
2 42789  97.4021 212.4782 0013261 127.4596 232.7849 15.21851469 52103
VZLUSAT-1               
1 42790U 17036AB  18152.37770038  .00002056  00000-0  92371-4 0  9990
2 42790  97.4026 212.6047 0012935 127.4760 232.7654 15.22204215 52113
ROBUSTA-1B              
1 42792U 17036AD  18152.59042464  .00001646  00000-0  75041-4 0  9990
2 42792  97.4020 212.7668 0012823 127.4597 232.7807 15.21992000 52152
CICERO 6                
1 42793U 17036AE  18152.58312189  .00001029  00000-0  48249-4 0  9999
2 42793  97.4012 212.7611 0011939 128.0635 232.1680 15.21847266 52223
D-SAT                   
1 42794U 17036AF  18152.80814531  .00000265  00000-0  28782-4 0  9994
2 42794  97.5926 208.0443 0126315 334.1088  25.3844 14.90863354 51434
TOKI                    
1 42820U 98067MU  18152.22216894  .00024197  00000-0  22660-3 0  9999
2 42820  51.6357  82.1197 0004190  96.2123 263.9350 15.67083933 51357
MAZAALAI (NUMSAT-1)     
1 42822U 98067MW  18152.82697888  .00029498  00000-0  27750-3 0  9997
2 42822  51.6359  79.4145 0004095 101.9008 258.2448 15.66852860 51428
BRAC ONNESHA            
1 42823U 98067MX  18152.18610221  .00022927  00000-0  21651-3 0  9997
2 42823  51.6364  82.6506 0006165 118.9617 241.1998 15.66901377 51346
NIGERIAEDUSAT-1         
1 42824U 98067MY  18152.84612459  .00029805  00000-0  28132-3 0  9999
2 42824  51.6370  79.5739 0006035 121.4517 238.7070 15.66753467 51417
CORVUS BC2              
1 42846U 17042X   18152.51111657  .00000049  00000-0  10152-4 0  9998
2 42846  97.5987  55.9496 0008146 245.3551 114.6820 14.91813607 48030
CORVUS BC1              
1 42847U 17042Y   18152.62396610  .00000250  00000-0  30093-4 0  9995
2 42847  97.5986  56.1055 0007818 244.4555 115.5857 14.91912655 48047
SILU-1 (SILKROAD 1)     
1 42903U 17021F   18152.49950231  .00018284  00000-0  14429-3 0  9995
2 42903  42.7790  63.2026 0011940 198.4730 152.2012 15.70968655 47450
MIRATA                  
1 43015U 17073C   18152.85744363  .00001589  00000-0  13145-3 0  9998
2 43015  97.7040  84.5173 0257428 321.7651  36.5544 14.78110974 28877
ASTERIA                 
1 43020U 98067NH  18152.24854293  .00012442  00000-0  16366-3 0  9991
2 43020  51.6416  94.3951 0003384 101.7781 258.3591 15.58887162 30005
DELLINGR (RBLE)         
1 43021U 98067NJ  18152.40997427  .00007334  00000-0  10502-3 0  9997
2 43021  51.6393  94.7031 0003133  98.0235 262.1113 15.57332140 30011
OSIRIS-3U               
1 43027U 98067NL  18152.24073489  .00034166  00000-0  36623-3 0  9993
2 43027  51.6382  91.3132 0004792  85.9759 274.1783 15.63479812 29927
AEROCUBE 7B             
1 43042U 17071F   18152.33905147  .00001672  00000-0  53186-4 0  9991
2 43042  51.6396 118.7180 0004637 201.6197 158.4592 15.38756267 27167
AEROCUBE 7C             
1 43043U 17071G   18152.53388514  .00003845  00000-0  10892-3 0  9997
2 43043  51.6388 117.7720 0004740 204.8943 155.1813 15.38763487 27169
CHEFSAT                 
1 43044U 17071H   18152.48656099  .00006556  00000-0  17381-3 0  9990
2 43044  51.6392 117.4718 0004530 204.4952 155.5818 15.39579052 27165
ASGARDIA 1              
1 43049U 17071N   18152.51601451  .00003683  00000-0  10429-3 0  9995
2 43049  51.6388 117.6582 0002019 221.6396 138.4435 15.38897157 27151
ISARA                   
1 43050U 17071P   18152.87664285  .00005924  00000-0  15864-3 0  9998
2 43050  51.6387 115.5753 0001860 219.5116 140.5733 15.39457828 27218
FAUNA                   
1 43052U 17071R   18152.83051909  .00004311  00000-0  11984-3 0  9997
2 43052  51.6389 116.0158 0001905 218.5013 141.5835 15.39027667 27209
CORVUS BC3              
1 43118U 18004H   18152.43135513  .00001038  00000-0  48221-4 0  9995
2 43118  97.5341 214.9894 0011643 143.3029 216.9006 15.22221113 21313
MICROMAS-2A             
1 43131U 18004W   18152.59420099  .00002160  00000-0  95561-4 0  9999
2 43131  97.5348 215.2430 0010867 145.1224 215.0726 15.22744379 21345
GOMX4-B                 
1 43196U 18015E   18152.57775268  .00000343  00000-0  17238-4 0  9997
2 43196  97.3439 281.8326 0018172 208.3116 151.7136 15.23545705 18156
GOMX4-A                 
1 43197U 18015F   18152.79748192  .00000403  00000-0  19699-4 0  9998
2 43197  97.3443 282.0494 0018283 208.8723 284.0262 15.23641460 18192
UBAKUSAT                
1 43466U 98067NP  18152.26620806  .00008455  00000-0  12934-3 0  9994
2 43466  51.6412  97.9237 0001729  88.8360  58.3975 15.55280833  3227
1KUNS-PF                
1 43467U 98067NQ  18152.82584571  .00006602  00000-0  10252-3 0  9998
2 43467  51.6408  95.1219 0003945  80.9807 325.0380 15.55293110  3310
BATSU-CS1 (IRAZU)       
1 43468U 98067NR  18152.11058667  .00009712  00000-0  14701-3 0  9991
2 43468  51.6419  98.6887 0001672  81.2381 278.8799 15.55370732103189
