CUTE-1 (CO-55)          
1 27844U 03031E   20192.43710602  .00000021  00000-0  29182-4 0  9998
2 27844  98.6809 199.8246 0009740 356.7203   3.3909 14.22245891883407
CUBESAT XI-IV (CO-57)   
1 27848U 03031J   20191.83710314  .00000013  00000-0  25583-4 0  9997
2 27848  98.6876 199.7925 0009943  10.6692 349.4694 14.21831688883129
CUBESAT XI-V            
1 28895U 05043F   20192.10863595  .00000078  00000-0  23870-4 0  9994
2 28895  98.0130 327.8330 0016245 204.9301 155.1119 14.63781444784158
CUTE-1.7+APD II (CO-65) 
1 32785U 08021C   20191.71743694  .00000132  00000-0  19821-4 0  9991
2 32785  97.5733 178.7555 0014470  62.7728 297.4962 14.88485399661255
AAUSAT-II               
1 32788U 08021F   20191.73951217  .00000247  00000-0  27509-4 0  9997
2 32788  97.4905 195.2476 0011287 349.1353  10.9623 14.95084783662740
DELFI-C3 (DO-64)        
1 32789U 08021G   20191.83240801  .00000428  00000-0  31915-4 0  9996
2 32789  97.4165 233.8507 0010592 234.0487 125.9759 15.07780881665185
SEEDS II (CO-66)        
1 32791U 08021J   20191.74696494  .00000195  00000-0  25043-4 0  9998
2 32791  97.5408 184.9133 0014187  34.3434 325.8699 14.91068700661784
SWISSCUBE               
1 35932U 09051B   20192.09478068  .00000075  00000-0  27884-4 0  9998
2 35932  98.6108  15.1050 0008679  62.5162 297.6916 14.56404864573164
BEESAT-1                
1 35933U 09051C   20192.00727494  .00000059  00000-0  24348-4 0  9994
2 35933  98.6104  16.8808 0006987  74.7202 285.4767 14.56479191573265
ITUPSAT1                
1 35935U 09051E   20192.08400715  .00000045  00000-0  21606-4 0  9997
2 35935  98.6210  17.1570 0009294  72.8461 287.3752 14.55624254572990
TISAT 1                 
1 36799U 10035E   20192.04732472  .00000124  00000-0  18586-4 0  9995
2 36799  98.1961   3.1902 0010873 254.3109 105.6909 14.91377780542499
M-CUBED & EXP-1 PRIME   
1 37855U 11061F   20191.82782746  .00000475  00000-0  31447-4 0  9993
2 37855 101.7146 291.7666 0170718   8.5654 351.8407 15.06363288474576
AEROCUBE 4.5A           
1 38767U 12048K   20191.66151604  .00000042  00000-0  18992-4 0  9997
2 38767  64.6652 166.8765 0138848 128.5995 232.7648 14.92309807 45118
AEROCUBE 4.5B           
1 38768U 12048L   20192.08419200  .00000208  00000-0  30456-4 0  9997
2 38768  64.6668 133.7022 0127903 124.1153 237.2174 14.95985211 45265
STRAND-1                
1 39090U 13009E   20192.08699568 -.00000001  00000-0  14876-4 0  9991
2 39090  98.4549  35.8339 0008413 210.9545 149.1146 14.35136586385953
SOMP                    
1 39134U 13015E   20192.45357542  .00000441  00000-0  28885-4 0  9993
2 39134  64.8612 203.2569 0031449 240.1530 119.6471 15.21107096399554
BEESAT-3                
1 39135U 13015F   20192.09943043  .00000411  00000-0  29642-4 0  9990
2 39135  64.8663 228.2735 0035357 241.7171 118.0386 15.18222500399049
BEESAT-2                
1 39136U 13015G   20191.56310828  .00000494  00000-0  34202-4 0  9990
2 39136  64.8699 235.0526 0032085 277.3816  82.3665 15.17606083398862
NEE-01 PEGASO           
1 39151U 13018B   20192.25026824  .00000080  00000-0  17454-4 0  9998
2 39151  97.9746 290.9097 0017657  31.1186 329.1067 14.80179653389052
ESTCUBE 1               
1 39161U 13021C   20192.18320207  .00000108  00000-0  24808-4 0  9999
2 39161  97.9639 274.7578 0009783 159.9487 200.2110 14.72329756385384
POPACS 1                
1 39268U 13055D   20192.10135061  .00004214  00000-0  11362-3 0  9990
2 39268  81.0014 272.2163 0617090 154.9002 208.3594 14.39440616352729
POPACS 2                
1 39269U 13055E   20192.31746583  .00000946  00000-0  27129-4 0  9998
2 39269  81.0156 310.5217 0676580 254.1107  98.4546 14.25512864350465
POPACS 3                
1 39270U 13055F   20191.71792131  .00000652  00000-0  19988-4 0  9991
2 39270  81.0172 333.1134 0709146 318.9727  36.0098 14.16931296328285
ZACUBE-1 (TSHEPISOSAT)  
1 39417U 13066B   20191.85931765  .00000118  00000-0  21182-4 0  9995
2 39417  97.5648 188.6364 0058141 203.0259 156.8347 14.81288587358351
WNISAT-1                
1 39423U 13066H   20192.38543267  .00000014  00000-0  12484-4 0  9997
2 39423  97.8005 112.3062 0174739 183.7086 176.2829 14.53124052351754
TRITON-1                
1 39427U 13066M   20192.44840993  .00000173  00000-0  35621-4 0  9998
2 39427  97.7263 152.0979 0114206   5.1057 355.1283 14.68016837355235
GOMX-1                  
1 39430U 13066Q   20192.43102964  .00000110  00000-0  28495-4 0  9992
2 39430  97.7921 129.5722 0152098 111.9012 249.8435 14.59409488353158
CUBEBUG-2 (LO-74)       
1 39440U 13066AA  20191.86057001  .00000112  00000-0  22752-4 0  9992
2 39440  97.6317 173.1252 0078478 267.4891  91.7333 14.76024806355880
NEE-02 KRYSAOR          
1 39441U 13066AB  20191.88730944  .00000070  00000-0  17335-4 0  9993
2 39441  97.6391 170.6560 0080082 276.6297  82.5803 14.75026521355710
FUNCUBE-1 (AO-73)       
1 39444U 13066AE  20191.70916674  .00000174  00000-0  27637-4 0  9994
2 39444  97.5589 190.7376 0057439 195.4875 164.4583 14.82144264357258
UWE-3                   
1 39446U 13066AG  20191.87849563  .00000105  00000-0  20696-4 0  9998
2 39446  97.5988 180.3198 0068529 235.9735 123.4957 14.78558464355880
AEROCUBE 5A             
1 39465U 13072D   20192.05962694  .00001545  00000-0  15737-3 0  9996
2 39465 120.4916 245.0260 0255923 268.0168  89.1560 14.76549048 44700
AEROCUBE 5B             
1 39466U 13072E   20192.12187376  .00002748  00000-0  21860-3 0  9991
2 39466 120.4887 283.2500 0228779 277.7140  79.7997 14.86190781 44947
BRITE-CA1 (TORONTO)     
1 40020U 14033L   20192.47207686  .00000014  00000-0  10866-4 0  9991
2 40020  97.7309  19.3637 0087365   0.2536 359.8699 14.66650747324135
DUCHIFAT-1              
1 40021U 14033M   20192.09823105  .00000325  00000-0  38835-4 0  9991
2 40021  97.9428 123.4741 0011941 207.4090 152.6499 14.90925511329263
NANOSATC-BR1            
1 40024U 14033Q   20192.06662360  .00000204  00000-0  27032-4 0  9998
2 40024  97.9274 119.7498 0011163 211.9920 148.0621 14.90092067329122
QB50P1                  
1 40025U 14033R   20191.83035220  .00000123  00000-0  19071-4 0  9996
2 40025  97.9148 116.1378 0011300 221.0399 138.9969 14.89152391328932
QB50P2                  
1 40032U 14033Y   20192.02124337  .00000126  00000-0  19538-4 0  9995
2 40032  97.9034 113.7493 0010777 216.7786 143.2692 14.88677449328862
PERSEUS-M2              
1 40037U 14033AD  20192.48441063  .00000061  00000-0  13128-4 0  9995
2 40037  97.8878 108.6600 0013129 233.6260 126.3745 14.86549828328581
PERSEUS-M1              
1 40039U 14033AF  20191.82658506  .00000052  00000-0  12142-4 0  9991
2 40039  97.8842 106.7579 0012975 233.8639 126.1376 14.86170772328405
POLYITAN-1              
1 40042U 14033AJ  20191.83012601  .00000139  00000-0  20846-4 0  9992
2 40042  97.9233 116.6814 0013610 211.8973 148.1421 14.88899896328323
TIGRISAT                
1 40043U 14033AK  20191.54518748  .00000075  00000-0  18573-4 0  9997
2 40043  97.7076  46.7319 0058468 287.8672  71.6166 14.74387751325600
AEROCUBE 6A             
1 40045U 14033AM  20191.65666749  .00000115  00000-0  23938-4 0  9992
2 40045  97.7330  52.4307 0056081 278.7946  80.6916 14.75588016325384
AEROCUBE 6B             
1 40046U 14033AN  20192.07353439  .00000182  00000-0  33448-4 0  9990
2 40046  97.7238  52.0760 0055409 276.3531  83.1371 14.75580513325824
UKUBE-1                 
1 40074U 14037F   20192.48942186  .00000191  00000-0  29930-4 0  9994
2 40074  98.4540  22.1972 0005509  53.3295 306.8431 14.84283279325177
BRITE-PL2 (HEWELIUSZ)   
1 40119U 14049B   20191.83261255  .00000083  00000-0  16222-4 0  9996
2 40119  97.8956 283.8322 0018273  39.9853 320.2703 14.84514681319010
FIREBIRD 4              
1 40378U 15003C   20192.41704855  .00000913  00000-0  39109-4 0  9998
2 40378  99.0938 257.4206 0122834 236.9742 121.9639 15.20138850300806
GRIFEX                  
1 40379U 15003D   20192.37655182  .00000494  00000-0  25313-4 0  9998
2 40379  99.1005 249.1565 0131549 262.8032  95.8225 15.16462285300326
EXOCUBE (CP10)          
1 40380U 15003E   20192.41091075  .00000383  00000-0  21669-4 0  9997
2 40380  99.1075 244.7875 0136600 277.8046  80.7692 15.14413565300038
AEROCUBE 8A             
1 40659U 15025J   20191.71072538  .00006097  00000-0  69039-4 0  9996
2 40659  55.0150 189.8631 0101428 232.7748 126.4003 15.58034743 47026
AEROCUBE 8B             
1 40660U 15025K   20191.49096372  .00006118  00000-0  68524-4 0  9997
2 40660  55.0123 188.7541 0100479 234.2468 124.9194 15.58404550 47006
TIANWANG 1C (TW-1C)     
1 40926U 15051B   20192.42428442  .00016377  00000-0  15721-3 0  9990
2 40926  97.0816 244.3604 0005529  23.2626 349.1046 15.66669510270628
TIANWANG 1A (TW-1A)     
1 40928U 15051D   20192.37060888  .00002290  00000-0  54228-4 0  9997
2 40928  97.1075 219.6427 0012437 102.4484  22.7611 15.42717592268902
EXACTVIEW 9             
1 40936U 15052G   20192.13307418  .00000715  00000-0  10735-4 0  9999
2 40936   6.0019 178.5648 0010913 226.4264 133.4958 14.76578302258583
AEROCUBE 5C             
1 40965U 15058B   20192.08271114  .00000015  00000-0  21576-4 0  9992
2 40965  64.7791  75.3894 0169518  65.5123 296.3553 14.74533434 44647
AEROCUBE 7              
1 40966U 15058C   20192.05837144  .00000060  00000-0  26834-4 0  9993
2 40966  64.7792  73.9121 0168454  65.1940 296.6581 14.74835452 44646
ATHENOXAT 1             
1 41168U 15077C   20192.35465603  .00001282  00000-0  31079-4 0  9993
2 41168  14.9875 253.3900 0011343  86.8838 273.2781 15.14416298252821
GALASSIA                
1 41170U 15077E   20191.80590762  .00001313  00000-0  32290-4 0  9991
2 41170  14.9877 249.1865 0012601 106.0959 254.0750 15.14709998252810
VELOX-II                
1 41171U 15077F   20191.94701633  .00001083  00000-0  23478-4 0  9990
2 41171  14.9915 293.4406 0008850   2.3000 357.7360 15.11725115252435
HORYU-4                 
1 41340U 16012D   20192.10131985  .00000291  00000-0  15292-4 0  9999
2 41340  31.0036 187.5558 0013864  13.6705 346.4304 15.01514917241285
E-ST@R-II               
1 41459U 16025D   20192.37827196  .00002507  00000-0  12821-3 0  9995
2 41459  98.1085 303.5665 0165929 134.4547 227.0389 15.06491795230894
AAUSAT 4                
1 41460U 16025E   20192.41396068  .00001808  00000-0  90962-4 0  9997
2 41460  98.1036 306.0119 0154746 122.7195 238.9088 15.08819945231103
BEESAT-4                
1 41619U 16040W   20192.40559691  .00000892  00000-0  39577-4 0  9999
2 41619  97.3179 251.3957 0012863  98.0875 262.1822 15.24062020212895
CANX-7                  
1 41788U 16059F   20192.51329708  .00006243  00000-0  85392-3 0  9993
2 41788  98.2557 280.9369 0027339 213.4791 146.4715 14.78651450203222
RAVAN                   
1 41849U 16067B   20192.31174841  .00000452  00000-0  42849-4 0  9991
2 41849  97.9346 302.5548 0009507 160.5485 199.6101 14.98570380200041
CELTEE 1                
1 41850U 16067C   20192.26115682  .00000445  00000-0  43749-4 0  9997
2 41850  97.9304 300.1640 0009173 161.3285 198.8275 14.97198361199910
OPTICUBE 04             
1 41851U 16067D   20191.86123827  .00000286  00000-0  30153-4 0  9991
2 41851  97.9291 299.3658 0009124 165.1504 194.9987 14.96936121199837
AEROCUBE 8D             
1 41852U 16067E   20191.94434003 -.00000413  00000-0 -30659-4 0  9997
2 41852  97.9293 299.2876 0009706 168.1330 192.0122 14.96922574199823
AEROCUBE 8C             
1 41853U 16067F   20192.24385667  .00000633  00000-0  60415-4 0  9998
2 41853  97.9287 299.4930 0010477 167.6603 192.4877 14.96885006199867
PROMETHEUS 2-1          
1 41854U 16067G   20191.87434245 -.00000297  00000-0 -20376-4 0  9994
2 41854  97.9303 299.4620 0010344 168.5254 191.6205 14.97215185199826
PROMETHEUS 2-3          
1 41855U 16067H   20191.80780147 -.00000308  00000-0 -21336-4 0  9993
2 41855  97.9306 299.4283 0010504 169.1967 190.9482 14.97224606199817
INS-1B                  
1 41954U 17008G   20192.11824579  .00000815  00000-0  35677-4 0  9996
2 41954  97.3529 256.1123 0008027 211.6136 148.4620 15.24825460188826
BGUSAT                  
1 41999U 17008BD  20192.13797971  .00001398  00000-0  54555-4 0  9995
2 41999  97.3647 260.4042 0006708 219.3214 140.7538 15.27578672188411
DIDO-2                  
1 42000U 17008BE  20192.08575507  .00000562  00000-0  25697-4 0  9999
2 42000  97.3537 256.5784 0006997 233.3080 126.7516 15.24506259188216
PEASSS                  
1 42015U 17008BV  20192.11174937  .00000687  00000-0  29788-4 0  9994
2 42015  97.3562 258.2506 0004842 234.3281 125.7507 15.25655454188809
AL-FARABI 1             
1 42016U 17008BW  20192.12034914  .00000951  00000-0  39182-4 0  9999
2 42016  97.3592 259.3408 0004718 232.1760 127.9052 15.26508502188986
NAYIF-1 (EO-88)         
1 42017U 17008BX  20192.42620575  .00000906  00000-0  37395-4 0  9991
2 42017  97.3587 259.6529 0004785 230.0402 130.0417 15.26550324189050
UCLSAT                  
1 42765U 17036A   20192.14458116  .00000697  00000-0  32010-4 0  9997
2 42765  97.2989 245.7755 0009827 312.5682  47.4726 15.23568133169449
LITUANICASAT-2          
1 42768U 17036D   20192.11332403  .00001285  00000-0  55632-4 0  9996
2 42768  97.3047 245.7532 0012924 299.4059  60.5888 15.24144634169299
AALTO-1                 
1 42775U 17036L   20192.13683258  .00000458  00000-0  23077-4 0  9992
2 42775  97.2965 243.5213 0012295 303.9820  56.0247 15.21870166169129
URSA MAIOR              
1 42776U 17036M   20192.38636795  .00000493  00000-0  24501-4 0  9996
2 42776  97.2977 244.0579 0012086 302.7144  57.2926 15.22055700169170
COMPASS 2               
1 42777U 17036N   20191.41571573  .00001052  00000-0  46305-4 0  9990
2 42777  97.3037 245.4846 0010644 304.4404  55.5827 15.23981565169143
DIAMOND RED             
1 42783U 17036U   20191.95235121  .00000606  00000-0  28782-4 0  9995
2 42783  97.2990 244.8333 0010606 315.1946  44.8433 15.22872427169171
PEGASUS                 
1 42784U 17036V   20192.10882820  .00000691  00000-0  32027-4 0  9999
2 42784  97.2995 245.4213 0010449 313.3366  46.6999 15.23256077169223
DIAMOND GREEN           
1 42785U 17036W   20192.08254970  .00000610  00000-0  28924-4 0  9998
2 42785  97.2992 244.9961 0010513 315.5077  44.5315 15.22873761169188
DIAMOND BLUE            
1 42786U 17036X   20192.41030085  .00000584  00000-0  27847-4 0  9998
2 42786  97.2992 245.3099 0010332 314.4910  45.5481 15.22873117169235
NUDTSAT                 
1 42787U 17036Y   20191.88366042  .00001129  00000-0  48612-4 0  9993
2 42787  97.3040 246.6486 0011107 313.4380  46.5931 15.24584232169113
SUCHAI                  
1 42788U 17036Z   20192.12483958  .00000820  00000-0  36900-4 0  9992
2 42788  97.3004 246.0463 0009931 311.5701  48.4684 15.23813725169332
SKCUBE                  
1 42789U 17036AA  20191.18818520  .00000792  00000-0  35896-4 0  9996
2 42789  97.2999 244.9803 0009907 315.7800  44.2645 15.23650790169106
VZLUSAT-1               
1 42790U 17036AB  20191.41341636  .00001098  00000-0  47401-4 0  9998
2 42790  97.3024 246.1864 0009302 312.4042  47.6408 15.24568982169195
ROBUSTA-1B              
1 42792U 17036AD  20192.18994622  .00000787  00000-0  35478-4 0  9999
2 42792  97.3001 246.2137 0009419 312.4579  47.5861 15.23842733169280
CICERO 6                
1 42793U 17036AE  20192.18679142  .00000514  00000-0  24636-4 0  9999
2 42793  97.2976 245.5885 0008839 316.0913  43.9621 15.23176113169321
D-SAT                   
1 42794U 17036AF  20192.05397434  .00000043  00000-0  93639-5 0  9994
2 42794  97.4917 223.5901 0124617 289.8439  68.9383 14.91289769166063
CORVUS BC2              
1 42846U 17042X   20192.10734827  .00000064  00000-0  11478-4 0  9999
2 42846  97.5202  74.6418 0009040 193.5464 166.5515 14.92114918162789
CORVUS BC1              
1 42847U 17042Y   20191.56505951  .00000219  00000-0  26704-4 0  9993
2 42847  97.5205  74.2976 0008664 194.3263 165.7712 14.92216066162704
MIRATA                  
1 43015U 17073C   20191.99045865  .00000721  00000-0  61349-4 0  9997
2 43015  97.7180 103.3490 0252640 335.4443  23.4904 14.79699369142554
MAKERSAT 0              
1 43016U 17073D   20191.68788310  .00000510  00000-0  45205-4 0  9992
2 43016  97.7216 103.2342 0255443 337.5305  21.4875 14.79251445142480
DELLINGR (RBLE)         
1 43021U 98067NJ  20192.45989199  .00008777  00000-0  72466-4 0  9996
2 43021  51.6344 162.2042 0001755 111.5862 248.5323 15.71234698150485
AEROCUBE 7B (OCSD B)    
1 43042U 17071F   20191.57167494  .00002320  00000-0  59660-4 0  9992
2 43042  51.6385 318.0174 0004849 124.8107 235.3336 15.43742775145791
AEROCUBE 7C (OCSD C)    
1 43043U 17071G   20191.51068595  .00002322  00000-0  59753-4 0  9994
2 43043  51.6387 318.3751 0005052 128.7034 231.4404 15.43716892145757
CHEFSAT                 
1 43044U 17071H   20191.55881185  .00004517  00000-0  91140-4 0  9991
2 43044  51.6383 302.4810 0004414 135.4373 224.6971 15.48663078145975
ASGARDIA 1              
1 43049U 17071N   20191.63302269  .00002149  00000-0  55902-4 0  9991
2 43049  51.6397 317.0185 0002693 139.9586 220.1599 15.43749353145775
ISARA                   
1 43050U 17071P   20192.45955652  .00003711  00000-0  79063-4 0  9994
2 43050  51.6366 300.8688 0002354 146.3057 213.8081 15.47618144146065
PROPCUBE 2 (FAUNA)      
1 43052U 17071R   20192.38921543  .00002113  00000-0  54303-4 0  9995
2 43052  51.6389 311.5858 0002631 139.9570 220.1611 15.44216542145912
CORVUS BC3              
1 43118U 18004H   20192.15405050  .00000464  00000-0  22466-4 0  9992
2 43118  97.4429 262.2411 0009620 342.1426  17.9471 15.23395216138458
MICROMAS-2A             
1 43131U 18004W   20192.14934491  .00001132  00000-0  47759-4 0  9997
2 43131  97.4479 264.0487 0008348 341.8123  18.2815 15.25350836138555
SPACEBEE-4              
1 43139U 18004AE  20192.09831868  .00001712  00000-0  68043-4 0  9996
2 43139  97.4515 265.2344 0007673 343.4897  16.6091 15.26669269138603
SPACEBEE-3              
1 43140U 18004AF  20192.09476778  .00002065  00000-0  79289-4 0  9999
2 43140  97.4527 265.9530 0007206 341.9567  18.1415 15.27590048138652
SPACEBEE-2              
1 43141U 18004AG  20192.13526005  .00002238  00000-0  84928-4 0  9992
2 43141  97.4540 266.2668 0007133 341.0282  19.0690 15.27902753138675
SPACEBEE-1              
1 43142U 18004AH  20191.96672503  .00002373  00000-0  88907-4 0  9999
2 43142  97.4545 266.3721 0007091 341.2636  18.8341 15.28266519138652
CICERO 7                
1 43143U 18004AJ  20192.14995952  .00001037  00000-0  43976-4 0  9990
2 43143  97.4457 264.2266 0006922 354.4167   5.6993 15.25383268138579
GOMX-4B                 
1 43196U 18015E   20192.32777366  .00000187  00000-0  10590-4 0  9998
2 43196  97.4413 320.6912 0019568  29.0629 331.1693 15.24274776135384
GOMX-4A                 
1 43197U 18015F   20192.41371014  .00000480  00000-0  22375-4 0  9999
2 43197  97.4413 320.8721 0019821  28.7693  42.9362 15.24534468135415
UBAKUSAT                
1 43467U 98067NQ  20192.43228149  .00018082  00000-0  11525-3 0  9997
2 43467  51.6355 163.3732 0002149  87.7579 272.3667 15.76489520123731
CUBERRT                 
1 43546U 98067NU  20191.66529762  .00010795  00000-0  77326-4 0  9999
2 43546  51.6324 167.2910 0002395 147.0312 213.0837 15.74331060113748
TEMPEST-D               
1 43547U 98067NV  20191.72940309  .00003584  00000-0  44849-4 0  9993
2 43547  51.6351 199.3900 0004724 132.8357 227.3035 15.62805099113005
RAINCUBE                
1 43548U 98067NW  20191.66487530  .00020423  00000-0  13657-3 0  9992
2 43548  51.6307 175.4959 0002702 146.0269 214.0904 15.75286407113760
HALOSAT                 
1 43549U 98067NX  20192.12308882  .00013818  00000-0  97645-4 0  9997
2 43549  51.6352 174.1476 0002250 148.2769 211.8366 15.74354266113381
ENDUROSAT ONE           
1 43551U 98067NZ  20191.65504064  .00042561  00000-0  19225-3 0  9991
2 43551  51.6320 163.3557 0002208 119.5409 240.5814 15.83548483113893
EQUISAT                 
1 43552U 98067PA  20192.13562854  .00021683  00000-0  14421-3 0  9992
2 43552  51.6322 172.0095 0002741 159.2090 200.9021 15.75367141113788
AEROCUBE 12A            
1 43556U 18046C   20191.97352162  .00000232  00000-0  20282-4 0  9995
2 43556  51.6432 357.3472 0008381  21.2253 338.9074 15.29859691110823
AEROCUBE 12B            
1 43557U 18046D   20191.97323765  .00000026  00000-0  13353-4 0  9995
2 43557  51.6432 358.0825 0008439  20.6806 339.4514 15.29569852110760
UITMSAT-1               
1 43589U 98067PD  20191.67159416  .00028401  00000-0  16256-3 0  9999
2 43589  51.6328 171.7153 0001435 166.9768 193.1270 15.78603518109486
MAYA-1                  
1 43590U 98067PE  20192.23423311  .00027380  00000-0  15667-3 0  9992
2 43590  51.6283 168.7048 0001522 152.9480 207.1601 15.78631568109503
BHUTAN-1                
1 43591U 98067PF  20191.95104508  .00029169  00000-0  16538-3 0  9990
2 43591  51.6342 169.9094 0001424 168.2336 191.8698 15.78799459109469
SIRIUSSAT-1             
1 43595U 98067PG  20191.66475451  .00022229  00000-0  14457-3 0  9998
2 43595  51.6287 176.9512 0001919  96.5206 263.6012 15.75866459108528
SIRIUSSAT-2             
1 43596U 98067PH  20191.66472216  .00021913  00000-0  14330-3 0  9994
2 43596  51.6282 177.7781 0002085  98.7970 261.3266 15.75750077108511
TANUSHA-3               
1 43597U 98067PJ  20192.07850547  .00082037  00000-0  27349-3 0  9996
2 43597  51.6260 159.9602 0003195  76.4844 283.6517 15.89513650108782
SURFSAT                 
1 43614U 18070B   20192.02992771  .00001696  00000-0  43670-4 0  9991
2 43614  93.0214 163.9195 0012452 246.1227 113.8723 15.39278188101954
CP7 (DAVE)              
1 43615U 18070C   20191.67341830  .00001675  00000-0  43338-4 0  9994
2 43615  93.0215 163.7612 0012598 247.2618 112.7305 15.39126697101899
ELFIN-B                 
1 43616U 18070D   20192.08391809  .00002575  00000-0  63556-4 0  9996
2 43616  93.0179 163.8806 0012888 246.8538 113.1359 15.40517075102007
ELFIN-A                 
1 43617U 18070E   20191.65979097  .00002506  00000-0  61487-4 0  9995
2 43617  93.0230 164.2355 0012260 244.5040 115.4948 15.40708312101944
CUBEBEL-1 (BSUSAT-1)    
1 43666U 18083E   20192.37461934  .00000678  00000-0  36338-4 0  9994
2 43666  97.4864 218.6116 0013386 282.2906 192.8331 15.18297746 94099
CICERO 10               
1 43690U 18088A   20192.20188718  .00000556  00000-0  23730-4 0  9991
2 43690  85.0372  63.3344 0013224 220.1361 139.8904 15.20258538 92193
IRVINE01                
1 43693U 18088D   20192.35822174  .00001517  00000-0  62714-4 0  9994
2 43693  85.0344  61.8514 0016566 200.2238 159.8350 15.22952312 92337
PROXIMA I               
1 43694U 18088E   20192.10233889  .00000616  00000-0  25081-4 0  9992
2 43694  85.0315  61.8746 0018404 193.5937 166.4812 15.22002758 92287
PROXIMA II              
1 43696U 18088G   20192.36352188  .00000606  00000-0  24646-4 0  9991
2 43696  85.0315  61.7056 0018490 192.5126 167.5659 15.22004731 92325
FACSAT-1                
1 43721U 18096C   20192.47040509  .00000953  00000-0  38297-4 0  9994
2 43721  97.4198 265.9197 0018685  45.8074 314.4696 15.27278400 89907
CENTAURI-2              
1 43722U 18096D   20191.44018727  .00001273  00000-0  49426-4 0  9990
2 43722  97.4211 265.1917 0018758  48.9992 311.2866 15.27816945 89759
INNOSAT-2               
1 43738U 18096V   20192.47561629  .00001620  00000-0  57237-4 0  9990
2 43738  97.4231 268.2882 0024541  50.8614 309.4803 15.30427560 90053
SIRION PATHFINDER-2     
1 43759U 18099B   20192.46436766  .00000134  00000-0  17311-4 0  9996
2 43759  97.7042 263.7313 0015754 105.3784 254.9178 14.95285394 87375
CORVUS-BC 4             
1 43767U 18099K   20192.14630022  .00000479  00000-0  49239-4 0  9997
2 43767  97.7025 262.8050 0013333 109.5511 250.7151 14.94732907 87290
MOVE-II                 
1 43780U 18099Y   20192.47556299  .00000693  00000-0  67818-4 0  9992
2 43780  97.7052 263.6799 0015110 115.8511 244.4270 14.95420019 87357
SPACEBEE-7              
1 43816U 18099BL  20192.47730801  .00000647  00000-0  63123-4 0  9999
2 43816  97.7065 264.0871 0015078 101.8281 258.4632 14.95710182 86932
SPACEBEE-5              
1 43817U 18099BM  20191.95301731  .00001219  00000-0  11264-3 0  9992
2 43817  97.7121 264.0534 0015041 103.6606 256.6291 14.96345225 86870
SPACEBEE-6              
1 43818U 18099BN  20191.90262274  .00000172  00000-0  20469-4 0  9991
2 43818  97.7084 263.6720 0015001 102.7795 257.5103 14.95910449 87009
SHIELDS 1               
1 43850U 18104B   20192.42030983  .00000373  00000-0  14759-4 0  9990
2 43850  85.0301 160.1743 0014561 355.3188   4.7915 15.21404181 86963
STF-1                   
1 43852U 18104D   20191.64546818  .00000855  00000-0  36308-4 0  9993
2 43852  85.0341 161.2423 0015046  12.8459 347.3162 15.21320058 86826
ZACUBE-2                
1 43907U 18111AH  20192.42406526  .00000351  00000-0  16958-4 0  9990
2 43907  97.2635  91.4949 0023131  64.5189 295.8438 15.24608375 85515
LUME 1                  
1 43908U 18111AJ  20191.94766664  .00000702  00000-0  30683-4 0  9990
2 43908  97.2637  91.2190 0022919  65.5811 294.7815 15.25073146 85453
AOBA VELOX-IV           
1 43940U 19003J   20192.08109472  .00001331  00000-0  55559-4 0  9999
2 43940  97.2262 242.5825 0024995 140.1672 220.1407 15.25076126 82098
CATSAT-2                
1 44029U 98067PV  20192.42098897  .00007269  00000-0  75543-4 0  9992
2 44029  51.6370 199.5730 0002912 160.8761 199.2345 15.65823277 82122
DELPHINI                
1 44030U 98067PW  20192.04082257  .00012770  00000-0  12317-3 0  9997
2 44030  51.6327 199.9084 0002630 152.0977 208.0160 15.66895432 82050
UNITE                   
1 44031U 98067PX  20191.77192397  .00005638  00000-0  70182-4 0  9994
2 44031  51.6359 209.4505 0002629 145.0744 215.0423 15.61640196 81906
CATSAT-1                
1 44033U 98067PZ  20192.42090103  .00007698  00000-0  79677-4 0  9997
2 44033  51.6372 199.5794 0002895 159.2862 200.8251 15.65823765 82030
RAAVANA-1               
1 44329U 98067QE  20192.34711760  .00005274  00000-0  74917-4 0  9995
2 44329  51.6382 219.3512 0006154  84.0709 276.0985 15.58237962 60579
UGUISU                  
1 44330U 98067QF  20192.10434131  .00005691  00000-0  80586-4 0  9997
2 44330  51.6360 220.7203 0006186  82.1048 278.0646 15.58145011 60513
NEPALISAT-1             
1 44331U 98067QG  20192.46751005  .00005198  00000-0  73881-4 0  9991
2 44331  51.6359 218.6479 0006175  86.5853 273.5846 15.58256828 60581
SPOOQY-1                
1 44332U 98067QH  20192.08754543  .00005637  00000-0  79852-4 0  9992
2 44332  51.6370 220.6099 0005177  86.8342 273.3243 15.58156184 60485
SPACEBEE-9              
1 44370U 19037F   20192.44790845  .00004638  00000-0  10808-3 0  9994
2 44370  45.0078 347.1553 0013560 313.6975  46.2790 15.43691067 58150
SPACEBEE-8              
1 44371U 19037G   20191.48788790  .00010042  00000-0  19323-3 0  9991
2 44371  45.0078 345.9235 0012052 307.5438  52.4358 15.48136058 58063
IOD-1 GEMS              
1 44385U 98067QK  20191.39920976  .00008555  00000-0  10710-3 0  9997
2 44385  51.6380 222.0681 0003054  42.5431 317.5799 15.60697099 57916
MOVE-IIB                
1 44398U 19038N   20191.51913568  .00000828  00000-0  51155-4 0  9999
2 44398  97.5373 152.4701 0026721  53.7769 306.5926 15.12356980 55910
SONATE                  
1 44400U 19038Q   20191.62521400  .00000363  00000-0  24807-4 0  9993
2 44400  97.5410 152.5889 0026584  52.1314 308.2315 15.11971996 55921
LUCKY-7                 
1 44406U 19038W   20191.63699611  .00000482  00000-0  31498-4 0  9996
2 44406  97.5405 152.7118 0026044  51.8196 308.5375 15.12240087 55923
BEESAT 9                
1 44412U 19038AC  20192.16374990  .00000604  00000-0  38437-4 0  9998
2 44412  97.5396 153.2134 0024203  55.6899 304.6617 15.12326223 55709
JAISAT-1                
1 44419U 19038F   20191.97835444  .00000610  00000-0  38279-4 0  9990
2 44419  97.5398 153.3117 0023082  55.5746 304.7662 15.12809619 56004
SWIATOWID               
1 44426U 98067QL  20192.44982343  .00012231  00000-0  14471-3 0  9990
2 44426  51.6406 216.0146 0003865  38.7628 102.0149 15.61708240 58105
KRAKSAT                 
1 44427U 98067QM  20192.47774784  .00004190  00000-0  65491-4 0  9996
2 44427  51.6425 222.2143 0004025  41.8956  99.3714 15.56208621 58064
VCC A                   
1 44428U 98067QN  20191.51512633  .00005248  00000-0  76392-4 0  9991
2 44428  51.6382 225.0895 0003083  56.1608 303.9677 15.57578333 57947
ENTRYSAT                
1 44429U 98067QP  20192.11140776  .00006821  00000-0  93549-4 0  9995
2 44429  51.6373 220.7920 0002927  47.9096 312.2145 15.58641317 58054
VCC C                   
1 44430U 98067QQ  20192.06711646  .00008858  00000-0  11420-3 0  9990
2 44430  51.6366 219.7552 0002708  58.9293 301.1965 15.59861380 56886
VCC B                   
1 44431U 98067QR  20192.34828814  .00005052  00000-0  73650-4 0  9995
2 44431  51.6372 220.8879 0003246  57.9739 302.1568 15.57631522 58019
ATL-1                   
1 44830U 19084G   20192.07247477  .00052773  00000-0  26899-3 0  9994
2 44830  96.9702  61.4758 0025521 146.4808 213.8082 15.80761938 34022
SMOG-P                  
1 44832U 19084J   20192.11047658  .00067262  00000-0  31643-3 0  9992
2 44832  96.9696  61.7374 0024017 144.3880 215.8999 15.82500177 34048
DUCHIFAT-3              
1 44854U 19089C   20192.47414458  .00000243  00000-0  26027-4 0  9993
2 44854  36.9690 322.3054 0009122 258.9772 100.9961 14.99081458 31754
ORBITAL FACTORY 2 (OF-2)
1 45113U 19071C   20192.09902859  .00000838  00000-0  37106-4 0  9998
2 45113  51.6435 254.1489 0013322 137.9062 222.2946 15.33419239 24601
M2 PATHFINDER           
1 45727U 20037E   20192.15299295 -.00000258  00000-0 -20392-4 0  9990
2 45727  97.7011  11.7605 0011931 220.0801 139.9514 14.91203435  1409
