CUTE-1 (CO-55)          
1 27844U 03031E   18071.99016152  .00000068  00000-0  50630-4 0  9994
2 27844  98.6893  82.0552 0008703 292.5004  67.5252 14.22099132762524
CUBESAT XI-IV (CO-57)   
1 27848U 03031J   18071.85239507  .00000045  00000-0  40490-4 0  9992
2 27848  98.6982  82.2843 0008700 304.2665  55.7688 14.21704910762374
CUBESAT XI 5            
1 28895U 05043F   18071.87648611  .00000124  00000-0  32667-4 0  9997
2 28895  97.8939 227.3106 0017071  18.6993 341.4833 14.63517262659780
CUTE-1.7+APD II (CO-65) 
1 32785U 08021C   18072.16175664  .00000235  00000-0  31156-4 0  9990
2 32785  97.5522  88.9027 0013082   3.9977 356.1342 14.88074762534890
AAUSAT-II               
1 32788U 08021F   18072.53278427  .00000239  00000-0  27306-4 0  9991
2 32788  97.5316 102.9798 0010640 314.2089  45.8257 14.94246200535898
DELFI-C3 (DO-64)        
1 32789U 08021G   18071.70030351  .00001703  00000-0  12155-3 0  9994
2 32789  97.5244 128.9107 0011044 265.4886  94.5080 15.05808374537168
SEEDS II (CO-66)        
1 32791U 08021J   18072.54065918  .00000443  00000-0  50747-4 0  9997
2 32791  97.5432  94.3976 0012832 343.5739  16.5062 14.90486088535261
SWISSCUBE               
1 35932U 09051B   18071.89257267  .00000125  00000-0  39303-4 0  9990
2 35932  98.5295 220.8184 0008542 140.3371 219.8452 14.56129177449387
BEESAT                  
1 35933U 09051C   18071.99546510  .00000115  00000-0  36982-4 0  9993
2 35933  98.5336 222.4089 0006520 150.0219 210.1352 14.56236667449543
ITUPSAT 1               
1 35935U 09051E   18071.85849732  .00000094  00000-0  32831-4 0  9997
2 35935  98.5447 222.5230 0008890 147.8908 212.2831 14.55417210449288
M-CUBED & EXP-1 PRIME   
1 37855U 11061F   18071.96407014  .00002229  00000-0  12150-3 0  9992
2 37855 101.7256  85.2518 0177452   7.0333 353.3307 15.04147311347187
STRAND-1                
1 39090U 13009E   18072.16771381  .00000041  00000-0  29847-4 0  9995
2 39090  98.5312 279.7478 0008464 217.1100 142.9501 14.35014144264055
AIST-2 (RS-43)          
1 39133U 13015D   18072.53089812  .00000146  00000-0  22942-4 0  9997
2 39133  64.8734 154.2088 0030807 237.3138 122.5010 15.04502729268828
SOMP                    
1 39134U 13015E   18072.27758934  .00001558  00000-0  83572-4 0  9991
2 39134  64.8631  77.0949 0021813 223.2700 136.6715 15.18883422270333
BEESAT 3                
1 39135U 13015F   18071.87993773  .00001066  00000-0  64222-4 0  9994
2 39135  64.8676  90.5020 0027283 246.8125 113.0126 15.16447198269654
BEESAT-2                
1 39136U 13015G   18072.21193035  .00000942  00000-0  58743-4 0  9990
2 39136  64.8683  91.9624 0028043 246.3108 113.5074 15.15927638270042
NEE-01 PEGASUS          
1 39151U 13018B   18072.49272967  .00000165  00000-0  28848-4 0  9992
2 39151  97.9740 167.2506 0015758 257.1973 102.7478 14.79863106263368
ESTCUBE 1               
1 39161U 13021C   18072.45702220  .00000133  00000-0  28996-4 0  9992
2 39161  98.0098 159.7665 0009926  12.7868 347.3590 14.72030382260361
POPACS 1                
1 39268U 13055D   18071.76606648  .00003734  00000-0  10456-3 0  9998
2 39268  81.0003  87.3595 0641814 150.3183 213.6104 14.33388246229163
POPACS 2                
1 39269U 13055E   18072.07334742  .00002839  00000-0  83059-4 0  9992
2 39269  81.0138 107.0401 0693745 201.3628 155.7254 14.21585722229482
POPACS 3                
1 39270U 13055F   18071.83463928  .00002034  00000-0  64648-4 0  9996
2 39270  81.0162 118.3756 0719915 235.0736 118.0771 14.14316208208038
ZACUBE-1 (TSHEPISOSAT)  
1 39417U 13066B   18072.03140952  .00000233  00000-0  35740-4 0  9993
2 39417  97.5982 105.7521 0060647 109.7577 251.0191 14.80887905232563
WNISAT-1                
1 39423U 13066H   18072.55075167  .00000081  00000-0  26243-4 0  9991
2 39423  97.7154  44.0847 0174754 316.6359  42.1189 14.52932337228347
GOMX 1                  
1 39430U 13066Q   18072.49926782  .00000184  00000-0  42855-4 0  9991
2 39430  97.6888  56.3168 0150175 272.6828  85.7192 14.59036823229196
EAGLE 2                 
1 39436U 13066W   18071.60076090  .00088777  00000-0  95493-3 0  9996
2 39436  97.7116 200.1835 0005320 210.9645 149.1300 15.63434053237019
CUBEBUG-2 (LO-74)       
1 39440U 13066AA  18072.53132347  .00000220  00000-0  37571-4 0  9993
2 39440  97.6079  93.4219 0081496 145.3451 215.3108 14.75623433231812
NEE-02 KRYSAOR          
1 39441U 13066AB  18071.47384942  .00000127  00000-0  25093-4 0  9998
2 39441  97.6076  90.7501 0082716 153.3864 207.1628 14.74741885231522
FUNCUBE-1 (AO-73)       
1 39444U 13066AE  18072.55021336  .00000316  00000-0  45287-4 0  9993
2 39444  97.5992 107.6473 0059834 103.9798 256.8079 14.81655260231495
UWE-3                   
1 39446U 13066AG  18071.83788668  .00000213  00000-0  34984-4 0  9991
2 39446  97.6018  98.8025 0071528 129.2827 231.4759 14.78156547230885
BRITE-TORONTO           
1 40020U 14033L   18072.55949213  .00000079  00000-0  21927-4 0  9994
2 40020  97.7999 295.6627 0087312 188.6814 171.2886 14.66473737199563
DUCHIFAT-1              
1 40021U 14033M   18071.70806027  .00000470  00000-0  54313-4 0  9996
2 40021  97.9174 350.2539 0013940 131.9221 228.3187 14.90219453202585
NANOSATC-BR1            
1 40024U 14033Q   18071.90329446  .00000372  00000-0  44940-4 0  9992
2 40024  97.9116 348.8787 0013220 132.9879 227.2448 14.89495321202545
QB50P1                  
1 40025U 14033R   18072.29960105  .00000309  00000-0  39127-4 0  9990
2 40025  97.9082 347.8847 0013418 135.6949 224.5344 14.88652064202522
QB50P2                  
1 40032U 14033Y   18072.29334123  .00000285  00000-0  36909-4 0  9991
2 40032  97.9041 346.6978 0012902 131.2010 229.0321 14.88200773202469
PERSEUS-M2              
1 40037U 14033AD  18071.81418723  .00000088  00000-0  16186-4 0  9998
2 40037  97.9039 344.0517 0015255 141.1312 219.1003 14.86330283202219
PERSEUS-M1              
1 40039U 14033AF  18072.21869802  .00000085  00000-0  16057-4 0  9997
2 40039  97.9039 343.8728 0015200 136.5682 223.6733 14.85952435202229
POLYITAN-1              
1 40042U 14033AJ  18071.73043947  .00000343  00000-0  43140-4 0  9991
2 40042  97.9155 347.4024 0015760 127.3452 232.9203 14.88324882202367
TIGRISAT                
1 40043U 14033AK  18071.91987513  .00000129  00000-0  26514-4 0  9996
2 40043  97.8234 312.6742 0060805 147.9131 212.5803 14.74104416200124
AEROCUBE 6A             
1 40045U 14033AM  18071.91878116  .00000291  00000-0  49404-4 0  9999
2 40045  97.8387 314.6341 0058727 142.4657 218.0675 14.75076867200098
AEROCUBE 6B             
1 40046U 14033AN  18071.85157227  .00000289  00000-0  49212-4 0  9990
2 40046  97.8364 314.4569 0058038 142.1346 218.3967 14.75067706200089
UKUBE-1                 
1 40074U 14037F   18072.52671410  .00000233  00000-0  35243-4 0  9993
2 40074  98.3714 205.0419 0003244 259.1333 100.9520 14.83733806199110
BRITE-PL 2              
1 40119U 14049B   18072.21053048  .00000119  00000-0  20667-4 0  9990
2 40119  97.9197 161.5104 0016138 293.0057  66.9455 14.84258856193067
FIREBIRD 4              
1 40378U 15003C   18072.53690841  .00001931  00000-0  83082-4 0  9994
2 40378  99.0993 315.3480 0132322 188.1566 171.7513 15.16821043171820
GRIFEX                  
1 40379U 15003D   18072.45810911  .00001456  00000-0  67988-4 0  9997
2 40379  99.1029 311.8539 0138834 199.6838 159.9000 15.14035070171612
EXOCUBE                 
1 40380U 15003E   18072.53162581  .00001160  00000-0  57346-4 0  9990
2 40380  99.1078 310.0628 0143027 205.7399 153.6662 15.12293228171499
TIANWANG 1C (TW-1C)     
1 40926U 15051B   18072.49008038  .00008776  00000-0  17292-3 0  9995
2 40926  97.1963 115.3211 0008312 266.6685 200.3620 15.47415848138502
TIANWANG 1A (TW-1A)     
1 40928U 15051D   18072.53702692  .00003494  00000-0  95107-4 0  9993
2 40928  97.1968 108.3920 0010769 314.3697 189.0280 15.38119029138070
EXACTVIEW 9             
1 40936U 15052G   18071.55177964  .00000828  00000-0  26960-4 0  9991
2 40936   6.0057 122.9255 0010580  70.6003 289.4820 14.76355279132668
ATHENOXAT 1             
1 41168U 15077C   18072.56147285  .00002146  00000-0  81515-4 0  9993
2 41168  14.9873   0.0623 0011821 154.0642  24.2466 15.12525591123871
GALASSIA                
1 41170U 15077E   18071.44584250  .00001984  00000-0  71449-4 0  9993
2 41170  14.9899   3.2276 0013297 158.1973 201.8915 15.12927562123755
VELOX 2                 
1 41171U 15077F   18071.50593291  .00001624  00000-0  56588-4 0  9994
2 41171  14.9924  21.8594 0009029 103.3562 256.7766 15.10489019123591
HORYU-IV                
1 41340U 16012D   18071.69223366  .00000608  00000-0  39836-4 0  9993
2 41340  31.0046 200.9400 0014098 216.9855 142.9809 15.00907311113387
E-ST@R-II               
1 41459U 16025D   18072.12525449  .00001186  00000-0  65798-4 0  9992
2 41459  98.1467 129.6828 0173331 110.1346 251.8647 15.04085257102980
AAUSAT 4                
1 41460U 16025E   18072.52385980  .00002074  00000-0  11079-3 0  9991
2 41460  98.1415 130.4625 0164975 105.5990 256.3525 15.05398929103099
DIWATA-1                
1 41463U 98067HT  18072.48643103  .00011132  00000-0  10297-3 0  9995
2 41463  51.6389 100.5643 0001941  81.2254  64.4015 15.68103598106977
BEESAT-4                
1 41619U 16040W   18071.75103331  .00001406  00000-0  64947-4 0  9997
2 41619  97.4268 136.1933 0011150 200.7442 159.3343 15.21811710 83424
CANX-7                  
1 41788U 16059F   18072.47194169  .00005682  00000-0  98936-3 0  9997
2 41788  98.1998 138.6143 0029190  48.7235 311.6495 14.68182807 78054
ALSAT 1N                
1 41789U 16059G   18072.21375484  .00000047  00000-0  18130-4 0  9990
2 41789  98.1297 136.2966 0029264  32.2004 328.0990 14.64132669 77977
RAVAN                   
1 41849U 16067B   18072.20752444  .00000464  00000-0  44903-4 0  9990
2 41849  97.9286 159.5473 0009852 118.8591 241.3621 14.97603965 72761
CELTEE 1                
1 41850U 16067C   18072.22783020  .00000028  00000-0  77518-5 0  9993
2 41850  97.9258 159.1775 0009931 120.6138 239.6064 14.96755122 72740
OPTICUBE 04             
1 41851U 16067D   18071.78315353  .00000666  00000-0  63697-4 0  9994
2 41851  97.9262 158.6662 0010376 122.0976 238.1253 14.96629570 72679
AEROCUBE 8D             
1 41852U 16067E   18072.20906870 -.00000148  00000-0 -77144-5 0  9993
2 41852  97.9278 158.9536 0010919 120.2729 239.9573 14.96430938 72727
AEROCUBE 8C             
1 41853U 16067F   18072.22092324 -.00000130  00000-0 -61445-5 0  9994
2 41853  97.9272 158.9349 0011148 122.3605 237.8696 14.96391359 72721
PROMETHEUS 2-1          
1 41854U 16067G   18072.23304406  .00000447  00000-0  44690-4 0  9994
2 41854  97.9274 158.9354 0011633 123.0563 237.1777 14.96459019 72721
PROMETHEUS 2-3          
1 41855U 16067H   18072.23551465  .00000518  00000-0  50963-4 0  9993
2 41855  97.9276 158.9401 0011859 123.4297 236.8059 14.96456411 72727
ITF-2                   
1 41932U 98067KU  18072.14417642  .00023386  00000-0  19111-3 0  9994
2 41932  51.6370 113.6169 0002437 182.7370 177.3615 15.70448940 65647
WASEDA-SAT3             
1 41933U 98067KV  18072.16146555  .00027953  00000-0  19773-3 0  9997
2 41933  51.6334 109.8843 0001584 182.0809 178.0184 15.73769251 65694
AOBA-VELOX 3            
1 41935U 98067KX  18071.57883285  .00027058  00000-0  20213-3 0  9998
2 41935  51.6364 114.3063 0001599 175.8032 184.2980 15.72504187 65684
INS-1B                  
1 41954U 17008G   18071.92761105  .00001299  00000-0  58732-4 0  9997
2 41954  97.4576 136.6620 0008728 340.6060  19.4843 15.22715705 59357
BGUSAT                  
1 41999U 17008BD  18072.25806789  .00002333  00000-0  98877-4 0  9995
2 41999  97.4617 137.7740 0008163   0.2505 359.8735 15.24131061 58813
DIDO-2                  
1 42000U 17008BE  18072.21191219  .00000935  00000-0  42774-4 0  9991
2 42000  97.4594 137.3206 0008535   0.3242 359.7998 15.22980366 58791
PEASSS                  
1 42015U 17008BV  18071.91171730  .00001230  00000-0  54156-4 0  9995
2 42015  97.4589 137.3686 0006688  12.6246 347.5157 15.23740996 59258
AL-FARABI 1             
1 42016U 17008BW  18071.92838036  .00001491  00000-0  64348-4 0  9999
2 42016  97.4596 137.5179 0006558  13.2911 346.8498 15.24088110 59386
NAYIF-1 (EO-88)         
1 42017U 17008BX  18072.51496752  .00001691  00000-0  72530-4 0  9995
2 42017  97.4593 138.1070 0006504  11.5316 348.6069 15.24112585 59492
HAVELSAT                
1 42700U 98067LH  18072.20831710  .00015823  00000-0  15579-3 0  9992
2 42700  51.6369 123.7866 0003376 263.7756  96.2855 15.66162240 46955
SGSAT                   
1 42703U 98067LL  18072.29516496  .00091449  00000-0  43708-3 0  9998
2 42703  51.6330 112.2208 0003001  37.1707 322.9503 15.82027806 47027
CXBN-2                  
1 42704U 98067LM  18072.14176387  .00019759  00000-0  19615-3 0  9998
2 42704  51.6373 124.8514 0000802 133.7681 226.3381 15.65772650 46850
ICECUBE                 
1 42705U 98067LN  18072.23373497  .00029243  00000-0  24238-3 0  9996
2 42705  51.6411 121.0152 0000918 121.8621 238.2466 15.69971063 46973
PHOENIX                 
1 42706U 98067LP  18072.20664871  .00013630  00000-0  14027-3 0  9991
2 42706  51.6366 124.5287 0000268  88.2626 271.8400 15.65188431 46852
X-CUBESAT               
1 42707U 98067LQ  18072.27637334  .00017901  00000-0  17415-3 0  9992
2 42707  51.6344 123.4569 0000401  48.4720 311.6311 15.66357113 46863
QBEE50-LTU-OC           
1 42708U 98067LR  18072.30933596  .00016767  00000-0  16658-3 0  9993
2 42708  51.6368 123.6990 0000294  61.7286 298.3739 15.65884246 46827
ALTAIR PATHFINDER       
1 42711U 98067LS  18072.16670876  .00011467  00000-0  13574-3 0  9996
2 42711  51.6369 128.7592 0003117 170.5620 189.5433 15.61771629 46451
SHARC                   
1 42712U 98067LT  18072.24944263  .00007840  00000-0  98710-4 0  9996
2 42712  51.6388 129.3483 0001566 172.0069 188.0950 15.60685507 46691
ZA-AEROSAT              
1 42713U 98067LU  18072.22462768  .00013792  00000-0  14814-3 0  9995
2 42713  51.6359 126.1408 0001357 140.1986 219.9109 15.64086424 46499
LINK                    
1 42714U 98067LV  18072.19598315  .00028662  00000-0  23671-3 0  9993
2 42714  51.6325 121.3878 0001010  87.6132 272.4980 15.70069260 46661
CSUNSAT 1               
1 42715U 98067LW  18072.20679493  .00014148  00000-0  14998-3 0  9999
2 42715  51.6371 126.0322 0002917 157.6243 202.4880 15.64396036 46497
SPACECUBE               
1 42717U 98067LY  18072.20484071  .00016728  00000-0  16674-3 0  9996
2 42717  51.6355 124.5007 0002173 273.3964  86.6783 15.65803935 45882
HOOPOE                  
1 42718U 98067LZ  18072.23033272  .00019888  00000-0  18675-3 0  9996
2 42718  51.6364 123.1739 0001919 278.5139  81.5639 15.67159263 45905
CHALLENGER              
1 42721U 98067MA  18072.48170392  .00040447  00000-0  29875-3 0  9991
2 42721  51.6340 118.0446 0002468 261.8192  98.2527 15.72557419 45693
NJUST-1                 
1 42722U 98067MB  18072.23445855  .00012359  00000-0  13695-3 0  9998
2 42722  51.6370 126.9644 0004725 234.9637 125.0914 15.63396899 45555
UNSW-ECO                
1 42723U 98067MC  18072.13181873  .00025832  00000-0  23838-3 0  9995
2 42723  51.6378 124.0322 0003531 240.2533 119.8112 15.67410492 45567
LILACSAT-1              
1 42725U 98067ME  18072.26917303  .00016042  00000-0  16635-3 0  9996
2 42725  51.6368 125.6959 0003563 241.4690 118.5946 15.64837622 45479
NSIGHT-1                
1 42726U 98067MF  18072.20753220  .00005512  00000-0  73473-4 0  9991
2 42726  51.6389 130.5630 0004826 235.7084 124.3453 15.59862695 45414
SNUSAT-1                
1 42727U 98067MG  18072.21103756  .00015693  00000-0  16331-3 0  9996
2 42727  51.6353 126.0237 0005109 190.8109 169.2777 15.64761361 45436
I-INSPIRE II            
1 42731U 98067ML  18072.22052336  .00021774  00000-0  19776-3 0  9992
2 42731  51.6356 123.0794 0003828 170.2091 189.8980 15.67915707 45361
POLYITAN-2-SAU          
1 42732U 98067MM  18072.20711702  .00018786  00000-0  18353-3 0  9999
2 42732  51.6362 124.5062 0004358 170.9531 189.1544 15.66208500 45340
SNUSAT-1B               
1 42733U 98067MN  18072.21937556  .00016627  00000-0  16926-3 0  9994
2 42733  51.6364 125.3460 0004605 175.7098 184.3938 15.65270838 45335
EXALTA-1                
1 42734U 98067MP  18072.22484825  .00022648  00000-0  20488-3 0  9990
2 42734  51.6342 123.1018 0004514 207.6833 152.3924 15.67983179 45317
BEEAGLESAT              
1 42736U 98067MR  18072.21640308  .00014971  00000-0  15759-3 0  9996
2 42736  51.6359 126.0747 0004817 231.4786 128.5778 15.64515763 45382
ATLANTIS                
1 42737U 98067MS  18072.48954615  .00292754  44743-4  73589-3 0  9993
2 42737  51.6226 106.6196 0004806  32.8621 327.2685 15.95130311 45557
UCLSAT                  
1 42765U 17036A   18071.87479762  .00001286  00000-0  59998-4 0  9999
2 42765  97.4133 133.2297 0013296  59.0735 301.1806 15.21574708 40654
LITUANICASAT-2          
1 42768U 17036D   18071.89676472  .00002178  00000-0  10119-3 0  9993
2 42768  97.4146 132.9145 0017015  48.5945 311.6750 15.20936665 39923
AALTO-1                 
1 42775U 17036L   18071.82906247  .00000824  00000-0  40701-4 0  9997
2 42775  97.4130 132.8337 0015448  46.8543 313.3981 15.20559831 39852
URSA MAIOR              
1 42776U 17036M   18071.75437825  .00000877  00000-0  43031-4 0  9998
2 42776  97.4135 132.7929 0015308  47.4803 312.7722 15.20626455 39847
COMPASS 2               
1 42777U 17036N   18071.93043480  .00001608  00000-0  74664-4 0  9998
2 42777  97.4151 133.2082 0014279  50.9301 309.3203 15.21376410 39873
DIAMOND RED             
1 42783U 17036U   18071.71865887  .00001023  00000-0  48812-4 0  9991
2 42783  97.4135 132.9849 0013878  59.1667 301.0932 15.21239014 39842
PEGASUS                 
1 42784U 17036V   18072.16370581  .00001186  00000-0  55842-4 0  9995
2 42784  97.4136 133.4631 0013806  57.9444 302.3131 15.21401628 39914
DIAMOND GREEN           
1 42785U 17036W   18071.71775895  .00000845  00000-0  40867-4 0  9995
2 42785  97.4137 132.9939 0013777  59.8231 300.4367 15.21239698 39919
DIAMOND BLUE            
1 42786U 17036X   18071.84843271  .00000598  00000-0  29823-4 0  9998
2 42786  97.4136 133.1231 0013611  59.7575 300.5006 15.21234203 39934
NUDTSAT                 
1 42787U 17036Y   18071.72026402  .00001763  00000-0  80426-4 0  9996
2 42787  97.4141 133.1443 0013387  59.6352 300.6206 15.21861376 39691
SUCHAI                  
1 42788U 17036Z   18071.80772946  .00001382  00000-0  64178-4 0  9990
2 42788  97.4137 133.1736 0013441  59.2806 300.9752 15.21624538 39936
SKCUBE                  
1 42789U 17036AA  18071.93692323  .00001293  00000-0  60256-4 0  9999
2 42789  97.4134 133.3021 0013279  58.9234 301.3304 15.21607912 39871
VZLUSAT-1               
1 42790U 17036AB  18071.71115205  .00001672  00000-0  76380-4 0  9992
2 42790  97.4138 133.1436 0012937  60.1414 300.1106 15.21889680 39848
ROBUSTA-1B              
1 42792U 17036AD  18071.71711677  .00001310  00000-0  60756-4 0  9998
2 42792  97.4133 133.1295 0012872  60.7374 299.5147 15.21745510 39857
CICERO 6                
1 42793U 17036AE  18071.90145544  .00000830  00000-0  39698-4 0  9991
2 42793  97.4128 133.3319 0012034  61.3365 298.9080 15.21680083 39951
D-SAT                   
1 42794U 17036AF  18072.13184146  .00000129  00000-0  17056-4 0  9994
2 42794  97.6048 130.3568 0125901 241.4880 117.3615 14.90796147 39412
TOKI                    
1 42820U 98067MU  18071.59411333  .00015343  00000-0  16696-3 0  9999
2 42820  51.6362 130.9224 0002117 136.0290 224.0874 15.63647813 38747
MAZAALAI (NUMSAT-1)     
1 42822U 98067MW  18071.61321555  .00013784  00000-0  15173-3 0  9996
2 42822  51.6362 131.0535 0001996 142.6061 217.5073 15.63455990 38706
BRAC ONNESHA            
1 42823U 98067MX  18071.61365838  .00014861  00000-0  16277-3 0  9992
2 42823  51.6368 131.0670 0004289 181.0067 179.0920 15.63507518 38723
NIGERIAEDUSAT-1         
1 42824U 98067MY  18071.62767092  .00015265  00000-0  16789-3 0  9999
2 42824  51.6374 131.1709 0004175 181.5179 178.5803 15.63376092 38723
CORVUS BC2              
1 42846U 17042X   18072.22235080  .00000311  00000-0  36222-4 0  9992
2 42846  97.6049 338.5195 0010314 148.4252 211.7588 14.91772006 36064
CORVUS BC1              
1 42847U 17042Y   18072.20638138  .00000307  00000-0  35685-4 0  9999
2 42847  97.6050 338.5393 0009994 147.8020 212.3812 14.91870959 36057
SILU-1 (SILKROAD 1)     
1 42903U 17021F   18072.50502821  .00023635  00000-0  21511-3 0  9992
2 42903  42.7784 185.9959 0011417 342.6969  71.5660 15.67367662 34899
MIRATA                  
1 43015U 17073C   18072.29242340  .00000830  00000-0  71809-4 0  9995
2 43015  97.6987   7.3916 0257932 223.4792 134.5826 14.77870578 16970
ASTERIA                 
1 43020U 98067NH  18072.52130341  .00009358  00000-0  13354-3 0  9990
2 43020  51.6399 134.1580 0002112 158.2932 201.8150 15.57040599 17574
DELLINGR (RBLE)         
1 43021U 98067NJ  18072.49009459  .00004511  00000-0  70133-4 0  9997
2 43021  51.6396 134.6948 0002045 156.4967 203.6118 15.56143377 17568
TECHEDSAT 6             
1 43026U 98067NK  18072.51672676  .00089284  00000-0  76024-3 0  9996
2 43026  51.6348 129.5989 0003356   1.6920 358.4087 15.68811988 17538
OSIRIS-3U               
1 43027U 98067NL  18072.17595326  .00020382  00000-0  25934-3 0  9993
2 43027  51.6386 134.8459 0002346 130.5232 229.5965 15.59333279 17410
AEROCUBE 7B             
1 43042U 17071F   18072.50817484  .00002676  00000-0  80454-4 0  9990
2 43042  51.6390 147.4182 0005009 282.3520  77.6903 15.38151066 14870
AEROCUBE 7C             
1 43043U 17071G   18072.50755358  .00002181  00000-0  67451-4 0  9995
2 43043  51.6392 147.4154 0004906 281.8901  78.1533 15.38174502 14846
CHEFSAT                 
1 43044U 17071H   18071.84414501  .00004991  00000-0  13895-3 0  9997
2 43044  51.6390 150.4901 0004952 275.7010  84.3410 15.38615238 14741
ASGARDIA 1              
1 43049U 17071N   18072.49712039  .00002483  00000-0  74938-4 0  9991
2 43049  51.6392 147.3485 0002359 305.5530  54.5233 15.38330725 14835
ISARA                   
1 43050U 17071P   18071.84025392  .00004117  00000-0  11653-3 0  9990
2 43050  51.6391 150.4665 0002381 298.0935  61.9808 15.38583647 14733
FAUNA                   
1 43052U 17071R   18072.16792180  .00002735  00000-0  81276-4 0  9997
2 43052  51.6395 148.9044 0002283 299.9568  60.1190 15.38420773 14785
CORVUS BC3              
1 43118U 18004H   18072.16429066  .00000825  00000-0  39143-4 0  9991
2 43118  97.5453 134.5145 0012275  73.9408 286.3178 15.22060963  9102
MICROMAS-2A             
1 43131U 18004W   18071.75864638  .00001887  00000-0  84706-4 0  9992
2 43131  97.5459 134.1370 0011535  78.6301 281.6230 15.22403876  9045
GOMX4-B                 
1 43196U 18015E   18071.92268917  .00000593  00000-0  27553-4 0  9992
2 43196  97.3300 202.9447 0020902 134.9750 225.3174 15.23628760  5871
GOMX4-A                 
1 43197U 18015F   18072.33512491  .00001374  00000-0  60145-4 0  9990
2 43197  97.3298 203.3404 0020827 132.2302 312.5321 15.23531270  5946
