CUTE-1 (CO-55)          
1 27844U 03031E   19245.91671907  .00000025  00000-0  31026-4 0  9996
2 27844  98.6849 252.9922 0010092 163.9865 196.1634 14.22192192839083
CUBESAT XI-IV (CO-57)   
1 27848U 03031J   19245.93058066  .00000015  00000-0  26870-4 0  9997
2 27848  98.6925 253.5220 0009783 175.3065 184.8206 14.21785713838943
CUBESAT XI-V            
1 28895U 05043F   19245.86879551  .00000101  00000-0  28212-4 0  9995
2 28895  97.9699  26.0341 0018160 110.0513 250.2647 14.63686305738394
CUTE-1.7+APD II (CO-65) 
1 32785U 08021C   19245.79134242  .00000211  00000-0  28349-4 0  9993
2 32785  97.5530 241.9284 0013535  17.5076 342.6606 14.88337690614938
AAUSAT-II               
1 32788U 08021F   19245.83002782  .00000310  00000-0  33467-4 0  9991
2 32788  97.4962 258.1910 0010458 309.6037  50.4260 14.94780630616191
DELFI-C3 (DO-64)        
1 32789U 08021G   19245.77679977  .00000852  00000-0  60753-4 0  9990
2 32789  97.4583 293.1253 0011136 218.7135 141.3296 15.07078432618324
SEEDS II (CO-66)        
1 32791U 08021J   19245.54727994  .00000385  00000-0  44352-4 0  9999
2 32791  97.5299 247.7424 0013088 352.5003   7.6018 14.90859178615335
SWISSCUBE               
1 35932U 09051B   19245.51878000  .00000101  00000-0  33805-4 0  9992
2 35932  98.5955  53.7428 0006531 297.1609  62.8922 14.56304683527770
BEESAT-1                
1 35933U 09051C   19245.72329055  .00000070  00000-0  26868-4 0  9993
2 35933  98.5977  55.7449 0004883 313.9832  46.0962 14.56391270527959
ITUPSAT1                
1 35935U 09051E   19245.75611840  .00000041  00000-0  20751-4 0  9997
2 35935  98.6087  56.0111 0007149 308.4312  51.6242 14.55548399527671
TISAT 1                 
1 36799U 10035E   19245.37619571  .00000516  00000-0  58144-4 0  9991
2 36799  98.1654  40.0819 0012007 191.7190 168.3749 14.91144005495846
M-CUBED & EXP-1 PRIME   
1 37855U 11061F   19245.76235617  .00001070  00000-0  61327-4 0  9996
2 37855 101.7104 180.4053 0173058 211.2360 147.8478 15.05555790427750
STRAND-1                
1 39090U 13009E   19245.57407334  .00000004  00000-0  16587-4 0  9993
2 39090  98.4823  90.2369 0010303  66.2437 293.9828 14.35095085341257
SOMP                    
1 39134U 13015E   19245.86761020  .00001214  00000-0  64298-4 0  9992
2 39134  64.8632 133.6210 0035190 290.4967  69.2384 15.20284843352179
BEESAT-3                
1 39135U 13015F   19245.85934635  .00000997  00000-0  58832-4 0  9990
2 39135  64.8693 153.0240 0031493 303.4432  56.3683 15.17572352351416
BEESAT-2                
1 39136U 13015G   19245.85938412  .00001070  00000-0  63584-4 0  9991
2 39136  64.8687 157.0637 0023407 304.7970  55.0952 15.16988226351720
NEE-01 PEGASO           
1 39151U 13018B   19245.80329978  .00000137  00000-0  25084-4 0  9993
2 39151  97.9734 341.6825 0016018 318.9649  41.0357 14.80066079342982
ESTCUBE 1               
1 39161U 13021C   19245.77670655  .00000038  00000-0  13913-4 0  9993
2 39161  97.9850 329.3113 0010789  84.0902 276.1542 14.72221718339568
POPACS 1                
1 39268U 13055D   19245.40821543  .00007750  00000-0  21458-3 0  9992
2 39268  80.9999 241.2846 0624646 359.7099   0.3630 14.37438765306448
POPACS 2                
1 39269U 13055E   19245.82906186  .00003361  00000-0  94975-4 0  9995
2 39269  81.0117 272.2557 0684294  79.7625 287.9944 14.24162553304887
POPACS 3                
1 39270U 13055F   19245.85324749  .00002016  00000-0  61209-4 0  9999
2 39270  81.0145 290.0017 0714628 131.0689 235.4528 14.15986418284276
ZACUBE-1 (TSHEPISOSAT)  
1 39417U 13066B   19245.57231864  .00000183  00000-0  29234-4 0  9993
2 39417  97.5626 254.8102 0059893 143.9978 216.5293 14.81141128312272
WNISAT-1                
1 39423U 13066H   19245.79505327  .00000055  00000-0  20124-4 0  9999
2 39423  97.7792 182.2525 0176508  75.8856 286.1894 14.53055311306505
TRITON-1                
1 39427U 13066M   19245.87137627  .00000191  00000-0  38773-4 0  9996
2 39427  97.6839 218.5721 0112333 281.8060  77.0563 14.67871961309328
GOMX-1                  
1 39430U 13066Q   19245.80283566  .00000155  00000-0  37053-4 0  9997
2 39430  97.7518 197.3665 0151857  14.7209 345.8348 14.59276614307702
CUBEBUG-2 (LO-74)       
1 39440U 13066AA  19245.88846122  .00000146  00000-0  27374-4 0  9994
2 39440  97.6061 239.8419 0079724 196.3989 163.4640 14.75879076310014
NEE-02 KRYSAOR          
1 39441U 13066AB  19245.91293102  .00000090  00000-0  19970-4 0  9994
2 39441  97.6107 237.5850 0081062 203.7278 156.0186 14.74924281309875
FUNCUBE-1 (AO-73)       
1 39444U 13066AE  19245.73345506  .00000234  00000-0  34995-4 0  9997
2 39444  97.5603 256.9809 0059147 137.0914 223.4937 14.81965297310608
UWE-3                   
1 39446U 13066AG  19245.89754702  .00000167  00000-0  28752-4 0  9997
2 39446  97.5835 246.9535 0070226 170.1336 190.1274 14.78413933309938
BRITE-CA1 (TORONTO)     
1 40020U 14033L   19245.81903882  .00000024  00000-0  12691-4 0  9996
2 40020  97.7426  85.4170 0086008 273.8516  85.2858 14.66584246278450
DUCHIFAT-1              
1 40021U 14033M   19245.79940393  .00000451  00000-0  51836-4 0  9990
2 40021  97.9226 170.6442 0013339 153.0860 207.1052 14.90669414282889
NANOSATC-BR1            
1 40024U 14033Q   19245.86642315  .00000377  00000-0  45109-4 0  9997
2 40024  97.9114 167.9381 0012571 156.2674 203.9125 14.89878275282783
QB50P1                  
1 40025U 14033R   19245.90768732  .00000244  00000-0  31881-4 0  9990
2 40025  97.9031 165.4630 0012712 162.1887 197.9778 14.88973352282159
QB50P2                  
1 40032U 14033Y   19245.73146226  .00000249  00000-0  32776-4 0  9996
2 40032  97.8950 163.3194 0012164 159.2028 200.9686 14.88506254282036
PERSEUS-M2              
1 40037U 14033AD  19245.82625392  .00000092  00000-0  16578-4 0  9995
2 40037  97.8867 159.3387 0014439 173.0364 187.1054 14.86472290282283
PERSEUS-M1              
1 40039U 14033AF  19245.76211118  .00000074  00000-0  14730-4 0  9995
2 40039  97.8848 158.3179 0014340 170.7527 189.3955 14.86092484281699
POLYITAN-1              
1 40042U 14033AJ  19245.78451924  .00000290  00000-0  37109-4 0  9997
2 40042  97.9110 165.6914 0015062 153.8846 206.3134 14.88688435282556
TIGRISAT                
1 40043U 14033AK  19245.57237165  .00000121  00000-0  25239-4 0  9998
2 40043  97.7470 110.1368 0059111 210.7924 148.9813 14.74286398279485
AEROCUBE 6A             
1 40045U 14033AM  19245.86257345  .00000199  00000-0  36011-4 0  9999
2 40045  97.7700 114.5266 0056921 202.3348 157.5382 14.75415931279554
AEROCUBE 6B             
1 40046U 14033AN  19245.59748490  .00000237  00000-0  41433-4 0  9993
2 40046  97.7631 113.8353 0056282 202.3833 157.4921 14.75397634279519
UKUBE-1                 
1 40074U 14037F   19245.75060121  .00000188  00000-0  29717-4 0  9990
2 40074  98.4444  52.0601 0004443 351.6700   8.4433 14.84086145278933
BRITE-PL2 (HEWELIUSZ)   
1 40119U 14049B   19245.82398693  .00000116  00000-0  20299-4 0  9996
2 40119  97.9044 335.7940 0016768 336.6815  23.3637 14.84420672272879
FIREBIRD 4              
1 40378U 15003C   19245.89313588  .00001484  00000-0  62003-4 0  9999
2 40378  99.1186 241.8444 0126444 196.0217 163.6998 15.18986967253486
GRIFEX                  
1 40379U 15003D   19245.91944649  .00000943  00000-0  44416-4 0  9998
2 40379  99.1187 235.4710 0134211 215.7525 143.4661 15.15625078253129
EXOCUBE (CP10)          
1 40380U 15003E   19245.86996074  .00000782  00000-0  39417-4 0  9999
2 40380  99.1216 231.9165 0138994 227.6107 131.3288 15.13635906252892
TIANWANG 1C (TW-1C)     
1 40926U 15051B   19245.91406571  .00014861  00000-0  20716-3 0  9996
2 40926  97.1286 292.0232 0009684  84.8050  41.3472 15.56955941222016
TIANWANG 1A (TW-1A)     
1 40928U 15051D   19245.86749163  .00003201  00000-0  79215-4 0  9994
2 40928  97.1405 275.4803 0011591 147.7590 337.9366 15.41096054220905
EXACTVIEW 9             
1 40936U 15052G   19245.47484773  .00000790  00000-0  21456-4 0  9998
2 40936   6.0025 240.7733 0010218 136.8644 223.2285 14.76503365212444
ATHENOXAT 1             
1 41168U 15077C   19245.61921111  .00001928  00000-0  66700-4 0  9996
2 41168  14.9892  19.5942 0011459  68.6591 291.4953 15.13731056205507
GALASSIA                
1 41170U 15077E   19245.66165388  .00001951  00000-0  67068-4 0  9994
2 41170  14.9895  12.1513 0012759  94.4600 265.7179 15.14059385205578
VELOX-II                
1 41171U 15077F   19245.60187704  .00001475  00000-0  46537-4 0  9994
2 41171  14.9920  47.6615 0008827   6.5857 353.4579 15.11277364205253
HORYU-4                 
1 41340U 16012D   19245.70019749  .00000521  00000-0  32850-4 0  9990
2 41340  31.0059  10.3917 0013799 163.5587 196.5498 15.01298871194443
E-ST@R-II               
1 41459U 16025D   19245.77317864  .00001756  00000-0  92407-4 0  9996
2 41459  98.1038 336.1075 0169199 102.6806 259.3402 15.05603580183995
AAUSAT 4                
1 41460U 16025E   19245.78570520  .00003018  00000-0  15277-3 0  9991
2 41460  98.0970 337.5527 0158394  94.6852 267.2483 15.07547932184138
DIWATA-1                
1 41463U 98067HT  19245.75584602  .00036591  00000-0  15893-3 0  9999
2 41463  51.6267 211.0604 0002340  90.5133 334.0249 15.84449732191824
BEESAT-4                
1 41619U 16040W   19245.85150075  .00001523  00000-0  67103-4 0  9996
2 41619  97.3612 306.6357 0012939 112.9400 247.3204 15.23259146165453
CANX-7                  
1 41788U 16059F   19245.86986318  .00004387  00000-0  66076-3 0  9999
2 41788  98.2434 322.5258 0031201 131.7646 228.6296 14.74615732157235
RAVAN                   
1 41849U 16067B   19245.86157215 -.00000116  00000-0 -45760-5 0  9999
2 41849  97.9231 346.1324 0009143 122.2034 238.0076 14.98281052153402
CELTEE 1                
1 41850U 16067C   19245.80382196  .00000098  00000-0  13800-4 0  9999
2 41850  97.9185 344.5848 0009811 126.4749 233.7378 14.97034328153314
OPTICUBE 04             
1 41851U 16067D   19245.82245889  .00000664  00000-0  63243-4 0  9994
2 41851  97.9184 344.3624 0010282 126.7472 233.4695 14.96823879153308
AEROCUBE 8D             
1 41852U 16067E   19245.82958022  .00000782  00000-0  73610-4 0  9995
2 41852  97.9199 344.1951 0011079 126.7309 233.4931 14.96746909153288
AEROCUBE 8C             
1 41853U 16067F   19245.85428592 -.00000309  00000-0 -21746-4 0  9993
2 41853  97.9194 344.1508 0010979 128.1383 232.0829 14.96709966153281
PROMETHEUS 2-1          
1 41854U 16067G   19245.87714106  .00000502  00000-0  48948-4 0  9991
2 41854  97.9196 344.3424 0011513 129.0535 231.1712 14.96937634153294
PROMETHEUS 2-3          
1 41855U 16067H   19245.81237183  .00000583  00000-0  55996-4 0  9991
2 41855  97.9199 344.2956 0011745 129.5676 230.6585 14.96943608153284
INS-1B                  
1 41954U 17008G   19245.72544393  .00001405  00000-0  60781-4 0  9993
2 41954  97.3939 309.7508 0007827 231.2696 128.7843 15.24072163141381
BGUSAT                  
1 41999U 17008BD  19245.79660596  .00002711  00000-0  10721-3 0  9992
2 41999  97.4014 312.5175 0006612 244.3621 115.6935 15.26318189140908
DIDO-2                  
1 42000U 17008BE  19245.71783888  .00000959  00000-0  42514-4 0  9996
2 42000  97.3951 310.2945 0006908 253.6545 106.3933 15.23987180140788
PEASSS                  
1 42015U 17008BV  19245.76434056  .00001207  00000-0  51261-4 0  9993
2 42015  97.3961 311.4165 0004718 258.7812 101.2896 15.24972854141340
AL-FARABI 1             
1 42016U 17008BW  19245.73094684  .00001617  00000-0  66413-4 0  9990
2 42016  97.3978 312.0135 0004558 257.0209 103.0521 15.25637136141490
NAYIF-1 (EO-88)         
1 42017U 17008BX  19245.71677720  .00001609  00000-0  66044-4 0  9998
2 42017  97.3975 312.0105 0004547 257.8100 102.2629 15.25671683141519
ALTAIR PATHFINDER       
1 42711U 98067LS  19245.46740431  .00079905  00000-0  31419-3 0  9996
2 42711  51.6311 255.3129 0004201  58.3023 301.8390 15.86180721131096
NSIGHT                  
1 42726U 98067MF  19245.52386169  .00037682  00000-0  26289-3 0  9998
2 42726  51.6342 280.1263 0004927  87.8515 272.3048 15.73920679129751
UCLSAT                  
1 42765U 17036A   19245.82754719  .00001219  00000-0  54971-4 0  9998
2 42765  97.3445 302.1870 0010459 329.8472  30.2162 15.22855144122649
LITUANICASAT-2          
1 42768U 17036D   19245.73635642  .00002570  00000-0  11210-3 0  9993
2 42768  97.3479 301.7455 0013701 317.6512  42.3666 15.22986555121885
AALTO-1                 
1 42775U 17036L   19245.82681154  .00000769  00000-0  37242-4 0  9992
2 42775  97.3428 300.7571 0012752 318.6540  41.3730 15.21413936121789
URSA MAIOR              
1 42776U 17036M   19245.71504555  .00000888  00000-0  42384-4 0  9995
2 42776  97.3439 300.8208 0012587 319.0570  40.9720 15.21553394121770
COMPASS 2               
1 42777U 17036N   19245.81633442  .00001650  00000-0  72939-4 0  9992
2 42777  97.3480 302.2897 0011239 319.7362  40.3042 15.23044699121851
DIAMOND RED             
1 42783U 17036U   19245.90032065  .00000941  00000-0  43820-4 0  9992
2 42783  97.3445 301.7974 0011145 330.3834  29.6770 15.22294329121841
PEGASUS                 
1 42784U 17036V   19245.86453976  .00001144  00000-0  52139-4 0  9995
2 42784  97.3449 302.0192 0011033 329.9826  30.0777 15.22599943121857
DIAMOND GREEN           
1 42785U 17036W   19245.83339404  .00000960  00000-0  44654-4 0  9990
2 42785  97.3447 301.7583 0011080 331.3817  28.6810 15.22293123121903
DIAMOND BLUE            
1 42786U 17036X   19245.70111119  .00001053  00000-0  48650-4 0  9992
2 42786  97.3448 301.6266 0010936 332.2723  27.7929 15.22293811121801
NUDTSAT                 
1 42787U 17036Y   19245.87895865  .00000990  00000-0  44223-4 0  9999
2 42787  97.3492 302.8413 0011820 330.3217  29.7352 15.23607497121743
SUCHAI                  
1 42788U 17036Z   19245.71910207  .00001422  00000-0  63313-4 0  9993
2 42788  97.3453 302.2281 0010565 329.7882  30.2744 15.23034190121929
SKCUBE                  
1 42789U 17036AA  19245.74002253  .00001309  00000-0  58685-4 0  9990
2 42789  97.3450 302.1763 0010470 329.9585  30.1050 15.22926042121843
VZLUSAT-1               
1 42790U 17036AB  19245.73460250  .00001773  00000-0  76938-4 0  9992
2 42790  97.3467 302.6996 0009960 329.0006  31.0642 15.23608103121873
ROBUSTA-1B              
1 42792U 17036AD  19245.85957407  .00001349  00000-0  60114-4 0  9990
2 42792  97.3451 302.4604 0010050 330.5327  29.5342 15.23098847121885
CICERO 6                
1 42793U 17036AE  19245.87442263  .00000892  00000-0  41263-4 0  9998
2 42793  97.3433 302.1975 0009376 333.1494  26.9257 15.22660549121943
D-SAT                   
1 42794U 17036AF  19245.77114357  .00000076  00000-0  12271-4 0  9999
2 42794  97.5333 287.1014 0125052 247.7768 111.0147 14.91126110119672
CORVUS BC2              
1 42846U 17042X   19245.66550341  .00000128  00000-0  17902-4 0  9993
2 42846  97.5555 136.6017 0010139 153.3696 206.8046 14.91994143116349
CORVUS BC1              
1 42847U 17042Y   19245.74776138 -.00000026  00000-0  26528-5 0  9990
2 42847  97.5557 136.7995 0009833 152.0534 208.1215 14.92094569116352
MIRATA                  
1 43015U 17073C   19245.72640230  .00000798  00000-0  68422-4 0  9996
2 43015  97.7165 163.9784 0253545 270.0643  87.1519 14.79091723 96531
MAKERSAT 0              
1 43016U 17073D   19245.75375970  .00000560  00000-0  49750-4 0  9996
2 43016  97.7199 164.2071 0255796 270.4262  86.7646 14.78816064 96520
ASTERIA                 
1 43020U 98067NH  19245.39232390  .00040443  00000-0  29012-3 0  9993
2 43020  51.6416 292.2675 0003075  50.5841 309.5429 15.73243905101761
DELLINGR (RBLE)         
1 43021U 98067NJ  19245.76843666  .00012463  00000-0  13450-3 0  9999
2 43021  51.6376 307.4210 0002803  37.7449 322.3742 15.64072877101590
AEROCUBE 7B (OCSD B)    
1 43042U 17071F   19245.88088637  .00004091  00000-0  10547-3 0  9992
2 43042  51.6387  40.3405 0005094  74.5096 285.6451 15.41534079 97837
AEROCUBE 7C (OCSD C)    
1 43043U 17071G   19245.88090055  .00004084  00000-0  10530-3 0  9994
2 43043  51.6388  40.3550 0005344  78.2431 281.9153 15.41531927 97806
CHEFSAT                 
1 43044U 17071H   19245.80102479  .00009698  00000-0  21515-3 0  9992
2 43044  51.6396  33.9636 0005066  78.1014 282.0540 15.44394300 97881
ASGARDIA 1              
1 43049U 17071N   19245.82686530  .00004848  00000-0  12271-3 0  9995
2 43049  51.6397  40.0311 0002926  93.6902 266.4418 15.41650684 97805
ISARA                   
1 43050U 17071P   19245.84110910  .00008247  00000-0  18751-3 0  9999
2 43050  51.6384  34.9297 0002714  91.7107 268.4190 15.43888389 97872
PROPCUBE 2 (FAUNA)      
1 43052U 17071R   19245.81836484  .00005201  00000-0  12967-3 0  9999
2 43052  51.6394  39.2431 0002871  91.2081 268.9234 15.41950282 97800
CORVUS BC3              
1 43118U 18004H   19245.82600868  .00000789  00000-0  36676-4 0  9995
2 43118  97.4809 312.9114 0010125 354.6060   5.5066 15.22922159 91066
MICROMAS-2A             
1 43131U 18004W   19245.89789632  .00001798  00000-0  76509-4 0  9994
2 43131  97.4837 313.8495 0009052 356.6536   3.4640 15.24289105 91122
SPACEBEE-4              
1 43139U 18004AE  19245.67896923  .00003349  00000-0  13629-3 0  9997
2 43139  97.4855 314.2289 0008490   0.7801 359.3449 15.25187383 91129
SPACEBEE-3              
1 43140U 18004AF  19245.82716822  .00003996  00000-0  15934-3 0  9994
2 43140  97.4864 314.6919 0008205   0.1312 359.9926 15.25761715 91167
SPACEBEE-2              
1 43141U 18004AG  19245.85393000  .00004315  00000-0  17080-3 0  9997
2 43141  97.4868 314.8250 0008080 359.7495   0.3737 15.25957192 91172
SPACEBEE-1              
1 43142U 18004AH  19245.87562389  .00004771  00000-0  18731-3 0  9998
2 43142  97.4872 314.9710 0008037 359.8536   0.2698 15.26176734 91170
CICERO 7                
1 43143U 18004AJ  19245.71810912  .00001789  00000-0  75904-4 0  9992
2 43143  97.4822 313.8847 0007560   9.2293 350.9081 15.24406336 91118
GOMX-4B                 
1 43196U 18015E   19245.93570231  .00000412  00000-0  19871-4 0  9996
2 43196  97.4009  12.4468 0020048  43.1962 317.0843 15.23993448 87951
GOMX-4A                 
1 43197U 18015F   19245.80967469  .00000571  00000-0  26350-4 0  9992
2 43197  97.4023  12.3535 0020457  43.8585 111.6763 15.24092295 87943
1KUNS-PF                
1 43466U 98067NP  19245.60063230  .00033987  00000-0  29798-3 0  9992
2 43466  51.6359 308.5030 0001784  34.0342 326.0769 15.68521232 74828
UBAKUSAT                
1 43467U 98067NQ  19245.66773212  .00019008  00000-0  20129-3 0  9994
2 43467  51.6367 314.2135 0002787  10.6614 349.4439 15.64163043 74768
BATSU-CS1 (IRAZU)       
1 43468U 98067NR  19245.62091212  .00046053  00000-0  34110-3 0  9999
2 43468  51.6345 303.3403 0002125  32.7935 327.3195 15.72434063174889
CUBERRT                 
1 43546U 98067NU  19245.66161650  .00012424  00000-0  12318-3 0  9995
2 43546  51.6377 314.1716 0004560  62.8725 297.2735 15.66230663 64891
TEMPEST-D               
1 43547U 98067NV  19245.72321004  .00005367  00000-0  75053-4 0  9998
2 43547  51.6388 325.0948 0005982  51.3330 308.8197 15.58622161 64436
RAINCUBE                
1 43548U 98067NW  19245.79303286  .00017786  00000-0  19875-3 0  9995
2 43548  51.6364 318.7841 0005838  58.5996 301.5569 15.62824545 64976
HALOSAT                 
1 43549U 98067NX  19245.67254467  .00020253  00000-0  22614-3 0  9997
2 43549  51.6374 319.4981 0005709  61.3189 298.8379 15.62744234 64517
ENDUROSAT ONE           
1 43551U 98067NZ  19245.67590972  .00024024  00000-0  24823-3 0  9998
2 43551  51.6369 316.5195 0005998  66.8958 293.2669 15.64609309 64968
EQUISAT                 
1 43552U 98067PA  19245.78657878  .00018529  00000-0  20489-3 0  9997
2 43552  51.6385 318.0397 0006356  67.8315 292.3353 15.63059959 64919
AEROCUBE 12A            
1 43556U 18046C   19245.87216219  .00002205  00000-0  89990-4 0  9997
2 43556  51.6429  51.1837 0008110 346.6640  13.4124 15.28868975 63212
AEROCUBE 12B            
1 43557U 18046D   19245.82708557  .00000855  00000-0  42796-4 0  9996
2 43557  51.6428  51.6282 0008139 347.2746  12.8027 15.28718169 63153
UITMSAT-1               
1 43589U 98067PD  19245.65311614  .00020820  00000-0  22701-3 0  9994
2 43589  51.6357 319.3275 0005630  73.0180 287.1431 15.63336873 60626
MAYA-1                  
1 43590U 98067PE  19245.39163119  .00024805  00000-0  26914-3 0  9999
2 43590  51.6364 320.5858 0005736  73.9874 286.1752 15.63344096 60512
BHUTAN-1                
1 43591U 98067PF  19245.63517888  .00022360  00000-0  24260-3 0  9999
2 43591  51.6372 319.2410 0005849  74.8635 285.3006 15.63412165 60551
SIRIUSSAT-1             
1 43595U 98067PG  19245.79062488  .00017708  00000-0  20041-3 0  9994
2 43595  51.6359 320.2517 0004037  36.5239 323.6030 15.62506937 59734
SIRIUSSAT-2             
1 43596U 98067PH  19245.82885166  .00017610  00000-0  20062-3 0  9990
2 43596  51.6371 320.5500 0004520  36.9446 323.1858 15.62339951 59738
TANUSHA-3               
1 43597U 98067PJ  19245.80685904  .00025093  00000-0  26222-3 0  9995
2 43597  51.6352 318.0780 0004119  47.4588 312.6754 15.64304226 59768
SURFSAT                 
1 43614U 18070B   19245.87133588  .00003317  00000-0  89292-4 0  9996
2 43614  93.0287  35.0997 0016607  21.7905 338.4051 15.37778039 54111
CP7 (DAVE)              
1 43615U 18070C   19245.88129705  .00003107  00000-0  83905-4 0  9996
2 43615  93.0287  35.1032 0016787  21.0591 339.1350 15.37685018 54110
ELFIN-B                 
1 43616U 18070D   19245.85617580  .00005046  00000-0  13287-3 0  9996
2 43616  93.0252  35.0013 0017626  24.0153 336.1918 15.38412828 54127
ELFIN-A                 
1 43617U 18070E   19245.84771191  .00004939  00000-0  12990-3 0  9995
2 43617  93.0307  35.2723 0016674  21.4882 338.7068 15.38467988 54122
CUBEBEL-1 (BSUSAT-1)    
1 43666U 18083E   19245.91166877  .00000789  00000-0  42495-4 0  9993
2 43666  97.5167 269.8614 0013557 286.4137 193.8906 15.17686408 46844
DEBRISSAT-2             
1 43680U 98067PR  19245.67823628  .00035166  00000-0  34684-3 0  9993
2 43680  51.6362 318.0132 0003781  57.0425 303.0934 15.65578879 68485
CICERO 10               
1 43690U 18088A   19245.87718963  .00000858  00000-0  38259-4 0  9999
2 43690  85.0349 268.3494 0012839 292.1198  67.8679 15.19745032 44923
IRVINE01                
1 43693U 18088D   19245.84173272  .00002514  00000-0  10939-3 0  9992
2 43693  85.0322 267.8197 0015816 273.5113  86.4320 15.21599695 44946
PROXIMA I               
1 43694U 18088E   19245.86869721  .00000925  00000-0  39248-4 0  9995
2 43694  85.0292 267.6091 0017055 263.7978  96.1321 15.21469669 44969
PROXIMA II              
1 43696U 18088G   19245.86759399  .00000923  00000-0  39143-4 0  9998
2 43696  85.0293 267.6112 0017092 263.7368  96.1927 15.21474317 44957
FACSAT-1                
1 43721U 18096C   19245.84757059  .00001878  00000-0  74589-4 0  9998
2 43721  97.4541 315.5744 0019434  64.3766 295.9478 15.26441473 42356
CENTAURI-2              
1 43722U 18096D   19245.75104778  .00002601  00000-0  10140-3 0  9990
2 43722  97.4543 315.5520 0019574  65.2223 295.1049 15.26693916 42339
INNOSAT-2               
1 43738U 18096V   19245.90120631  .00003635  00000-0  13093-3 0  9998
2 43738  97.4547 316.5798 0025957  74.0858 286.3240 15.28907634 42424
SIRION PATHFINDER-2     
1 43759U 18099B   19245.87935657  .00000593  00000-0  59208-4 0  9991
2 43759  97.7400 316.9115 0015742  69.3765 290.9142 14.95153719 40813
CORVUS-BC 4             
1 43767U 18099K   19245.84683755 -.00000175  00000-0 -10846-4 0  9999
2 43767  97.7386 316.5964 0013239  72.4847 287.7819 14.94596746 40790
MOVE-II                 
1 43780U 18099Y   19245.76638968  .00000439  00000-0  45203-4 0  9997
2 43780  97.7396 316.7076 0015171  80.0980 280.1953 14.95111189 40771
SPACEBEE-7              
1 43816U 18099BL  19245.69980140  .00000323  00000-0  34364-4 0  9999
2 43816  97.7410 316.8436 0014925  66.6448 293.6342 14.95454536 40333
SPACEBEE-5              
1 43817U 18099BM  19245.87358136  .00001278  00000-0  11971-3 0  9992
2 43817  97.7432 317.1228 0014535  67.7809 292.4953 14.95734507 40368
SPACEBEE-6              
1 43818U 18099BN  19245.75757514  .00000884  00000-0  84820-4 0  9999
2 43818  97.7418 316.9353 0014880  66.9346 293.3442 14.95545588 40495
SHIELDS 1               
1 43850U 18104B   19245.56353927  .00000042  00000-0  00000+0 0  9990
2 43850  85.0311   6.3028 0017203  56.1551 304.1318 15.21127689 39559
STF-1                   
1 43852U 18104D   19245.52574129  .00000042  00000-0  00000-0 0  9998
2 43852  85.0356   6.6263 0017620  69.3240 290.9916 15.20700475 39531
ZACUBE-2                
1 43907U 18111AH  19245.89546195  .00000604  00000-0  27428-4 0  9990
2 43907  97.2827 149.0159 0023471  82.9579 277.4326 15.24243926 38051
LUME 1                  
1 43908U 18111AJ  19245.81450466  .00001198  00000-0  51352-4 0  9990
2 43908  97.2826 148.9703 0023399  83.2364 277.1536 15.24433684 38040
AOBA VELOX-IV           
1 43940U 19003J   19245.85199333  .00001674  00000-0  71494-4 0  9992
2 43940  97.2714 301.4918 0024842 159.4321 289.9676 15.23980319 34682
CATSAT-2                
1 44029U 98067PV  19245.86487347  .00014686  00000-0  20180-3 0  9996
2 44029  51.6400 329.8089 0005157  71.4941 288.6611 15.57538135 33449
DELPHINI                
1 44030U 98067PW  19245.65909820  .00016811  00000-0  22863-3 0  9992
2 44030  51.6383 330.6658 0004966  67.0399 293.1116 15.57696844 33384
UNITE                   
1 44031U 98067PX  19245.61883564  .00010377  00000-0  15074-3 0  9992
2 44031  51.6395 331.9028 0003766  65.2939 294.8444 15.56415373 33365
TECHEDSAT 8             
1 44032U 98067PY  19245.85259986  .00035458  00000-0  39488-3 0  9996
2 44032  51.6377 325.9590 0003871  53.5303 306.6048 15.62484835 33442
CATSAT-1                
1 44033U 98067PZ  19245.86458514  .00014756  00000-0  20278-3 0  9991
2 44033  51.6401 329.8078 0005062  71.1697 288.9844 15.57532624 33351
RAAVANA-1               
1 44329U 98067QE  19245.67878377  .00011228  00000-0  18548-3 0  9999
2 44329  51.6415 336.0612 0007510   8.8063 351.3058 15.52740832 12066
UGUISU                  
1 44330U 98067QF  19245.68066933  .00011002  00000-0  18216-3 0  9991
2 44330  51.6415 336.0734 0007488   7.5276 352.5825 15.52701180 12045
NEPALISAT-1             
1 44331U 98067QG  19245.67704219  .00011300  00000-0  18638-3 0  9996
2 44331  51.6416 336.0499 0007520   9.9527 350.1610 15.52775780 12051
SPOOQY-1                
1 44332U 98067QH  19245.80394580  .00011016  00000-0  18171-3 0  9994
2 44332  51.6413 335.3957 0006279  12.9952 347.1198 15.52812992 12038
SPACEBEE-9              
1 44370U 19037F   19245.49675583  .00005345  00000-0  14106-3 0  9998
2 44370  45.0117 286.4088 0016228 285.7195  74.1927 15.39549426 10010
SPACEBEE-8              
1 44371U 19037G   19245.48609308  .00010065  00000-0  25377-3 0  9997
2 44371  45.0051 286.3230 0016339 291.4617  68.4562 15.40034854 10008
MOVE-IIB                
1 44398U 19038N   19245.87751678  .00001437  00000-0  87616-4 0  9996
2 44398  97.4945 206.6662 0026900  44.0562 316.2805 15.11650399  8973
SONATE                  
1 44400U 19038Q   19245.87606390  .00000489  00000-0  32321-4 0  9999
2 44400  97.4958 206.6694 0026569  42.4201 317.9076 15.11658019  8974
LUCKY-7                 
1 44406U 19038W   19245.86879780  .00000612  00000-0  39319-4 0  9991
2 44406  97.4957 206.6787 0026076  42.5122 317.8121 15.11846692  8963
BEESAT 9                
1 44412U 19038AC  19245.87089429  .00000849  00000-0  53174-4 0  9999
2 44412  97.4956 206.6750 0024347  48.1320 312.1982 15.11802477  8663
JAISAT-1                
1 44419U 19038F   19245.85140034  .00000887  00000-0  54718-4 0  9991
2 44419  97.4957 206.7016 0023230  48.3968 311.9248 15.12296459  8971
SWIATOWID               
1 44426U 98067QL  19245.77062327  .00016433  00000-0  27095-3 0  9998
2 44426  51.6426 335.9292 0004480 330.7678  29.3061 15.52429629  9554
KRAKSAT                 
1 44427U 98067QM  19245.67437941  .00006369  00000-0  11134-3 0  9990
2 44427  51.6455 336.4740 0003363 335.6611 171.6982 15.52028161  9572
VCC A                   
1 44428U 98067QN  19245.51070903  .00010965  00000-0  18421-3 0  9998
2 44428  51.6428 337.1939 0003448 349.2969  10.7947 15.52311635  9555
ENTRYSAT                
1 44429U 98067QP  19245.50858559  .00012878  00000-0  21418-3 0  9994
2 44429  51.6426 337.1799 0003245 340.4726  19.6139 15.52416628  9556
VCC C                   
1 44430U 98067QQ  19245.70337064  .00014531  00000-0  24072-3 0  9998
2 44430  51.6427 336.2299 0003566 350.5179   9.5743 15.52407776  8411
VCC B                   
1 44431U 98067QR  19245.64056914  .00010984  00000-0  18464-3 0  9990
2 44431  51.6427 336.5608 0003607 348.8215  11.2694 15.52293054  9515
