CUTE-1 (CO-55)          
1 27844U 03031E   18334.98511747  .00000048  00000-0  41418-4 0  9997
2 27844  98.6864 341.1785 0008852 246.7587 113.2659 14.22146977799903
CUBESAT XI-IV (CO-57)   
1 27848U 03031J   18334.85034840  .00000034  00000-0  35554-4 0  9990
2 27848  98.6946 341.4957 0008677 259.1903 100.8298 14.21746723799744
CUBESAT XI 5            
1 28895U 05043F   18334.95416273  .00000138  00000-0  35306-4 0  9993
2 28895  97.9310 119.8968 0015533 261.6510  98.2932 14.63606940698031
CUTE-1.7+APD II (CO-65) 
1 32785U 08021C   18335.20192422  .00000211  00000-0  28463-4 0  9999
2 32785  97.5464 339.4028 0012558 198.3123 161.7644 14.88213654574017
AAUSAT-II               
1 32788U 08021F   18334.87644006  .00000834  00000-0  82106-4 0  9999
2 32788  97.5099 354.3436 0012788 144.4052 215.8024 14.94527768574970
DELFI-C3 (DO-64)        
1 32789U 08021G   18334.78596875  .00000766  00000-0  55904-4 0  9990
2 32789  97.4923  25.2296 0013918  90.0332 270.2490 15.06485619576861
SEEDS II (CO-66)        
1 32791U 08021J   18334.74771366  .00000216  00000-0  27385-4 0  9991
2 32791  97.5310 344.6681 0013426 177.5339 182.5949 14.90682345574244
SWISSCUBE               
1 35932U 09051B   18334.65193753  .00000116  00000-0  37255-4 0  9999
2 35932  98.5651 130.0398 0008571  63.8706 296.3372 14.56220809487663
BEESAT                  
1 35933U 09051C   18334.94253319  .00000116  00000-0  37207-4 0  9994
2 35933  98.5685 131.9887 0006914  75.4606 284.7358 14.56317875487734
ITUPSAT 1               
1 35935U 09051E   18334.95442868  .00000092  00000-0  32232-4 0  9992
2 35935  98.5796 132.2494 0009170  70.9733 289.2456 14.55487207487550
TISAT 1                 
1 36799U 10035E   18334.96584726  .00000288  00000-0  35265-4 0  9992
2 36799  98.1290 115.8655 0012748  27.0676 333.1203 14.90945443455008
M-CUBED & EXP-1 PRIME   
1 37855U 11061F   18334.97863880  .00000832  00000-0  50255-4 0  9999
2 37855 101.7232 122.9093 0175029 308.4306  50.1303 15.04899688386737
STRAND-1                
1 39090U 13009E   18334.82081745  .00000037  00000-0  28157-4 0  9995
2 39090  98.5034 178.9060 0009481 156.4757 203.6864 14.35060377301728
AIST-2 (RS-43)          
1 39133U 13015D   18335.22074888  .00000096  00000-0  19014-4 0  9992
2 39133  64.8762  43.6886 0005083 223.0550 171.3473 15.04645037308341
SOMP                    
1 39134U 13015E   18334.72573076  .00001242  00000-0  67376-4 0  9998
2 39134  64.8635 308.0082 0009928 326.3734  33.6762 15.19620375309829
BEESAT-3                
1 39135U 13015F   18335.22339836  .00000889  00000-0  54576-4 0  9993
2 39135  64.8690 321.9603 0010361 260.6130  99.3825 15.17044002309988
BEESAT-2                
1 39136U 13015G   18335.18686149  .00001030  00000-0  62527-4 0  9995
2 39136  64.8698 325.3230 0010452 248.4576 111.5436 15.16495485309912
NEE-01 PEGASUS          
1 39151U 13018B   18335.23447083  .00000149  00000-0  26620-4 0  9997
2 39151  97.9754  68.1305 0018244 125.6668 234.6245 14.79970950302224
ESTCUBE 1               
1 39161U 13021C   18335.23651451  .00000181  00000-0  36667-4 0  9996
2 39161  98.0037  58.5035 0008166 241.3109 118.7282 14.72132341299025
POPACS 1                
1 39268U 13055D   18334.99385125  .00003055  00000-0  83545-4 0  9995
2 39268  81.0014 171.1495 0633144  94.1320 273.2439 14.35585219268371
POPACS 2                
1 39269U 13055E   18335.03178603  .00002899  00000-0  83061-4 0  9991
2 39269  81.0147 196.5266 0688379 159.8697 203.1129 14.23037663266864
POPACS 3                
1 39270U 13055F   18334.99071556  .00001159  00000-0  35882-4 0  9992
2 39270  81.0176 210.8263 0716309 201.7382 155.1937 14.15279186265948
ZACUBE-1 (TSHEPISOSAT)  
1 39417U 13066B   18334.86110887  .00000211  00000-0  33043-4 0  9999
2 39417  97.5745 354.4866 0058223 330.3487  29.4429 14.81018382271463
WNISAT-1                
1 39423U 13066H   18334.92982162  .00000004  00000-0  10686-4 0  9994
2 39423  97.7500 286.3346 0174626 216.4162 142.5046 14.52996359266448
TRITON-1                
1 39427U 13066M   18334.91964617  .00000224  00000-0  43281-4 0  9993
2 39427  97.6554 319.9276 0115373  85.2905 276.1466 14.67748233268844
GOMX 1                  
1 39430U 13066Q   18335.14813560  .00000138  00000-0  33857-4 0  9995
2 39430  97.7187 300.1872 0151524 163.1301 197.5023 14.59159515267506
CUBEBUG-2 (LO-74)       
1 39440U 13066AA  18335.00915630  .00000243  00000-0  40770-4 0  9991
2 39440  97.5991 340.3143 0080741  14.7329 345.6207 14.75758603270525
NEE-02 KRYSAOR          
1 39441U 13066AB  18334.99398250  .00000161  00000-0  29883-4 0  9993
2 39441  97.6009 338.2915 0082369  20.6436 339.8069 14.74838576270363
FUNCUBE-1 (AO-73)       
1 39444U 13066AE  18334.83559364  .00000259  00000-0  38390-4 0  9995
2 39444  97.5745 356.1930 0057228 325.0885  34.6581 14.81818709269747
UWE-3                   
1 39446U 13066AG  18334.94912654  .00000219  00000-0  35828-4 0  9993
2 39446  97.5853 346.9624 0069898 353.0530   6.9706 14.78292970269169
BRITE-TORONTO           
1 40020U 14033L   18335.17883691  .00000090  00000-0  23632-4 0  9999
2 40020  97.7634 184.8293 0088849  73.0281 288.0639 14.66535458238069
DUCHIFAT-1              
1 40021U 14033M   18334.76250430  .00000324  00000-0  39039-4 0  9991
2 40021  97.9177 253.7776 0012950 355.9316   4.1794 14.90457524241761
NANOSATC-BR1            
1 40024U 14033Q   18334.75276224  .00000285  00000-0  35693-4 0  9990
2 40024  97.9096 251.6635 0012298 359.0297   1.0894 14.89698241241154
QB50P1                  
1 40025U 14033R   18334.76306257  .00000270  00000-0  34802-4 0  9997
2 40025  97.9040 249.7837 0012616   4.0359 356.0957 14.88822652241063
QB50P2                  
1 40032U 14033Y   18334.76992175  .00000279  00000-0  36155-4 0  9997
2 40032  97.8981 248.2619 0011935   0.1780 359.9439 14.88362996240981
PERSEUS-M2              
1 40037U 14033AD  18334.89795605  .00000089  00000-0  16328-4 0  9994
2 40037  97.8944 245.3762 0014634   9.0070 351.1405 14.86405716240793
PERSEUS-M1              
1 40039U 14033AF  18334.76337715  .00000073  00000-0  14579-4 0  9995
2 40039  97.8936 244.4952 0014425   6.5402 353.5999 14.86026650240707
POLYITAN-1              
1 40042U 14033AJ  18335.19071527  .00000347  00000-0  43381-4 0  9990
2 40042  97.9117 250.4166 0014600 350.6591   9.4352 14.88515879241556
TIGRISAT                
1 40043U 14033AK  18334.87423203  .00000135  00000-0  27417-4 0  9994
2 40043  97.7829 205.8694 0060663  22.7526 337.6351 14.74201258239167
AEROCUBE 6A             
1 40045U 14033AM  18334.89525522  .00000349  00000-0  57669-4 0  9994
2 40045  97.8024 208.8194 0058630  16.2072 344.0995 14.75263816238861
AEROCUBE 6B             
1 40046U 14033AN  18334.89781706  .00000336  00000-0  55873-4 0  9994
2 40046  97.7978 208.5892 0057719  15.6885 344.6096 14.75246624238869
UKUBE-1                 
1 40074U 14037F   18335.18177161  .00000236  00000-0  35605-4 0  9996
2 40074  98.4088 121.1356 0005062 129.2809 230.8876 14.83922130238063
BRITE-PL 2              
1 40119U 14049B   18334.78363409  .00000115  00000-0  20141-4 0  9991
2 40119  97.9140  62.1330 0018218 150.2409 209.9845 14.84344364231928
FIREBIRD 4              
1 40378U 15003C   18335.12391982  .00002715  00000-0  11173-3 0  9997
2 40378  99.0882 270.0576 0130440  35.4045 325.5757 15.17892413211649
GRIFEX                  
1 40379U 15003D   18335.02456513  .00001772  00000-0  79808-4 0  9991
2 40379  99.0882 265.2026 0137981  50.7904 310.5480 15.14820506211353
EXOCUBE                 
1 40380U 15003E   18334.95049971  .00001387  00000-0  66196-4 0  9998
2 40380  99.0911 262.5126 0142740  59.7887 301.7385 15.12927178211152
TIANWANG 1C (TW-1C)     
1 40926U 15051B   18335.23912003  .00006936  00000-0  11749-3 0  9992
2 40926  97.1658  16.9227 0010194  37.6182  25.2155 15.51803072179197
TIANWANG 1A (TW-1A)     
1 40928U 15051D   18335.15343120  .00002400  00000-0  62859-4 0  9994
2 40928  97.1691   5.7711 0013491  79.1779 322.1685 15.39586112178461
EXACTVIEW 9             
1 40936U 15052G   18334.06205874  .00000741  00000-0  14604-4 0  9997
2 40936   6.0039  51.4228 0010549 186.7495 173.2491 14.76436423171526
ATHENOXAT 1             
1 41168U 15077C   18334.95435122  .00001802  00000-0  61046-4 0  9992
2 41168  14.9818 239.3775 0011308 198.1058 250.8219 15.13169833163674
GALASSIA                
1 41170U 15077E   18334.31720527  .00001648  00000-0  51896-4 0  9991
2 41170  14.9882 237.9310 0013125 211.0191 148.9355 15.13518172163637
VELOX 2                 
1 41171U 15077F   18334.09208820  .00001347  00000-0  39665-4 0  9990
2 41171  14.9913 266.1821 0009014 137.8215 222.2800 15.10912848163364
HORYU-IV                
1 41340U 16012D   18334.36514156  .00000487  00000-0  30386-4 0  9995
2 41340  31.0060 329.4095 0014010 301.4347  58.4918 15.01117347152883
E-ST@R-II               
1 41459U 16025D   18334.96636294 -.00000104  00000-0 -47582-6 0  9990
2 41459  98.1183  46.3856 0168447 309.4710  49.1761 15.04860425142506
AAUSAT 4                
1 41460U 16025E   18335.10754265  .00000535  00000-0  31954-4 0  9998
2 41460  98.1147  47.3308 0159004 303.6916  54.9239 15.06493018142612
DIWATA-1                
1 41463U 98067HT  18335.11292240  .00010886  00000-0  77591-4 0  9995
2 41463  51.6378 197.6440 0001788  92.3636  43.1841 15.74436768148267
BEESAT-4                
1 41619U 16040W   18335.15467989  .00001290  00000-0  58471-4 0  9992
2 41619  97.3958  35.8486 0011685  13.0494 347.1043 15.22583431123495
CANX-7                  
1 41788U 16059F   18335.10411061  .00002199  00000-0  36214-3 0  9993
2 41788  98.2226  42.8869 0027393 273.7782  86.0330 14.71340387116631
ALSAT 1N                
1 41789U 16059G   18335.11388383  .00000081  00000-0  24568-4 0  9993
2 41789  98.0995  35.3605 0026989 283.0000  76.8192 14.64198657116440
RAVAN                   
1 41849U 16067B   18335.21886925  .00000984  00000-0  88483-4 0  9993
2 41849  97.9246  66.4456 0007426 338.3682  21.7225 14.98013700112138
CELTEE 1                
1 41850U 16067C   18335.21154618  .00000698  00000-0  66048-4 0  9997
2 41850  97.9216  65.5769 0007923 338.2511  21.8373 14.96908941112083
OPTICUBE 04             
1 41851U 16067D   18335.19453419  .00000366  00000-0  37310-4 0  9998
2 41851  97.9203  65.4238 0008059 337.5273  22.5594 14.96731086112074
AEROCUBE 8D             
1 41852U 16067E   18334.84771815  .00000101  00000-0  14228-4 0  9993
2 41852  97.9213  64.9030 0009027 336.9538  23.1277 14.96593592112009
AEROCUBE 8C             
1 41853U 16067F   18335.20018988  .00000703  00000-0  67058-4 0  9997
2 41853  97.9217  65.2109 0009177 338.3452  21.7380 14.96559846112050
PROMETHEUS 2-1          
1 41854U 16067G   18334.79111046  .00000541  00000-0  52649-4 0  9990
2 41854  97.9220  64.8533 0009526 337.7570  22.3236 14.96712957111996
PROMETHEUS 2-3          
1 41855U 16067H   18335.19498319  .00000698  00000-0  66416-4 0  9997
2 41855  97.9223  65.2709 0009615 337.0069  23.0720 14.96714326112051
ITF-2                   
1 41932U 98067KU  18334.96673088  .00140828  19344-4  29792-3 0  9995
2 41932  51.6237 191.2903 0005318 179.8504 180.2508 15.98482576107200
INS-1B                  
1 41954U 17008G   18334.78551169  .00001209  00000-0  53684-4 0  9992
2 41954  97.4273  37.2103 0010757 123.7160 236.5104 15.23438097 99363
BGUSAT                  
1 41999U 17008BD  18335.16258964  .00002025  00000-0  83282-4 0  9995
2 41999  97.4326  39.1820 0009531 136.3947 223.8046 15.25283414 98871
DIDO-2                  
1 42000U 17008BE  18334.71201671  .00000874  00000-0  39521-4 0  9999
2 42000  97.4289  37.6406 0009661 139.6724 220.5231 15.23525453 98756
PEASSS                  
1 42015U 17008BV  18334.72998245  .00001109  00000-0  48172-4 0  9990
2 42015  97.4291  38.3254 0007449 143.0941 217.0810 15.24397619 99281
AL-FARABI 1             
1 42016U 17008BW  18334.80348597  .00001400  00000-0  59152-4 0  9993
2 42016  97.4301  38.7323 0007334 142.6399 217.5350 15.24909977 99437
NAYIF-1 (EO-88)         
1 42017U 17008BX  18334.72932877  .00001397  00000-0  58964-4 0  9990
2 42017  97.4299  38.6670 0007299 142.9184 217.2559 15.24937496 99449
HAVELSAT                
1 42700U 98067LH  18335.07581897  .00059428  00000-0  24490-3 0  9998
2 42700  51.6263 214.0162 0005647 164.2970 195.8210 15.85314761 88356
CXBN-2                  
1 42704U 98067LM  18335.08578343  .00062245  00000-0  26274-3 0  9998
2 42704  51.6292 215.6454 0004455 143.9725 216.1579 15.84804442 88254
PHOENIX                 
1 42706U 98067LP  18334.94289417  .00029879  00000-0  17594-3 0  9996
2 42706  51.6288 221.5047 0003230 121.3564 238.7753 15.77934485 88152
X-CUBESAT               
1 42707U 98067LQ  18335.04548668  .00081380  00000-0  28595-3 0  9993
2 42707  51.6261 212.2044 0004680 155.2258 204.8973 15.88457923 88274
QBEE50-LTU-OC           
1 42708U 98067LR  18334.91063794  .00060366  00000-0  25239-3 0  9994
2 42708  51.6268 215.9361 0004007 153.9412 206.1793 15.85018470 88175
ALTAIR PATHFINDER       
1 42711U 98067LS  18335.11338338  .00016349  00000-0  13946-3 0  9994
2 42711  51.6336 235.5152 0004635 101.4019 258.7499 15.69681700 87640
SHARC                   
1 42712U 98067LT  18335.12694258  .00036786  00000-0  25466-3 0  9999
2 42712  51.6346 234.9132 0004321 119.5650 240.5780 15.74115876 87897
ZA-AEROSAT              
1 42713U 98067LU  18335.12611626  .00031581  00000-0  19904-3 0  9996
2 42713  51.6341 224.9970 0003824 115.7559 244.3836 15.76361610 87788
CSUNSAT 1               
1 42715U 98067LW  18335.09866731  .00033848  00000-0  19790-3 0  9994
2 42715  51.6327 223.3229 0004902 117.0212 243.1289 15.78017835 87804
SPACECUBE               
1 42717U 98067LY  18335.07878183  .00060390  00000-0  25519-3 0  9996
2 42717  51.6226 215.4687 0005116 161.6676 198.4512 15.84788959 87272
HOOPOE                  
1 42718U 98067LZ  18334.87325502  .00206656  29068-4  39161-3 0  9990
2 42718  51.6210 206.4456 0006143 186.1977 173.8958 16.00270777 87372
NJUST-1                 
1 42722U 98067MB  18335.09367943  .00025246  00000-0  17401-3 0  9993
2 42722  51.6359 228.2820 0006334 135.7089   5.2273 15.74417760 86804
UNSW-ECO                
1 42723U 98067MC  18334.86098359  .01386160  11869-4  64089-3 0  9999
2 42723  51.6315 202.7032 0007154 227.6595 132.3819 16.21008119 87102
LILACSAT-1              
1 42725U 98067ME  18335.09679492  .00048535  00000-0  24530-3 0  9998
2 42725  51.6354 220.7322 0005774 143.1504   1.3458 15.81058265 86810
NSIGHT-1                
1 42726U 98067MF  18335.12023514  .00007544  00000-0  80955-4 0  9990
2 42726  51.6380 243.9473 0005859 131.9474 228.2021 15.64929867 86518
SNUSAT-1                
1 42727U 98067MG  18335.15464291  .00043705  00000-0  22434-3 0  9991
2 42727  51.6305 220.5811 0006602 129.1856 230.9733 15.80760119 86783
I-INSPIRE II            
1 42731U 98067ML  18328.65367517  .20606057  12514-4  45736-3 0  9990
2 42731  51.6195 233.0809 0005495 228.6465 131.7518 16.46306360 85922
POLYITAN-2-SAU          
1 42732U 98067MM  18334.89496879  .00081414  00000-0  29256-3 0  9992
2 42732  51.6281 214.2770 0005842 136.8067 223.3397 15.87996902 86735
SNUSAT-1B               
1 42733U 98067MN  18335.06523829  .00053203  00000-0  24682-3 0  9992
2 42733  51.6277 218.4792 0006312 127.6544 232.5033 15.82859407 86699
BEEAGLESAT              
1 42736U 98067MR  18335.05111984  .00035113  00000-0  19778-3 0  9999
2 42736  51.6305 222.9451 0006546 142.2364 217.9098 15.78819945 86694
UCLSAT                  
1 42765U 17036A   18334.86771909  .00001201  00000-0  55168-4 0  9990
2 42765  97.3807  31.8728 0010964 204.5837 155.4878 15.22254780 80066
LITUANICASAT-2          
1 42768U 17036D   18334.70144351  .00001794  00000-0  81369-4 0  9990
2 42768  97.3831  31.2632 0015085 196.8093 163.2645 15.22015435 79889
AALTO-1                 
1 42775U 17036L   18335.14847040  .00000688  00000-0  34054-4 0  9992
2 42775  97.3797  31.3262 0013753 193.4501 166.6370 15.21013385 79877
URSA MAIOR              
1 42776U 17036M   18334.73030178  .00000796  00000-0  38807-4 0  9993
2 42776  97.3804  31.0059 0013526 194.9892 165.0945 15.21120734 79817
COMPASS 2               
1 42777U 17036N   18334.93969682  .00001535  00000-0  69653-4 0  9992
2 42777  97.3832  31.9063 0012344 196.1674 163.9170 15.22258850 79877
DIAMOND RED             
1 42783U 17036U   18334.64985856  .00000938  00000-0  44315-4 0  9992
2 42783  97.3808  31.4110 0011597 206.1030 153.9623 15.21796026 79820
PEGASUS                 
1 42784U 17036V   18334.66402819  .00001068  00000-0  49710-4 0  9997
2 42784  97.3811  31.5552 0011500 205.8233 154.2430 15.22040303 79833
DIAMOND GREEN           
1 42785U 17036W   18334.64863830  .00000946  00000-0  44685-4 0  9990
2 42785  97.3810  31.4279 0011481 206.6078 153.4571 15.21795455 79899
DIAMOND BLUE            
1 42786U 17036X   18334.64769303  .00000941  00000-0  44442-4 0  9997
2 42786  97.3809  31.4264 0011312 206.8502 153.2150 15.21797554 79814
NUDTSAT                 
1 42787U 17036Y   18335.23328986  .00001572  00000-0  70207-4 0  9991
2 42787  97.3840  32.5039 0009817 206.7333 153.3396 15.22789954 79785
SUCHAI                  
1 42788U 17036Z   18334.65422857  .00001243  00000-0  56792-4 0  9997
2 42788  97.3813  31.7230 0011105 205.2352 154.8343 15.22374324 79912
SKCUBE                  
1 42789U 17036AA  18334.85646779  .00001189  00000-0  54568-4 0  9999
2 42789  97.3810  31.8979 0010979 204.3678 155.7041 15.22308615 79869
VZLUSAT-1               
1 42790U 17036AB  18334.69522207  .00001570  00000-0  70099-4 0  9993
2 42790  97.3820  31.9770 0010624 204.4767 155.5967 15.22797761 79857
ROBUSTA-1B              
1 42792U 17036AD  18334.67705677  .00001171  00000-0  53536-4 0  9991
2 42792  97.3810  31.8202 0010513 205.6965 154.3750 15.22466579 79854
CICERO 6                
1 42793U 17036AE  18334.82585456  .00000931  00000-0  43527-4 0  9992
2 42793  97.3797  31.8892 0009666 206.1085 153.9665 15.22209528 79949
D-SAT                   
1 42794U 17036AF  18334.68850832  .00000366  00000-0  37000-4 0  9991
2 42794  97.5700  22.8591 0128349  88.0878 273.5034 14.90977111 78536
TOKI                    
1 42820U 98067MU  18334.91607532  .00033217  00000-0  19878-3 0  9990
2 42820  51.6317 227.3254 0003987 117.7850 242.3555 15.77509430 80108
MAZAALAI (NUMSAT-1)     
1 42822U 98067MW  18334.73938964  .00030499  00000-0  18803-3 0  9994
2 42822  51.6342 229.1630 0004434 115.8315 244.3143 15.76879645 80044
BRAC ONNESHA            
1 42823U 98067MX  18334.90701170  .00032744  00000-0  19884-3 0  9996
2 42823  51.6306 228.0498 0005902 114.0819 246.0799 15.77174154 80079
NIGERIAEDUSAT-1         
1 42824U 98067MY  18335.09103133  .00032163  00000-0  19944-3 0  9995
2 42824  51.6350 227.8150 0006181 119.9355 240.2260 15.76707553 80062
CORVUS BC2              
1 42846U 17042X   18334.94817947  .00000177  00000-0  22820-4 0  9999
2 42846  97.5830 231.6515 0009859   9.8589 350.2821 14.91890687 75232
CORVUS BC1              
1 42847U 17042Y   18334.71358220  .00000142  00000-0  19283-4 0  9990
2 42847  97.5831 231.5001 0009520  10.7397 349.4024 14.91990005 75191
SILU-1 (SILKROAD 1)     
1 42903U 17021F   18335.24428316  .00039588  00000-0  18438-3 0  9999
2 42903  42.7734  29.4292 0014445  46.3270  15.9863 15.82459517 76298
MIRATA                  
1 43015U 17073C   18334.79987160  .00001145  00000-0  94246-4 0  9997
2 43015  97.7125 258.9067 0258317  88.9611 274.1183 14.78507928 55751
MAKERSAT 0              
1 43016U 17073D   18334.78971541  .00000740  00000-0  62496-4 0  9995
2 43016  97.7156 259.0659 0260068  89.1366 273.9632 14.78402063 55740
ASTERIA                 
1 43020U 98067NH  18335.02332757  .00013705  00000-0  15085-3 0  9996
2 43020  51.6416 253.8895 0003202  88.6353 271.5008 15.63463421 58555
DELLINGR (RBLE)         
1 43021U 98067NJ  18335.15443796  .00006877  00000-0  90141-4 0  9996
2 43021  51.6393 257.7048 0003160  77.8411 282.2936 15.59844495 58515
OSIRIS-3U               
1 43027U 98067NL  18334.99149749  .00058822  00000-0  33775-3 0  9990
2 43027  51.6365 239.2331 0005035 112.6151 247.5383 15.78169916 58623
AEROCUBE 7B             
1 43042U 17071F   18334.96414216  .00005145  00000-0  13714-3 0  9995
2 43042  51.6387 308.4176 0005099 143.9421 216.1909 15.39908793 55294
AEROCUBE 7C             
1 43043U 17071G   18334.96396185  .00002647  00000-0  75463-4 0  9994
2 43043  51.6394 308.4253 0005196 145.5605 214.5717 15.39894219 55262
CHEFSAT                 
1 43044U 17071H   18335.22940384  .00004728  00000-0  12047-3 0  9991
2 43044  51.6396 305.0046 0005024 143.6815 216.4512 15.41506425 55334
ASGARDIA 1              
1 43049U 17071N   18335.19114394  .00003167  00000-0  87954-4 0  9992
2 43049  51.6396 306.9559 0002538 157.3006 202.8091 15.40016983 55299
ISARA                   
1 43050U 17071P   18335.19074380  .00005273  00000-0  13455-3 0  9998
2 43050  51.6389 305.4774 0002395 150.9198 209.1921 15.41200907 55315
FAUNA                   
1 43052U 17071R   18334.96751056  .00002843  00000-0  79500-4 0  9990
2 43052  51.6398 307.7260 0002509 152.3407 207.7712 15.40208192 55267
CORVUS BC3              
1 43118U 18004H   18334.69809057  .00000745  00000-0  35223-4 0  9998
2 43118  97.5140  37.4518 0009377 226.4668 133.5790 15.22519112 49047
MICROMAS-2A             
1 43131U 18004W   18334.90971027  .00001687  00000-0  73946-4 0  9994
2 43131  97.5154  37.9730 0008492 227.9064 132.1451 15.23389121 49091
GOMX4-B                 
1 43196U 18015E   18334.94862834  .00000347  00000-0  17321-4 0  9993
2 43196  97.3669 100.6966 0017955 293.1151  66.8191 15.23767546 45929
GOMX4-A                 
1 43197U 18015F   18335.22621807  .00000294  00000-0  15095-4 0  9996
2 43197  97.3688 100.9787 0017622 292.3865 183.8263 15.23836142 45973
1KUNS-PF                
1 43466U 98067NP  18335.19551907  .00012021  00000-0  15430-3 0  9992
2 43466  51.6390 261.7196 0001640  86.9737 273.1444 15.59578354 31722
UBAKUSAT                
1 43467U 98067NQ  18335.18961076  .00008703  00000-0  11837-3 0  9993
2 43467  51.6382 262.4301 0003270  52.6764 307.4526 15.58449009 31726
BATSU-CS1 (IRAZU)       
1 43468U 98067NR  18335.01573930  .00013727  00000-0  16969-3 0  9997
2 43468  51.6387 262.0186 0001643  89.2402 270.8779 15.60435646131691
CUBERRT                 
1 43546U 98067NU  18335.16141527  .00018446  00000-0  24754-3 0  9997
2 43546  51.6386 264.4827 0006864 100.6079 259.5687 15.57969880 21826
TEMPEST-D               
1 43547U 98067NV  18335.15914216  .00003443  00000-0  55724-4 0  9993
2 43547  51.6395 265.2130 0006778  96.3178 263.8585 15.55869129 21499
RAINCUBE                
1 43548U 98067NW  18334.42014453  .00008421  00000-0  12130-3 0  9991
2 43548  51.6386 268.5287 0006896 103.0218 257.1544 15.56931074 21830
HALOSAT                 
1 43549U 98067NX  18334.22812376  .00009353  00000-0  13392-3 0  9996
2 43549  51.6388 269.4977 0006821 104.4342 255.7407 15.56939028 21367
ENDUROSAT ONE           
1 43551U 98067NZ  18335.21665120  .00010931  00000-0  15173-3 0  9995
2 43551  51.6387 264.0973 0007378 113.4343 246.7425 15.57572045 21931
EQUISAT                 
1 43552U 98067PA  18335.03762098  .00008290  00000-0  11830-3 0  9999
2 43552  51.6386 265.1539 0007544 113.3980 246.7806 15.57208745 21860
AEROCUBE 12A            
1 43556U 18046C   18334.50478736  .00002200  00000-0  91984-4 0  9990
2 43556  51.6432 296.4440 0009015  75.2142 284.9836 15.28064542 20943
AEROCUBE 12B            
1 43557U 18046D   18334.44130619  .00001986  00000-0  84402-4 0  9996
2 43557  51.6431 296.7693 0009014  75.2421 284.9557 15.28013301 20885
UITMSAT-1               
1 43589U 98067PD  18335.21454718  .00009915  00000-0  14190-3 0  9993
2 43589  51.6384 264.8308 0006911 120.6991 239.4682 15.56869799 17629
MAYA-1                  
1 43590U 98067PE  18334.82742639  .00009119  00000-0  13099-3 0  9996
2 43590  51.6385 266.7460 0006970 120.0623 240.1061 15.56887872 17490
BHUTAN-1                
1 43591U 98067PF  18334.82456963  .00009319  00000-0  13349-3 0  9999
2 43591  51.6384 266.7275 0007067 121.6307 238.5375 15.56930850 17492
SIRIUSSAT-1             
1 43595U 98067PG  18334.72949479  .00008133  00000-0  11956-3 0  9996
2 43595  51.6387 267.5879 0004728  80.7085 279.4441 15.56438800 16650
SIRIUSSAT-2             
1 43596U 98067PH  18334.86788417  .00008451  00000-0  12465-3 0  9994
2 43596  51.6394 267.0227 0005388  83.0337 277.1268 15.56285140 16671
TANUSHA-3               
1 43597U 98067PJ  18334.85457305  .00009594  00000-0  13841-3 0  9991
2 43597  51.6374 266.9126 0004994  93.6941 266.4622 15.56706260 16672
SURFSAT                 
1 43614U 18070B   18335.11678825  .00002315  00000-0  64824-4 0  9991
2 43614  93.0335 281.1537 0017402   5.0756 355.0674 15.36575946 11752
CP-7 (DAVE)             
1 43615U 18070C   18335.11658050  .00002156  00000-0  60389-4 0  9995
2 43615  93.0333 281.1539 0017339   4.7042 355.4370 15.36569163 11757
ELFIN-B                 
1 43616U 18070D   18335.04629838 -.00000007  00000-0  00000+0 0  9993
2 43616  93.0298 281.0937 0019845   5.9571 354.2234 15.36737884 11745
ELFIN-A                 
1 43617U 18070E   18335.10984254 -.00000007  00000-0  00000+0 0  9997
2 43617  93.0329 281.1806 0017250   3.0215 357.1581 15.36773266 11751
DEBRISSAT-1             
1 43621U 98067PM  18334.98004963  .00072057  00000-0  74235-3 0  9999
2 43621  51.6459 264.0600 0008757 102.0344 258.1635 15.64127688 11715
CUBEBEL-1 (BSUSAT-1)    
1 43666U 18083E   18335.13421050  .00000806  00000-0  43948-4 0  9997
2 43666  97.5370 355.8375 0015801 155.4624 294.3370 15.17153330  5020
DEBRISSAT-2             
1 43680U 98067PR  18334.97229710  .00012015  00000-0  17445-3 0  9990
2 43680  51.6434 266.2048 0005006 108.3699 251.7828 15.56249674 25437
