CUTE-1 (CO-55)          
1 27844U 03031E   19216.93091088  .00000012  00000-0  25142-4 0  9990
2 27844  98.6838 224.4376 0008629 252.5394 107.4841 14.22187932834966
CUBESAT XI-IV (CO-57)   
1 27848U 03031J   19216.93650507  .00000006  00000-0  22582-4 0  9999
2 27848  98.6915 224.9534 0008492 265.7108  94.3099 14.21782047834825
CUBESAT XI-V            
1 28895U 05043F   19216.88336099  .00000071  00000-0  22552-4 0  9997
2 28895  97.9656 358.0134 0016408 198.1145 161.9475 14.63679374734151
CUTE-1.7+APD II (CO-65) 
1 32785U 08021C   19216.81483354  .00000120  00000-0  18581-4 0  9991
2 32785  97.5507 214.3094 0014636 104.9209 255.3630 14.88326640610629
AAUSAT-II               
1 32788U 08021F   19216.84434455  .00000544  00000-0  55005-4 0  9997
2 32788  97.4960 230.4883 0012942  47.8157 312.4161 14.94758928611860
DELFI-C3 (DO-64)        
1 32789U 08021G   19216.69512261  .00000928  00000-0  65890-4 0  9992
2 32789  97.4610 264.9349 0011205 331.4526  28.6087 15.07027838613943
SEEDS II (CO-66)        
1 32791U 08021J   19216.68681831  .00000293  00000-0  35046-4 0  9999
2 32791  97.5284 220.2079 0015020  82.4156 277.8769 14.90843970611037
SWISSCUBE               
1 35932U 09051B   19216.52431797  .00000083  00000-0  29887-4 0  9993
2 35932  98.5924  23.8783 0008129  30.6000 329.5669 14.56297137523556
BEESAT-1                
1 35933U 09051C   19216.45574680  .00000067  00000-0  26168-4 0  9996
2 35933  98.5947  25.5869 0006613  44.7713 315.4017 14.56384777523614
ITUPSAT1                
1 35935U 09051E   19216.88412172  .00000032  00000-0  18647-4 0  9997
2 35935  98.6058  26.2628 0008824  38.7353 321.4474 14.55542997523477
TISAT 1                 
1 36799U 10035E   19217.12540337  .00000209  00000-0  27228-4 0  9994
2 36799  98.1615  10.8661 0010964 292.7952  67.2107 14.91127567491835
M-CUBED & EXP-1 PRIME   
1 37855U 11061F   19216.98596478  .00000933  00000-0  54699-4 0  9994
2 37855 101.7105 136.8582 0173175 296.6726  61.6844 15.05515035423895
STRAND-1                
1 39090U 13009E   19217.54583044 -.00000014  00000-0  10290-4 0  9999
2 39090  98.4849  62.6922 0009833 140.6965 219.4936 14.35091768337254
SOMP                    
1 39134U 13015E   19217.44935980  .00000594  00000-0  36453-4 0  9995
2 39134  64.8613 225.7041 0033860 295.8248  63.9388 15.20226462347853
BEESAT-3                
1 39135U 13015F   19216.86319238  .00000388  00000-0  29092-4 0  9995
2 39135  64.8682 246.5677 0027775 311.3144  48.5592 15.17525061347010
BEESAT-2                
1 39136U 13015G   19217.18171343  .00000203  00000-0  20274-4 0  9994
2 39136  64.8680 249.5018 0021530 301.0350  58.8661 15.16947788347372
NEE-01 PEGASO           
1 39151U 13018B   19216.80045403  .00000088  00000-0  18547-4 0  9990
2 39151  97.9733 312.8861 0018139  52.7126 307.5736 14.80058354338691
ESTCUBE 1               
1 39161U 13021C   19217.23109710  .00000065  00000-0  18133-4 0  9991
2 39161  97.9882 301.2733 0009577 167.4713 192.6742 14.72214939335364
POPACS 1                
1 39268U 13055D   19216.86803242  .00002741  00000-0  73936-4 0  9990
2 39268  81.0010 271.3605 0626472  84.1520 283.0684 14.37232472302349
POPACS 2                
1 39269U 13055E   19216.67031368  .00003010  00000-0  85753-4 0  9992
2 39269  81.0158 302.3275 0684387 164.3170 198.0432 14.24031125300737
POPACS 3                
1 39270U 13055F   19217.16143041  .00001063  00000-0  32922-4 0  9997
2 39270  81.0185 319.2207 0713524 213.3079 142.1232 14.15895241300915
ZACUBE-1 (TSHEPISOSAT)  
1 39417U 13066B   19216.92784503  .00000114  00000-0  20856-4 0  9998
2 39417  97.5620 227.7748 0057570 238.3400 121.2190 14.81131003308038
WNISAT-1                
1 39423U 13066H   19216.80400186  .00000066  00000-0  22682-4 0  9999
2 39423  97.7772 155.3203 0175320 165.9402 194.6785 14.53051218302292
TRITON-1                
1 39427U 13066M   19217.17318869  .00000190  00000-0  38255-4 0  9991
2 39427  97.6797 191.6254 0114278  14.2305 346.2075 14.67859111305309
GOMX-1                  
1 39430U 13066Q   19217.21001087  .00000104  00000-0  27430-4 0  9999
2 39430  97.7502 170.6419 0152463 104.2168 257.6025 14.59266145303536
CUBEBUG-2 (LO-74)       
1 39440U 13066AA  19217.00644367  .00000125  00000-0  24655-4 0  9990
2 39440  97.6035 212.6535 0078773 291.7528  67.5312 14.75869222306955
NEE-02 KRYSAOR          
1 39441U 13066AB  19216.94444719  .00000068  00000-0  17070-4 0  9991
2 39441  97.6078 210.3404 0080394 299.2391  60.0797 14.74917069305604
FUNCUBE-1 (AO-73)       
1 39444U 13066AE  19216.90231262  .00000154  00000-0  25344-4 0  9996
2 39444  97.5599 229.7422 0056780 231.9247 127.6838 14.81952791306339
UWE-3                   
1 39446U 13066AG  19216.92956788  .00000116  00000-0  22244-4 0  9991
2 39446  97.5818 219.6557 0068421 265.8927  93.4463 14.78403702305655
BRITE-CA1 (TORONTO)     
1 40020U 14033L   19217.50505792 -.00000012  00000-0  63678-5 0  9999
2 40020  97.7445  58.6817 0087608   5.0402 355.1664 14.66580483274300
DUCHIFAT-1              
1 40021U 14033M   19216.73398141  .00000337  00000-0  40216-4 0  9993
2 40021  97.9229 141.4836 0011398 254.2564 105.7397 14.90652420278556
NANOSATC-BR1            
1 40024U 14033Q   19217.32289655  .00000243  00000-0  31213-4 0  9994
2 40024  97.9122 139.3757 0010712 255.9935 104.0092 14.89864226278537
QB50P1                  
1 40025U 14033R   19217.34684251  .00000138  00000-0  20713-4 0  9994
2 40025  97.9042 136.9531 0010981 262.5003  97.4966 14.88960828278416
QB50P2                  
1 40032U 14033Y   19217.36334139  .00000140  00000-0  21102-4 0  9997
2 40032  97.8965 135.0509 0010348 258.3141 101.6914 14.88495075278334
PERSEUS-M2              
1 40037U 14033AD  19216.81356708  .00000057  00000-0  12667-4 0  9990
2 40037  97.8888 130.5484 0012944 274.7053  85.2684 14.86466844277973
PERSEUS-M1              
1 40039U 14033AF  19216.80934728  .00000056  00000-0  12726-4 0  9990
2 40039  97.8870 129.6107 0012780 271.8888  88.0864 14.86087090277398
POLYITAN-1              
1 40042U 14033AJ  19216.74769577  .00000152  00000-0  22326-4 0  9999
2 40042  97.9122 136.6901 0013170 253.7730 106.2038 14.88675183278230
TIGRISAT                
1 40043U 14033AK  19217.20230558  .00000055  00000-0  15723-4 0  9999
2 40043  97.7516  83.0004 0058776 304.4386  55.1277 14.74279307275605
AEROCUBE 6A             
1 40045U 14033AM  19216.83596779  .00000168  00000-0  31600-4 0  9996
2 40045  97.7744  86.6312 0056654 298.4577  61.0932 14.75404807275271
AEROCUBE 6B             
1 40046U 14033AN  19216.84178848  .00000152  00000-0  29286-4 0  9991
2 40046  97.7677  86.2253 0055806 297.5232  62.0313 14.75385682275276
UKUBE-1                 
1 40074U 14037F   19217.43320001  .00000136  00000-0  23514-4 0  9992
2 40074  98.4412  22.1123 0006075  67.0269 293.1590 14.84073309274735
BRITE-PL2 (HEWELIUSZ)   
1 40119U 14049B   19216.83872583  .00000082  00000-0  16215-4 0  9995
2 40119  97.9052 307.0650 0018778  69.0525 291.2696 14.84414230268572
FIREBIRD 4              
1 40378U 15003C   19217.50094103  .00001340  00000-0  56764-4 0  9993
2 40378  99.1162 207.6138 0125871 291.3515  67.4319 15.18928443249188
GRIFEX                  
1 40379U 15003D   19217.53060249  .00001108  00000-0  51442-4 0  9991
2 40379  99.1157 201.4195 0134204 310.5912  48.3698 15.15577655248834
EXOCUBE (CP10)          
1 40380U 15003E   19216.91512539  .00000984  00000-0  48258-4 0  9990
2 40380  99.1181 197.2808 0139336 324.0048  35.1854 15.13591626248501
TIANWANG 1C (TW-1C)     
1 40926U 15051B   19217.10325610  .00006862  00000-0  98445-4 0  9997
2 40926  97.1321 263.2299 0008009 181.2609 234.8428 15.56425474217535
TIANWANG 1A (TW-1A)     
1 40928U 15051D   19217.49288853  .00001681  00000-0  42753-4 0  9993
2 40928  97.1429 247.7376 0009343 258.4633 236.2474 15.40965907216534
EXACTVIEW 9             
1 40936U 15052G   19217.44235985  .00000741  00000-0  14639-4 0  9994
2 40936   6.0041  80.6263 0009889  98.6626 261.4622 14.76497065208294
ATHENOXAT 1             
1 41168U 15077C   19217.21852333  .00001389  00000-0  37778-4 0  9994
2 41168  14.9873 227.7584 0011561  34.8431 325.2645 15.13687209201198
GALASSIA                
1 41170U 15077E   19216.47657632  .00001356  00000-0  35476-4 0  9996
2 41170  14.9876 226.1719 0012888  48.8326 311.3105 15.14015905201149
VELOX-II                
1 41171U 15077F   19216.49503500  .00001107  00000-0  25299-4 0  9999
2 41171  14.9907 260.1959 0008879 324.3919  35.5809 15.11247735200841
HORYU-4                 
1 41340U 16012D   19216.31278842  .00000309  00000-0  16677-4 0  9999
2 41340  31.0037 197.4799 0014026 231.3802 128.5578 15.01283145190024
E-ST@R-II               
1 41459U 16025D   19217.46002779  .00001865  00000-0  98890-4 0  9990
2 41459  98.1028 306.3680 0167668 197.6095 161.9284 15.05520384179731
AAUSAT 4                
1 41460U 16025E   19217.50874730  .00001501  00000-0  78838-4 0  9998
2 41460  98.0973 307.7807 0157609 189.4508 170.3716 15.07428453179874
DIWATA-1                
1 41463U 98067HT  19216.74389503  .00016625  00000-0  78479-4 0  9995
2 41463  51.6312   2.2493 0000632  25.8354 108.2553 15.83226045187226
BEESAT-4                
1 41619U 16040W   19217.14398601  .00000865  00000-0  39496-4 0  9998
2 41619  97.3644 278.4777 0010437 209.0313 151.0345 15.23200963161087
CANX-7                  
1 41788U 16059F   19217.43631735  .00003650  00000-0  55535-3 0  9991
2 41788  98.2434 293.6019 0026765 214.1626 145.7894 14.74382507153040
RAVAN                   
1 41849U 16067B   19216.81012160  .00000287  00000-0  29308-4 0  9997
2 41849  97.9215 316.6404 0008143 215.9118 144.1557 14.98252450149054
CELTEE 1                
1 41850U 16067C   19217.26304608 -.00000179  00000-0 -10241-4 0  9998
2 41850  97.9183 315.6824 0008062 219.0990 140.9649 14.97024079149046
OPTICUBE 04             
1 41851U 16067D   19216.80970594  .00000219  00000-0  24396-4 0  9990
2 41851  97.9176 314.9942 0008100 220.8288 139.2327 14.96813569148968
AEROCUBE 8D             
1 41852U 16067E   19217.21636460  .00000576  00000-0  55656-4 0  9997
2 41852  97.9190 315.2310 0008782 219.0781 140.9806 14.96730943149003
AEROCUBE 8C             
1 41853U 16067F   19216.83926590  .00000073  00000-0  11695-4 0  9998
2 41853  97.9196 314.7822 0008775 223.0078 137.0458 14.96700849148942
PROMETHEUS 2-1          
1 41854U 16067G   19216.86652802  .00000111  00000-0  14933-4 0  9995
2 41854  97.9192 314.9652 0009570 223.4621 136.5846 14.96919172148951
PROMETHEUS 2-3          
1 41855U 16067H   19217.20293474  .00000209  00000-0  23500-4 0  9999
2 41855  97.9194 315.3236 0009772 222.3325 137.7143 14.96924258149001
INS-1B                  
1 41954U 17008G   19216.77071606  .00000803  00000-0  36049-4 0  9999
2 41954  97.3969 281.1897 0008703 351.0489   9.0592 15.24019295136971
BGUSAT                  
1 41999U 17008BD  19216.75299328  .00001385  00000-0  56292-4 0  9997
2 41999  97.4047 283.7411 0008021   6.5310 353.6031 15.26231931136472
DIDO-2                  
1 42000U 17008BE  19216.76165042  .00000602  00000-0  27827-4 0  9990
2 42000  97.3983 281.7308 0008650  10.7166 349.4254 15.23948397136378
PEASSS                  
1 42015U 17008BV  19216.76114006  .00000735  00000-0  32372-4 0  9998
2 42015  97.3991 282.7599 0006722  19.4946 340.6547 15.24925408136924
AL-FARABI 1             
1 42016U 17008BW  19216.87141142  .00000913  00000-0  38782-4 0  9991
2 42016  97.4007 283.4640 0006498  18.7228 341.4248 15.25575985137092
NAYIF-1 (EO-88)         
1 42017U 17008BX  19217.18584042  .00000999  00000-0  42127-4 0  9999
2 42017  97.4003 283.7855 0006463  18.0380 342.1086 15.25610828137166
ALTAIR PATHFINDER       
1 42711U 98067LS  19216.77773716  .00033651  00000-0  15197-3 0  9993
2 42711  51.6337  45.0333 0001819 309.2885  50.7957 15.83670548126542
NSIGHT                  
1 42726U 98067MF  19216.81452474  .00015484  00000-0  11634-3 0  9995
2 42726  51.6356  67.4142 0003912   1.1646 358.9361 15.72788654125237
UCLSAT                  
1 42765U 17036A   19216.84974496  .00000760  00000-0  35422-4 0  9994
2 42765  97.3478 273.8449 0013096  67.9373 292.3253 15.22805500118234
LITUANICASAT-2          
1 42768U 17036D   19216.76072847  .00001353  00000-0  60474-4 0  9991
2 42768  97.3514 273.3860 0016531  58.8064 301.4791 15.22903717117476
AALTO-1                 
1 42775U 17036L   19217.15061552  .00000492  00000-0  24932-4 0  9996
2 42775  97.3460 272.7778 0015428  58.0457 302.2277 15.21381335117425
URSA MAIOR              
1 42776U 17036M   19217.10720808  .00000533  00000-0  26670-4 0  9995
2 42776  97.3470 272.8985 0015238  58.1759 302.0958 15.21517357117422
COMPASS 2               
1 42777U 17036N   19217.23619624  .00001065  00000-0  48201-4 0  9998
2 42777  97.3510 274.3160 0013985  58.9805 301.2804 15.22979346117508
DIAMOND RED             
1 42783U 17036U   19216.91195008  .00000649  00000-0  31132-4 0  9996
2 42783  97.3477 273.4692 0013770  68.5431 291.7272 15.22253920117438
PEGASUS                 
1 42784U 17036V   19216.68474670  .00000761  00000-0  35689-4 0  9992
2 42784  97.3481 273.4891 0013661  68.7894 291.4800 15.22552509117416
DIAMOND GREEN           
1 42785U 17036W   19216.84500222  .00000649  00000-0  31133-4 0  9999
2 42785  97.3479 273.4292 0013680  69.2940 290.9762 15.22254028117492
DIAMOND BLUE            
1 42786U 17036X   19216.64697205  .00000658  00000-0  31524-4 0  9990
2 42786  97.3479 273.2335 0013534  70.2263 290.0431 15.22251574117393
NUDTSAT                 
1 42787U 17036Y   19216.91536561  .00001026  00000-0  45764-4 0  9999
2 42787  97.3515 274.4699 0013192  58.9998 301.2531 15.23543952117334
SUCHAI                  
1 42788U 17036Z   19217.13885960  .00000874  00000-0  40087-4 0  9998
2 42788  97.3485 274.2643 0013198  66.7396 293.5229 15.22978916117577
SKCUBE                  
1 42789U 17036AA  19216.69783451  .00000836  00000-0  38584-4 0  9998
2 42789  97.3482 273.7663 0013080  68.2501 292.0126 15.22873763117424
VZLUSAT-1               
1 42790U 17036AB  19216.83659408  .00001098  00000-0  48806-4 0  9999
2 42790  97.3498 274.3955 0012634  67.1804 293.0766 15.23539163117472
ROBUSTA-1B              
1 42792U 17036AD  19217.14915027  .00000865  00000-0  39642-4 0  9997
2 42792  97.3484 274.3674 0012650  67.5554 292.7021 15.23044065117518
CICERO 6                
1 42793U 17036AE  19216.76159734  .00000586  00000-0  28127-4 0  9996
2 42793  97.3466 273.7362 0011944  70.4674 289.7852 15.22622741117517
D-SAT                   
1 42794U 17036AF  19217.11733690  .00000190  00000-0  22028-4 0  9991
2 42794  97.5361 259.7236 0126042 344.3110  15.4218 14.91114699115401
CORVUS BC2              
1 42846U 17042X   19216.75992835 -.00000011  00000-0  41792-5 0  9996
2 42846  97.5602 108.8735 0008035 256.5195 103.5129 14.91985609112036
CORVUS BC1              
1 42847U 17042Y   19216.77707332  .00000264  00000-0  31234-4 0  9993
2 42847  97.5603 109.0040 0007709 255.7456 104.2907 14.92085992112037
MIRATA                  
1 43015U 17073C   19216.83982357  .00000990  00000-0  82386-4 0  9994
2 43015  97.7178 136.2154 0255559   4.5175 355.8257 14.79044316 92262
MAKERSAT 0              
1 43016U 17073D   19216.72659146  .00000713  00000-0  60875-4 0  9992
2 43016  97.7210 136.3081 0257723   5.3010 355.0835 14.78780545 92244
ASTERIA                 
1 43020U 98067NH  19217.05079190  .00016819  00000-0  13022-3 0  9996
2 43020  51.6428  77.4866 0001260 313.4334  46.6559 15.72000458 97301
DELLINGR (RBLE)         
1 43021U 98067NJ  19217.20438846  .00005349  00000-0  61975-4 0  9998
2 43021  51.6383  91.9049 0001457 288.1567  71.9269 15.63658642 97123
AEROCUBE 7B (OCSD B)    
1 43042U 17071F   19217.35513801  .00001959  00000-0  55780-4 0  9998
2 43042  51.6386 179.8605 0004456 334.6281  25.4485 15.41396414 93431
AEROCUBE 7C (OCSD C)    
1 43043U 17071G   19217.48479286  .00002238  00000-0  62365-4 0  9999
2 43043  51.6388 179.2405 0004722 339.6896  20.3901 15.41388299 93427
CHEFSAT                 
1 43044U 17071H   19217.19752671  .00003427  00000-0  82636-4 0  9994
2 43044  51.6382 174.4537 0004574 338.1103  21.9687 15.44140360 93465
ASGARDIA 1              
1 43049U 17071N   19217.10878527  .00001866  00000-0  53379-4 0  9996
2 43049  51.6396 180.5134 0002437   1.8409 358.2585 15.41504434 93360
ISARA                   
1 43050U 17071P   19217.35797098  .00003717  00000-0  90293-4 0  9991
2 43050  51.6374 174.7276 0002341   1.7033 358.3961 15.43645367 93469
PROPCUBE 2 (FAUNA)      
1 43052U 17071R   19216.91132444  .00002287  00000-0  62682-4 0  9994
2 43052  51.6382 180.7133 0002372 358.7038   1.3941 15.41791992 93347
CORVUS BC3              
1 43118U 18004H   19216.84968951  .00000497  00000-0  24236-4 0  9990
2 43118  97.4838 284.0456 0012155  87.6510 272.6118 15.22888290 86655
MICROMAS-2A             
1 43131U 18004W   19217.40670735  .00001414  00000-0  60906-4 0  9992
2 43131  97.4865 285.3982 0011134  87.4637 272.7874 15.24219770 86789
SPACEBEE-4              
1 43139U 18004AE  19217.13860551  .00001700  00000-0  70822-4 0  9993
2 43139  97.4884 285.6823 0010602  90.7869 269.4583 15.25083317 86763
SPACEBEE-3              
1 43140U 18004AF  19216.83819453  .00002010  00000-0  81854-4 0  9998
2 43140  97.4896 285.6673 0010439  91.4640 268.7794 15.25632637 86743
SPACEBEE-2              
1 43141U 18004AG  19216.86857425  .00002212  00000-0  89292-4 0  9991
2 43141  97.4901 285.7937 0010346  91.3992 268.8431 15.25819522 86751
SPACEBEE-1              
1 43142U 18004AH  19216.89433745  .00002398  00000-0  95958-4 0  9991
2 43142  97.4899 285.9331 0010335  91.3833 268.8590 15.26028997 86755
CICERO 7                
1 43143U 18004AJ  19217.42606968  .00001197  00000-0  51871-4 0  9993
2 43143  97.4851 285.6326 0009277  95.1999 265.0297 15.24341564 86808
GOMX-4B                 
1 43196U 18015E   19216.91417548  .00000217  00000-0  11870-4 0  9997
2 43196  97.3963 343.8039 0019411 137.9229 222.3501 15.23974922 83539
GOMX-4A                 
1 43197U 18015F   19217.42565362  .00000230  00000-0  12370-4 0  9994
2 43197  97.3979 344.3373 0020289 136.9614 264.1073 15.24069592 83623
1KUNS-PF                
1 43466U 98067NP  19216.92041152  .00012948  00000-0  12195-3 0  9991
2 43466  51.6366  94.4705 0000289  71.2923 288.8104 15.67473405 70329
UBAKUSAT                
1 43467U 98067NQ  19217.10358045  .00008309  00000-0  93396-4 0  9994
2 43467  51.6371  98.7003 0001522 239.3044 120.7801 15.63569280 70293
BATSU-CS1 (IRAZU)       
1 43468U 98067NR  19216.87998081  .00019152  00000-0  15474-3 0  9996
2 43468  51.6355  90.4134 0000370  89.4735 270.6305 15.70868653170368
CUBERRT                 
1 43546U 98067NU  19216.88190139  .00004732  00000-0  51055-4 0  9996
2 43546  51.6380 100.2187 0003580 324.4697  35.6060 15.65837019 60389
TEMPEST-D               
1 43547U 98067NV  19217.12459081  .00003667  00000-0  53930-4 0  9999
2 43547  51.6386 108.5956 0005016 307.7969  52.2569 15.58326433 59970
RAINCUBE                
1 43548U 98067NW  19216.88420505  .00007459  00000-0  88980-4 0  9997
2 43548  51.6366 104.7193 0004589 318.6199  41.4447 15.62199666 60451
HALOSAT                 
1 43549U 98067NX  19217.14591321  .00007556  00000-0  90352-4 0  9997
2 43549  51.6374 103.4821 0004670 324.2591  35.8090 15.62113761 60054
ENDUROSAT ONE           
1 43551U 98067NZ  19216.92654578  .00009531  00000-0  10513-3 0  9994
2 43551  51.6373 102.0186 0004884 331.5315  28.5413 15.63847685 60460
EQUISAT                 
1 43552U 98067PA  19216.88224159  .00007507  00000-0  88663-4 0  9991
2 43552  51.6386 103.9992 0005279 329.0362  31.0320 15.62446890 60393
AEROCUBE 12A            
1 43556U 18046C   19217.17606083  .00000430  00000-0  27752-4 0  9997
2 43556  51.6418 188.8615 0007933 239.3455 120.6744 15.28805201 58829
AEROCUBE 12B            
1 43557U 18046D   19217.45518857  .00001360  00000-0  60707-4 0  9990
2 43557  51.6416 187.7207 0008035 240.1549 119.8633 15.28667555 58815
UITMSAT-1               
1 43589U 98067PD  19216.88100066  .00008573  00000-0  99656-4 0  9999
2 43589  51.6358 104.6779 0004676 339.1678  20.9125 15.62643541 56123
MAYA-1                  
1 43590U 98067PE  19216.87553045  .00008454  00000-0  98284-4 0  9993
2 43590  51.6360 104.6461 0004812 339.2475  20.8323 15.62662150 56052
BHUTAN-1                
1 43591U 98067PF  19216.92841457  .00008613  00000-0  99796-4 0  9993
2 43591  51.6371 104.2747 0004980 340.2156  19.8644 15.62721665 56064
SIRIUSSAT-1             
1 43595U 98067PG  19216.87570251  .00007940  00000-0  95557-4 0  9995
2 43595  51.6362 106.1474 0002504 292.1675  67.9053 15.61858069 55219
SIRIUSSAT-2             
1 43596U 98067PH  19216.91086491  .00007939  00000-0  96140-4 0  9996
2 43596  51.6372 106.4213 0003009 291.8927  68.1747 15.61697268 55217
TANUSHA-3               
1 43597U 98067PJ  19216.92319915  .00010574  00000-0  11780-3 0  9993
2 43597  51.6355 104.1855 0002557 312.9475  47.1305 15.63451389 55240
SURFSAT                 
1 43614U 18070B   19216.91223842  .00001759  00000-0  47538-4 0  9997
2 43614  93.0242  23.1437 0018284 119.1302 241.1784 15.37669622 49669
CP7 (DAVE)              
1 43615U 18070C   19216.92049895  .00001680  00000-0  45553-4 0  9991
2 43615  93.0245  23.1473 0018372 118.6050 241.7055 15.37583536 49661
ELFIN-B                 
1 43616U 18070D   19216.90859965  .00002725  00000-0  72124-4 0  9992
2 43616  93.0213  23.0524 0019189 121.9644 238.3479 15.38263699 49675
ELFIN-A                 
1 43617U 18070E   19216.90107516  .00002587  00000-0  68410-4 0  9990
2 43617  93.0268  23.3011 0018404 119.1245 241.1854 15.38308634 49673
CUBEBEL-1 (BSUSAT-1)    
1 43666U 18083E   19217.56637595  .00000487  00000-0  27566-4 0  9990
2 43666  97.5174 241.7140 0015863  27.7214 123.7155 15.17644511 42549
DEBRISSAT-2             
1 43680U 98067PR  19216.87955349  .00013293  00000-0  14081-3 0  9995
2 43680  51.6363 103.9368 0002422 336.6678  23.4207 15.64479543 63977
CICERO 10               
1 43690U 18088A   19216.90529055  .00000545  00000-0  23576-4 0  9992
2 43690  85.0383 287.4273 0016518  41.9467 318.3036 15.19715185 40524
IRVINE01                
1 43693U 18088D   19217.23338669  .00001505  00000-0  64786-4 0  9996
2 43693  85.0356 286.7203 0019198  25.7204 334.4988 15.21513996 40599
PROXIMA I               
1 43694U 18088E   19216.66649127  .00000595  00000-0  24554-4 0  9994
2 43694  85.0326 286.9115 0020034  18.7002 341.4971 15.21436064 40512
PROXIMA II              
1 43696U 18088G   19216.86279216  .00000565  00000-0  23196-4 0  9994
2 43696  85.0326 286.7829 0020047  17.9454 342.2491 15.21440861 40549
FACSAT-1                
1 43721U 18096C   19217.13431259  .00001096  00000-0  44833-4 0  9991
2 43721  97.4571 286.9190 0018630 157.8683 202.3363 15.26377909 37977
CENTAURI-2              
1 43722U 18096D   19216.78014108  .00001320  00000-0  53039-4 0  9990
2 43722  97.4575 286.6276 0018753 159.7024 200.4965 15.26610893 37913
INNOSAT-2               
1 43738U 18096V   19217.16821129  .00001744  00000-0  64552-4 0  9991
2 43738  97.4578 287.7951 0024789 170.3143 189.8580 15.28790934 38036
SIRION PATHFINDER-2     
1 43759U 18099B   19217.43643352 -.00000077  00000-0 -17234-5 0  9993
2 43759  97.7429 288.8314 0014890 155.8440 204.3482 14.95145587 36552
CORVUS-BC 4             
1 43767U 18099K   19216.85773482 -.00000061  00000-0 -38283-6 0  9996
2 43767  97.7413 288.0066 0012331 160.1175 200.0529 14.94585600 36460
MOVE-II                 
1 43780U 18099Y   19217.18864408  .00000010  00000-0  61933-5 0  9996
2 43780  97.7419 288.4984 0014034 167.8751 192.2810 14.95086032 36506
SPACEBEE-7              
1 43816U 18099BL  19217.46321929  .00000228  00000-0  25811-4 0  9998
2 43816  97.7433 288.9512 0014287 152.6403 207.5573 14.95432320 36118
SPACEBEE-5              
1 43817U 18099BM  19217.17379657  .00000291  00000-0  31353-4 0  9996
2 43817  97.7458 288.7527 0014140 153.5333 206.6613 14.95694219 36077
SPACEBEE-6              
1 43818U 18099BN  19216.78664775  .00000028  00000-0  77354-5 0  9991
2 43818  97.7441 288.3111 0014155 154.7371 205.4545 14.95516830 36169
SHIELDS 1               
1 43850U 18104B   19216.61804253  .00000042  00000-0  00000-0 0  9998
2 43850  85.0273  25.4321 0016038 149.8400 210.3773 15.21107145 35152
STF-1                   
1 43852U 18104D   19216.63773065  .00000041  00000-0  00000-0 0  9997
2 43852  85.0318  25.6893 0014897 162.3867 197.7929 15.20658395 35145
ZACUBE-2                
1 43907U 18111AH  19217.20676845  .00000308  00000-0  15436-4 0  9997
2 43907  97.2860 121.1324 0021618 179.1809 180.9468 15.24219813 33686
LUME 1                  
1 43908U 18111AJ  19217.52303596  .00000715  00000-0  31884-4 0  9990
2 43908  97.2859 121.4655 0021550 178.1489 181.9832 15.24391565 33730
AOBA VELOX-IV           
1 43940U 19003J   19216.89486817  .00001027  00000-0  45161-4 0  9994
2 43940  97.2744 273.4045 0022903 264.8828 182.2065 15.23906806 30270
CATSAT-2                
1 44029U 98067PV  19217.11538717  .00007041  00000-0  10227-3 0  9999
2 44029  51.6393 113.7991 0004525 333.6210  26.4551 15.57013759 28964
DELPHINI                
1 44030U 98067PW  19217.10534396  .00006781  00000-0  98100-4 0  9996
2 44030  51.6384 113.7175 0004049 332.4629  27.6148 15.57194377 28930
UNITE                   
1 44031U 98067PX  19217.10749321  .00004463  00000-0  69592-4 0  9991
2 44031  51.6392 114.4854 0002839 331.6854  28.3983 15.56090165 28921
TECHEDSAT 8             
1 44032U 98067PY  19216.93063809  .00015938  00000-0  19053-3 0  9997
2 44032  51.6378 111.8025 0002612 338.5980  21.4904 15.61174784 28925
CATSAT-1                
1 44033U 98067PZ  19217.24366036  .00007379  00000-0  10684-3 0  9992
2 44033  51.6391 113.1563 0004318 334.8327  25.2453 15.57016698 28893
RAAVANA-1               
1 44329U 98067QE  19216.90671980  .00004184  00000-0  74775-4 0  9992
2 44329  51.6412 119.1497 0006531 258.0119 102.0139 15.52410727  7597
UGUISU                  
1 44330U 98067QF  19216.90788178  .00004212  00000-0  75327-4 0  9998
2 44330  51.6411 119.1573 0006500 256.5502 103.4764 15.52372870  7571
NEPALISAT-1             
1 44331U 98067QG  19216.90562206  .00004247  00000-0  75687-4 0  9998
2 44331  51.6412 119.1426 0006554 259.2518 100.7734 15.52445741  7582
SPOOQY-1                
1 44332U 98067QH  19216.90447323  .00004145  00000-0  73967-4 0  9997
2 44332  51.6410 119.1338 0005295 261.5148  98.5242 15.52481904  7544
SPACEBEE-9              
1 44370U 19037F   19216.88037969 -.00000349  00000-0  00000-0 0  9994
2 44370  45.0133  85.4590 0015361 120.0130 240.2612 15.39304353  5604
SPACEBEE-8              
1 44371U 19037G   19217.00656016 -.00000352  00000-0  00000+0 0  9993
2 44371  45.0143  84.7166 0018400 129.2255 231.0982 15.39558350  5610
MOVE-IIB                
1 44398U 19038N   19216.88365001  .00000653  00000-0  41954-4 0  9990
2 44398  97.4910 178.2369 0026632 138.3607 221.9658 15.11596805  4595
SONATE                  
1 44400U 19038Q   19216.88266462  .00000225  00000-0  16943-4 0  9990
2 44400  97.4920 178.2351 0026503 136.8338 223.4977 15.11634429  4598
LUCKY-7                 
1 44406U 19038W   19216.87897310  .00000266  00000-0  19228-4 0  9991
2 44406  97.4920 178.2400 0025967 136.7448 223.5828 15.11819249  4583
BEESAT 9                
1 44412U 19038AC  19216.88012037  .00000422  00000-0  28395-4 0  9993
2 44412  97.4919 178.2380 0023964 142.0220 218.2706 15.11765756  4284
JAISAT-1                
1 44419U 19038F   19216.87011214  .00000396  00000-0  26504-4 0  9995
2 44419  97.4921 178.2518 0022834 141.8400 218.4452 15.12261964  4596
SWIATOWID               
1 44426U 98067QL  19212.29025139  .00007759  00000-0  13470-3 0  9992
2 44426  51.6418 142.3186 0004100 190.7885 169.3018 15.51868425  4350
KRAKSAT                 
1 44427U 98067QM  19217.21017102  .00003007  00000-0  57100-4 0  9992
2 44427  51.6450 117.8860 0003925 202.7553 294.9842 15.51771203  5159
VCC A                   
1 44428U 98067QN  19216.92394593  .00004271  00000-0  77286-4 0  9993
2 44428  51.6423 119.2669 0002831 226.0148 134.0609 15.51989798  5118
ENTRYSAT                
1 44429U 98067QP  19216.73009302  .00005299  00000-0  93856-4 0  9996
2 44429  51.6422 120.2228 0002790 213.8000 146.2812 15.52045598  5085
VCC C                   
1 44430U 98067QQ  19216.92400385  .00003990  00000-0  72731-4 0  9990
2 44430  51.6423 119.2667 0002780 226.3105 133.7655 15.51977038  3948
VCC B                   
1 44431U 98067QR  19217.11775746  .00004544  00000-0  81809-4 0  9991
2 44431  51.6422 118.3111 0002987 226.1863 133.8880 15.51963727  5088
