CUTE-1 (CO-55)          
1 27844U 03031E   18197.57870042  .00000032  00000-0  34111-4 0  9990
2 27844  98.6861 205.8010 0008594 289.4506  70.5743 14.22122949780334
CUBESAT XI-IV (CO-57)   
1 27848U 03031J   18197.54622279  .00000023  00000-0  30316-4 0  9991
2 27848  98.6946 206.1767 0008619 301.3702  58.6631 14.21726012780204
CUBESAT XI 5            
1 28895U 05043F   18197.40089532  .00000098  00000-0  27627-4 0  9996
2 28895  97.9128 347.6787 0016256 341.8645  18.1976 14.63562329678153
CUTE-1.7+APD II (CO-65) 
1 32785U 08021C   18197.49872272  .00000161  00000-0  23111-4 0  9993
2 32785  97.5465 208.2770 0011751 305.6379  54.3743 14.88145457553531
AAUSAT-II               
1 32788U 08021F   18197.61723174  .00000763  00000-0  75851-4 0  9992
2 32788  97.5202 222.8953 0010326 246.6231 113.3904 14.94390219554470
DELFI-C3 (DO-64)        
1 32789U 08021G   18197.61018189  .00000936  00000-0  68023-4 0  9991
2 32789  97.5103 251.6728 0012213 189.3884 170.7117 15.06159280556116
SEEDS II (CO-66)        
1 32791U 08021J   18197.53950687  .00000287  00000-0  34740-4 0  9991
2 32791  97.5350 213.7403 0011823 282.5339  77.4557 14.90586108553808
SWISSCUBE               
1 35932U 09051B   18197.36489038  .00000099  00000-0  33292-4 0  9995
2 35932  98.5491 349.2319 0008820 117.3779 242.8316 14.56175706467649
BEESAT                  
1 35933U 09051C   18197.52746951  .00000076  00000-0  28225-4 0  9999
2 35933  98.5529 350.9647 0006866 127.0893 233.0932 14.56277861467739
ITUPSAT 1               
1 35935U 09051E   18197.39259650  .00000049  00000-0  22470-4 0  9997
2 35935  98.5641 351.0789 0009219 124.9185 235.2879 14.55453308467544
M-CUBED & EXP-1 PRIME   
1 37855U 11061F   18197.53530833  .00000654  00000-0  41486-4 0  9995
2 37855 101.7152 275.0785 0176175 355.4441   4.5158 15.04535668365598
STRAND-1                
1 39090U 13009E   18197.53381159  .00000010  00000-0  18822-4 0  9991
2 39090  98.5194  43.5327 0008594 203.7062 156.3729 14.35033100282015
AIST-2 (RS-43)          
1 39133U 13015D   18197.56103175  .00000054  00000-0  16263-4 0  9994
2 39133  64.8736 118.9290 0019567 218.7771 141.1946 15.04573830287230
SOMP                    
1 39134U 13015E   18197.62507330  .00000859  00000-0  50019-4 0  9993
2 39134  64.8636  31.6771 0008399 216.2393 143.8166 15.19251667288993
BEESAT 3                
1 39135U 13015F   18197.62952170  .00000641  00000-0  42420-4 0  9996
2 39135  64.8695  45.4030 0019050 237.7816 122.1463 15.16748296288721
BEESAT-2                
1 39136U 13015G   18197.08195657  .00000469  00000-0  34207-4 0  9998
2 39136  64.8698  50.0325 0019705 233.3847 126.5467 15.16209128288589
NEE-01 PEGASUS          
1 39151U 13018B   18197.51025272  .00000135  00000-0  24905-4 0  9995
2 39151  97.9761 291.3707 0016431 209.5573 150.4711 14.79917585281854
ESTCUBE 1               
1 39161U 13021C   18197.45952851  .00000085  00000-0  21385-4 0  9998
2 39161  98.0069 282.8733 0008875 332.1639  27.9108 14.72081563278755
POPACS 1                
1 39268U 13055D   18196.31677275  .00006171  00000-0  17201-3 0  9994
2 39268  81.0051 316.7732 0637445 143.3844 221.2729 14.34518801248486
POPACS 2                
1 39269U 13055E   18197.11391221  .00003300  00000-0  96231-4 0  9990
2 39269  81.0167 338.4753 0691113 199.4722 157.8837 14.22236688247253
POPACS 3                
1 39270U 13055F   18196.39736793  .00000760  00000-0  23809-4 0  9996
2 39270  81.0174 351.7770 0718098 238.6376 114.2631 14.14726882225642
ZACUBE-1 (TSHEPISOSAT)  
1 39417U 13066B   18197.57076110  .00000138  00000-0  23757-4 0  9993
2 39417  97.5853 224.6378 0060483  59.8203 300.8983 14.80953462251149
WNISAT-1                
1 39423U 13066H   18197.47478908  .00000062  00000-0  22583-4 0  9992
2 39423  97.7281 159.3011 0174590 286.2385  71.9666 14.52964532246487
GOMX 1                  
1 39430U 13066Q   18197.58578874  .00000129  00000-0  32670-4 0  9997
2 39430  97.6993 172.3468 0150156 237.4897 121.1719 14.59098035247259
CUBEBUG-2 (LO-74)       
1 39440U 13066AA  18197.56888497  .00000168  00000-0  30263-4 0  9990
2 39440  97.6004 211.0588 0082079  99.9578 261.0908 14.75691722249056
NEE-02 KRYSAOR          
1 39441U 13066AB  18197.53685429  .00000109  00000-0  22388-4 0  9992
2 39441  97.6008 209.1872 0083470 105.2010 255.8449 14.74791667248949
FUNCUBE-1 (AO-73)       
1 39444U 13066AE  18197.61870747  .00000214  00000-0  32729-4 0  9990
2 39444  97.5861 226.2455 0059507  55.0477 305.6306 14.81739137249420
UWE-3                   
1 39446U 13066AG  18197.60895493  .00000181  00000-0  30629-4 0  9996
2 39446  97.5914 217.4785 0071792  80.1132 280.8175 14.78226553248871
BRITE-TORONTO           
1 40020U 14033L   18197.55919647  .00000061  00000-0  18758-4 0  9999
2 40020  97.7831  54.3851 0088207 150.5352 210.0866 14.66505532217892
DUCHIFAT-1              
1 40021U 14033M   18197.33183844  .00000364  00000-0  43264-4 0  9994
2 40021  97.9150 116.1035 0014482  82.7741 277.5122 14.90338048221297
NANOSATC-BR1            
1 40024U 14033Q   18197.32019742  .00000323  00000-0  39705-4 0  9991
2 40024  97.9084 114.2771 0013765  84.9686 275.3102 14.89597078221211
QB50P1                  
1 40025U 14033R   18197.58658152  .00000250  00000-0  32775-4 0  9993
2 40025  97.9039 112.9244 0013952  88.3125 271.9690 14.88737746220654
QB50P2                  
1 40032U 14033Y   18197.55125957  .00000203  00000-0  28016-4 0  9991
2 40032  97.8993 111.5494 0013425  84.6271 275.6477 14.88282038220572
PERSEUS-M2              
1 40037U 14033AD  18197.29889788  .00000047  00000-0  11571-4 0  9990
2 40037  97.8977 108.7438 0015900  93.7978 266.5056 14.86367974220854
PERSEUS-M1              
1 40039U 14033AF  18197.53330303  .00000093  00000-0  16854-4 0  9993
2 40039  97.8974 108.3196 0015757  90.2201 270.0820 14.85989631220837
POLYITAN-1              
1 40042U 14033AJ  18197.31326582  .00000260  00000-0  34063-4 0  9995
2 40042  97.9116 112.7930 0016234  79.1357 281.1685 14.88421476220534
TIGRISAT                
1 40043U 14033AK  18197.62959293  .00000100  00000-0  22154-4 0  9992
2 40043  97.8047  73.8670 0061487 103.6114 257.1952 14.74154393218644
AEROCUBE 6A             
1 40045U 14033AM  18197.61142960  .00000251  00000-0  43521-4 0  9996
2 40045  97.8221  76.2538 0059568  97.6980 263.1000 14.75172122218620
AEROCUBE 6B             
1 40046U 14033AN  18197.61280945  .00000191  00000-0  34886-4 0  9990
2 40046  97.8184  76.0952 0058723  97.2366 263.5524 14.75162706218625
UKUBE-1                 
1 40074U 14037F   18197.48558106  .00000171  00000-0  27776-4 0  9995
2 40074  98.3892 336.2280 0003777 213.0870 147.0049 14.83824335217641
BRITE-PL 2              
1 40119U 14049B   18197.46537948  .00000071  00000-0  15010-4 0  9994
2 40119  97.9185 285.8520 0016243 239.9108 120.0496 14.84304055211554
FIREBIRD 4              
1 40378U 15003C   18197.52198839  .00001499  00000-0  64516-4 0  9991
2 40378  99.0844 105.1432 0131973 132.6683 228.5755 15.17328976190763
GRIFEX                  
1 40379U 15003D   18197.61299609  .00000973  00000-0  46488-4 0  9993
2 40379  99.0867 101.2500 0138766 145.4038 215.6315 15.14410812190548
EXOCUBE                 
1 40380U 15003E   18197.37057806  .00000562  00000-0  30066-4 0  9998
2 40380  99.0913  98.7553 0143115 153.6611 207.1984 15.12602428190364
TIANWANG 1C (TW-1C)     
1 40926U 15051B   18197.60479532  .00007203  00000-0  13228-3 0  9996
2 40926  97.1808 239.8143 0010344 158.2431 355.0754 15.49490473157864
TIANWANG 1A (TW-1A)     
1 40928U 15051D   18197.47195801  .00002080  00000-0  56140-4 0  9996
2 40928  97.1828 230.8806 0010697 207.7452 260.0525 15.38849532157288
EXACTVIEW 9             
1 40936U 15052G   18196.79643407  .00000545  00000-0 -12979-4 0  9997
2 40936   6.0012 310.1358 0012425  44.7834 315.3057 14.76395383151200
ATHENOXAT 1             
1 41168U 15077C   18197.54062500  .00001602  00000-0  50734-4 0  9990
2 41168  14.9891 165.4534 0011918  88.8470 227.0051 15.12846654142823
GALASSIA                
1 41170U 15077E   18197.48823685  .00001521  00000-0  45509-4 0  9999
2 41170  14.9880 160.2773 0013196 109.2095 250.9655 15.13225231142876
VELOX 2                 
1 41171U 15077F   18197.29424966  .00001218  00000-0  32438-4 0  9998
2 41171  14.9903 184.3216 0008941  44.1729 315.9305 15.10699643142643
HORYU-IV                
1 41340U 16012D   18197.18099684  .00000418  00000-0  25287-4 0  9994
2 41340  31.0050 122.4489 0013920  20.5735 339.5459 15.01011823132253
E-ST@R-II               
1 41459U 16025D   18197.44355185  .00001624  00000-0  88022-4 0  9995
2 41459  98.1359 261.6847 0171456  50.8791 310.7546 15.04505892121827
AAUSAT 4                
1 41460U 16025E   18197.59316563  .00002696  00000-0  14155-3 0  9995
2 41460  98.1288 262.3873 0162397  45.9353 315.5110 15.05981974121910
DIWATA-1                
1 41463U 98067HT  18197.46644899  .00008487  00000-0  71194-4 0  9997
2 41463  51.6372 182.9613 0000515 100.8546  37.9231 15.70897263126607
BEESAT-4                
1 41619U 16040W   18197.12516512  .00001257  00000-0  57652-4 0  9995
2 41619  97.4132 259.8698 0013061 124.6162 235.6308 15.22204932102492
CANX-7                  
1 41788U 16059F   18197.45887172  .00004306  00000-0  72488-3 0  9992
2 41788  98.2125 264.1332 0028167  11.3318 348.8480 14.69826356 96403
ALSAT 1N                
1 41789U 16059G   18197.54886100  .00000056  00000-0  19871-4 0  9999
2 41789  98.1178 259.9146 0028425 358.1484   1.9623 14.64165887 96315
RAVAN                   
1 41849U 16067B   18197.20826499  .00000986  00000-0  89017-4 0  9994
2 41849  97.9274 286.3909 0010310  72.0119 288.2225 14.97826207 91474
CELTEE 1                
1 41850U 16067C   18196.70362868 -.00000035  00000-0  22586-5 0  9990
2 41850  97.9240 285.2833 0009927  72.4005 287.8299 14.96830415 91362
OPTICUBE 04             
1 41851U 16067D   18197.47397947  .00000254  00000-0  27586-4 0  9998
2 41851  97.9246 285.9697 0010541  71.3999 288.8366 14.96686158 91479
AEROCUBE 8D             
1 41852U 16067E   18197.31360346  .00000334  00000-0  34732-4 0  9995
2 41852  97.9250 285.6479 0010920  72.2608 287.9803 14.96510856 91431
AEROCUBE 8C             
1 41853U 16067F   18197.19473515  .00000746  00000-0  71014-4 0  9996
2 41853  97.9255 285.4885 0011580  73.7123 286.5370 14.96478267 91418
PROMETHEUS 2-1          
1 41854U 16067G   18197.19908294  .00000839  00000-0  78961-4 0  9995
2 41854  97.9263 285.5089 0011962  73.3653 286.8880 14.96592897 91418
PROMETHEUS 2-3          
1 41855U 16067H   18197.53605032  .00000738  00000-0  70090-4 0  9991
2 41855  97.9266 285.8552 0012171  72.3763 287.8786 14.96592333 91460
ITF-2                   
1 41932U 98067KU  18197.38464010  .00029737  00000-0  17324-3 0  9999
2 41932  51.6298 190.1549 0003858 350.2341   9.8584 15.78174888 85377
WASEDA-SAT3             
1 41933U 98067KV  18197.34655399  .00061233  00000-0  23636-3 0  9998
2 41933  51.6317 181.4708 0003859  14.4651 345.6463 15.86665849 85484
AOBA-VELOX 3            
1 41935U 98067KX  18197.44346676  .00048093  00000-0  22069-3 0  9994
2 41935  51.6335 184.4814 0003913   4.5043 355.5995 15.83152260 85556
INS-1B                  
1 41954U 17008G   18197.49134276  .00001113  00000-0  50201-4 0  9999
2 41954  97.4443 261.2089 0007858 246.2584 113.7829 15.23082603 78469
BGUSAT                  
1 41999U 17008BD  18197.43352630  .00002257  00000-0  94154-4 0  9993
2 41999  97.4489 262.2980 0006720 267.1608  92.8860 15.24713086 77889
DIDO-2                  
1 42000U 17008BE  18197.49532813  .00000818  00000-0  37517-4 0  9997
2 42000  97.4460 261.6593 0006980 269.1170  90.9267 15.23253905 77865
PEASSS                  
1 42015U 17008BV  18197.12978095  .00000980  00000-0  43341-4 0  9991
2 42015  97.4457 261.7879 0004858 280.2774  79.7915 15.24074685 78325
AL-FARABI 1             
1 42016U 17008BW  18197.24568388  .00001207  00000-0  52015-4 0  9996
2 42016  97.4466 262.1221 0004734 279.8611  80.2092 15.24504717 78472
NAYIF-1 (EO-88)         
1 42017U 17008BX  18197.43638102  .00001191  00000-0  51343-4 0  9995
2 42017  97.4464 262.3186 0004708 279.2657  80.8048 15.24529928 78522
HAVELSAT                
1 42700U 98067LH  18197.45440100  .00023599  00000-0  17549-3 0  9994
2 42700  51.6332 204.9269 0005135  13.4366 346.6769 15.72688130 66626
CXBN-2                  
1 42704U 98067LM  18197.42050192  .00022785  00000-0  17295-3 0  9997
2 42704  51.6339 206.2215 0002183 346.6785  13.4155 15.72235280 66520
ICECUBE                 
1 42705U 98067LN  18197.44902324  .00039587  00000-0  18122-3 0  9991
2 42705  51.6434 195.9817 0003275  19.8318 340.2812 15.83296335 66726
PHOENIX                 
1 42706U 98067LP  18197.45498858  .00016706  00000-0  13911-3 0  9994
2 42706  51.6337 207.2000 0001634 353.6177   6.4799 15.70254873 66507
X-CUBESAT               
1 42707U 98067LQ  18197.42379037  .00026182  00000-0  18869-3 0  9995
2 42707  51.6303 204.6441 0002253   5.4731 354.6292 15.73370147 66521
QBEE50-LTU-OC           
1 42708U 98067LR  18197.38782378  .00024359  00000-0  18328-3 0  9991
2 42708  51.6343 205.9817 0002130   3.9660 356.1354 15.72399280 66462
ALTAIR PATHFINDER       
1 42711U 98067LS  18197.50594370  .00011382  00000-0  11848-3 0  9994
2 42711  51.6342 215.0670 0003366 307.8269  52.2421 15.65102092 66067
SHARC                   
1 42712U 98067LT  18197.50685368  .00019655  00000-0  19769-3 0  9994
2 42712  51.6356 216.6351 0002753 333.9463  26.1394 15.65444551 66283
ZA-AEROSAT              
1 42713U 98067LU  18197.50881217  .00017136  00000-0  15083-3 0  9993
2 42713  51.6331 209.7987 0001935 322.3490  37.7371 15.68877940 66130
LINK                    
1 42714U 98067LV  18197.43941710  .00072292  00000-0  30940-3 0  9994
2 42714  51.6220 195.5658 0003466  17.9710 342.1416 15.84461312 66423
CSUNSAT 1               
1 42715U 98067LW  18197.45197575  .00017161  00000-0  14665-3 0  9999
2 42715  51.6335 209.4404 0003203 309.4445  50.6268 15.69598781 66136
SPACECUBE               
1 42717U 98067LY  18197.47959060  .00027551  00000-0  20765-3 0  9990
2 42717  51.6309 205.8118 0003929  12.7570 347.3526 15.72276901 65558
HOOPOE                  
1 42718U 98067LZ  18197.45785874  .00032615  00000-0  21379-3 0  9998
2 42718  51.6300 202.6616 0004192  13.0455 347.0652 15.75442019 65596
CHALLENGER              
1 42721U 98067MA  18197.42438826  .00204063  27668-4  48074-3 0  9993
2 42721  51.6232 188.6350 0006580  31.8716 328.2689 15.96393791 65476
NJUST-1                 
1 42722U 98067MB  18197.46048705  .00014728  00000-0  13580-3 0  9999
2 42722  51.6339 211.7527 0005787 351.5378   8.5520 15.67859781 65176
UNSW-ECO                
1 42723U 98067MC  18197.18941381  .00036579  00000-0  22957-3 0  9997
2 42723  51.6362 203.9144 0005790   2.7165 357.3865 15.76368950 65231
LILACSAT-1              
1 42725U 98067ME  18197.51681139  .00025920  00000-0  20933-3 0  9998
2 42725  51.6339 208.3658 0005060 357.0988   2.9980 15.70658607 65141
NSIGHT-1                
1 42726U 98067MF  18197.49237734  .00007626  00000-0  91692-4 0  9998
2 42726  51.6370 219.5446 0005413 350.3213   9.7676 15.61950726 64980
SNUSAT-1                
1 42727U 98067MG  18197.46549170  .00020750  00000-0  16886-3 0  9990
2 42727  51.6320 208.7141 0005769 324.4016  35.6596 15.70621221 65081
I-INSPIRE II            
1 42731U 98067ML  18197.42468361  .00035807  00000-0  21845-3 0  9993
2 42731  51.6350 201.6492 0004354 328.8815  31.1927 15.77032366 65064
POLYITAN-2-SAU          
1 42732U 98067MM  18197.43313762  .00025675  00000-0  18676-3 0  9999
2 42732  51.6324 205.5022 0004785 318.6695  41.3941 15.73155438 65015
SNUSAT-1B               
1 42733U 98067MN  18197.48658761  .00025952  00000-0  20288-3 0  9996
2 42733  51.6332 207.3831 0005021 317.0136  43.0469 15.71437626 64990
EXALTA-1                
1 42734U 98067MP  18197.45582740  .00040548  00000-0  23664-3 0  9996
2 42734  51.6274 201.0528 0006362 350.7237   9.3645 15.77957623 65021
BEEAGLESAT              
1 42736U 98067MR  18197.44732648  .00018707  00000-0  15771-3 0  9993
2 42736  51.6329 209.3728 0005985 350.7937   9.2949 15.69845169 65022
UCLSAT                  
1 42765U 17036A   18197.59922407  .00001053  00000-0  49215-4 0  9999
2 42765  97.3989 256.9719 0011099 341.7513  18.3323 15.21922547 59770
LITUANICASAT-2          
1 42768U 17036D   18197.59954052  .00001632  00000-0  75477-4 0  9995
2 42768  97.4005 256.5588 0014628 328.8762  31.1606 15.21485340 59037
AALTO-1                 
1 42775U 17036L   18197.24734887  .00000625  00000-0  31419-4 0  9996
2 42775  97.3982 256.0634 0013224 328.9309  31.1144 15.20796859 58916
URSA MAIOR              
1 42776U 17036M   18197.29818210  .00000680  00000-0  33857-4 0  9994
2 42776  97.3990 256.1705 0013053 329.0479  30.9986 15.20879571 58921
COMPASS 2               
1 42777U 17036N   18197.60123106  .00001368  00000-0  63225-4 0  9999
2 42777  97.4010 256.9037 0011958 331.9210  28.1379 15.21825325 58989
DIAMOND RED             
1 42783U 17036U   18197.60583423  .00000849  00000-0  40745-4 0  9993
2 42783  97.3990 256.8178 0011697 341.3568  18.7237 15.21519933 58981
PEGASUS                 
1 42784U 17036V   18197.37733792  .00000912  00000-0  43285-4 0  9997
2 42784  97.3992 256.6725 0011644 342.1737  17.9089 15.21728357 58954
DIAMOND GREEN           
1 42785U 17036W   18197.60467393  .00000849  00000-0  40736-4 0  9992
2 42785  97.3992 256.8307 0011619 342.0929  17.9896 15.21522590 59056
DIAMOND BLUE            
1 42786U 17036X   18197.60382694  .00000843  00000-0  40482-4 0  9995
2 42786  97.3992 256.8298 0011463 342.4571  17.6268 15.21521586 59054
NUDTSAT                 
1 42787U 17036Y   18197.61298481  .00001472  00000-0  66803-4 0  9991
2 42787  97.4000 257.1343 0011116 341.1720  18.9104 15.22333490 58843
SUCHAI                  
1 42788U 17036Z   18197.59231721  .00001147  00000-0  53201-4 0  9990
2 42788  97.3993 256.9947 0011223 341.5333  18.5495 15.22009039 59067
SKCUBE                  
1 42789U 17036AA  18197.59251082  .00001073  00000-0  50061-4 0  9992
2 42789  97.3990 256.9870 0011070 341.6247  18.4588 15.21966594 58984
VZLUSAT-1               
1 42790U 17036AB  18197.60189872  .00001410  00000-0  64083-4 0  9997
2 42790  97.3996 257.1308 0010695 341.9876  18.0980 15.22352953 58996
ROBUSTA-1B              
1 42792U 17036AD  18197.55841004  .00001141  00000-0  52787-4 0  9994
2 42792  97.3990 257.0218 0010676 343.1244  16.9635 15.22112268 58990
CICERO 6                
1 42793U 17036AE  18197.22722283  .00000765  00000-0  36601-4 0  9994
2 42793  97.3982 256.6820 0009950 346.3368  13.7598 15.21930616 59012
D-SAT                   
1 42794U 17036AF  18197.37345298  .00000379  00000-0  38461-4 0  9995
2 42794  97.5892 250.9259 0126990 184.4631 175.5466 14.90888662 58070
TOKI                    
1 42820U 98067MU  18197.47065358  .00017869  00000-0  15666-3 0  9998
2 42820  51.6329 211.7889 0002266 309.2583  50.8213 15.68939452 58459
MAZAALAI (NUMSAT-1)     
1 42822U 98067MW  18197.50974520  .00019727  00000-0  17457-3 0  9999
2 42822  51.6332 212.0568 0002367 313.6396  46.4404 15.68631935 58432
BRAC ONNESHA            
1 42823U 98067MX  18197.50385894  .00020460  00000-0  17998-3 0  9996
2 42823  51.6338 212.0372 0004861 318.0482  42.0142 15.68742733 58450
NIGERIAEDUSAT-1         
1 42824U 98067MY  18197.46838936  .00017534  00000-0  15651-3 0  9994
2 42824  51.6342 212.5682 0004776 318.1639  41.8992 15.68506406 58449
CORVUS BC2              
1 42846U 17042X   18197.51758475  .00000039  00000-0  91955-5 0  9992
2 42846  97.5947  99.3294 0011243  97.3889 262.8609 14.91832267 54744
CORVUS BC1              
1 42847U 17042Y   18197.49331630  .00000105  00000-0  15702-4 0  9999
2 42847  97.5947  99.3597 0010824  96.9829 263.2622 14.91931165 54730
SILU-1 (SILKROAD 1)     
1 42903U 17021F   18197.31726593  .00021161  00000-0  15332-3 0  9999
2 42903  42.7772 151.5890 0011772 152.4404 339.8657 15.72910371 54518
MIRATA                  
1 43015U 17073C   18197.26470776  .00000525  00000-0  46860-4 0  9996
2 43015  97.7042 127.0650 0257930 176.5350 183.7729 14.78181519 35435
MAKERSAT 0              
1 43016U 17073D   18197.24943720  .00000341  00000-0  32229-4 0  9999
2 43016  97.7071 127.1775 0259359 176.6518 183.6509 14.78180670 35433
ASTERIA                 
1 43020U 98067NH  18197.55500284  .00007131  00000-0  93016-4 0  9999
2 43020  51.6398 226.7465 0001998 299.3240  60.7553 15.59905848 37078
DELLINGR (RBLE)         
1 43021U 98067NJ  18197.51267029  .00004860  00000-0  70435-4 0  9999
2 43021  51.6383 228.6823 0001796 285.4814  74.5979 15.57888333 37040
OSIRIS-3U               
1 43027U 98067NL  18197.52196991  .00025488  00000-0  25054-3 0  9990
2 43027  51.6355 221.9721 0002521 303.2702  56.8052 15.65845341 37013
AEROCUBE 7B             
1 43042U 17071F   18197.60160157  .00001809  00000-0  56224-4 0  9992
2 43042  51.6399 258.2020 0005269  15.7858 344.3289 15.39026918 34131
AEROCUBE 7C             
1 43043U 17071G   18197.53659552  .00001771  00000-0  55283-4 0  9999
2 43043  51.6386 258.5228 0005353  17.6648 342.4522 15.39023777 34097
CHEFSAT                 
1 43044U 17071H   18197.59234157  .00003678  00000-0  10049-3 0  9994
2 43044  51.6388 257.4199 0005328  16.1352 343.9801 15.40034272 34116
ASGARDIA 1              
1 43049U 17071N   18197.44992344  .00002101  00000-0  63388-4 0  9997
2 43049  51.6389 258.7012 0002927  38.6501 321.4692 15.39152672 34085
ISARA                   
1 43050U 17071P   18197.53248282  .00002953  00000-0  83132-4 0  9998
2 43050  51.6381 257.7646 0002812  34.1922 325.9243 15.39847423 34101
FAUNA                   
1 43052U 17071R   18197.56566030  .00002250  00000-0  66868-4 0  9994
2 43052  51.6388 257.9830 0002835  35.6179 324.4994 15.39295694 34094
CORVUS BC3              
1 43118U 18004H   18197.59040402  .00000678  00000-0  32529-4 0  9996
2 43118  97.5313 260.2362 0010512   1.5516 358.5751 15.22296131 28180
MICROMAS-2A             
1 43131U 18004W   18197.60503961  .00001608  00000-0  71608-4 0  9992
2 43131  97.5322 260.3853 0009717   5.5769 354.5574 15.22903489 28191
GOMX4-B                 
1 43196U 18015E   18197.43475124  .00000400  00000-0  19515-4 0  9993
2 43196  97.3503 325.7677 0020386  57.1098 303.2089 15.23675077 24989
GOMX4-A                 
1 43197U 18015F   18197.58585573  .00000381  00000-0  18714-4 0  9998
2 43197  97.3510 325.9201 0020907  57.4425  70.9970 15.23688442 25011
UBAKUSAT                
1 43466U 98067NP  18197.52504671  .00008536  00000-0  12624-3 0  9999
2 43466  51.6381 231.7595 0000462  23.4462 336.6551 15.56195836 10261
1KUNS-PF                
1 43467U 98067NQ  18197.52771862  .00005998  00000-0  91483-4 0  9998
2 43467  51.6386 231.7791 0001971 245.9466 114.1320 15.55983705 10279
BATSU-CS1 (IRAZU)       
1 43468U 98067NR  18197.51925744  .00009875  00000-0  14369-3 0  9993
2 43468  51.6380 231.7211 0000595  32.0396 328.0631 15.56432159110252
