CUTE-1 (CO-55)          
1 27844U 03031E   20239.99432158  .00000032  00000-0  33872-4 0  9991
2 27844  98.6827 246.6652 0009267 205.2030 154.8696 14.22252699890169
CUBESAT XI-IV (CO-57)   
1 27848U 03031J   20239.54890035  .00000019  00000-0  28544-4 0  9993
2 27848  98.6892 246.7890 0008927 219.8758 140.1764 14.21837725889902
CUBESAT XI-V            
1 28895U 05043F   20240.02682553  .00000085  00000-0  25174-4 0  9999
2 28895  98.0192  14.4428 0017951  61.0335 299.2664 14.63793096791167
CUTE-1.7+APD II (CO-65) 
1 32785U 08021C   20239.84945286  .00000180  00000-0  24974-4 0  9997
2 32785  97.5779 224.7877 0011443 259.0496 100.9434 14.88504465668349
AAUSAT-II               
1 32788U 08021F   20239.99362782  .00000011  00000-0  59796-5 0  9994
2 32788  97.4929 241.3633 0011812 171.1716 188.9715 14.95124893669959
DELFI-C3 (DO-64)        
1 32789U 08021G   20239.67985990  .00000924  00000-0  64129-4 0  9990
2 32789  97.4133 280.0119 0013671  77.6173 282.6584 15.07874144672492
SEEDS II (CO-66)        
1 32791U 08021J   20239.92979259  .00000355  00000-0  41103-4 0  9997
2 32791  97.5446 230.9822 0012069 223.0336 136.9940 14.91095674668965
SWISSCUBE               
1 35932U 09051B   20239.49918737  .00000092  00000-0  31861-4 0  9995
2 35932  98.6123  64.0392 0006359 273.4966  86.5503 14.56417587580061
BEESAT-1                
1 35933U 09051C   20240.16497765  .00000078  00000-0  28606-4 0  9992
2 35933  98.6114  66.5946 0004624 287.8894  72.1798 14.56490555580272
ITUPSAT1                
1 35935U 09051E   20240.06376452  .00000070  00000-0  27391-4 0  9994
2 35935  98.6220  66.6801 0006938 286.1551  73.8881 14.55634089579972
TISAT 1                 
1 36799U 10035E   20239.54878505  .00000268  00000-0  32935-4 0  9993
2 36799  98.2000  52.5389 0013624  99.5606 260.7151 14.91407438549379
M-CUBED & EXP-1 PRIME   
1 37855U 11061F   20239.84920052  .00001134  00000-0  63479-4 0  9995
2 37855 101.7185   4.5617 0170517 225.8961 132.8115 15.06436044481805
AEROCUBE 4.5A           
1 38767U 12048K   20239.77710751  .00000293  00000-0  39491-4 0  9991
2 38767  64.6678  16.4244 0135772 111.2104 250.3575 14.92351969 52290
AEROCUBE 4.5B           
1 38768U 12048L   20239.68015922  .00000377  00000-0  43364-4 0  9997
2 38768  64.6688 344.0292 0125210 106.5267 254.9645 14.96046521 52385
STRAND-1                
1 39090U 13009E   20240.12397079  .00000002  00000-0  15613-4 0  9992
2 39090  98.4516  82.8760 0010374  75.9799 284.2539 14.35141518392840
SOMP                    
1 39134U 13015E   20239.85510210  .00001070  00000-0  56595-4 0  9990
2 39134  64.8629  49.4473 0027844 232.1028 127.7582 15.21205294406767
BEESAT-3                
1 39135U 13015F   20239.85490678  .00000743  00000-0  45464-4 0  9995
2 39135  64.8656  74.0278 0034936 231.4211 128.3785 15.18292422405903
BEESAT-2                
1 39136U 13015G   20239.86488871  .00000684  00000-0  43345-4 0  9999
2 39136  64.8722  79.2143 0034167 272.0094  87.7120 15.17691055405806
NEE-01 PEGASO           
1 39151U 13018B   20240.17873463  .00000099  00000-0  20056-4 0  9994
2 39151  97.9754 338.5173 0016003 228.0140 131.9709 14.80193350396146
ESTCUBE 1               
1 39161U 13021C   20240.16317743  .00000131  00000-0  28517-4 0  9999
2 39161  97.9637 321.7705 0009953  21.2066 338.9581 14.72343070392441
POPACS 1                
1 39268U 13055D   20239.36298377  .00005581  00000-0  15131-3 0  9996
2 39268  81.0001 222.2416 0615213  14.6500 347.1645 14.39809621358057
POPACS 2                
1 39269U 13055E   20239.48487205  .00001907  00000-0  52648-4 0  9993
2 39269  81.0115 261.7503 0677852 116.8363 250.3767 14.25715149357187
POPACS 3                
1 39270U 13055F   20240.01828148  .00001174  00000-0  35529-4 0  9996
2 39270  81.0143 283.8319 0709480 180.0950 180.0222 14.17019385355822
ZACUBE-1 (TSHEPISOSAT)  
1 39417U 13066B   20239.95500249  .00000166  00000-0  27066-4 0  9998
2 39417  97.5683 234.0659 0060049  47.7681 312.8606 14.81307322365477
WNISAT-1                
1 39423U 13066H   20239.82889810  .00000079  00000-0  25097-4 0  9990
2 39423  97.7999 156.5030 0176341  36.3172 324.9851 14.53133507358647
TRITON-1                
1 39427U 13066M   20239.95570865  .00000113  00000-0  26155-4 0  9990
2 39427  97.7315 196.9941 0112718 211.9788 147.4545 14.68035058362195
GOMX-1                  
1 39430U 13066Q   20240.08080093  .00000165  00000-0  39254-4 0  9990
2 39430  97.7921 174.3488 0150382 322.6129  36.4684 14.59428224360107
CUBEBUG-2 (LO-74)       
1 39440U 13066AA  20239.85663309  .00000149  00000-0  27403-4 0  9996
2 39440  97.6365 218.4892 0081503 111.1876 249.8067 14.76041717362964
NEE-02 KRYSAOR          
1 39441U 13066AB  20240.18725338  .00000096  00000-0  20618-4 0  9998
2 39441  97.6442 216.2802 0082978 119.3253 241.6279 14.75038015363999
FUNCUBE-1 (AO-73)       
1 39444U 13066AE  20239.91203994  .00000231  00000-0  34461-4 0  9991
2 39444  97.5620 236.2934 0058997  39.9454 320.6078 14.82167256363804
UWE-3                   
1 39446U 13066AG  20239.86002908  .00000160  00000-0  27602-4 0  9999
2 39446  97.6031 225.6527 0071501  80.3033 280.6246 14.78575294362971
AEROCUBE 5A             
1 39465U 13072D   20239.86123953  .00002737  00000-0  24905-3 0  9995
2 39465 120.4967  58.1810 0260318 318.3989  39.7525 14.76790647 51763
AEROCUBE 5B             
1 39466U 13072E   20239.61181428  .00004778  00000-0  34865-3 0  9993
2 39466 120.4912  97.8652 0234091 328.7218  30.0099 14.86520606 52002
BRITE-CA1 (TORONTO)     
1 40020U 14033L   20240.09211295  .00000005  00000-0  93138-5 0  9998
2 40020  97.7318  64.2605 0086687 206.4483 153.2286 14.66656004331112
DUCHIFAT-1              
1 40021U 14033M   20239.81561551  .00000346  00000-0  40868-4 0  9999
2 40021  97.9430 171.4891 0014259  58.5391 301.7219 14.90955796336374
NANOSATC-BR1            
1 40024U 14033Q   20239.81074986  .00000299  00000-0  36780-4 0  9998
2 40024  97.9267 167.6340 0013590  62.9716 297.2886 14.90118155336232
QB50P1                  
1 40025U 14033R   20239.73904025  .00000229  00000-0  30229-4 0  9991
2 40025  97.9135 164.0387 0013846  69.9999 290.2707 14.89174597335552
QB50P2                  
1 40032U 14033Y   20239.74358669  .00000192  00000-0  26565-4 0  9994
2 40032  97.9014 161.3579 0013236  67.4258 292.8358 14.88698076335443
PERSEUS-M2              
1 40037U 14033AD  20239.73672094  .00000057  00000-0  12623-4 0  9999
2 40037  97.8847 155.5468 0015868  82.5070 277.7948 14.86559091335107
PERSEUS-M1              
1 40039U 14033AF  20239.76421906  .00000041  00000-0  10943-4 0  9994
2 40039  97.8808 154.2740 0015705  80.6748 279.6242 14.86180258335019
POLYITAN-1              
1 40042U 14033AJ  20239.74691781  .00000237  00000-0  31224-4 0  9998
2 40042  97.9221 164.6231 0016003  61.1563 299.1257 14.88922892335455
TIGRISAT                
1 40043U 14033AK  20239.59438514  .00000078  00000-0  18681-4 0  9990
2 40043  97.7025  92.4353 0060951 130.9925 229.6579 14.74401096332384
AEROCUBE 6A             
1 40045U 14033AM  20239.66673696  .00000137  00000-0  26792-4 0  9990
2 40045  97.7277  98.3337 0058776 121.7599 238.9356 14.75605920332704
AEROCUBE 6B             
1 40046U 14033AN  20240.15156567  .00000205  00000-0  36478-4 0  9998
2 40046  97.7182  97.9880 0058152 119.4461 241.2569 14.75604061332919
UKUBE-1                 
1 40074U 14037F   20240.08271500  .00000167  00000-0  27112-4 0  9992
2 40074  98.4535  72.6230 0003431 257.0293 103.0522 14.84307549332231
BRITE-PL2 (HEWELIUSZ)   
1 40119U 14049B   20240.22794063  .00000094  00000-0  17647-4 0  9996
2 40119  97.8951 331.7528 0016232 235.0226 124.9465 14.84526716326285
FIREBIRD 4              
1 40378U 15003C   20240.13693446  .00002006  00000-0  79234-4 0  9992
2 40378  99.0900 314.8970 0124301  78.0589 283.4545 15.20332626308058
GRIFEX                  
1 40379U 15003D   20240.08128419  .00001605  00000-0  69993-4 0  9995
2 40379  99.0964 306.3335 0133463 104.3798 257.2287 15.16583273307551
EXOCUBE (CP10)          
1 40380U 15003E   20240.11441489  .00001251  00000-0  58234-4 0  9999
2 40380  99.1032 301.8287 0138501 119.6569 241.8532 15.14506472307252
AEROCUBE 8A             
1 40659U 15025J   20239.68665287  .00009257  00000-0  97628-4 0  9990
2 40659  55.0165 327.4579 0102756   0.4985 359.6136 15.58803418 54502
AEROCUBE 8B             
1 40660U 15025K   20239.71163211  .00009880  00000-0  10247-3 0  9999
2 40660  55.0136 325.0726 0101953   2.6778 357.4783 15.59199133 54521
TIANWANG 1C (TW-1C)     
1 40926U 15051B   20240.11675476  .00023711  00000-0  20961-3 0  9993
2 40926  97.0772 292.4602 0006495 162.1124 253.8683 15.68629520278096
TIANWANG 1A (TW-1A)     
1 40928U 15051D   20240.16203313  .00002505  00000-0  58781-4 0  9997
2 40928  97.1056 266.2683 0008674 295.8939 138.1227 15.42952295276278
EXACTVIEW 9             
1 40936U 15052G   20239.41416439  .00000739  00000-0  14206-4 0  9999
2 40936   6.0024 201.4252 0010501 176.6363 183.3835 14.76587257265580
AEROCUBE 5C             
1 40965U 15058B   20239.62587202 -.00000035  00000-0  15645-4 0  9995
2 40965  64.7779 291.3983 0172639  48.0857 313.4821 14.74546308 51652
AEROCUBE 7              
1 40966U 15058C   20239.52392939 -.00000008  00000-0  18780-4 0  9999
2 40966  64.7779 290.0883 0171549  47.7833 313.7684 14.74851623 51645
ATHENOXAT 1             
1 41168U 15077C   20240.17057052  .00001726  00000-0  54342-4 0  9993
2 41168  14.9875 262.5179 0011294  33.1406 326.9622 15.14503422260085
GALASSIA                
1 41170U 15077E   20239.41504168  .00001623  00000-0  48326-4 0  9997
2 41170  14.9879 259.6753 0012577  49.7756 310.3664 15.14793141260041
VELOX-II                
1 41171U 15077F   20239.51893704  .00001323  00000-0  37009-4 0  9999
2 41171  14.9915 305.8232 0008761 302.4286  57.5187 15.11779684259643
HORYU-4                 
1 41340U 16012D   20239.29983684  .00000359  00000-0  20361-4 0  9990
2 41340  31.0041 246.9691 0013919 122.1022 238.0967 15.01540299248389
E-ST@R-II               
1 41459U 16025D   20240.06614774  .00000691  00000-0  39057-4 0  9994
2 41459  98.1098 353.7624 0163465 334.4430  24.8787 15.06588660238077
AAUSAT 4                
1 41460U 16025E   20240.15990190  .00000708  00000-0  38663-4 0  9996
2 41460  98.1079 356.4478 0152434 322.1751  36.8840 15.08964437238300
BEESAT-4                
1 41619U 16040W   20239.74211789  .00001044  00000-0  45738-4 0  9997
2 41619  97.3138 297.5970 0009389 295.6263  64.4004 15.24168921220107
CANX-7                  
1 41788U 16059F   20240.14346793  .00005759  00000-0  77636-3 0  9992
2 41788  98.2585 329.8253 0030025  84.5222 275.9419 14.79245234210261
RAVAN                   
1 41849U 16067B   20239.85235011  .00000593  00000-0  54619-4 0  9993
2 41849  97.9379 350.9254 0008059  21.2203 338.9351 14.98606468207162
CELTEE 1                
1 41850U 16067C   20239.84588842  .00000483  00000-0  47008-4 0  9999
2 41850  97.9319 348.4367 0009010  24.2581 335.9062 14.97211070207037
OPTICUBE 04             
1 41851U 16067D   20239.85546261  .00000650  00000-0  61832-4 0  9997
2 41851  97.9315 348.0271 0009388  26.8481 333.3224 14.96946749207016
AEROCUBE 8D             
1 41852U 16067E   20240.00559266 -.00000175  00000-0 -98927-5 0  9996
2 41852  97.9322 348.0201 0010263  24.4532 335.7174 14.96947735207019
AEROCUBE 8C             
1 41853U 16067F   20239.83830361  .00000312  00000-0  32494-4 0  9991
2 41853  97.9309 347.7479 0010260  25.7447 334.4283 14.96905437206989
PROMETHEUS 2-1          
1 41854U 16067G   20239.85926315  .00000848  00000-0  78455-4 0  9990
2 41854  97.9330 348.1433 0010782  26.3941 333.7827 14.97250698207007
PROMETHEUS 2-3          
1 41855U 16067H   20239.79242439  .00000852  00000-0  78764-4 0  9990
2 41855  97.9331 348.1116 0010954  26.7887 333.3898 14.97259508206991
INS-1B                  
1 41954U 17008G   20239.75934080  .00001035  00000-0  44353-4 0  9993
2 41954  97.3489 302.8861 0010391  59.6033 300.6231 15.24928564196088
BGUSAT                  
1 41999U 17008BD  20240.15071226  .00001867  00000-0  71531-4 0  9993
2 41999  97.3611 307.8195 0009386  66.5943 293.6283 15.27754081195742
DIDO-2                  
1 42000U 17008BE  20240.13105979  .00000756  00000-0  33518-4 0  9997
2 42000  97.3496 303.7298 0010047  74.8608 285.3741 15.24581073195532
PEASSS                  
1 42015U 17008BV  20240.18620226  .00001064  00000-0  44453-4 0  9998
2 42015  97.3523 305.5303 0007970  78.0072 282.2059 15.25749665196137
AL-FARABI 1             
1 42016U 17008BW  20239.77426453  .00001222  00000-0  49358-4 0  9993
2 42016  97.3554 306.2884 0007808  78.7210 281.4906 15.26627697196251
NAYIF-1 (EO-88)         
1 42017U 17008BX  20240.14434451  .00001247  00000-0  50267-4 0  9992
2 42017  97.3548 306.6631 0007860  76.9741 283.2375 15.26670498196332
UCLSAT                  
1 42765U 17036A   20239.82519126  .00001021  00000-0  45385-4 0  9994
2 42765  97.2950 292.1587 0012552 132.5873 227.6426 15.23660115177291
LITUANICASAT-2          
1 42768U 17036D   20239.64368653  .00001728  00000-0  73340-4 0  9990
2 42768  97.3009 292.0694 0016080 125.0389 235.2360 15.24300097176536
AALTO-1                 
1 42775U 17036L   20240.13405259  .00000623  00000-0  30241-4 0  9994
2 42775  97.2923 290.0740 0015211 127.0533 233.2097 15.21931722176421
URSA MAIOR              
1 42776U 17036M   20239.72025045  .00000674  00000-0  32321-4 0  9996
2 42776  97.2936 289.9881 0014998 128.0114 232.2479 15.22121812176375
COMPASS 2               
1 42777U 17036N   20239.60814344  .00001360  00000-0  58696-4 0  9998
2 42777  97.2995 292.4259 0013668 125.6426 234.6087 15.24108011176482
DIAMOND RED             
1 42783U 17036U   20239.72064010  .00000791  00000-0  36550-4 0  9997
2 42783  97.2949 291.2515 0013214 135.3025 224.9280 15.22949258176447
PEGASUS                 
1 42784U 17036V   20239.73356810  .00000913  00000-0  41262-4 0  9993
2 42784  97.2954 291.7306 0013080 134.1311 226.1004 15.23343144176477
DIAMOND GREEN           
1 42785U 17036W   20239.71942608  .00000802  00000-0  37034-4 0  9997
2 42785  97.2952 291.2882 0013091 135.8688 224.3596 15.22948122176514
DIAMOND BLUE            
1 42786U 17036X   20240.11286027  .00000804  00000-0  37105-4 0  9991
2 42786  97.2950 291.6652 0012973 134.7273 225.5023 15.22950046176491
NUDTSAT                 
1 42787U 17036Y   20239.92567307  .00001381  00000-0  58562-4 0  9993
2 42787  97.2996 293.4790 0011800 125.9654 234.2678 15.24717828176436
SUCHAI                  
1 42788U 17036Z   20239.79758038  .00001104  00000-0  48472-4 0  9994
2 42788  97.2963 292.4476 0012663 132.0302 228.2015 15.23917563176590
SKCUBE                  
1 42789U 17036AA  20239.71984166  .00001012  00000-0  44887-4 0  9994
2 42789  97.2957 292.2025 0012542 132.5653 227.6645 15.23748767176491
VZLUSAT-1               
1 42790U 17036AB  20239.71847642  .00001366  00000-0  57961-4 0  9992
2 42790  97.2984 293.2717 0012105 130.0511 230.1790 15.24699684176554
ROBUSTA-1B              
1 42792U 17036AD  20239.73046432  .00001069  00000-0  47012-4 0  9990
2 42792  97.2960 292.4865 0012108 132.6077 227.6184 15.23945309176525
CICERO 6                
1 42793U 17036AE  20240.07704952  .00000707  00000-0  32719-4 0  9994
2 42793  97.2934 292.1373 0011405 133.7685 226.4498 15.23245978176614
D-SAT                   
1 42794U 17036AF  20239.76067829  .00000264  00000-0  27866-4 0  9999
2 42794  97.4896 268.9214 0127400 129.8861 231.3643 14.91307628173174
CORVUS BC2              
1 42846U 17042X   20240.12258002 -.00000075  00000-0 -21409-5 0  9991
2 42846  97.5128 120.4587 0010831  48.4712 311.7435 14.92129050169940
CORVUS BC1              
1 42847U 17042Y   20240.11347189 -.00000060  00000-0 -70106-6 0  9999
2 42847  97.5130 120.6324 0010460  47.9632 312.2477 14.92231017169947
MIRATA                  
1 43015U 17073C   20239.73134154  .00000422  00000-0  38004-4 0  9992
2 43015  97.7138 149.2720 0252754 178.9865 181.1914 14.79754925149613
MAKERSAT 0              
1 43016U 17073D   20239.71400888  .00000275  00000-0  26775-4 0  9999
2 43016  97.7175 149.4211 0255666 180.2771 179.8342 14.79291923149599
DELLINGR (RBLE)         
1 43021U 98067NJ  20240.14256226  .00012632  00000-0  97000-4 0  9990
2 43021  51.6342 278.1186 0002010   5.3799 354.7220 15.72486505157988
AEROCUBE 7B (OCSD B)    
1 43042U 17071F   20239.98903751  .00003141  00000-0  76745-4 0  9999
2 43042  51.6377  80.3356 0003845 309.1878  50.8766 15.44044973153276
AEROCUBE 7C (OCSD C)    
1 43043U 17071G   20239.86415141  .00002871  00000-0  70991-4 0  9994
2 43043  51.6376  81.0168 0004092 312.8560  47.2082 15.44017305153224
CHEFSAT                 
1 43044U 17071H   20239.94639504  .00007171  00000-0  13675-3 0  9998
2 43044  51.6380  63.1215 0003732 320.5853  39.4864 15.49304202153473
ASGARDIA 1              
1 43049U 17071N   20239.85626268  .00002919  00000-0  71966-4 0  9999
2 43049  51.6391  80.2962 0001971 337.1061  22.9838 15.44034792153238
ISARA                   
1 43050U 17071P   20239.78388576  .00006276  00000-0  12558-3 0  9991
2 43050  51.6361  67.1459 0001855 338.8673  21.2238 15.48149203153391
PROPCUBE 2 (FAUNA)      
1 43052U 17071R   20239.75633664  .00003420  00000-0  81441-4 0  9997
2 43052  51.6379  78.8952 0001891 334.4388  25.6505 15.44521618153232
CORVUS BC3              
1 43118U 18004H   20239.77472249  .00000632  00000-0  29472-4 0  9997
2 43118  97.4392 309.4597 0010896 157.3700 202.8019 15.23455609145706
MICROMAS-2A             
1 43131U 18004W   20239.77345943  .00001500  00000-0  62057-4 0  9993
2 43131  97.4444 311.4469 0009845 154.4832 205.6894 15.25488001145814
SPACEBEE-4              
1 43139U 18004AE  20239.74590634  .00002257  00000-0  88261-4 0  9992
2 43139  97.4481 312.7770 0009284 154.2551 205.9151 15.26872354145880
SPACEBEE-3              
1 43140U 18004AF  20240.17135476  .00002906  00000-0  10955-3 0  9997
2 43140  97.4499 314.0038 0009061 150.9437 209.2308 15.27847384145991
SPACEBEE-2              
1 43141U 18004AG  20239.87435121  .00003144  00000-0  11715-3 0  9993
2 43141  97.4513 314.0123 0009070 151.1007 209.0737 15.28175974145961
SPACEBEE-1              
1 43142U 18004AH  20240.15239570  .00003313  00000-0  12186-3 0  9998
2 43142  97.4518 314.5946 0009053 149.9143 210.2618 15.28564155146014
CICERO 7                
1 43143U 18004AJ  20240.10119480  .00001411  00000-0  58540-4 0  9993
2 43143  97.4421 311.9386 0007872 159.9660 200.1888 15.25510827145884
GOMX-4B                 
1 43196U 18015E   20239.85572319  .00000292  00000-0  14899-4 0  9992
2 43196  97.4470   7.8908 0017876 213.0049 147.0074 15.24306800142623
GOMX-4A                 
1 43197U 18015F   20240.20453797  .00000697  00000-0  31111-4 0  9997
2 43197  97.4464   8.3516 0017939 212.5546 267.3481 15.24593473142693
UBAKUSAT                
1 43467U 98067NQ  20239.99844334  .00033563  00000-0  18548-3 0  9993
2 43467  51.6340 277.7314 0002900  13.2409 346.8668 15.79288551131249
CUBERRT                 
1 43546U 98067NU  20240.13549875  .00015464  00000-0  99994-4 0  9996
2 43546  51.6330 277.9380 0003691  14.1209 345.9894 15.76298745121385
TEMPEST-D               
1 43547U 98067NV  20239.67928320  .00004837  00000-0  57147-4 0  9996
2 43547  51.6368 317.1161 0004614 328.6816  31.3903 15.63410036120509
RAINCUBE                
1 43548U 98067NW  20240.15225642  .00032875  00000-0  19010-3 0  9998
2 43548  51.6302 285.4893 0005450  12.8117 347.3021 15.78277369121410
HALOSAT                 
1 43549U 98067NX  20239.43906208  .00030319  00000-0  18582-3 0  9996
2 43549  51.6339 290.5955 0005257  15.1321 344.9836 15.77012702120845
ENDUROSAT ONE           
1 43551U 98067NZ  20239.52574053  .00092731  14284-4  30852-3 0  9991
2 43551  51.6296 272.9163 0006736  23.6209 336.5105 15.90237903121492
EQUISAT                 
1 43552U 98067PA  20239.41873952  .00033445  00000-0  19449-3 0  9993
2 43552  51.6307 288.2170 0005844  14.1476 345.9687 15.78138584121247
AEROCUBE 12A            
1 43556U 18046C   20239.85355680  .00000637  00000-0  33972-4 0  9992
2 43556  51.6421 127.2485 0008086 183.6001 176.4922 15.29976137118151
AEROCUBE 12B            
1 43557U 18046D   20239.86253396  .00000319  00000-0  23355-4 0  9996
2 43557  51.6423 128.0438 0008130 183.1167 176.9764 15.29675003118099
UITMSAT-1               
1 43589U 98067PD  20239.59847860  .00050425  00000-0  23572-3 0  9990
2 43589  51.6323 283.2061 0005876  26.0288 334.1009 15.82723348117063
MAYA-1                  
1 43590U 98067PE  20239.40173690  .00049066  00000-0  22947-3 0  9999
2 43590  51.6277 284.1001 0005783  22.1403 337.9848 15.82726301116962
BHUTAN-1                
1 43591U 98067PF  20240.12321063  .00053000  00000-0  24381-3 0  9997
2 43591  51.6334 280.0438 0006036  28.4595 331.6736 15.83043684117087
SIRIUSSAT-1             
1 43595U 98067PG  20239.62305881  .00039063  00000-0  21648-3 0  9990
2 43595  51.6273 289.3907 0004088  11.6397 348.4698 15.79145227116099
SIRIUSSAT-2             
1 43596U 98067PH  20240.13261202  .00038486  00000-0  21392-3 0  9991
2 43596  51.6268 287.6172 0004201  12.0260 348.0840 15.79085269116162
TANUSHA-3               
1 43597U 98067PJ  20240.09158452  .00524009  14761-3  60206-3 0  9999
2 43597  51.6192 265.0777 0008010  29.3671 330.7791 16.08325333116456
SURFSAT                 
1 43614U 18070B   20239.87496026  .00002713  00000-0  69037-4 0  9994
2 43614  93.0254 183.7185 0017908  69.1442 291.1728 15.39491409109316
CP7 (DAVE)              
1 43615U 18070C   20239.91338536  .00002481  00000-0  63480-4 0  9999
2 43615  93.0256 183.7206 0018052  68.5852 291.7326 15.39329197109316
ELFIN-B                 
1 43616U 18070D   20239.82435008  .00003793  00000-0  92326-4 0  9990
2 43616  93.0214 183.6503 0018491  69.8005 290.5237 15.40809686109351
ELFIN-A                 
1 43617U 18070E   20240.04333645  .00003954  00000-0  95574-4 0  9998
2 43617  93.0266 184.3126 0017823  66.6356 293.6772 15.41034677109393
CUBEBEL-1 (BSUSAT-1)    
1 43666U 18083E   20240.21147774  .00000718  00000-0  38164-4 0  9998
2 43666  97.4847 265.9683 0016417 111.6237 313.6492 15.18374836101359
CICERO 10               
1 43690U 18088A   20239.85645422  .00000684  00000-0  29499-4 0  9994
2 43690  85.0379  31.9184 0016742  57.0240 303.2608 15.20320974 99452
IRVINE01                
1 43693U 18088D   20239.86095349  .00002065  00000-0  85383-4 0  9994
2 43693  85.0354  30.3871 0018928  38.0770 322.1806 15.23141540 99564
PROXIMA I               
1 43694U 18088E   20239.89940131  .00000761  00000-0  31320-4 0  9999
2 43694  85.0325  30.2446 0020202  30.5565 329.6849 15.22074664 99567
PROXIMA II              
1 43696U 18088G   20239.89754374  .00000769  00000-0  31656-4 0  9993
2 43696  85.0326  30.2502 0020244  30.4749 329.7664 15.22076139 99556
FACSAT-1                
1 43721U 18096C   20240.18231769  .00001092  00000-0  43413-4 0  9997
2 43721  97.4156 313.3669 0015697 232.4692 217.8683 15.27385397 97188
CENTAURI-2              
1 43722U 18096D   20239.77325700  .00001561  00000-0  59783-4 0  9998
2 43722  97.4180 313.3051 0016214 230.1422 129.8392 15.27960226 97137
INNOSAT-2               
1 43738U 18096V   20240.13707539  .00002274  00000-0  78960-4 0  9991
2 43738  97.4200 315.9371 0021855 235.8255 124.0914 15.30622953 97349
SIRION PATHFINDER-2     
1 43759U 18099B   20239.84219635 -.00000290  00000-0 -21047-4 0  9990
2 43759  97.7009 310.2862 0013126 312.4012  47.6097 14.95305334 94452
CORVUS-BC 4             
1 43767U 18099K   20239.87643578  .00000476  00000-0  49041-4 0  9997
2 43767  97.6989 309.6539 0010586 317.7412  42.2992 14.94748991 94420
MOVE-II                 
1 43780U 18099Y   20239.78191258 -.00000069  00000-0 -10363-5 0  9991
2 43780  97.7018 310.1811 0012556 324.7706  35.2684 14.95459237 94425
SPACEBEE-7              
1 43816U 18099BL  20239.70768375 -.00000137  00000-0 -71042-5 0  9990
2 43816  97.7035 310.5423 0012146 308.3480  51.6649 14.95744745 93994
SPACEBEE-5              
1 43817U 18099BM  20239.83142579  .00000817  00000-0  77096-4 0  9994
2 43817  97.7094 311.2273 0011557 307.8151  52.2024 14.96424403 94032
SPACEBEE-6              
1 43818U 18099BN  20239.72860063  .00000326  00000-0  34202-4 0  9995
2 43818  97.7046 310.7375 0012015 306.9921  53.0200 14.95950986 94159
SHIELDS 1               
1 43850U 18104B   20239.71051135  .00000387  00000-0  15382-4 0  9994
2 43850  85.0301 128.9217 0015341 163.4753 196.6992 15.21438639 94155
STF-1                   
1 43852U 18104D   20239.79263060  .00000862  00000-0  36553-4 0  9997
2 43852  85.0343 129.4527 0014368 177.2529 182.8794 15.21401202 94147
ZACUBE-2                
1 43907U 18111AH  20240.07279960  .00000439  00000-0  20556-4 0  9991
2 43907  97.2576 137.6843 0019751 253.1216 106.7857 15.24650088 92774
LUME 1                  
1 43908U 18111AJ  20239.77806605  .00000765  00000-0  33192-4 0  9991
2 43908  97.2577 137.6199 0019457 253.6363 106.2736 15.25157310 92740
AOBA VELOX-IV           
1 43940U 19003J   20239.71358297  .00001483  00000-0  61406-4 0  9998
2 43940  97.2223 288.5666 0022853 338.9054  21.1239 15.25229077 89353
CATSAT-2                
1 44029U 98067PV  20239.69120861  .00018892  00000-0  17580-3 0  9990
2 44029  51.6387 319.5158 0004428   1.8631 358.2381 15.67417744 89531
DELPHINI                
1 44030U 98067PW  20239.65758538  .00018643  00000-0  16500-3 0  9991
2 44030  51.6340 317.6382 0004546 358.3129   1.7851 15.68666824 89520
UNITE                   
1 44031U 98067PX  20239.56236255  .00008449  00000-0  98933-4 0  9993
2 44031  51.6381 328.3686 0003249 351.2827   8.8110 15.62477592 89373
CATSAT-1                
1 44033U 98067PZ  20239.69081727  .00019302  00000-0  17931-3 0  9999
2 44033  51.6390 319.5212 0004280   2.2618 357.8397 15.67444412 89441
RAAVANA-1               
1 44329U 98067QE  20239.53600418  .00009034  00000-0  11957-3 0  9997
2 44329  51.6404 342.5132 0005198 271.2389  88.8008 15.59124946 67932
UGUISU                  
1 44330U 98067QF  20239.55267899  .00009766  00000-0  12921-3 0  9997
2 44330  51.6378 342.6029 0005135 270.3186  89.7218 15.59023428 67910
NEPALISAT-1             
1 44331U 98067QG  20239.71994309  .00009570  00000-0  12619-3 0  9996
2 44331  51.6379 341.4724 0005217 274.9864  85.0533 15.59142186 67951
SPOOQY-1                
1 44332U 98067QH  20239.59990801  .00009169  00000-0  12174-3 0  9996
2 44332  51.6390 342.1749 0004331 277.9692  82.0809 15.59019149 67896
SPACEBEE-9              
1 44370U 19037F   20239.87163061  .00006949  00000-0  15455-3 0  9997
2 44370  45.0068  81.7616 0014179 240.9290 119.0180 15.44331123 65480
SPACEBEE-8              
1 44371U 19037G   20239.86162691  .00017040  00000-0  30750-3 0  9994
2 44371  45.0072  73.2573 0012983 244.8205 115.1340 15.49500921 65589
IOD-1 GEMS              
1 44385U 98067QK  20239.59297377  .00014787  00000-0  17046-3 0  9997
2 44385  51.6401 339.1910 0001386 250.9254 109.1590 15.62192497 65455
MOVE-IIB                
1 44398U 19038N   20239.88324525  .00000873  00000-0  53703-4 0  9992
2 44398  97.5417 200.2440 0023515 243.6911 116.1904 15.12455438 63220
SONATE                  
1 44400U 19038Q   20240.13482417  .00000282  00000-0  20184-4 0  9992
2 44400  97.5460 200.5021 0023691 241.2749 118.6101 15.12015717 63259
LUCKY-7                 
1 44406U 19038W   20239.87322227  .00000372  00000-0  25221-4 0  9996
2 44406  97.5453 200.3712 0023103 241.7128 118.1772 15.12292113 63218
BEESAT 9                
1 44412U 19038AC  20239.86765134  .00000554  00000-0  35580-4 0  9991
2 44412  97.5443 200.3478 0021065 247.7857 112.1139 15.12395713 62910
JAISAT-1                
1 44419U 19038F   20240.13001928  .00000594  00000-0  37387-4 0  9995
2 44419  97.5446 200.9251 0019945 245.6333 114.2816 15.12879937 63286
SWIATOWID               
1 44426U 98067QL  20240.08190545  .00021720  00000-0  23482-3 0  9994
2 44426  51.6421 335.5488 0001449 250.6776 168.2188 15.63536860 65556
KRAKSAT                 
1 44427U 98067QM  20240.16817289  .00007207  00000-0  10510-3 0  9997
2 44427  51.6437 343.6273 0002566 209.7952 219.5843 15.56862277 65495
VCC A                   
1 44428U 98067QN  20239.49421540  .00009287  00000-0  12593-3 0  9996
2 44428  51.6406 344.5313 0001862 245.8429 114.2369 15.58435178 65420
ENTRYSAT                
1 44429U 98067QP  20239.54215690  .00011255  00000-0  14424-3 0  9993
2 44429  51.6391 342.5641 0001552 242.4246 117.6590 15.59696480 65454
VCC C                   
1 44430U 98067QQ  20239.58423136  .00013762  00000-0  16517-3 0  9995
2 44430  51.6390 340.6029 0001626 280.1366  79.9445 15.61210494 64311
VCC B                   
1 44431U 98067QR  20239.55593707  .00009530  00000-0  12878-3 0  9999
2 44431  51.6390 344.1707 0001989 245.1766 114.9020 15.58492322 65375
ATL-1                   
1 44830U 19084G   20239.69718760  .00112837  64646-5  40341-3 0  9999
2 44830  96.9618 109.9102 0014739 325.3830  34.6482 15.88700227 41563
SMOG-P                  
1 44832U 19084J   20240.09862551  .00171456  12870-4  50074-3 0  9992
2 44832  96.9591 110.7285 0011567 319.5881  40.4534 15.92712924 41659
DUCHIFAT-3              
1 44854U 19089C   20239.83168272  .00000222  00000-0  24369-4 0  9999
2 44854  36.9670  42.4161 0009751 277.5701  82.3957 14.99108735 38863
EYESAT-NANO             
1 44877U 19092E   20239.46246769  .00000799  00000-0  43806-4 0  9991
2 44877  97.4571  61.6185 0014814 131.3179 228.9332 15.16940178 38209
ORBITAL FACTORY 2 (OF-2)
1 45113U 19071C   20239.80222571  .00001586  00000-0  59581-4 0  9997
2 45113  51.6452  23.6594 0012454 312.6720  47.3212 15.33568840 31922
M2 PATHFINDER           
1 45727U 20037E   20240.06320625  .00000576  00000-0  63386-4 0  9997
2 45727  97.7040  58.5390 0014062  68.0140 292.2602 14.91220707  8549
