CUTE-1 (CO-55)          
1 27844U 03031E   20275.45105986  .00000063  00000-0  48093-4 0  9993
2 27844  98.6836 281.5912 0010962 106.8691 253.3689 14.22258671895167
CUBESAT XI-IV (CO-57)   
1 27848U 03031J   20275.29746996  .00000047  00000-0  40980-4 0  9990
2 27848  98.6900 282.0047 0010745 118.6981 241.5278 14.21842923894980
CUBESAT XI-V            
1 28895U 05043F   20275.36698221  .00000163  00000-0  40263-4 0  9996
2 28895  98.0250  48.8460 0015682 309.6980  50.2840 14.63804033796109
CUTE-1.7+APD II (CO-65) 
1 32785U 08021C   20275.47755002  .00000265  00000-0  34055-4 0  9996
2 32785  97.5828 258.8829 0014018 136.6671 223.5651 14.88522173673643
AAUSAT-II               
1 32788U 08021F   20275.46389113  .00000531  00000-0  53215-4 0  9999
2 32788  97.4949 275.2721 0013084  63.3231 296.9329 14.95161348675158
DELFI-C3 (DO-64)        
1 32789U 08021G   20275.18167868  .00002014  00000-0  13484-3 0  9991
2 32789  97.4095 314.2473 0010732 318.9474  41.0946 15.07965102677749
SEEDS II (CO-66)        
1 32791U 08021J   20275.49596947  .00000312  00000-0  36725-4 0  9995
2 32791  97.5487 265.0059 0014790 107.0597 253.2244 14.91120469674186
SWISSCUBE               
1 35932U 09051B   20275.56751088  .00000148  00000-0  44469-4 0  9997
2 35932  98.6118 101.2796 0007950 154.0957 206.0639 14.56428861585273
BEESAT-1                
1 35933U 09051C   20275.47582715  .00000120  00000-0  38124-4 0  9998
2 35933  98.6105 103.0524 0005928 164.2199 195.9184 14.56500222585333
ITUPSAT1                
1 35935U 09051E   20275.46412744  .00000105  00000-0  35310-4 0  9990
2 35935  98.6210 103.2249 0008225 167.1124 193.0284 14.55642548585091
TISAT 1                 
1 36799U 10035E   20275.44250611  .00000592  00000-0  65308-4 0  9994
2 36799  98.2020  89.8485 0011926 348.9268  11.1685 14.91434788554722
M-CUBED & EXP-1 PRIME   
1 37855U 11061F   20275.38179310  .00002428  00000-0  12554-3 0  9991
2 37855 101.7234  58.4533 0170202 120.4945 241.3197 15.06593455487158
AEROCUBE 4.5A           
1 38767U 12048K   20275.42723799  .00000470  00000-0  53989-4 0  9994
2 38767  64.6651 264.9460 0134273  98.0976 263.5393 14.92385382 57616
AEROCUBE 4.5B           
1 38768U 12048L   20275.30899414  .00000830  00000-0  77691-4 0  9996
2 38768  64.6664 231.9788 0124113  93.1051 268.4272 14.96092225 57716
STRAND-1                
1 39090U 13009E   20275.47176773  .00000027  00000-0  24713-4 0  9992
2 39090  98.4474 117.4813 0008724 336.4749  23.6037 14.35145953397898
SOMP                    
1 39134U 13015E   20275.55169398  .00001829  00000-0  89918-4 0  9991
2 39134  64.8630 293.6013 0024705 227.8256 132.0774 15.21318510411819
BEESAT-3                
1 39135U 13015F   20275.55425507  .00001404  00000-0  76992-4 0  9996
2 39135  64.8677 318.7059 0030975 226.3975 133.4581 15.18392924411322
BEESAT-2                
1 39136U 13015G   20275.44677048  .00001645  00000-0  89729-4 0  9993
2 39136  64.8747 324.4071 0035253 268.1809  91.5279 15.17780904411206
NEE-01 PEGASO           
1 39151U 13018B   20274.92496659  .00000226  00000-0  36582-4 0  9995
2 39151  97.9763  13.0325 0018304 117.0843 243.2239 14.80206625401280
ESTCUBE 1               
1 39161U 13021C   20275.23038536  .00000185  00000-0  37028-4 0  9991
2 39161  97.9611 356.1180 0008069 262.8705  97.1593 14.72354407397608
POPACS 1                
1 39268U 13055D   20275.49277281  .00003195  00000-0  87970-4 0  9991
2 39268  81.0052 184.0092 0612164 267.1182  85.9835 14.40166268364725
POPACS 2                
1 39269U 13055E   20274.29107259  .00006274  00000-0  17856-3 0  9992
2 39269  81.0141 225.7554 0676345  15.6235 346.4725 14.25937392362141
POPACS 3                
1 39270U 13055F   20275.18257276  .00002718  00000-0  82438-4 0  9996
2 39270  81.0137 247.9528 0709970  79.1979 288.8234 14.17122586340104
ZACUBE-1 (TSHEPISOSAT)  
1 39417U 13066B   20275.48559494  .00000280  00000-0  41428-4 0  9997
2 39417  97.5718 267.6431 0057361 290.8578  68.6499 14.81326357370735
WNISAT-1                
1 39423U 13066H   20275.35885897  .00000068  00000-0  23851-4 0  9993
2 39423  97.7961 189.5967 0174096 285.5123  72.6908 14.53141625363804
TRITON-1                
1 39427U 13066M   20275.46702402  .00000312  00000-0  57158-4 0  9998
2 39427  97.7374 230.5716 0115055  98.8524 262.5729 14.68051163367410
GOMX-1                  
1 39430U 13066Q   20275.45819611  .00000176  00000-0  41064-4 0  9999
2 39430  97.7942 207.6066 0149804 210.2518 148.9962 14.59441386365267
CUBEBUG-2 (LO-74)       
1 39440U 13066AA  20275.44609348  .00000346  00000-0  54890-4 0  9993
2 39440  97.6421 252.1486 0080077 357.2190   2.8564 14.76061327368210
NEE-02 KRYSAOR          
1 39441U 13066AB  20275.46183084  .00000238  00000-0  40811-4 0  9998
2 39441  97.6501 249.6228 0081877   6.6522 353.5754 14.75051618368036
FUNCUBE-1 (AO-73)       
1 39444U 13066AE  20275.48951444  .00000346  00000-0  48771-4 0  9999
2 39444  97.5653 269.9323 0056386 282.3306  77.1599 14.82190163369075
UWE-3                   
1 39446U 13066AG  20275.45617777  .00000324  00000-0  49553-4 0  9991
2 39446  97.6079 259.3044 0069071 325.1065  34.5629 14.78594861368232
AEROCUBE 5A             
1 39465U 13072D   20275.46902404  .00011325  00000-0  90783-3 0  9997
2 39465 120.4926 187.2318 0264617 355.7205   4.1603 14.77184197 57023
AEROCUBE 5B             
1 39466U 13072E   20275.45369291  .00018629  00000-0  12398-2 0  9997
2 39466 120.4908 229.7579 0236502   6.8965 353.5266 14.87236993 57337
BRITE-CA1 (TORONTO)     
1 40020U 14033L   20275.50034608  .00000077  00000-0  21177-4 0  9995
2 40020  97.7320  97.6495 0088786  94.2070 266.9288 14.66661563336316
DUCHIFAT-1              
1 40021U 14033M   20275.58606576  .00000505  00000-0  56947-4 0  9992
2 40021  97.9455 207.4909 0011682 302.0928  57.9155 14.90988081341706
NANOSATC-BR1            
1 40024U 14033Q   20275.53421270  .00000457  00000-0  53084-4 0  9991
2 40024  97.9286 203.4667 0011068 307.8423  52.1792 14.90145137341036
QB50P1                  
1 40025U 14033R   20275.55236397  .00000418  00000-0  50222-4 0  9996
2 40025  97.9145 199.8471 0011442 315.7501  44.2800 14.89197396340889
QB50P2                  
1 40032U 14033Y   20275.56838755  .00000334  00000-0  41761-4 0  9996
2 40032  97.9020 197.0955 0010767 312.8168  47.2142 14.88719575340770
PERSEUS-M2              
1 40037U 14033AD  20275.54585086  .00000150  00000-0  23161-4 0  9995
2 40037  97.8839 191.0711 0013659 329.7985  30.2442 14.86568806340427
PERSEUS-M1              
1 40039U 14033AF  20275.51515618  .00000101  00000-0  17810-4 0  9998
2 40039  97.8797 189.7013 0013472 328.0938  31.9460 14.86189321340322
POLYITAN-1              
1 40042U 14033AJ  20275.36464451  .00000471  00000-0  56187-4 0  9993
2 40042  97.9233 200.2610 0013517 305.9360  54.0602 14.88948106341261
TIGRISAT                
1 40043U 14033AK  20275.49503030  .00000161  00000-0  30882-4 0  9995
2 40043  97.6968 126.5629 0060423  17.2458 343.0785 14.74412771337675
AEROCUBE 6A             
1 40045U 14033AM  20275.33453929  .00000318  00000-0  52694-4 0  9990
2 40045  97.7220 132.4152 0058208   8.7385 351.4824 14.75625138337725
AEROCUBE 6B             
1 40046U 14033AN  20275.34473184  .00000366  00000-0  59542-4 0  9999
2 40046  97.7123 131.5743 0057323   7.8292 352.3799 14.75624540337725
UKUBE-1                 
1 40074U 14037F   20275.47381234  .00000411  00000-0  56116-4 0  9997
2 40074  98.4517 110.1231 0004802 128.1102 232.0549 14.84330240337488
BRITE-PL2 (HEWELIUSZ)   
1 40119U 14049B   20275.20991650  .00000132  00000-0  22042-4 0  9991
2 40119  97.8947   6.3870 0018669 121.3695 238.9349 14.84537219331382
FIREBIRD 4              
1 40378U 15003C   20275.47766644  .00002356  00000-0  92720-4 0  9991
2 40378  99.0878 357.4555 0122104 320.1315  39.0992 15.20471083313420
GRIFEX                  
1 40379U 15003D   20275.50965249  .00001464  00000-0  64550-4 0  9997
2 40379  99.0927 348.7794 0131765 347.2097  12.5798 15.16696833312914
EXOCUBE (CP10)          
1 40380U 15003E   20275.26132403  .00001634  00000-0  74759-4 0  9991
2 40380  99.0991 343.8340 0137270   3.9361 356.2911 15.14604379312565
AEROCUBE 8A             
1 40659U 15025J   20275.13311967  .00029305  00000-0  27852-3 0  9990
2 40659  55.0143 162.8817 0102261  91.3234 269.9521 15.60177057 60033
AEROCUBE 8B             
1 40660U 15025K   20275.14870590  .00030827  00000-0  28884-3 0  9992
2 40660  55.0119 160.4285 0101264  93.5162 267.7464 15.60601396 60059
TIANWANG 1C (TW-1C)     
1 40926U 15051B   20275.82330184  .00044065  00000-0  35301-3 0  9992
2 40926  97.0720 328.5523 0005733  69.6080  20.7519 15.70915544283696
TIANWANG 1A (TW-1A)     
1 40928U 15051D   20275.44611082  .00005505  00000-0  12584-3 0  9995
2 40928  97.1038 300.6931 0010843 150.4752 317.7554 15.43179703281716
EXACTVIEW 9             
1 40936U 15052G   20275.41507365  .00000850  00000-0  29613-4 0  9990
2 40936   6.0037 304.7147 0010951 321.3426  38.5918 14.76597792270913
AEROCUBE 5C             
1 40965U 15058B   20275.23202750  .00000311  00000-0  55862-4 0  9995
2 40965  64.7784 183.5523 0176078  35.3055 325.9560 14.74565985 56903
AEROCUBE 7              
1 40966U 15058C   20275.19047526  .00000411  00000-0  67130-4 0  9991
2 40966  64.7784 182.0080 0175032  34.9795 326.2659 14.74875931 56909
ATHENOXAT 1             
1 41168U 15077C   20275.60234386  .00002666  00000-0  10348-3 0  9997
2 41168  14.9892   2.4818 0011157 166.2354 193.8272 15.14594651265433
GALASSIA                
1 41170U 15077E   20273.91824995  .00003038  00000-0  12181-3 0  9994
2 41170  14.9898   6.3433 0012421 170.3425 189.7136 15.14878069265260
VELOX-II                
1 41171U 15077F   20275.01512965  .00002050  00000-0  78208-4 0  9995
2 41171  14.9923  46.4143 0008670  73.4004 286.7268 15.11839928265015
HORYU-4                 
1 41340U 16012D   20275.59552120  .00000687  00000-0  45107-4 0  9999
2 41340  31.0063  15.8052 0013740 122.2303 237.9667 15.01569019253845
E-ST@R-II               
1 41459U 16025D   20275.39865833  .00004468  00000-0  22534-3 0  9999
2 41459  98.1125  30.9796 0164094 214.7750 144.2666 15.06700489243395
AAUSAT 4                
1 41460U 16025E   20275.43649399  .00005062  00000-0  24688-3 0  9996
2 41460  98.1106  33.7387 0152376 202.0716 157.3891 15.09129749243623
BEESAT-4                
1 41619U 16040W   20275.25861747  .00002382  00000-0  10025-3 0  9994
2 41619  97.3090 332.2419 0011664 158.4310 201.7421 15.24275558225511
CANX-7                  
1 41788U 16059F   20275.24431532  .00010370  00000-0  13792-2 0  9994
2 41788  98.2569   5.8823 0021816 319.0732  40.9015 14.79758652215458
RAVAN                   
1 41849U 16067B   20275.37339865  .00000525  00000-0  48917-4 0  9991
2 41849  97.9408  27.0837 0008017 247.5064 112.5310 14.98638808212481
CELTEE 1                
1 41850U 16067C   20275.26663067  .00000745  00000-0  69630-4 0  9994
2 41850  97.9359  24.3823 0007051 252.6913 107.3537 14.97237473212339
OPTICUBE 04             
1 41851U 16067D   20275.41627468 -.00000362  00000-0 -26179-4 0  9995
2 41851  97.9344  24.0949 0007525 257.1215 102.9166 14.96959989212332
AEROCUBE 8D             
1 41852U 16067E   20275.29900179  .00000256  00000-0  27602-4 0  9997
2 41852  97.9339  23.8184 0008518 256.3101 103.7171 14.96961896212293
AEROCUBE 8C             
1 41853U 16067F   20275.26623139  .00000682  00000-0  64652-4 0  9992
2 41853  97.9347  23.6792 0008307 257.9669 102.0621 14.96934643212289
PROMETHEUS 2-1          
1 41854U 16067G   20275.34585264  .00000143  00000-0  17633-4 0  9997
2 41854  97.9358  24.1586 0008809 257.6309 102.3926 14.97284452212316
PROMETHEUS 2-3          
1 41855U 16067H   20275.41245693  .00000155  00000-0  18627-4 0  9992
2 41855  97.9361  24.2641 0008974 257.7526 102.2691 14.97293982212326
INS-1B                  
1 41954U 17008G   20275.45497549  .00002144  00000-0  88655-4 0  9999
2 41954  97.3445 337.9126 0007271 290.9113  69.1346 15.25028972201520
BGUSAT                  
1 41999U 17008BD  20275.45215290  .00003834  00000-0  14336-3 0  9990
2 41999  97.3573 342.6686 0006158 300.0141  60.0487 15.27927518201131
DIDO-2                  
1 42000U 17008BE  20275.44134845  .00001409  00000-0  59888-4 0  9997
2 42000  97.3449 338.3619 0007064 314.9214  45.1450 15.24650409200915
PEASSS                  
1 42015U 17008BV  20275.27253866  .00001962  00000-0  79481-4 0  9994
2 42015  97.3482 340.0180 0004999 321.9805  38.1080 15.25839405201489
AL-FARABI 1             
1 42016U 17008BW  20275.23341083  .00002599  00000-0  10161-3 0  9996
2 42016  97.3515 341.2045 0004799 321.1082  38.9811 15.26744967201666
NAYIF-1 (EO-88)         
1 42017U 17008BX  20275.47139752  .00002268  00000-0  88888-4 0  9996
2 42017  97.3507 341.4489 0004825 319.2177  40.8700 15.26787853201722
UCLSAT                  
1 42765U 17036A   20275.41926784  .00001970  00000-0  84678-4 0  9992
2 42765  97.2899 326.7629 0011669  21.6084 338.5643 15.23756369182717
LITUANICASAT-2          
1 42768U 17036D   20275.22213316  .00003515  00000-0  14565-3 0  9998
2 42768  97.2961 326.7224 0014495  10.1510 350.0018 15.24461636181959
AALTO-1                 
1 42775U 17036L   20275.17715438  .00001209  00000-0  55818-4 0  9997
2 42775  97.2872 324.0396 0014097  15.0987 345.0667 15.21992067181755
URSA MAIOR              
1 42776U 17036M   20275.41629836  .00001364  00000-0  62250-4 0  9991
2 42776  97.2886 324.6028 0013859  14.0411 346.1208 15.22189473181804
COMPASS 2               
1 42777U 17036N   20275.45400761  .00002390  00000-0  10067-3 0  9998
2 42777  97.2948 327.3221 0012242  11.9632 348.1894 15.24236923181948
DIAMOND RED             
1 42783U 17036U   20275.39720896  .00001568  00000-0  69437-4 0  9994
2 42783  97.2898 325.8975 0012454  23.3982 336.7820 15.23027169181871
PEGASUS                 
1 42784U 17036V   20275.40079968  .00001852  00000-0  80527-4 0  9993
2 42784  97.2904 326.3912 0012260  22.3102 337.8666 15.23432825181908
DIAMOND GREEN           
1 42785U 17036W   20275.39608605  .00001589  00000-0  70331-4 0  9997
2 42785  97.2901 325.9352 0012380  24.0661 336.1152 15.23022922181940
DIAMOND BLUE            
1 42786U 17036X   20275.39520304  .00001563  00000-0  69247-4 0  9993
2 42786  97.2900 325.9290 0012231  24.3609 335.8204 15.23027216181946
NUDTSAT                 
1 42787U 17036Y   20275.56028700  .00003057  00000-0  12570-3 0  9992
2 42787  97.2940 328.1971 0011663  17.2490 342.9144 15.24853906181866
SUCHAI                  
1 42788U 17036Z   20275.38553549  .00002168  00000-0  92166-4 0  9999
2 42788  97.2913 327.0661 0011714  20.8529 339.3184 15.24023984182018
SKCUBE                  
1 42789U 17036AA  20275.44315054  .00001881  00000-0  80776-4 0  9999
2 42789  97.2908 326.9406 0011623  21.1988 338.9729 15.23847551181933
VZLUSAT-1               
1 42790U 17036AB  20275.41915771  .00002745  00000-0  11324-3 0  9992
2 42790  97.2935 328.0521 0010997  18.9635 341.2011 15.24832512181991
ROBUSTA-1B              
1 42792U 17036AD  20275.38345158  .00002165  00000-0  92017-4 0  9991
2 42792  97.2911 327.1681 0011219  21.9187 338.2528 15.24050055181957
CICERO 6                
1 42793U 17036AE  20275.22125321  .00001431  00000-0  63141-4 0  9994
2 42793  97.2883 326.2745 0010730  25.5912 334.5854 15.23314860181968
D-SAT                   
1 42794U 17036AF  20275.32168347  .00000306  00000-0  31707-4 0  9994
2 42794  97.4864 302.6943 0126361  12.3406 348.0858 14.91328977178472
CORVUS BC2              
1 42846U 17042X   20275.39596604  .00000199  00000-0  24747-4 0  9993
2 42846  97.5060 154.0882 0008085 288.0885  71.9454 14.92143001175201
CORVUS BC1              
1 42847U 17042Y   20275.38445295  .00000051  00000-0  10233-4 0  9994
2 42847  97.5063 154.2661 0007736 287.2601  72.7772 14.92245089175202
MIRATA                  
1 43015U 17073C   20275.43460897  .00002008  00000-0  15816-3 0  9992
2 43015  97.7116 183.5970 0254129  62.9259 299.7639 14.79826032154899
MAKERSAT 0              
1 43016U 17073D   20275.29337261  .00001358  00000-0  10885-3 0  9993
2 43016  97.7149 183.6184 0257034  64.7125 298.0480 14.79341845154850
DELLINGR (RBLE)         
1 43021U 98067NJ  20274.95488668  .00026898  00000-0  19001-3 0  9996
2 43021  51.6335  99.5800 0001349 126.8546 233.2577 15.73824158163468
AEROCUBE 7B (OCSD B)    
1 43042U 17071F   20275.45350426  .00006610  00000-0  14974-3 0  9995
2 43042  51.6359 266.1585 0005120  74.8091 285.3461 15.44366315158757
AEROCUBE 7C (OCSD C)    
1 43043U 17071G   20275.45866229  .00006429  00000-0  14603-3 0  9996
2 43043  51.6358 266.2081 0005344  78.4754 281.6832 15.44338870158726
CHEFSAT                 
1 43044U 17071H   20275.41546687  .00015084  00000-0  27183-3 0  9990
2 43044  51.6359 247.4906 0005148  85.8011 274.3567 15.49986057158977
ASGARDIA 1              
1 43049U 17071N   20275.51526097  .00006153  00000-0  14014-3 0  9995
2 43049  51.6371 265.1729 0003058  90.1552 269.9785 15.44340317158737
ISARA                   
1 43050U 17071P   20275.34503905  .00013522  00000-0  25547-3 0  9992
2 43050  51.6343 251.3704 0003096  92.1368 267.9975 15.48739281158912
PROPCUBE 2 (FAUNA)      
1 43052U 17071R   20275.40379437  .00006524  00000-0  14553-3 0  9991
2 43052  51.6363 263.6941 0003085  87.4744 272.6596 15.44853520158740
CORVUS BC3              
1 43118U 18004H   20275.43951790  .00001323  00000-0  58312-4 0  9996
2 43118  97.4351 344.8036 0011446  47.2257 312.9941 15.23521622151138
MICROMAS-2A             
1 43131U 18004W   20275.45551203  .00003055  00000-0  12288-3 0  9993
2 43131  97.4412 346.9460 0010083  46.1144 314.0925 15.25635465151255
SPACEBEE-4              
1 43139U 18004AE  20275.46045107  .00004316  00000-0  16508-3 0  9993
2 43139  97.4451 348.4035 0009342  47.2163 312.9860 15.27086576151339
SPACEBEE-3              
1 43140U 18004AF  20275.46966797  .00005550  00000-0  20504-3 0  9994
2 43140  97.4471 349.2773 0008907  45.7406 314.4562 15.28112123151380
SPACEBEE-2              
1 43141U 18004AG  20275.42675070  .00006194  00000-0  22609-3 0  9995
2 43141  97.4486 349.5650 0008858  45.1704 315.0254 15.28461623151392
SPACEBEE-1              
1 43142U 18004AH  20275.36826085  .00006521  00000-0  23496-3 0  9992
2 43142  97.4492 349.8345 0008803  45.0956 315.0997 15.28870220151393
CICERO 7                
1 43143U 18004AJ  20275.45489059  .00002871  00000-0  11565-3 0  9997
2 43143  97.4388 347.1012 0008564  55.8519 304.3530 15.25645927151270
GOMX-4B                 
1 43196U 18015E   20275.30240066  .00000674  00000-0  30272-4 0  9990
2 43196  97.4523  43.1246 0020257  91.4210 268.9348 15.24454582148023
GOMX-4A                 
1 43197U 18015F   20275.56936549  .00001549  00000-0  65301-4 0  9990
2 43197  97.4505  43.5147 0020546  91.6564 329.0462 15.24663533148083
UBAKUSAT                
1 43467U 98067NQ  20275.20957103  .00077405  00000-0  35935-3 0  9998
2 43467  51.6322  95.0720 0001111 207.6231 152.4712 15.82719753136812
CUBERRT                 
1 43546U 98067NU  20275.21695542  .00030833  00000-0  16911-3 0  9990
2 43546  51.6313  96.6698 0001324 163.8787 196.2257 15.79505035126929
TEMPEST-D               
1 43547U 98067NV  20275.34011156  .00008567  00000-0  94539-4 0  9990
2 43547  51.6350 136.7686 0005237  97.4841 262.6749 15.63995211126087
RAINCUBE                
1 43548U 98067NW  20275.57437647  .00065506  00000-0  31712-3 0  9992
2 43548  51.6280 101.9770 0002823 173.7968 186.3069 15.81882924127011
HALOSAT                 
1 43549U 98067NX  20275.02140729  .00052906  00000-0  28088-3 0  9997
2 43549  51.6327 106.6757 0003095 161.3681 198.7434 15.79960998126464
ENDUROSAT ONE           
1 43551U 98067NZ  20274.91441830  .00415755  89368-4  63179-3 0  9997
2 43551  51.6246  85.3206 0005772 273.5217  86.5134 16.03888793127141
EQUISAT                 
1 43552U 98067PA  20275.54012911  .00066618  00000-0  32550-3 0  9993
2 43552  51.6284 101.1250 0003702 173.6945 186.4105 15.81673525126955
AEROCUBE 12A            
1 43556U 18046C   20275.51573120  .00002847  00000-0  10844-3 0  9993
2 43556  51.6417 315.8340 0007901 318.9370  41.1015 15.30117674123611
AEROCUBE 12B            
1 43557U 18046D   20275.53196298  .00002621  00000-0  10180-3 0  9996
2 43557  51.6410 316.6767 0007875 317.9426  42.0949 15.29791099123554
UITMSAT-1               
1 43589U 98067PD  20275.21565114  .00143882  00000-0  49774-3 0  9990
2 43589  51.6298  97.2258 0003778 215.6805 144.3948 15.88551002122718
MAYA-1                  
1 43590U 98067PE  20273.82344251  .00143629  00000-0  50522-3 0  9996
2 43590  51.6253 104.3710 0003594 203.1341 156.9503 15.88217615122420
BHUTAN-1                
1 43591U 98067PF  20274.91351938  .00136955  00000-0  46679-3 0  9990
2 43591  51.6311  98.2965 0003800 213.6587 146.4178 15.88869472122603
SIRIUSSAT-1             
1 43595U 98067PG  20274.57796492  .00050480  00000-0  23108-3 0  9994
2 43595  51.6264 107.9582 0001311   0.9643 359.3250 15.83190770121622
SIRIUSSAT-2             
1 43596U 98067PH  20274.58375604  .00051914  00000-0  23860-3 0  9992
2 43596  51.6220 108.8445 0000348 177.1050 183.2453 15.83093020121619
TANUSHA-3               
1 43597U 98067PJ  20248.19053934  .05224124  12197-4  75260-3 0  9995
2 43597  51.6102 220.8087 0003266 222.6275 137.4495 16.33928828117760
SURFSAT                 
1 43614U 18070B   20275.55841155  .00004353  00000-0  11016-3 0  9991
2 43614  93.0289 198.5077 0012170 291.6679  68.3279 15.39730078114801
CP7 (DAVE)              
1 43615U 18070C   20275.47073295  .00004028  00000-0  10255-3 0  9998
2 43615  93.0292 198.4549 0012350 291.6245  68.3693 15.39553934114789
ELFIN-B                 
1 43616U 18070D   20275.54101179  .00005441  00000-0  13133-3 0  9998
2 43616  93.0250 198.4652 0012561 292.4166  67.5758 15.41151910114856
ELFIN-A                 
1 43617U 18070E   20275.55998515  .00006461  00000-0  15468-3 0  9994
2 43617  93.0303 199.0752 0011870 288.1425  71.8537 15.41393923114862
CUBEBEL-1 (BSUSAT-1)    
1 43666U 18083E   20275.47626164  .00001835  00000-0  92226-4 0  9999
2 43666  97.4836 300.8714 0014937 358.1654 111.5441 15.18453464106705
CICERO 10               
1 43690U 18088A   20275.46409136  .00001604  00000-0  71732-4 0  9991
2 43690  85.0420   8.4619 0012620 283.1812  76.8021 15.20395004104869
IRVINE01                
1 43693U 18088D   20275.33582287  .00004626  00000-0  19272-3 0  9996
2 43693  85.0393   6.9014 0015352 258.9585 100.9931 15.23329803104962
PROXIMA I               
1 43694U 18088E   20275.40034543  .00001615  00000-0  68501-4 0  9997
2 43694  85.0363   6.7693 0016918 251.5548 108.3855 15.22145208104969
PROXIMA II              
1 43696U 18088G   20275.39846394  .00001615  00000-0  68498-4 0  9997
2 43696  85.0364   6.7753 0016970 251.4398 108.5001 15.22145824104957
FACSAT-1                
1 43721U 18096C   20275.48670463  .00002902  00000-0  11013-3 0  9997
2 43721  97.4131 348.4585 0018946 106.3679 310.0811 15.27504488102574
CENTAURI-2              
1 43722U 18096D   20275.46303482  .00003428  00000-0  12715-3 0  9994
2 43722  97.4148 348.8203 0019048 106.6631 253.6701 15.28124803102580
INNOSAT-2               
1 43738U 18096V   20275.51320697  .00006067  00000-0  20424-3 0  9992
2 43738  97.4172 351.2951 0024556 111.4261 307.0150 15.30860150102751
SIRION PATHFINDER-2     
1 43759U 18099B   20275.57598877  .00000425  00000-0  43730-4 0  9999
2 43759  97.6976 345.3793 0013873 182.2156 177.9005 14.95326377 99795
CORVUS-BC 4             
1 43767U 18099K   20275.55656926  .00000625  00000-0  62688-4 0  9991
2 43767  97.6947 344.6543 0011796 185.1165 174.9938 14.94766150 99755
MOVE-II                 
1 43780U 18099Y   20275.44485864  .00000286  00000-0  31014-4 0  9997
2 43780  97.6982 345.2186 0013154 194.8279 165.2558 14.95498095 99754
SPACEBEE-7              
1 43816U 18099BL  20275.49775545  .00000594  00000-0  58353-4 0  9997
2 43816  97.6996 345.7258 0013424 177.8592 182.2689 14.95777465 99343
SPACEBEE-5              
1 43817U 18099BM  20275.47109754  .00001630  00000-0  14837-3 0  9999
2 43817  97.7050 346.3278 0013529 178.4916 181.6349 14.96492667 99365
SPACEBEE-6              
1 43818U 18099BN  20275.44661227  .00000394  00000-0  40203-4 0  9998
2 43818  97.7012 345.8703 0013373 178.6185 181.5075 14.95998083 99499
SHIELDS 1               
1 43850U 18104B   20275.48981887  .00000742  00000-0  31073-4 0  9994
2 43850  85.0252 105.2547 0016544  46.8538 313.4083 15.21472471 99590
STF-1                   
1 43852U 18104D   20275.50658937  .00001623  00000-0  70170-4 0  9996
2 43852  85.0294 105.8496 0016552  59.5801 300.7074 15.21478627 99576
ZACUBE-2                
1 43907U 18111AH  20275.47905198  .00001007  00000-0  43264-4 0  9995
2 43907  97.2534 171.9838 0022738 125.8072  47.2109 15.24694194 98161
LUME 1                  
1 43908U 18111AJ  20275.40313832  .00001737  00000-0  71438-4 0  9991
2 43908  97.2531 172.1600 0022492 125.6342 234.6995 15.25236758 98179
AOBA VELOX-IV           
1 43940U 19003J   20275.40189553  .00003097  00000-0  12469-3 0  9998
2 43940  97.2175 323.0037 0022918 204.3665 155.6492 15.25368754 94796
CATSAT-2                
1 44029U 98067PV  20274.93109883  .00032400  00000-0  27748-3 0  9995
2 44029  51.6372 140.1087 0004063 139.7433 220.3865 15.69113068 95065
DELPHINI                
1 44030U 98067PW  20275.05799067  .00040981  00000-0  32781-3 0  9996
2 44030  51.6322 137.0308 0004206 139.2908 220.8405 15.70647551 95082
UNITE                   
1 44031U 98067PX  20275.36988961  .00017278  00000-0  18933-3 0  9990
2 44031  51.6367 147.5071 0003604 120.4658 239.6693 15.63363089 94977
CATSAT-1                
1 44033U 98067PZ  20275.05838036  .00034920  00000-0  29834-3 0  9990
2 44033  51.6377 139.4678 0004098 137.3272 222.8044 15.69133179 94997
RAAVANA-1               
1 44329U 98067QE  20275.29174877  .00020149  00000-0  24911-3 0  9999
2 44329  51.6387 162.8150 0005467  50.7439 309.4038 15.60091623 73513
UGUISU                  
1 44330U 98067QF  20275.05458484  .00022833  00000-0  28268-3 0  9995
2 44330  51.6363 164.2015 0005461  49.9156 310.2315 15.59969074 73458
NEPALISAT-1             
1 44331U 98067QG  20275.41120716  .00019170  00000-0  23721-3 0  9999
2 44331  51.6364 162.0853 0005528  54.3370 305.8137 15.60106645 73527
SPOOQY-1                
1 44332U 98067QH  20275.42239824  .00019404  00000-0  24139-3 0  9996
2 44332  51.6373 162.1671 0004747  58.7337 301.4121 15.59960010 73482
SPACEBEE-9              
1 44370U 19037F   20275.37548704  .00016777  00000-0  35309-3 0  9993
2 44370  45.0051 242.8722 0012080  90.4141 269.8133 15.45069807 70972
SPACEBEE-8              
1 44371U 19037G   20275.30259446  .00036860  00000-0  61994-3 0  9993
2 44371  45.0051 233.0526 0011059 100.0844 260.1296 15.51101691 71082
IOD-1 GEMS              
1 44385U 98067QK  20275.52643673  .00030087  00000-0  31746-3 0  9998
2 44385  51.6384 157.6780 0001099  44.6674 315.4409 15.63958681 71070
MOVE-IIB                
1 44398U 19038N   20275.60848516  .00002538  00000-0  14820-3 0  9999
2 44398  97.5469 235.5564 0026245 118.7540 241.6331 15.12550653 68620
SONATE                  
1 44400U 19038Q   20275.60631278  .00001142  00000-0  69733-4 0  9992
2 44400  97.5512 235.5600 0026510 118.2342 242.1568 15.12055722 68618
LUCKY-7                 
1 44406U 19038W   20275.47046383  .00000865  00000-0  53315-4 0  9990
2 44406  97.5514 235.5701 0025985 118.7684 241.6162 15.12339124 68599
BEESAT 9                
1 44412U 19038AC  20275.39611566  .00001309  00000-0  78566-4 0  9998
2 44412  97.5504 235.4800 0023952 124.1243 236.2264 15.12459295 68289
JAISAT-1                
1 44419U 19038F   20275.44869816  .00001381  00000-0  81674-4 0  9998
2 44419  97.5506 235.8769 0022849 122.8078 237.5358 15.12943601 68626
SWIATOWID               
1 44426U 98067QL  20275.53697479  .00050811  00000-0  49761-3 0  9991
2 44426  51.6389 156.0524 0001588  59.9078  12.7706 15.65593359 71100
KRAKSAT                 
1 44427U 98067QM  20275.21201546  .00016477  00000-0  22565-3 0  9996
2 44427  51.6405 168.1424 0002613  16.9483  70.3527 15.57533065 70958
VCC A                   
1 44428U 98067QN  20275.07410245  .00020441  00000-0  26007-3 0  9990
2 44428  51.6392 165.9104 0002203  40.0206 320.0949 15.59333916 70970
ENTRYSAT                
1 44429U 98067QP  20275.41109010  .00022888  00000-0  27428-3 0  9999
2 44429  51.6369 162.1180 0001601  42.2804 317.8313 15.60834759 71059
VCC C                   
1 44430U 98067QQ  20274.96742607  .00031688  00000-0  35103-3 0  9992
2 44430  51.6373 162.1602 0001725  72.8819 287.2364 15.62683781 69835
VCC B                   
1 44431U 98067QR  20274.87793847  .00019579  00000-0  24874-3 0  9993
2 44431  51.6369 166.8223 0002251  36.4816 323.6330 15.59403483 70889
ATL-1                   
1 44830U 19084G   20275.39291187  .00746441  29099-3  96214-3 0  9990
2 44830  96.9418 146.7406 0011510 181.8275 178.2968 16.07115562 47259
SMOG-P                  
1 44832U 19084J   20272.06303716  .11453400  23230-5  63587-3 0  9997
2 44832  96.9437 144.0914 0010614 231.8961 128.1384 16.41416157 46773
DUCHIFAT-3              
1 44854U 19089C   20275.19928140  .00000692  00000-0  62217-4 0  9991
2 44854  36.9660 193.3847 0008277 206.5740 153.4590 14.99141592 44178
EYESAT-NANO             
1 44877U 19092E   20275.47801808  .00001543  00000-0  81295-4 0  9995
2 44877  97.4574  97.0530 0014052  16.8745 343.2953 15.17018685 43665
ORBITAL FACTORY 2 (OF-2)
1 45113U 19071C   20275.25028882  .00003970  00000-0  13101-3 0  9991
2 45113  51.6421 212.3435 0013563  79.2834 280.9674 15.33735926 37365
M2 PATHFINDER           
1 45727U 20037E   20275.55929999 -.00000217  00000-0 -16207-4 0  9992
2 45727  97.7034  93.2098 0011915 310.2434  49.7757 14.91229702 13833
