CUTE-1 (CO-55)          
1 27844U 03031E   20189.90446934  .00000020  00000-0  28649-4 0  9996
2 27844  98.6808 197.3303 0009907   4.0103 356.1152 14.22245520883004
CUBESAT XI-IV (CO-57)   
1 27848U 03031J   20190.28893049  .00000014  00000-0  26361-4 0  9998
2 27848  98.6876 198.2676 0010031  15.0282 345.1191 14.21831548882938
CUBESAT XI-V            
1 28895U 05043F   20189.92120442  .00000075  00000-0  23390-4 0  9991
2 28895  98.0126 325.7061 0016083 212.0778 147.9447 14.63780934783604
CUTE-1.7+APD II (CO-65) 
1 32785U 08021C   20190.50740608  .00000141  00000-0  20727-4 0  9996
2 32785  97.5733 177.5986 0014529  66.3188 293.9553 14.88485152661079
AAUSAT-II               
1 32788U 08021F   20190.46788868  .00000091  00000-0  13268-4 0  9990
2 32788  97.4905 194.0325 0011434 353.4897   6.6174 14.95084165662551
DELFI-C3 (DO-64)        
1 32789U 08021G   20190.37238630  .00000543  00000-0  39447-4 0  9997
2 32789  97.4167 232.4420 0010508 239.6636 120.3554 15.07779177665065
SEEDS II (CO-66)        
1 32791U 08021J   20190.47192181  .00000277  00000-0  33300-4 0  9997
2 32791  97.5408 183.6945 0014284  38.2170 322.0059 14.91068009661599
SWISSCUBE               
1 35932U 09051B   20189.75890024  .00000077  00000-0  28466-4 0  9996
2 35932  98.6106  12.6941 0008746  68.7232 291.4898 14.56404256572822
BEESAT-1                
1 35933U 09051C   20190.49589973  .00000059  00000-0  24434-4 0  9999
2 35933  98.6103  15.3207 0007010  78.5088 281.6895 14.56478845573044
ITUPSAT1                
1 35935U 09051E   20190.50300617  .00000045  00000-0  21434-4 0  9991
2 35935  98.6209  15.5253 0009317  77.0672 283.1565 14.55623967572766
TISAT 1                 
1 36799U 10035E   20189.96744014  .00000308  00000-0  36967-4 0  9994
2 36799  98.1958   1.0300 0010860 262.0081  97.9904 14.91376674542180
M-CUBED & EXP-1 PRIME   
1 37855U 11061F   20190.23374173  .00000440  00000-0  29698-4 0  9995
2 37855 101.7144 289.3506 0170748  13.2972 347.2658 15.06361348474807
AEROCUBE 4.5A           
1 38767U 12048K   20190.38824580  .00000046  00000-0  19276-4 0  9995
2 38767  64.6651 170.8578 0138962 129.0614 232.2960 14.92309208 44920
AEROCUBE 4.5B           
1 38768U 12048L   20189.94500441  .00000198  00000-0  29733-4 0  9990
2 38768  64.6666 140.4289 0128051 124.8992 236.4236 14.95983508 44947
STRAND-1                
1 39090U 13009E   20190.55315617  .00000012  00000-0  19186-4 0  9991
2 39090  98.4549  34.3315 0008335 215.7874 144.2754 14.35136495385738
SOMP                    
1 39134U 13015E   20189.49499465  .00000589  00000-0  35414-4 0  9993
2 39134  64.8614 212.8565 0031800 240.5380 119.2575 15.21102987399102
BEESAT-3                
1 39135U 13015F   20190.51852371  .00000487  00000-0  33289-4 0  9993
2 39135  64.8664 233.3792 0035401 242.1302 117.6237 15.18220584398804
BEESAT-2                
1 39136U 13015G   20190.50874270  .00000532  00000-0  36053-4 0  9998
2 39136  64.8700 238.4543 0032045 277.5301  82.2185 15.17604710398702
NEE-01 PEGASO           
1 39151U 13018B   20190.56025958  .00000089  00000-0  18706-4 0  9997
2 39151  97.9745 289.2311 0017773  36.3942 323.8474 14.80179221388803
ESTCUBE 1               
1 39161U 13021C   20190.48418461  .00000099  00000-0  23433-4 0  9992
2 39161  97.9636 273.0922 0009672 165.1682 194.9800 14.72329222385135
POPACS 1                
1 39268U 13055D   20189.66827303  .00004867  00000-0  13168-3 0  9994
2 39268  81.0021 274.7882 0617054 162.1198 200.2808 14.39420246352376
POPACS 2                
1 39269U 13055E   20189.79058972  .00000947  00000-0  27213-4 0  9999
2 39269  81.0156 313.1348 0676576 261.4767  90.9237 14.25508632350100
POPACS 3                
1 39270U 13055F   20190.37632004  .00000486  00000-0  14697-4 0  9991
2 39270  81.0170 334.4823 0709199 322.8290  32.5705 14.16930088348791
ZACUBE-1 (TSHEPISOSAT)  
1 39417U 13066B   20190.50830217  .00000127  00000-0  22286-4 0  9992
2 39417  97.5648 187.3605 0058023 207.5165 152.2973 14.81288158358156
WNISAT-1                
1 39423U 13066H   20190.52622029  .00000005  00000-0  10760-4 0  9990
2 39423  97.8010 110.5739 0174687 189.5051 170.2872 14.53123802351483
TRITON-1                
1 39427U 13066M   20190.47178589  .00000192  00000-0  38533-4 0  9990
2 39427  97.7259 150.2297 0114445  11.3953 348.9802 14.68016065354949
GOMX-1                  
1 39430U 13066Q   20190.37415444  .00000104  00000-0  27513-4 0  9996
2 39430  97.7918 127.6397 0151980 118.3205 243.3418 14.59408818352857
CUBEBUG-2 (LO-74)       
1 39440U 13066AA  20190.50475061  .00000126  00000-0  24650-4 0  9996
2 39440  97.6316 171.8441 0078492 271.9869  87.2354 14.76024347356889
NEE-02 KRYSAOR          
1 39441U 13066AB  20190.46273872  .00000062  00000-0  16199-4 0  9996
2 39441  97.6391 169.3107 0080093 281.3357  77.8862 14.75026204356669
FUNCUBE-1 (AO-73)       
1 39444U 13066AE  20190.49395358  .00000163  00000-0  26280-4 0  9990
2 39444  97.5589 189.5892 0057331 199.5040 160.3981 14.82143806357075
UWE-3                   
1 39446U 13066AG  20190.52499110  .00000113  00000-0  21790-4 0  9993
2 39446  97.5987 179.0413 0068469 240.4780 118.9594 14.78558009356273
AEROCUBE 5A             
1 39465U 13072D   20189.89282194  .00001830  00000-0  18081-3 0  9996
2 39465 120.4916 237.1787 0255901 265.7263  91.4511 14.76540144 44386
AEROCUBE 5B             
1 39466U 13072E   20189.90184829  .00002713  00000-0  21635-3 0  9995
2 39466 120.4884 275.0903 0228628 275.3066  82.1946 14.86176893 44618
BRITE-CA1 (TORONTO)     
1 40020U 14033L   20190.49360755  .00000017  00000-0  11208-4 0  9992
2 40020  97.7307  17.4987 0087537   6.5605 353.6724 14.66650444323849
DUCHIFAT-1              
1 40021U 14033M   20189.88347654  .00000341  00000-0  40362-4 0  9990
2 40021  97.9429 121.2456 0011775 215.1759 144.8683 14.90924281328930
NANOSATC-BR1            
1 40024U 14033Q   20189.78347936  .00000124  00000-0  18808-4 0  9994
2 40024  97.9275 117.4600 0011022 220.1713 139.8690 14.90090898328784
QB50P1                  
1 40025U 14033R   20189.88173759  .00000199  00000-0  27105-4 0  9998
2 40025  97.9149 114.1894 0011193 228.1500 131.8763 14.89151584328135
QB50P2                  
1 40032U 14033Y   20190.54251250  .00000172  00000-0  24497-4 0  9996
2 40032  97.9034 112.2740 0010688 222.0882 137.9514 14.88676887328643
PERSEUS-M2              
1 40037U 14033AD  20190.26314162  .00000045  00000-0  11354-4 0  9999
2 40037  97.8880 106.4555 0013044 241.6989 118.2911 14.86549266328257
PERSEUS-M1              
1 40039U 14033AF  20189.87406348  .00000078  00000-0  15196-4 0  9998
2 40039  97.8844 104.8221 0012899 240.8780 119.1144 14.86170268327606
POLYITAN-1              
1 40042U 14033AJ  20190.55323085  .00000188  00000-0  26106-4 0  9990
2 40042  97.9234 115.4038 0013531 216.4469 143.5828 14.88899358328640
TIGRISAT                
1 40043U 14033AK  20190.52719850  .00000083  00000-0  19702-4 0  9995
2 40043  97.7077  45.7634 0058487 291.2338  68.2630 14.74387536325451
AEROCUBE 6A             
1 40045U 14033AM  20190.57169429  .00000136  00000-0  26916-4 0  9997
2 40045  97.7330  51.3930 0056121 282.4031  77.0902 14.75587664325468
AEROCUBE 6B             
1 40046U 14033AN  20189.83576475  .00000212  00000-0  37756-4 0  9997
2 40046  97.7239  49.9384 0055455 283.7838  75.7205 14.75579455325494
UKUBE-1                 
1 40074U 14037F   20190.39961254  .00000236  00000-0  35329-4 0  9998
2 40074  98.4538  19.9838 0005506  58.6635 301.5110 14.84282666324862
BRITE-PL2 (HEWELIUSZ)   
1 40119U 14049B   20190.48454848  .00000058  00000-0  13263-4 0  9992
2 40119  97.8956 282.4973 0018370  44.1908 316.0770 14.84514375318908
FIREBIRD 4              
1 40378U 15003C   20190.44232253  .00000936  00000-0  39976-4 0  9994
2 40378  99.0940 255.0418 0122766 243.6260 115.2325 15.20135057300503
GRIFEX                  
1 40379U 15003D   20190.39705661  .00000590  00000-0  29238-4 0  9993
2 40379  99.1006 246.7834 0131528 269.4290  89.1866 15.16459802300020
EXOCUBE (CP10)          
1 40380U 15003E   20189.70195606  .00000435  00000-0  23914-4 0  9993
2 40380  99.1077 241.5474 0136637 286.8436  71.7843 15.14410951299629
AEROCUBE 8A             
1 40659U 15025J   20190.42765057  .00006600  00000-0  74182-4 0  9993
2 40659  55.0146 195.8079 0101593 229.3506 129.8666 15.58017010 46828
AEROCUBE 8B             
1 40660U 15025K   20189.63094202  .00007889  00000-0  86430-4 0  9992
2 40660  55.0119 197.3774 0100740 229.2764 129.9493 15.58378079 46719
TIANWANG 1C (TW-1C)     
1 40926U 15051B   20190.38900670  .00019685  00000-0  18912-3 0  9991
2 40926  97.0820 242.3096 0005639  29.6311  31.6975 15.66611153270308
TIANWANG 1A (TW-1A)     
1 40928U 15051D   20190.33947524  .00002468  00000-0  58318-4 0  9993
2 40928  97.1079 217.6611 0012314 108.0102 264.1599 15.42708645268593
EXACTVIEW 9             
1 40936U 15052G   20189.22867260  .00000716  00000-0  10946-4 0  9996
2 40936   6.0018 199.2812 0010494 186.3155 173.6841 14.76577795258157
AEROCUBE 5C             
1 40965U 15058B   20189.91239827  .00000035  00000-0  24001-4 0  9993
2 40965  64.7791  81.9622 0169398  66.3171 295.5607 14.74532679 44323
AEROCUBE 7              
1 40966U 15058C   20190.43097019  .00000073  00000-0  28397-4 0  9992
2 40966  64.7792  78.8430 0168363  65.7927 296.0670 14.74834686 44408
ATHENOXAT 1             
1 41168U 15077C   20190.44459804  .00001338  00000-0  34064-4 0  9996
2 41168  14.9878 267.4054 0011357  60.2413 299.9037 15.14414099252534
GALASSIA                
1 41170U 15077E   20190.55473703  .00001363  00000-0  34889-4 0  9998
2 41170  14.9879 258.3712 0012605  88.6874 271.4891 15.14708594252629
VELOX-II                
1 41171U 15077F   20190.42943288  .00001126  00000-0  25869-4 0  9990
2 41171  14.9918 304.5296 0008850 341.3334  18.6661 15.11723877252200
HORYU-4                 
1 41340U 16012D   20189.70812395  .00000292  00000-0  15371-4 0  9991
2 41340  31.0037 202.7973 0013902 349.9011  10.1344 15.01513951240921
E-ST@R-II               
1 41459U 16025D   20190.58488253  .00002767  00000-0  14108-3 0  9991
2 41459  98.1083 301.6779 0165885 140.4690 220.8771 15.06483743230625
AAUSAT 4                
1 41460U 16025E   20190.42438616  .00002168  00000-0  10821-3 0  9997
2 41460  98.1044 303.9115 0154889 129.4138 232.0902 15.08813934230801
BEESAT-4                
1 41619U 16040W   20190.23893524  .00001000  00000-0  44011-4 0  9995
2 41619  97.3181 249.2806 0012830 104.6751 255.5910 15.24057933212563
CANX-7                  
1 41788U 16059F   20190.28016582  .00005989  00000-0  82057-3 0  9999
2 41788  98.2566 278.6463 0026215 220.7790 139.1481 14.78621431202890
RAVAN                   
1 41849U 16067B   20190.30859673  .00000361  00000-0  35260-4 0  9999
2 41849  97.9344 300.5174 0009269 167.7976 192.3472 14.98568556199748
CELTEE 1                
1 41850U 16067C   20190.25617347  .00000705  00000-0  66244-4 0  9993
2 41850  97.9301 298.1303 0009083 167.7045 192.4399 14.97196051199611
OPTICUBE 04             
1 41851U 16067D   20190.32381611  .00000528  00000-0  51221-4 0  9996
2 41851  97.9289 297.8071 0009043 169.9297 190.2107 14.96934848199609
AEROCUBE 8D             
1 41852U 16067E   20190.54059373 -.00000383  00000-0 -28009-4 0  9997
2 41852  97.9294 297.8644 0009592 172.1874 187.9499 14.96923370199614
AEROCUBE 8C             
1 41853U 16067F   20190.23845009  .00000453  00000-0  44772-4 0  9994
2 41853  97.9283 297.4602 0010299 174.7383 185.3948 14.96882710199569
PROMETHEUS 2-1          
1 41854U 16067G   20190.53770259 -.00000162  00000-0 -86807-5 0  9997
2 41854  97.9304 298.1061 0010249 172.3112 187.8268 14.97215563199626
PROMETHEUS 2-3          
1 41855U 16067H   20190.53800154 -.00000182  00000-0 -10422-4 0  9997
2 41855  97.9307 298.1401 0010418 172.8206 187.3166 14.97225004199628
INS-1B                  
1 41954U 17008G   20189.75579714  .00000888  00000-0  38607-4 0  9996
2 41954  97.3531 253.7923 0007803 221.0167 139.0485 15.24821347188465
BGUSAT                  
1 41999U 17008BD  20190.43483979  .00001510  00000-0  58700-4 0  9998
2 41999  97.3648 258.7220 0006566 226.3020 133.7675 15.27573811188150
DIDO-2                  
1 42000U 17008BE  20189.85408871  .00000634  00000-0  28648-4 0  9998
2 42000  97.3539 254.3877 0006861 242.7869 117.2670 15.24503504187873
PEASSS                  
1 42015U 17008BV  20189.88176248  .00000797  00000-0  34132-4 0  9992
2 42015  97.3564 256.0570 0004701 244.6496 115.4256 15.25652262188467
AL-FARABI 1             
1 42016U 17008BW  20189.89160660  .00001061  00000-0  43415-4 0  9994
2 42016  97.3595 257.1447 0004575 242.4799 117.5975 15.26504144188645
NAYIF-1 (EO-88)         
1 42017U 17008BX  20189.93532611  .00001065  00000-0  43516-4 0  9995
2 42017  97.3589 257.1985 0004616 241.4817 118.5957 15.26545682188678
UCLSAT                  
1 42765U 17036A   20189.84586493  .00000797  00000-0  36178-4 0  9990
2 42765  97.2992 243.5389 0010003 321.7736  38.2791 15.23564622169687
LITUANICASAT-2          
1 42768U 17036D   20189.74982183  .00001429  00000-0  61546-4 0  9998
2 42768  97.3050 243.4497 0013078 308.7700  51.2369 15.24138419168931
AALTO-1                 
1 42775U 17036L   20189.83555461  .00000507  00000-0  25269-4 0  9999
2 42775  97.2967 241.2887 0012445 312.9974  47.0218 15.21867664168777
URSA MAIOR              
1 42776U 17036M   20189.95388446  .00000565  00000-0  27665-4 0  9996
2 42776  97.2979 241.6969 0012239 312.2528  47.7670 15.22053054168809
COMPASS 2               
1 42777U 17036N   20190.16817990  .00001107  00000-0  48579-4 0  9993
2 42777  97.3038 244.2691 0010728 309.5074  50.5214 15.23978769168956
DIAMOND RED             
1 42783U 17036U   20189.84970913  .00000670  00000-0  31511-4 0  9990
2 42783  97.2993 242.7897 0010778 323.5016  36.5485 15.22869620168857
PEGASUS                 
1 42784U 17036V   20189.87533275  .00000756  00000-0  34777-4 0  9992
2 42784  97.2997 243.2490 0010623 322.1183  37.9306 15.23252740168886
DIAMOND GREEN           
1 42785U 17036W   20189.58566392  .00000692  00000-0  32423-4 0  9992
2 42785  97.2995 242.5691 0010721 325.3359  34.7178 15.22870432168884
DIAMOND BLUE            
1 42786U 17036X   20189.91341409  .00000663  00000-0  31212-4 0  9993
2 42786  97.2994 242.8830 0010542 324.3604  35.6928 15.22869839168854
NUDTSAT                 
1 42787U 17036Y   20190.57098380  .00001126  00000-0  48478-4 0  9992
2 42787  97.3039 245.3685 0011358 317.9411  42.0954 15.24581010168914
SUCHAI                  
1 42788U 17036Z   20189.89216041  .00000935  00000-0  41666-4 0  9991
2 42788  97.3006 243.8726 0010104 320.4902  39.5598 15.23809812168995
SKCUBE                  
1 42789U 17036AA  20189.80903078  .00000851  00000-0  38346-4 0  9994
2 42789  97.3000 243.6380 0010018 321.2225  38.8293 15.23648567168896
VZLUSAT-1               
1 42790U 17036AB  20189.77255307  .00001179  00000-0  50683-4 0  9999
2 42790  97.3026 244.5866 0009424 319.0679  40.9850 15.24565262168942
ROBUSTA-1B              
1 42792U 17036AD  20189.82597775  .00000909  00000-0  40555-4 0  9992
2 42792  97.3003 243.9122 0009601 321.9046  38.1512 15.23838777168929
CICERO 6                
1 42793U 17036AE  20189.95317910  .00000602  00000-0  28350-4 0  9997
2 42793  97.2978 243.4169 0009020 324.9781  35.0862 15.23173648168989
D-SAT                   
1 42794U 17036AF  20189.63847075  .00000233  00000-0  25755-4 0  9999
2 42794  97.4919 221.2945 0124706 298.0077  60.8571 14.91288875165704
CORVUS BC2              
1 42846U 17042X   20189.89434515  .00000263  00000-0  31060-4 0  9992
2 42846  97.5206  72.5292 0008852 201.4261 158.6589 14.92114130162457
CORVUS BC1              
1 42847U 17042Y   20190.42510477  .00000289  00000-0  33571-4 0  9993
2 42847  97.5207  73.2092 0008565 198.2874 161.8039 14.92215574162538
MIRATA                  
1 43015U 17073C   20189.69134961  .00000889  00000-0  74203-4 0  9995
2 43015  97.7182 101.1371 0252867 342.9565  16.3266 14.79695804142214
MAKERSAT 0              
1 43016U 17073D   20190.53798205  .00000590  00000-0  51314-4 0  9995
2 43016  97.7217 102.1282 0255551 341.2864  17.9080 14.79250276142315
DELLINGR (RBLE)         
1 43021U 98067NJ  20190.42462267  .00008992  00000-0  74238-4 0  9991
2 43021  51.6341 172.6129 0001786 104.3077 255.8119 15.71196319150161
AEROCUBE 7B (OCSD B)    
1 43042U 17071F   20190.40644168  .00002386  00000-0  61117-4 0  9993
2 43042  51.6386 323.7360 0004881 121.0903 239.0562 15.43736195145613
AEROCUBE 7C (OCSD C)    
1 43043U 17071G   20190.41016970  .00002399  00000-0  61437-4 0  9998
2 43043  51.6387 323.7760 0005083 125.0647 235.0817 15.43710406145585
CHEFSAT                 
1 43044U 17071H   20190.52634160  .00005343  00000-0  10633-3 0  9991
2 43044  51.6386 307.5858 0004450 131.9126 228.2242 15.48652411145816
ASGARDIA 1              
1 43049U 17071N   20190.40305932  .00002222  00000-0  57511-4 0  9995
2 43049  51.6398 323.0547 0002729 136.1424 223.9779 15.43742978145581
ISARA                   
1 43050U 17071P   20189.87662652  .00005086  00000-0  10532-3 0  9993
2 43050  51.6368 313.6198 0002484 138.4132 221.7045 15.47595849145675
PROPCUBE 2 (FAUNA)      
1 43052U 17071R   20189.80059745  .00002714  00000-0  67209-4 0  9990
2 43052  51.6390 324.2989 0002713 131.4864 228.6355 15.44202822145514
CORVUS BC3              
1 43118U 18004H   20190.44624423  .00000496  00000-0  23832-4 0  9992
2 43118  97.4431 260.5473 0009789 348.3968  11.7042 15.23393414138190
MICROMAS-2A             
1 43131U 18004W   20189.72211515  .00001244  00000-0  52227-4 0  9992
2 43131  97.4480 261.6326 0008597 350.8098   9.2981 15.25345175138182
SPACEBEE-4              
1 43139U 18004AE  20189.86981460  .00001871  00000-0  74114-4 0  9993
2 43139  97.4517 263.0106 0007911 351.8968   8.2141 15.26661452138276
SPACEBEE-3              
1 43140U 18004AF  20189.86760434  .00002427  00000-0  92736-4 0  9999
2 43140  97.4530 263.7268 0007438 350.6452   9.4647 15.27580389138317
SPACEBEE-2              
1 43141U 18004AG  20189.84305997  .00002643  00000-0  99797-4 0  9991
2 43141  97.4545 263.9741 0007375 349.8403  10.2686 15.27892272138329
SPACEBEE-1              
1 43142U 18004AH  20189.87149786  .00002824  00000-0  10528-3 0  9992
2 43142  97.4549 264.2753 0007301 349.5445  10.5641 15.28256259138338
CICERO 7                
1 43143U 18004AJ  20189.85398024  .00001138  00000-0  47945-4 0  9993
2 43143  97.4458 261.9417 0007170   2.5792 357.5482 15.25378327138227
GOMX-4B                 
1 43196U 18015E   20189.89883771  .00000225  00000-0  12128-4 0  9996
2 43196  97.4410 318.2799 0019781  37.2244 323.0360 15.24273577135017
GOMX-4A                 
1 43197U 18015F   20190.50894291  .00000521  00000-0  24013-4 0  9991
2 43197  97.4409 318.9808 0019899  35.2773  29.1556 15.24532581135125
UBAKUSAT                
1 43467U 98067NQ  20190.40377697  .00018926  00000-0  12083-3 0  9992
2 43467  51.6352 173.8289 0002148  78.2167 281.9074 15.76413518123415
CUBERRT                 
1 43546U 98067NU  20190.39576282  .00010319  00000-0  74196-4 0  9991
2 43546  51.6323 173.8138 0002404 142.0758 218.0410 15.74302712113544
TEMPEST-D               
1 43547U 98067NV  20190.51444882  .00004412  00000-0  53864-4 0  9992
2 43547  51.6347 205.5263 0004750 128.8062 231.3357 15.62796457112816
RAINCUBE                
1 43548U 98067NW  20190.39610172  .00022100  00000-0  14775-3 0  9997
2 43548  51.6303 182.0246 0002642 139.9518 220.1677 15.75233679113566
HALOSAT                 
1 43549U 98067NX  20190.47270773  .00013047  00000-0  92627-4 0  9999
2 43549  51.6347 182.6269 0002277 142.5540 217.5618 15.74307614113122
ENDUROSAT ONE           
1 43551U 98067NZ  20190.32975971  .00039384  00000-0  17914-3 0  9995
2 43551  51.6318 170.2582 0002177 112.4518 247.6716 15.83437469113680
EQUISAT                 
1 43552U 98067PA  20189.59816946  .00022823  00000-0  15223-3 0  9990
2 43552  51.6314 185.0664 0002677 149.1511 210.9647 15.75263702113388
AEROCUBE 12A            
1 43556U 18046C   20189.88318188  .00000696  00000-0  36093-4 0  9993
2 43556  51.6433   7.3919 0008306  13.8009 346.3197 15.29856279110508
AEROCUBE 12B            
1 43557U 18046D   20190.53585677  .00000289  00000-0  22377-4 0  9995
2 43557  51.6433   4.9866 0008403  15.5608 344.5629 15.29568421110548
UITMSAT-1               
1 43589U 98067PD  20190.40548098  .00027771  00000-0  15955-3 0  9991
2 43589  51.6327 178.2612 0001373 159.7623 200.3433 15.78532996109289
MAYA-1                  
1 43590U 98067PE  20189.70199649  .00031415  00000-0  18028-3 0  9992
2 43590  51.6273 181.7974 0001521 142.2245 217.8862 15.78487067109101
BHUTAN-1                
1 43591U 98067PF  20190.36858950  .00028053  00000-0  15988-3 0  9990
2 43591  51.6335 178.0931 0001410 162.7813 197.3236 15.78706712109218
SIRIUSSAT-1             
1 43595U 98067PG  20190.45986267  .00023300  00000-0  15167-3 0  9996
2 43595  51.6283 183.1569 0001937  89.8222 270.3000 15.75813005108339
SIRIUSSAT-2             
1 43596U 98067PH  20190.45974165  .00022914  00000-0  14999-3 0  9993
2 43596  51.6279 183.9832 0002116  92.4744 267.6498 15.75696188108325
TANUSHA-3               
1 43597U 98067PJ  20189.94072651  .00083602  00000-0  28326-3 0  9995
2 43597  51.6257 171.1921 0003420  63.3430 296.7925 15.89183130108442
SURFSAT                 
1 43614U 18070B   20190.46966228  .00001848  00000-0  47593-4 0  9992
2 43614  93.0213 163.2743 0012358 253.4921 106.4976 15.39272999101718
CP7 (DAVE)              
1 43615U 18070C   20190.43808691  .00001741  00000-0  45048-4 0  9994
2 43615  93.0215 163.2505 0012520 253.1162 106.8720 15.39122700101706
ELFIN-B                 
1 43616U 18070D   20189.94027239  .00002838  00000-0  70063-4 0  9993
2 43616  93.0176 162.9937 0012766 257.0240 102.9589 15.40505992101676
ELFIN-A                 
1 43617U 18070E   20190.42572576  .00002631  00000-0  64567-4 0  9991
2 43617  93.0229 163.7239 0012164 250.4387 109.5555 15.40701964101753
CUBEBEL-1 (BSUSAT-1)    
1 43666U 18083E   20190.52753691  .00000873  00000-0  45868-4 0  9998
2 43666  97.4868 216.7839 0013309 289.4799 176.1708 15.18296320 93817
CICERO 10               
1 43690U 18088A   20189.76645182  .00000614  00000-0  26417-4 0  9991
2 43690  85.0374  64.9395 0012968 230.1826 129.8275 15.20255978 91823
IRVINE01                
1 43693U 18088D   20189.72996512  .00001652  00000-0  68475-4 0  9999
2 43693  85.0346  63.5918 0016224 210.7326 149.2968 15.22945144 91939
PROXIMA I               
1 43694U 18088E   20189.80118429  .00000658  00000-0  26908-4 0  9992
2 43694  85.0316  63.3971 0018079 202.4049 157.6406 15.22000336 91940
PROXIMA II              
1 43696U 18088G   20189.93087569  .00000640  00000-0  26138-4 0  9994
2 43696  85.0317  63.3150 0018149 201.8420 158.2051 15.22002180 91959
FACSAT-1                
1 43721U 18096C   20190.43934591  .00001050  00000-0  41895-4 0  9998
2 43721  97.4200 263.8997 0018841  52.5060 307.7889 15.27274407 89597
CENTAURI-2              
1 43722U 18096D   20190.26127842  .00001327  00000-0  51389-4 0  9999
2 43722  97.4212 264.0180 0018838  52.8667 307.4290 15.27813779 89572
INNOSAT-2               
1 43738U 18096V   20190.51411532  .00001869  00000-0  65613-4 0  9992
2 43738  97.4232 266.3271 0024681  57.4460 302.9160 15.30421393 89759
SIRION PATHFINDER-2     
1 43759U 18099B   20190.45681291 -.00000108  00000-0 -45695-5 0  9998
2 43759  97.7044 261.7582 0015667 111.3338 248.9557 14.95285090 87072
CORVUS-BC 4             
1 43767U 18099K   20189.87023094  .00000387  00000-0  40784-4 0  9992
2 43767  97.7026 260.5705 0013236 116.4029 243.8551 14.94731011 86950
MOVE-II                 
1 43780U 18099Y   20190.46818697  .00000500  00000-0  50361-4 0  9994
2 43780  97.7052 261.7064 0014976 122.0003 238.2676 14.95417479 87050
SPACEBEE-7              
1 43816U 18099BL  20190.47032211  .00000470  00000-0  47296-4 0  9994
2 43816  97.7065 262.1128 0014974 107.8970 252.3885 14.95707855 86634
SPACEBEE-5              
1 43817U 18099BM  20189.88001070  .00001196  00000-0  11065-3 0  9997
2 43817  97.7120 262.0106 0014957 110.0245 250.2588 14.96340338 86563
SPACEBEE-6              
1 43818U 18099BN  20189.69523847  .00000597  00000-0  58419-4 0  9997
2 43818  97.7086 261.4992 0015054 109.4084 250.8766 14.95908667 86673
SHIELDS 1               
1 43850U 18104B   20189.92094258  .00000385  00000-0  15315-4 0  9998
2 43850  85.0298 161.8263 0014935   4.4899 355.6474 15.21402481 86586
STF-1                   
1 43852U 18104D   20190.46149184  .00000905  00000-0  38539-4 0  9991
2 43852  85.0340 162.0241 0015223  16.9770 343.1977 15.21318457 86648
ZACUBE-2                
1 43907U 18111AH  20190.52071349  .00000398  00000-0  18865-4 0  9990
2 43907  97.2637  89.6492 0023199  70.7466 289.6278 15.24606958 85226
LUME 1                  
1 43908U 18111AJ  20189.84805464  .00000776  00000-0  33628-4 0  9991
2 43908  97.2639  89.1816 0022979  72.4456 287.9290 15.25070107 85134
AOBA VELOX-IV           
1 43940U 19003J   20189.91586305  .00001484  00000-0  61642-4 0  9990
2 43940  97.2264 240.4918 0024805 147.4588 212.8186 15.25070395 81763
CATSAT-2                
1 44029U 98067PV  20190.31486138  .00007685  00000-0  79661-4 0  9994
2 44029  51.6365 210.2574 0002957 153.7710 206.3435 15.65789338 81798
DELPHINI                
1 44030U 98067PW  20189.36210263  .00013245  00000-0  12791-3 0  9992
2 44030  51.6322 213.5206 0002692 142.6736 217.4447 15.66824776 81638
UNITE                   
1 44031U 98067PX  20190.36408128  .00005450  00000-0  68096-4 0  9993
2 44031  51.6357 216.5485 0002652 140.6156 219.5031 15.61622937 81686
CATSAT-1                
1 44033U 98067PZ  20190.31477232  .00007822  00000-0  80993-4 0  9997
2 44033  51.6365 210.2636 0002946 151.5319 208.5838 15.65785092 81706
RAAVANA-1               
1 44329U 98067QE  20189.65353127  .00006562  00000-0  91692-4 0  9994
2 44329  51.6379 232.8620 0006152  74.8890 285.2782 15.58206574 60157
UGUISU                  
1 44330U 98067QF  20189.41059278  .00006435  00000-0  90359-4 0  9998
2 44330  51.6359 234.2305 0006175  72.8977 287.2691 15.58111876 60096
NEPALISAT-1             
1 44331U 98067QG  20189.58155872  .00006528  00000-0  91189-4 0  9999
2 44331  51.6358 233.1246 0006182  76.6995 283.4686 15.58223766 60137
SPOOQY-1                
1 44332U 98067QH  20189.58622792  .00006635  00000-0  92919-4 0  9991
2 44332  51.6368 233.1551 0005164  78.5987 281.5585 15.58126835 60090
SPACEBEE-9              
1 44370U 19037F   20189.92416230  .00005525  00000-0  12732-3 0  9990
2 44370  45.0078   1.2714 0013757 299.9432  60.0091 15.43665989 57767
SPACEBEE-8              
1 44371U 19037G   20189.87474914  .00011821  00000-0  22643-3 0  9996
2 44371  45.0076 355.0068 0012108 298.8687  61.0988 15.48100100 57813
IOD-1 GEMS              
1 44385U 98067QK  20190.37470391  .00009602  00000-0  11953-3 0  9999
2 44385  51.6381 227.2258 0003022  39.3957 320.7256 15.60676823 57754
MOVE-IIB                
1 44398U 19038N   20190.46051585  .00000791  00000-0  49052-4 0  9996
2 44398  97.5372 151.4248 0026767  57.1979 303.1824 15.12355136 55759
SONATE                  
1 44400U 19038Q   20190.50014536  .00000420  00000-0  28110-4 0  9991
2 44400  97.5410 151.4781 0026665  55.8288 304.5465 15.11971171 55751
LUCKY-7                 
1 44406U 19038W   20190.44595755  .00000491  00000-0  31995-4 0  9990
2 44406  97.5405 151.5354 0026126  55.7105 304.6593 15.12239025 55745
BEESAT 9                
1 44412U 19038AC  20189.84797123  .00000654  00000-0  41314-4 0  9999
2 44412  97.5396 150.9261 0024336  63.1905 297.1810 15.12323487 55354
JAISAT-1                
1 44419U 19038F   20189.86174661  .00000588  00000-0  37054-4 0  9996
2 44419  97.5398 151.2194 0023173  62.3745 297.9835 15.12807025 55689
SWIATOWID               
1 44426U 98067QL  20190.39919605  .00014541  00000-0  17116-3 0  9998
2 44426  51.6404 226.3534 0003583  36.0438  88.3109 15.61662418 57786
KRAKSAT                 
1 44427U 98067QM  20190.55340162  .00005058  00000-0  77663-4 0  9990
2 44427  51.6425 231.8374 0003701  39.3570 113.9600 15.56193686 57767
VCC A                   
1 44428U 98067QN  20190.48856921  .00005587  00000-0  80930-4 0  9996
2 44428  51.6385 230.2337 0003045  52.7885 307.3385 15.57567242 57789
ENTRYSAT                
1 44429U 98067QP  20189.67498150  .00007722  00000-0  10517-3 0  9998
2 44429  51.6373 233.0205 0002877  39.8120 320.3083 15.58607077 57672
VCC C                   
1 44430U 98067QQ  20190.46546187  .00008153  00000-0  10574-3 0  9995
2 44430  51.6365 227.8089 0002692  53.4855 306.6386 15.59831792 56630
VCC B                   
1 44431U 98067QR  20190.48771223  .00005704  00000-0  82346-4 0  9995
2 44431  51.6371 230.2119 0003166  52.0980 308.0298 15.57611594 57724
ATL-1                   
1 44830U 19084G   20189.73005308  .00054670  00000-0  28167-3 0  9996
2 44830  96.9698  59.1053 0025555 154.6826 205.5702 15.80520663 33659
SMOG-P                  
1 44832U 19084J   20189.70735608  .00061698  00000-0  29425-3 0  9994
2 44832  96.9704  59.2990 0024077 153.4000 206.8511 15.82222567 33666
DUCHIFAT-3              
1 44854U 19089C   20190.47592096  .00000211  00000-0  23454-4 0  9992
2 44854  36.9692 334.1150 0008702 244.1828 115.8030 14.99080009 31456
ORBITAL FACTORY 2 (OF-2)
1 45113U 19071C   20189.49217591  .00001209  00000-0  48408-4 0  9990
2 45113  51.6440 266.7429 0013405 128.7139 231.5043 15.33413122 24207
M2 PATHFINDER           
1 45727U 20037E   20190.07284749  .00000496  00000-0  55369-4 0  9991
2 45727  97.7003   9.7298 0011854 227.1309 132.8913 14.91206341  1099
