CUTE-1 (CO-55)          
1 27844U 03031E   18054.47092939  .00000052  00000-0  43308-4 0  9992
2 27844  98.6893  64.7927 0009438 347.1049  12.9886 14.22095828760038
CUBESAT XI-IV (CO-57)   
1 27848U 03031J   18054.46907313  .00000037  00000-0  36900-4 0  9999
2 27848  98.6981  65.1494 0009536 357.5190   2.5938 14.21702195759903
CUBESAT XI 5            
1 28895U 05043F   18054.37386765  .00000141  00000-0  35772-4 0  9991
2 28895  97.8912 210.5498 0018081  71.2429 289.0734 14.63511442656991
CUTE-1.7+APD II (CO-65) 
1 32785U 08021C   18054.47693776  .00000199  00000-0  27252-4 0  9994
2 32785  97.5528  72.0546 0014397  59.3692 300.8943 14.88065280532262
AAUSAT-II               
1 32788U 08021F   18054.51909990  .00000242  00000-0  27595-4 0  9999
2 32788  97.5339  85.6967 0012183  17.0850 343.0779 14.94228955533107
DELFI-C3 (DO-64)        
1 32789U 08021G   18054.22336839  .00001282  00000-0  92594-4 0  9990
2 32789  97.5279 111.8546 0011479 332.8229  27.2396 15.05768644534633
SEEDS II (CO-66)        
1 32791U 08021J   18054.48160112  .00000351  00000-0  41280-4 0  9992
2 32791  97.5445  77.1473 0014345  42.4069 317.8255 14.90472823532572
SWISSCUBE               
1 35932U 09051B   18054.37007570  .00000129  00000-0  40087-4 0  9999
2 35932  98.5267 202.9085 0007538 191.3395 168.7633 14.56123251446874
BEESAT                  
1 35933U 09051C   18054.40555771  .00000120  00000-0  38123-4 0  9994
2 35933  98.5307 204.4184 0005483 202.1254 157.9707 14.56231321446981
ITUPSAT 1               
1 35935U 09051E   18054.39619553  .00000107  00000-0  35664-4 0  9995
2 35935  98.5420 204.6633 0007851 199.8638 160.2253 14.55412667446772
M-CUBED & EXP-1 PRIME   
1 37855U 11061F   18054.46939077  .00001736  00000-0  96496-4 0  9995
2 37855 101.7261  58.8039 0177729  58.7258 303.1224 15.04079198344559
STRAND-1                
1 39090U 13009E   18054.52707208 -.00000001  00000-0  14989-4 0  9990
2 39090  98.5321 262.3136 0008099 275.9556  84.0706 14.35011873261523
AIST-2                  
1 39133U 13015D   18054.84935095  .00000156  00000-0  23654-4 0  9996
2 39133  64.8724 210.1034 0031982 240.0675 119.7268 15.04491390266161
SOMP                    
1 39134U 13015E   18054.49982054  .00001184  00000-0  65909-4 0  9996
2 39134  64.8634 134.5775 0023638 226.1422 133.7752 15.18830987267638
BEESAT 3                
1 39135U 13015F   18054.46940687  .00000936  00000-0  57677-4 0  9997
2 39135  64.8700 146.5769 0029476 247.5627 112.2376 15.16411797267400
BEESAT-2                
1 39136U 13015G   18054.46558449  .00001172  00000-0  70584-4 0  9994
2 39136  64.8702 149.0703 0029829 247.9682 111.8274 15.15890680267353
NEE-01 PEGASUS          
1 39151U 13018B   18054.70997562  .00000139  00000-0  25424-4 0  9999
2 39151  97.9752 149.5950 0016085 319.5152  40.4862 14.79855957260731
ESTCUBE 1               
1 39161U 13021C   18054.78366851  .00000174  00000-0  35652-4 0  9996
2 39161  98.0119 142.3547 0010925  65.0440 295.1885 14.72024091257767
POPACS 1                
1 39268U 13055D   18054.45247825  .00004120  00000-0  11701-3 0  9997
2 39268  81.0020 105.4987 0641625 201.2614 156.0782 14.33256004228150
POPACS 2                
1 39269U 13055E   18053.91285883  .00002264  00000-0  67119-4 0  9996
2 39269  81.0169 125.7053 0693292 253.9378  98.4439 14.21498108226901
POPACS 3                
1 39270U 13055F   18054.50154945  .00001144  00000-0  36396-4 0  9997
2 39270  81.0192 135.9891 0719830 284.7286  67.5225 14.14268241226285
ZACUBE-1 (TSHEPISOSAT)  
1 39417U 13066B   18054.53100763  .00000187  00000-0  29993-4 0  9995
2 39417  97.6007  89.1636 0059619 166.0779 194.2096 14.80878859229972
WNISAT-1                
1 39423U 13066H   18054.85212566  .00000125  00000-0  34300-4 0  9992
2 39423  97.7131  27.7833 0176358  11.9741 348.5573 14.52926491225775
GOMX 1                  
1 39430U 13066Q   18054.46294879  .00000251  00000-0  54902-4 0  9994
2 39430  97.6865  39.6046 0150988 330.0683  29.1947 14.59028035226575
EAGLE 2                 
1 39436U 13066W   18054.30174296  .00087449  00000-0  10602-2 0  9994
2 39436  97.7109 181.3489 0006410 252.3804 107.6752 15.60324243235467
CUBEBUG-2 (LO-74)       
1 39440U 13066AA  18054.49379871  .00000158  00000-0  29219-4 0  9993
2 39440  97.6091  76.4442 0080049 203.7772 155.9732 14.75615312229156
NEE-02 KRYSAOR          
1 39441U 13066AB  18054.51117581  .00000098  00000-0  21185-4 0  9992
2 39441  97.6084  74.8071 0081344 208.3749 151.3020 14.74736540227865
FUNCUBE-1 (AO-73)       
1 39444U 13066AE  18054.65365981  .00000229  00000-0  34747-4 0  9993
2 39444  97.6018  90.6604 0058910 161.5268 198.8103 14.81644418228849
UWE-3                   
1 39446U 13066AG  18054.50821744  .00000166  00000-0  28835-4 0  9994
2 39446  97.6036  82.4388 0070236 185.2899 174.7579 14.78148242228320
BRITE-TORONTO           
1 40020U 14033L   18054.68255540  .00000086  00000-0  23437-4 0  9997
2 40020  97.8019 278.6591 0086277 246.1826 113.0317 14.66469788196943
DUCHIFAT-1              
1 40021U 14033M   18054.31727002  .00000467  00000-0  54001-4 0  9999
2 40021  97.9176 332.8322 0012583 188.0035 172.0984 14.90203928199991
NANOSATC-BR1            
1 40024U 14033Q   18054.57124777  .00000360  00000-0  43721-4 0  9999
2 40024  97.9120 331.5479 0011878 188.5865 171.5151 14.89482302199447
QB50P1                  
1 40025U 14033R   18054.35280338  .00000248  00000-0  32657-4 0  9993
2 40025  97.9087 329.9704 0012013 193.3060 166.7842 14.88640711199852
QB50P2                  
1 40032U 14033Y   18054.47558265  .00000227  00000-0  30644-4 0  9992
2 40032  97.9047 328.9338 0011553 187.8481 172.2556 14.88189728199817
PERSEUS-M2              
1 40037U 14033AD  18054.31066119  .00000071  00000-0  14308-4 0  9998
2 40037  97.9047 326.6521 0013899 197.6479 162.4256 14.86325111199614
PERSEUS-M1              
1 40039U 14033AF  18054.30669489  .00000060  00000-0  13230-4 0  9999
2 40039  97.9048 326.0775 0013831 193.9806 166.1028 14.85947288199567
POLYITAN-1              
1 40042U 14033AJ  18054.31753864  .00000336  00000-0  42354-4 0  9990
2 40042  97.9161 330.0138 0014440 182.9776 177.1357 14.88311166199779
TIGRISAT                
1 40043U 14033AK  18054.61057299  .00000113  00000-0  24391-4 0  9997
2 40043  97.8257 295.9627 0059465 203.6647 156.1825 14.74098514197578
AEROCUBE 6A             
1 40045U 14033AM  18054.62085866  .00000259  00000-0  44961-4 0  9997
2 40045  97.8408 297.8759 0057414 198.3718 161.5419 14.75065667197546
AEROCUBE 6B             
1 40046U 14033AN  18054.62137861  .00000287  00000-0  49065-4 0  9992
2 40046  97.8386 297.7693 0056716 197.6633 162.2606 14.75056050197542
UKUBE-1                 
1 40074U 14037F   18054.79040601  .00000300  00000-0  43393-4 0  9994
2 40074  98.3694 186.4460 0003969 338.4872  21.6178 14.83723151196485
BRITE-PL 2              
1 40119U 14049B   18054.27816713  .00000109  00000-0  19463-4 0  9993
2 40119  97.9217 143.7036 0017227 354.6247   5.4780 14.84253326190402
FIREBIRD 4              
1 40378U 15003C   18054.59314450  .00001867  00000-0  80909-4 0  9992
2 40378  99.1016 293.8281 0131716 248.1079 110.6101 15.16754626169091
GRIFEX                  
1 40379U 15003D   18054.61365920  .00001458  00000-0  68409-4 0  9991
2 40379  99.1052 290.5348 0138338 259.0788  99.4848 15.13984362168905
EXOCUBE                 
1 40380U 15003E   18054.60056373  .00001023  00000-0  51448-4 0  9994
2 40380  99.1102 288.6849 0142573 265.2676  93.2256 15.12255210168770
TIANWANG 1C (TW-1C)     
1 40926U 15051B   18054.71126819  .00007072  00000-0  14090-3 0  9999
2 40926  97.1980  97.6378 0009770 343.1814 157.0609 15.47156024135758
TIANWANG 1A (TW-1A)     
1 40928U 15051D   18054.76627497  .00002967  00000-0  81324-4 0  9997
2 40928  97.1990  90.9600 0012742  19.2206  71.1477 15.38011122135347
EXACTVIEW 9             
1 40936U 15052G   18053.98747345  .00000710  00000-0  10530-4 0  9990
2 40936   6.0018 248.1256 0009215 178.7270 181.2826 14.76349441130067
ATHENOXAT 1             
1 41168U 15077C   18054.63598380  .00002229  00000-0  86264-4 0  9995
2 41168  14.9865 131.2033 0011748 264.1818 341.0706 15.12476361121156
GALASSIA                
1 41170U 15077E   18054.43589629  .00002004  00000-0  72632-4 0  9997
2 41170  14.9887 127.7457 0013192 281.8796  78.0046 15.12884873121176
VELOX 2                 
1 41171U 15077F   18054.46849807  .00001541  00000-0  51733-4 0  9992
2 41171  14.9909 146.1088 0008938 227.2264 132.7304 15.10457651121019
HORYU-IV                
1 41340U 16012D   18054.13504166  .00000494  00000-0  31198-4 0  9999
2 41340  31.0057 312.6487 0013912  42.0306 318.1395 15.00890918110746
E-ST@R-II               
1 41459U 16025D   18054.56168861  .00002615  00000-0  14033-3 0  9994
2 41459  98.1509 111.1641 0172555 168.9522 191.5539 15.04042097100343
AAUSAT 4                
1 41460U 16025E   18054.84251347  .00002095  00000-0  11271-3 0  9992
2 41460  98.1428 111.7959 0163830 164.6458 195.9802 15.05314603100437
DIWATA-1                
1 41463U 98067HT  18054.76713247  .00009599  00000-0  90808-4 0  9994
2 41463  51.6392 190.7396 0001291  52.9607  88.4480 15.67741799104196
BEESAT-4                
1 41619U 16040W   18054.12888246  .00001155  00000-0  54005-4 0  9999
2 41619  97.4300 118.7940 0010095 269.8393  90.1686 15.21762411 80740
CANX-7                  
1 41788U 16059F   18054.81939643  .00005996  00000-0  10455-2 0  9996
2 41788  98.1975 120.9267 0033904 102.5848 257.9109 14.67998524 75463
ALSAT 1N                
1 41789U 16059G   18054.85525520  .00000079  00000-0  24190-4 0  9996
2 41789  98.1332 119.1578 0029852  84.2326 276.2259 14.64128842 75432
RAVAN                   
1 41849U 16067B   18054.23414205  .00000648  00000-0  60730-4 0  9993
2 41849  97.9289 141.3055 0009021 176.6791 183.4492 14.97564153 70070
CELTEE 1                
1 41850U 16067C   18054.17763357  .00000586  00000-0  56545-4 0  9993
2 41850  97.9284 140.8844 0009193 174.2259 185.9069 14.96745919 70044
OPTICUBE 04             
1 41851U 16067D   18054.26626869  .00000120  00000-0  15827-4 0  9992
2 41851  97.9288 140.9185 0008901 174.3145 185.8179 14.96627101 70053
AEROCUBE 8D             
1 41852U 16067E   18054.48920967 -.00000089  00000-0 -24723-5 0  9995
2 41852  97.9294 141.0026 0009817 176.5789 183.5500 14.96415374 70074
AEROCUBE 8C             
1 41853U 16067F   18054.30004088  .00000265  00000-0  28769-4 0  9991
2 41853  97.9291 140.7811 0010293 178.1816 181.9444 14.96378114 70045
PROMETHEUS 2-1          
1 41854U 16067G   18054.31295958  .00000885  00000-0  83307-4 0  9998
2 41854  97.9300 140.7794 0010704 176.8524 183.2766 14.96443904 70047
PROMETHEUS 2-3          
1 41855U 16067H   18054.18166442  .00000906  00000-0  85141-4 0  9991
2 41855  97.9303 140.6483 0010849 177.6039 182.5235 14.96441538 70027
STARS-C                 
1 41895U 98067KR  18054.79675361  .00901064  46962-3  94081-3 0  9994
2 41895  51.6255 179.5950 0008471 332.5589  27.5120 16.09828940 67641
ITF-2                   
1 41932U 98067KU  18054.44946727  .00027717  00000-0  23348-3 0  9997
2 41932  51.6366 203.9492 0003716 130.3454 229.7868 15.69604108 62868
WASEDA-SAT3             
1 41933U 98067KV  18054.56594607  .00042582  00000-0  31333-3 0  9997
2 41933  51.6338 200.1384 0003032 135.7506 224.3735 15.72621767 62920
AOBA-VELOX 3            
1 41935U 98067KX  18054.54203059  .00038141  00000-0  29489-3 0  9990
2 41935  51.6357 201.5370 0002890 134.7872 225.3362 15.71500220 63005
INS-1B                  
1 41954U 17008G   18054.57883674  .00001280  00000-0  57972-4 0  9990
2 41954  97.4608 119.4381 0010419  40.2034 319.9971 15.22670801 56714
BGUSAT                  
1 41999U 17008BD  18054.53128268  .00002156  00000-0  91752-4 0  9993
2 41999  97.4648 120.1275 0009817  58.0628 302.1562 15.24056238 56112
DIDO-2                  
1 42000U 17008BE  18054.60340129  .00000938  00000-0  42963-4 0  9993
2 42000  97.4627 119.8272 0010074  57.3805 302.8402 15.22947168 56110
PEASSS                  
1 42015U 17008BV  18054.57460830  .00001156  00000-0  51112-4 0  9996
2 42015  97.4622 120.1261 0008061  65.7208 294.4870 15.23698225 56615
AL-FARABI 1             
1 42016U 17008BW  18054.59517195  .00001429  00000-0  61884-4 0  9996
2 42016  97.4628 120.2688 0007953  66.3664 293.8408 15.24037305 56749
NAYIF-1 (EO-88)         
1 42017U 17008BX  18054.59111636  .00001464  00000-0  63272-4 0  9999
2 42017  97.4626 120.2702 0007930  66.5133 293.6936 15.24058565 56760
HAVELSAT                
1 42700U 98067LH  18054.84875827  .00025886  00000-0  25844-3 0  9995
2 42700  51.6363 211.8526 0004557 185.4779 174.6167 15.65438098 44230
COLUMBIA                
1 42702U 98067LK  18054.83368694  .00570362  15447-3  10840-2 0  9992
2 42702  51.6239 194.2314 0007255 312.8770  47.1630 16.00048512 44381
SGSAT                   
1 42703U 98067LL  18054.84232289  .00112666  00000-0  62406-3 0  9995
2 42703  51.6332 202.6936 0000732 249.6584 110.4338 15.78723742 44268
CXBN-2                  
1 42704U 98067LM  18054.84167379  .00027379  00000-0  27731-3 0  9991
2 42704  51.6363 212.5643 0001638 122.4998 237.6155 15.65049962 44148
ICECUBE                 
1 42705U 98067LN  18054.78595872  .00039394  00000-0  34137-3 0  9996
2 42705  51.6404 209.9883 0001566 114.7616 245.3544 15.68734949 44239
PHOENIX                 
1 42706U 98067LP  18054.83701096  .00022305  00000-0  23106-3 0  9998
2 42706  51.6361 212.5275 0001102 138.8070 221.3009 15.64609171 44137
X-CUBESAT               
1 42707U 98067LQ  18054.79104149  .00029082  00000-0  28800-3 0  9995
2 42707  51.6339 212.1885 0001031 146.4165 213.6896 15.65582340 44123
QBEE50-LTU-OC           
1 42708U 98067LR  18054.81900948  .00025743  00000-0  25995-3 0  9992
2 42708  51.6360 212.3916 0001154 146.1739 213.9330 15.65163591 44089
ALTAIR PATHFINDER       
1 42711U 98067LS  18054.43989120  .00013368  00000-0  15979-3 0  9994
2 42711  51.6362 218.1210 0004057 115.2031 244.9384 15.61343701 43680
SHARC                   
1 42712U 98067LT  18054.83085188  .00011296  00000-0  14121-3 0  9996
2 42712  51.6380 217.0148 0002455 122.4491 237.6740 15.60354127 43979
ZA-AEROSAT              
1 42713U 98067LU  18054.84272726  .00021468  00000-0  23247-3 0  9995
2 42713  51.6353 214.0587 0002109 110.4509 249.6712 15.63503344 43777
LINK                    
1 42714U 98067LV  18054.55843920  .00044397  00000-0  38249-3 0  9998
2 42714  51.6323 211.3593 0001397 122.1128 238.0004 15.68822390 43896
CSUNSAT 1               
1 42715U 98067LW  18054.82816603  .00022302  00000-0  23864-3 0  9996
2 42715  51.6365 213.9697 0003808 109.1103 251.0305 15.63778859 43774
SPACECUBE               
1 42717U 98067LY  18054.84121779  .00026452  00000-0  26787-3 0  9990
2 42717  51.6352 212.5417 0003202 186.2703 173.8252 15.65072422 43167
HOOPOE                  
1 42718U 98067LZ  18054.81732838  .00031736  00000-0  30484-3 0  9992
2 42718  51.6357 211.6354 0003027 187.1282 172.9671 15.66296521 43175
CHALLENGER              
1 42721U 98067MA  18054.80699128  .00058268  00000-0  45527-3 0  9992
2 42721  51.6335 208.5181 0004386 177.5415 182.5605 15.71056204 42911
NJUST-1                 
1 42722U 98067MB  18054.84509696  .00020549  00000-0  22842-3 0  9993
2 42722  51.6364 214.8302 0006000 165.5882 194.5285 15.62848026 42838
UNSW-ECO                
1 42723U 98067MC  18054.84870757  .00035520  00000-0  33773-3 0  9993
2 42723  51.6370 211.8587 0005134 168.5496 191.5617 15.66484051 42855
LILACSAT-1              
1 42725U 98067ME  18054.83117336  .00025655  00000-0  26957-3 0  9995
2 42725  51.6362 213.9877 0004914 169.0637 191.0465 15.64147551 42744
NSIGHT-1                
1 42726U 98067MF  18054.84432606  .00011038  00000-0  14216-3 0  9992
2 42726  51.6380 217.8493 0005814 166.6055 193.5094 15.59582014 42701
SNUSAT-1                
1 42727U 98067MG  18054.64441819  .00025067  00000-0  26428-3 0  9992
2 42727  51.6348 214.9592 0006488 130.0676 230.0889 15.64066256 42683
I-INSPIRE II            
1 42731U 98067ML  18054.81514868  .00037798  00000-0  35272-3 0  9992
2 42731  51.6349 211.5944 0005196 118.1293 242.0228 15.66918764 42637
POLYITAN-2-SAU          
1 42732U 98067MM  18054.84763384  .00031192  00000-0  31032-3 0  9997
2 42732  51.6355 212.5749 0005574 116.1404 244.0166 15.65414615 42628
SNUSAT-1B               
1 42733U 98067MN  18054.85001247  .00026238  00000-0  27101-3 0  9999
2 42733  51.6359 213.3469 0005827 119.3829 240.7748 15.64564200 42611
EXALTA-1                
1 42734U 98067MP  18054.56502728  .00038031  00000-0  35418-3 0  9992
2 42734  51.6338 212.9199 0006343 143.9642 216.1783 15.66958094 42542
BEEAGLESAT              
1 42736U 98067MR  18054.83894634  .00023668  00000-0  25184-3 0  9993
2 42736  51.6353 214.0224 0006213 162.6268 197.4940 15.63870382 42660
ATLANTIS                
1 42737U 98067MS  18054.83567431  .00229974  00000-0  85318-3 0  9999
2 42737  51.6249 199.5504 0002676 264.0055  96.0644 15.86902726 42740
UCLSAT                  
1 42765U 17036A   18054.11840463  .00001096  00000-0  51678-4 0  9993
2 42765  97.4166 115.7359 0013505 113.8483 246.4170 15.21528690 37364
LITUANICASAT-2          
1 42768U 17036D   18054.59334309  .00002097  00000-0  97716-4 0  9990
2 42768  97.4176 115.8810 0017683 103.7890 256.5314 15.20868246 37299
AALTO-1                 
1 42775U 17036L   18054.71900719  .00000782  00000-0  38787-4 0  9998
2 42775  97.4162 116.0034 0015969 100.9132 259.3901 15.20530366 37254
URSA MAIOR              
1 42776U 17036M   18054.71086996  .00000818  00000-0  40378-4 0  9990
2 42776  97.4167 116.0252 0015828 101.1863 259.1152 15.20595972 37250
COMPASS 2               
1 42777U 17036N   18054.23744531  .00001497  00000-0  69830-4 0  9992
2 42777  97.4184 115.7778 0014776 106.3207 253.9655 15.21319883 37187
DIAMOND RED             
1 42783U 17036U   18054.61619500  .00000987  00000-0  47259-4 0  9992
2 42783  97.4167 116.1435 0014131 112.2418 248.0318 15.21203636 37241
PEGASUS                 
1 42784U 17036V   18054.60263232  .00001114  00000-0  52684-4 0  9990
2 42784  97.4168 116.1656 0014056 112.4622 247.8104 15.21360286 37248
DIAMOND GREEN           
1 42785U 17036W   18054.61532616  .00001011  00000-0  48317-4 0  9991
2 42785  97.4169 116.1519 0014020 112.7472 247.5247 15.21206783 37319
DIAMOND BLUE            
1 42786U 17036X   18054.61439873  .00000984  00000-0  47127-4 0  9999
2 42786  97.4169 116.1518 0013844 113.0180 247.2518 15.21202996 37312
NUDTSAT                 
1 42787U 17036Y   18054.23013896  .00001612  00000-0  73943-4 0  9995
2 42787  97.4174 115.9036 0013628 113.7392 246.5276 15.21801769 37038
SUCHAI                  
1 42788U 17036Z   18054.11766348  .00001164  00000-0  54585-4 0  9993
2 42788  97.4169 115.7429 0013662 113.9733 246.2935 15.21575371 37245
SKCUBE                  
1 42789U 17036AA  18054.11515345  .00001085  00000-0  51135-4 0  9993
2 42789  97.4168 115.7425 0013490 113.9375 246.3275 15.21561512 37163
VZLUSAT-1               
1 42790U 17036AB  18054.61587675  .00001617  00000-0  74084-4 0  9994
2 42790  97.4169 116.2922 0013196 112.7591 247.5041 15.21833381 37243
ROBUSTA-1B              
1 42792U 17036AD  18054.22574095  .00001234  00000-0  57501-4 0  9995
2 42792  97.4166 115.8921 0013069 114.5175 245.7425 15.21699705 37193
CICERO 6                
1 42793U 17036AE  18054.60670024  .00000768  00000-0  37005-4 0  9995
2 42793  97.4160 116.2911 0012194 113.8781 246.3734 15.21651108 37325
D-SAT                   
1 42794U 17036AF  18054.61350673  .00000158  00000-0  19614-4 0  9991
2 42794  97.6083 113.4695 0125859 300.4517  58.4317 14.90785766 36808
TOKI                    
1 42820U 98067MU  18054.59071226  .00021852  00000-0  24085-3 0  9996
2 42820  51.6355 216.8674 0002773  99.9284 260.2024 15.63036453 36086
MAZAALAI (NUMSAT-1)     
1 42822U 98067MW  18054.60779473  .00021672  00000-0  24059-3 0  9990
2 42822  51.6357 216.9841 0002772 105.6565 254.4735 15.62856779 36065
BRAC ONNESHA            
1 42823U 98067MX  18054.48085771  .00019538  00000-0  21719-3 0  9996
2 42823  51.6362 217.6468 0005534 123.9880 236.1641 15.62887104 36022
NIGERIAEDUSAT-1         
1 42824U 98067MY  18054.49345426  .00019059  00000-0  21305-3 0  9993
2 42824  51.6369 217.7401 0005416 124.7984 235.3520 15.62762353 36015
SILU-1 (SILKROAD 1)     
1 42903U 17021F   18054.16327787  .00016781  00000-0  15842-3 0  9994
2 42903  42.7805 296.3341 0011369 224.9094 273.0239 15.66661003 32010
MIRATA                  
1 43015U 17073C   18054.75613632  .00001295  00000-0  10907-3 0  9999
2 43015  97.6975 350.6119 0257780 280.8843  76.3460 14.77835915 14387
ASTERIA                 
1 43020U 98067NH  18054.86908128  .00009244  00000-0  13385-3 0  9991
2 43020  51.6394 222.5121 0002857 107.3039 252.8265 15.56660208 14823
DELLINGR (RBLE)         
1 43021U 98067NJ  18054.50773949  .00006398  00000-0  97244-4 0  9998
2 43021  51.6389 224.5954 0002647 106.0546 254.0737 15.55947507 14760
TECHEDSAT 6             
1 43026U 98067NK  18054.85395398  .00102684  00000-0  98985-3 0  9996
2 43026  51.6354 219.3944 0002442 214.9797 145.1039 15.65690703 14767
OSIRIS-3U               
1 43027U 98067NL  18054.86833073  .00026923  00000-0  34982-3 0  9993
2 43027  51.6377 221.7537 0003017  94.7925 265.3412 15.58595409 14718
AEROCUBE 7B             
1 43042U 17071F   18054.51067595  .00003289  00000-0  96812-4 0  9997
2 43042  51.6383 234.9946 0005210 207.8810 152.1895 15.38048275 12100
AEROCUBE 7C             
1 43043U 17071G   18054.51028627  .00003269  00000-0  96267-4 0  9993
2 43043  51.6385 234.9929 0005173 207.6591 152.4118 15.38054688 12078
CHEFSAT                 
1 43044U 17071H   18054.50103662  .00005261  00000-0  14685-3 0  9993
2 43044  51.6385 234.9341 0005270 203.3860 156.6885 15.38411320 12074
ASGARDIA 1              
1 43049U 17071N   18054.50169005  .00003125  00000-0  91994-4 0  9997
2 43049  51.6385 234.9379 0002404 221.2692 138.8110 15.38213714 12067
ISARA                   
1 43050U 17071P   18054.49702438  .00005013  00000-0  14042-3 0  9996
2 43050  51.6386 234.9100 0002489 215.5506 144.5313 15.38411363 12064
FAUNA                   
1 43052U 17071R   18054.49831941  .00003656  00000-0  10559-3 0  9990
2 43052  51.6386 234.9186 0002399 216.0338 144.0485 15.38297346 12067
MICROMAS-2A             
1 43132U 18004X   18054.60374455  .00001220  00000-0  56038-4 0  9999
2 43132  97.5492 116.9139 0011388 130.8680 229.3544 15.22307560  6431
