EYESAT-1 (AO-27)        
1 22825U 93061C   17252.50612852  .00000022  00000-0  26199-4 0  9999
2 22825  98.8213 219.1631 0009544  85.7262 274.5010 14.30005283249186
CUTE-1 (CO-55)          
1 27844U 03031E   17252.57853569  .00000156  00000-0  90386-4 0  9999
2 27844  98.6904 260.3594 0010925 102.0338 258.2065 14.22058270736270
CUBESAT XI-IV (CO-57)   
1 27848U 03031J   17252.60122721  .00000120  00000-0  74399-4 0  9993
2 27848  98.6997 260.6758 0010767 110.5685 249.6648 14.21670289736162
CUBESAT XI 5            
1 28895U 05043F   17252.41066953  .00000389  00000-0  83813-4 0  9992
2 28895  97.8748  50.8678 0015728 234.4451 125.5286 14.63432690632803
CUTE-1.7+APD II (CO-65) 
1 32785U 08021C   17252.50668638  .00000704  00000-0  82358-4 0  9996
2 32785  97.5632 272.9142 0011663 246.3256 113.6738 14.87944098507365
COMPASS-1               
1 32787U 08021E   17252.54884976  .00001868  00000-0  18610-3 0  9998
2 32787  97.5546 282.3421 0011762 210.4485 149.6053 14.92701070508033
AAUSAT-II               
1 32788U 08021F   17252.62819164  .00002275  00000-0  21838-3 0  9994
2 32788  97.5529 285.4064 0011377 201.0356 159.0398 14.93982551508287
DELFI-C3 (DO-64)        
1 32789U 08021G   17253.19507454  .00003101  00000-0  22154-3 0  9995
2 32789  97.5500 309.6129 0013254 166.1893 193.9699 15.05149406509652
CANX-2                  
1 32790U 08021H   17252.83832865  .00000905  00000-0  10496-3 0  9999
2 32790  97.5614 271.5502 0012343 247.2493 112.7420 14.87667485507422
SEEDS II (CO-66)        
1 32791U 08021J   17253.04693702  .00000956  00000-0  10373-3 0  9999
2 32791  97.5589 278.0534 0012286 226.2834 133.7367 14.90301596507787
SWISSCUBE               
1 35932U 09051B   17252.38696101  .00000362  00000-0  93022-4 0  9999
2 35932  98.5076  32.4540 0007496   1.8553 358.2670 14.56047547422579
BEESAT                  
1 35933U 09051C   17252.36648304  .00000312  00000-0  81537-4 0  9993
2 35933  98.5117  33.7985 0006029  17.8271 342.3136 14.56163399422674
ITUPSAT 1               
1 35935U 09051E   17252.33250115  .00000252  00000-0  69200-4 0  9997
2 35935  98.5228  34.0183 0008174   8.6109 351.5226 14.55353586422449
TISAT 1                 
1 36799U 10035E   17252.33220903  .00001299  00000-0  13903-3 0  9992
2 36799  98.0716  16.8136 0013473  55.0466 305.2015 14.90485519388311
M-CUBED & EXP-1 PRIME   
1 37855U 11061F   17253.12833051  .00003988  00000-0  21381-3 0  9994
2 37855 101.7036 167.6902 0179878 190.5302 169.2121 15.03320197319555
HORYU 2                 
1 38340U 12025D   17253.06650472  .00000641  00000-0  10248-3 0  9995
2 38340  98.3783 259.9869 0012258  28.1134 332.0734 14.75390078285802
STRAND-1                
1 39090U 13009E   17252.53202873  .00000125  00000-0  59131-4 0  9992
2 39090  98.5470  97.1501 0010217  54.2285 305.9849 14.34982149237573
BRITE-AUSTRIA           
1 39091U 13009F   17253.17029090  .00000030  00000-0  25918-4 0  9993
2 39091  98.5435  97.1418 0011547  59.0950 301.1369 14.35039446237682
UNIBRITE                
1 39092U 13009G   17253.17707018  .00000029  00000-0  25471-4 0  9999
2 39092  98.5445  96.8311 0010376  53.5230 306.6910 14.34914144237667
AIST-2                  
1 39133U 13015D   17253.13036370  .00000918  00000-0  77223-4 0  9993
2 39133  64.8746  17.1009 0038300 267.7503  91.9231 15.04347898241076
SOMP                    
1 39134U 13015E   17253.20809225  .00004196  00000-0  21054-3 0  9991
2 39134  64.8652 311.9722 0039462 250.2009 109.4861 15.18097170242387
BEESAT-2                
1 39136U 13015G   17252.52852155  .00005865  00000-0  31548-3 0  9990
2 39136  64.8722 326.0518 0034147 271.2914  88.4300 15.15318592241665
NEE-01 PEGASUS          
1 39151U 13018B   17253.23667525  .00000523  00000-0  76377-4 0  9990
2 39151  97.9832 344.2201 0018238 132.2256 228.0507 14.79759722236118
CUBEBUG-1 (CAPITAN BETO)
1 39153U 13018D   17252.79443937  .00001001  00000-0  13828-3 0  9994
2 39153  97.9856 344.6428 0018131 131.7381 228.5384 14.80228303236101
ESTCUBE 1               
1 39161U 13021C   17253.17340699  .00000512  00000-0  89648-4 0  9991
2 39161  98.0264 338.0639 0008795 223.3099 136.7454 14.71935507233257
POPACS 1                
1 39268U 13055D   17252.38891573  .00012856  00000-0  37157-3 0  9991
2 39268  81.0011 280.2891 0647439 332.6719  24.1723 14.31774562202761
POPACS 2                
1 39269U 13055E   17252.47006202  .00007964  00000-0  23462-3 0  9997
2 39269  81.0142 296.5953 0698824  15.1651 346.9341 14.20484802202043
POPACS 3                
1 39270U 13055F   17252.43637291  .00004478  00000-0  14076-3 0  9991
2 39270  81.0176 305.6198 0724354  42.4138 323.0737 14.13556245181972
FIREFLY                 
1 39404U 13064AA  17251.06213925  .00163258  00000-0  64260-3 0  9994
2 39404  40.4942 136.5917 0010851 295.9821  63.9892 15.85481188214371
ZACUBE-1 (TSHEPISOSAT)  
1 39417U 13066B   17253.10281934  .00000664  00000-0  90303-4 0  9991
2 39417  97.6222 291.1945 0059030 353.7017   6.3447 14.80762138205346
WNISAT-1                
1 39423U 13066H   17253.18908872  .00000567  00000-0  12179-3 0  9999
2 39423  97.6890 234.5570 0175894 171.9213 188.4887 14.52868121201573
TRITON-1                
1 39427U 13066M   17252.60406745  .00000906  00000-0  15233-3 0  9992
2 39427  97.6375 262.3035 0115816  78.5326 282.8860 14.67505334203230
GOMX 1                  
1 39430U 13066Q   17253.21957047  .00000426  00000-0  85959-4 0  9990
2 39430  97.6701 245.7962 0152898 134.0993 227.2910 14.58911997202335
BRITE-PL                
1 39431U 13066R   17252.48912849  .00000181  00000-0  49031-4 0  9999
2 39431  97.7153 222.8079 0201746 214.4701 144.3273 14.46864778200633
HUMSAT-D                
1 39433U 13066T   17252.71989743  .00002085  00000-0  21197-3 0  9991
2 39433  97.6448 313.3111 0029740 297.2127  62.6062 14.91533392206614
EAGLE 2                 
1 39436U 13066W   17252.86336839  .00065966  00000-0  15679-2 0  9996
2 39436  97.7123   3.1625 0009499 140.4436 219.7504 15.41384783209672
CUBEBUG-2 (LO-74)       
1 39440U 13066AA  17253.15098181  .00000720  00000-0  10742-3 0  9993
2 39440  97.6238 279.7582 0081318  25.7631 334.7594 14.75502758204625
NEE-02 KRYSAOR          
1 39441U 13066AB  17253.07093353  .00000507  00000-0  79081-4 0  9996
2 39441  97.6220 278.2676 0082836  29.8467 330.7429 14.74655938204499
FUNCUBE-1 (AO-73)       
1 39444U 13066AE  17252.56743827  .00001174  00000-0  15204-3 0  9997
2 39444  97.6239 291.8479 0058142 351.9154   8.1116 14.81507338203518
UWE-3                   
1 39446U 13066AG  17252.57003134  .00000983  00000-0  13755-3 0  9996
2 39446  97.6219 284.6392 0070651  11.8560 348.4294 14.78036384203076
BRITE-TORONTO           
1 40020U 14033L   17253.12560926  .00000291  00000-0  57980-4 0  9991
2 40020  97.8231 120.0360 0088855  57.2514 303.7215 14.66417667172546
DUCHIFAT-1              
1 40021U 14033M   17253.18710647  .00001342  00000-0  14500-3 0  9993
2 40021  97.9134 166.4585 0013870  26.8883 333.3050 14.89980076175250
FLOCK 1C-10             
1 40023U 14033P   17253.21891292  .00002411  00000-0  26300-3 0  9994
2 40023  97.9152 165.4537 0013467  32.4203 327.7873 14.88837242175153
NANOSATC-BR1            
1 40024U 14033Q   17252.28731118  .00001262  00000-0  13901-3 0  9997
2 40024  97.9089 164.3110 0013260  31.4070 328.7936 14.89292156174543
QB50P1                  
1 40025U 14033R   17253.18596299  .00000906  00000-0  10351-3 0  9997
2 40025  97.9065 164.1227 0013387  31.5897 328.6120 14.88483871175138
FLOCK 1C-7              
1 40026U 14033S   17253.19376331  .00003695  00000-0  39264-3 0  9994
2 40026  97.9196 166.2674 0012101  30.3893 329.8017 14.89578574175201
FLOCK 1C-1              
1 40027U 14033T   17252.71293081  .00003837  00000-0  41421-3 0  9998
2 40027  97.9190 165.1994 0013550  30.8232 329.4046 14.88899748175093
POPSAT-HIP-1            
1 40028U 14033U   17253.09052765  .00001690  00000-0  18826-3 0  9991
2 40028  97.9093 164.3268 0014833  29.7162 330.4901 14.88352128175105
FLOCK 1C-2              
1 40029U 14033V   17253.21126144  .00002069  00000-0  22604-3 0  9999
2 40029  97.9168 165.5480 0014672  25.5328 334.6619 14.88914577175156
FLOCK 1C-4              
1 40031U 14033X   17253.16901835  .00003822  00000-0  41378-3 0  9991
2 40031  97.9184 165.4737 0015467  24.8453 335.3507 14.88766696175134
QB50P2                  
1 40032U 14033Y   17252.58624111  .00001364  00000-0  15440-3 0  9996
2 40032  97.9036 162.5553 0012730  28.9826 331.2094 14.88040922174473
FLOCK 1C-11             
1 40033U 14033Z   17253.20914733  .00002232  00000-0  23560-3 0  9996
2 40033  97.9184 167.1231 0012787  18.5232 341.6368 14.90245566175250
ANTELSAT                
1 40034U 14033AA  17252.74738447  .00001011  00000-0  15802-3 0  9995
2 40034  97.8466 134.0058 0059767  22.2007 338.1769 14.73748422173382
FLOCK 1C-9              
1 40035U 14033AB  17253.19681564  .00003280  00000-0  35435-3 0  9997
2 40035  97.9195 165.9344 0012640  19.8136 340.3560 14.88977653175155
FLOCK 1C-6              
1 40036U 14033AC  17253.21177061  .00002482  00000-0  26895-3 0  9996
2 40036  97.9208 166.1794 0012368  20.9701 339.1977 14.89079212175176
PERSEUS-M2              
1 40037U 14033AD  17252.55256300  .00000586  00000-0  72837-4 0  9998
2 40037  97.9051 160.8636 0015303  34.0624 326.1570 14.86255687174343
FLOCK 1C-5              
1 40038U 14033AE  17253.21983472  .00001531  00000-0  16830-3 0  9991
2 40038  97.9210 165.9781 0014673  19.0481 341.1281 14.89055524175169
PERSEUS-M1              
1 40039U 14033AF  17252.70832984  .00000582  00000-0  72957-4 0  9994
2 40039  97.9057 160.5390 0015045  30.0105 330.1970 14.85879557174827
FLOCK 1C-8              
1 40040U 14033AG  17252.96542512  .00003628  00000-0  37201-3 0  9995
2 40040  97.9233 168.1108 0013514   8.2246 351.9176 14.91014884175267
FLOCK 1C-3              
1 40041U 14033AH  17253.19879315  .00002178  00000-0  23857-3 0  9997
2 40041  97.9190 165.7125 0013444  18.9050 341.2601 14.88764639175132
POLYITAN-1              
1 40042U 14033AJ  17252.64171184  .00001696  00000-0  19000-3 0  9995
2 40042  97.9139 163.5928 0015466  21.1585 339.0267 14.88128584174986
TIGRISAT                
1 40043U 14033AK  17252.62350337  .00000724  00000-0  11460-3 0  9996
2 40043  97.8445 134.5401 0060917  23.7780 336.6222 14.74015223172977
LEMUR-1                 
1 40044U 14033AL  17252.61475308  .00000738  00000-0  11717-3 0  9992
2 40044  97.8443 134.2519 0060093  24.9954 335.4144 14.73839665172854
AEROCUBE 6A             
1 40045U 14033AM  17252.39953184  .00001039  00000-0  15812-3 0  9996
2 40045  97.8573 135.7061 0059241  19.7888 340.5600 14.74891279173134
AEROCUBE 6B             
1 40046U 14033AN  17252.60303860  .00001297  00000-0  19563-3 0  9994
2 40046  97.8562 135.8303 0058142  18.6843 341.6482 14.74894371172923
UKUBE-1                 
1 40074U 14037F   17252.80476955  .00001099  00000-0  14052-3 0  9995
2 40074  98.3562  11.5660 0005737 129.8487 230.3214 14.83566092171727
BRITE-PL 2              
1 40119U 14049B   17252.82638314  .00000717  00000-0  92108-4 0  9994
2 40119  97.9339 338.2732 0017840 168.8468 191.3145 14.84174548165716
FIREBIRD 4              
1 40378U 15003C   17252.77617874  .00009746  00000-0  40625-3 0  9991
2 40378  99.1202  93.6692 0136266  81.9811 279.6853 15.15823352143827
GRIFEX                  
1 40379U 15003D   17252.76704549  .00008047  00000-0  35625-3 0  9994
2 40379  99.1232  91.0801 0142329  90.6083 271.1453 15.13279543143671
EXOCUBE                 
1 40380U 15003E   17252.77038062  .00006226  00000-0  28649-3 0  9992
2 40380  99.1277  89.6466 0146099  95.1956 266.5960 15.11728612143573
DEORBITSAIL             
1 40719U 15032E   17252.58481592  .00001569  00000-0  23415-3 0  9990
2 40719  97.9696 145.2451 0015165 229.6713 130.3173 14.76141860116777
TIANWANG 1C (TW-1C)     
1 40926U 15051B   17253.20142568  .00027702  00000-0  60665-3 0  9993
2 40926  97.2211 292.1328 0010756 209.2375 223.3032 15.44022530110035
TIANWANG 1B (TW-1B)     
1 40927U 15051C   17253.13893323  .00027116  00000-0  61708-3 0  9996
2 40927  97.2305 292.0500 0009907 222.9290 212.3664 15.42890912109969
TIANWANG 1A (TW-1A)     
1 40928U 15051D   17252.50605007  .00010927  00000-0  30635-3 0  9994
2 40928  97.2187 286.8029 0010769 251.2106 244.9189 15.36705017109646
LEMUR-2-JOEL            
1 40932U 15052C   17252.59901208  .00001312  00000-0  91105-4 0  9999
2 40932   6.0110 345.0687 0014104  10.0325 350.0170 14.77517456105517
LEMUR-2-CHRIS           
1 40933U 15052D   17252.59319991  .00001493  00000-0  11512-3 0  9995
2 40933   6.0089 343.9029 0014824  13.7807 346.2905 14.77659229105523
LEMUR-2-JEROEN          
1 40934U 15052E   17253.07468533 -.00000305  00000-0 -13070-3 0  9991
2 40934   6.0087 346.2399 0011005   9.4108 349.7571 14.77010583105501
LEMUR-2-PETER           
1 40935U 15052F   17252.56712776  .00002914  00000-0  31619-3 0  9991
2 40935   6.0100 351.4658 0011768 345.4310  14.5686 14.76782862105439
EXACTVIEW 9             
1 40936U 15052G   17251.78554258  .00000957  00000-0  45142-4 0  9996
2 40936   6.0055 359.9203 0010905 337.6685  22.3091 14.76280265105312
ATHENOXAT 1             
1 41168U 15077C   17253.11516458  .00008329  00000-0  43321-3 0  9997
2 41168  14.9876 268.8954 0012751 111.9851 289.6653 15.11853639 95916
GALASSIA                
1 41170U 15077E   17253.13217668  .00004164  00000-0  19474-3 0  9998
2 41170  14.9885 264.6727 0013594 132.9109 227.2354 15.12316301 95957
VELOX 2                 
1 41171U 15077F   17253.16820970  .00004179  00000-0  20981-3 0  9999
2 41171  14.9912 278.5603 0009175  86.4921 273.6449 15.10044463 95833
AGGIESAT 4              
1 41313U 98067HP  17253.12389883  .00068823  00000-0  38698-3 0  9996
2 41313  51.6382 285.3873 0003680  77.9811 282.1602 15.78582153 92327
HORYU-IV                
1 41340U 16012D   17252.46399019  .00001554  00000-0  11303-3 0  9996
2 41340  31.0054 292.9202 0014160 189.7703 170.2659 15.00682989 85685
OUFTI-1                 
1 41458U 16025C   17252.84386919  .00006937  00000-0  37106-3 0  9996
2 41458  98.1777 295.2599 0171786   7.3698 353.0254 15.03543436 75296
E-ST@R-II               
1 41459U 16025D   17252.60800901  .00006875  00000-0  36720-3 0  9995
2 41459  98.1757 294.9359 0173751   8.2991 352.1040 15.03347761 75257
AAUSAT 4                
1 41460U 16025E   17253.15160021  .00009654  00000-0  51228-3 0  9998
2 41460  98.1699 295.6718 0166166   4.4903 355.7785 15.04381284 75360
DIWATA-1                
1 41463U 98067HT  17253.06691338  .00027615  00000-0  29377-3 0  9994
2 41463  51.6418 316.5902 0001767  60.4946  10.9512 15.63798384 78075
NODES 2                 
1 41477U 98067HX  17253.17670621  .00679287  24619-3  82233-3 0  9996
2 41477  51.6170 276.2703 0006029  33.0843 327.0546 16.07542717 75593
NODES 1                 
1 41478U 98067HY  17253.15163149  .00513620  13320-3  77172-3 0  9998
2 41478  51.6219 277.6892 0006412  33.6227 326.5190 16.04052254 75576
FLOCK 2E'-1             
1 41479U 98067HZ  17252.58262353  .00062833  00000-0  45361-3 0  9990
2 41479  51.6335 305.0668 0000629  13.0828 347.0186 15.72908457 75129
FLOCK 2E'-3             
1 41480U 98067JA  17252.61815276  .00059355  00000-0  43608-3 0  9991
2 41480  51.6333 304.5752 0001640 358.6921   1.4073 15.72518280 75120
FLOCK 2E'-2             
1 41481U 98067JB  17252.39500740  .00054480  00000-0  38222-3 0  9994
2 41481  51.6306 303.7694 0001079  31.4813 328.6250 15.73636562 75103
FLOCK 2E'-4             
1 41482U 98067JC  17253.11757715  .00102976  00000-0  61460-3 0  9996
2 41482  51.6298 297.3070 0003130  26.4802 333.6357 15.77086018 75251
FLOCK 2E-1              
1 41483U 98067JD  17252.38484564  .00046959  00000-0  37060-3 0  9991
2 41483  51.6353 307.5794 0002915   8.6867 351.4180 15.70914318 74925
FLOCK 2E-2              
1 41484U 98067JE  17252.40928716  .00056233  00000-0  40393-3 0  9996
2 41484  51.6361 304.7580 0003131  17.8982 342.2126 15.73067673 74966
FLOCK 2E-3              
1 41486U 98067JG  17252.58834365  .00078875  00000-0  59445-3 0  9997
2 41486  51.6342 308.1738 0003234  27.0779 333.0388 15.71796804 74951
FLOCK 2E-4              
1 41487U 98067JH  17253.13631301  .00047650  00000-0  37343-3 0  9995
2 41487  51.6348 303.5605 0003812  44.9826 315.1480 15.71071948 75065
FLOCK 2E-6              
1 41563U 98067JM  17252.38993628  .00035386  00000-0  30302-3 0  9990
2 41563  51.6346 310.5783 0000330 119.1924 240.9106 15.69077153 72977
FLOCK 2E-5              
1 41564U 98067JN  17252.59644953  .00037996  00000-0  32504-3 0  9993
2 41564  51.6348 309.7174 0000329  45.4165 314.6858 15.69066442 72994
FLOCK 2E-7              
1 41565U 98067JP  17252.53644797  .00059014  00000-0  41948-3 0  9991
2 41565  51.6332 304.0049 0004003  60.5624 299.5774 15.73290161 72965
FLOCK 2E'-5             
1 41567U 98067JR  17253.14814812  .00030046  00000-0  26824-3 0  9998
2 41567  51.6359 308.9282 0004015  81.9823 278.1629 15.68137194 72927
FLOCK 2E'-6             
1 41568U 98067JS  17253.14619962  .00035754  00000-0  28958-3 0  9999
2 41568  51.6340 305.1016 0003615  73.2854 286.8540 15.70416625 73005
FLOCK 2E'-8             
1 41569U 98067JT  17252.99829787  .00049500  00000-0  34792-3 0  9997
2 41569  51.6329 301.0879 0002855  28.7780 331.3376 15.73631373 72928
FLOCK 2E'-7             
1 41570U 98067JU  17253.04201303  .00347558  00000-0  13987-2 0  9990
2 41570  51.6337 295.3572 0007272  31.5525 328.5914 15.84898028 73023
FLOCK 2E-9              
1 41571U 98067JV  17253.14050678  .00056582  00000-0  37808-3 0  9992
2 41571  51.6341 299.0511 0003519  55.6023 304.5309 15.74747631 72947
FLOCK 2E-10             
1 41572U 98067JW  17253.14734252  .00053140  00000-0  39052-3 0  9990
2 41572  51.6338 302.1184 0004189  64.3665 295.7766 15.72550370 72903
FLOCK 2E-12             
1 41573U 98067JX  17253.16118389  .00061040  00000-0  42298-3 0  9994
2 41573  51.6322 300.6836 0003520  65.7061 294.4305 15.73872696 72923
FLOCK 2E-11             
1 41574U 98067JY  17253.14797094  .00057992  00000-0  40172-3 0  9999
2 41574  51.6321 299.7893 0004056  75.8093 284.3356 15.73899541 72939
FLOCK 2E'-9             
1 41575U 98067JZ  17253.14207082  .00064269  00000-0  41678-3 0  9990
2 41575  51.6318 298.2154 0003310  81.7815 278.3560 15.75386102 72947
FLOCK 2E'-10            
1 41576U 98067KA  17252.38231319  .00092908  00000-0  63113-3 0  9995
2 41576  51.6345 304.5169 0003538  83.7841 276.3561 15.74165444 72692
FLOCK 2E'-11            
1 41577U 98067KB  17252.57891348  .00058429  00000-0  41986-3 0  9995
2 41577  51.6348 304.3450 0004004  68.9556 291.1871 15.73039550 72533
FLOCK 2E'-12            
1 41578U 98067KC  17252.36816442  .00075420  00000-0  49221-3 0  9995
2 41578  51.6313 303.5825 0004626  54.7830 305.3602 15.75169681 72521
FLOCK 2P-6              
1 41606U 16040H   17253.21812043  .00003089  00000-0  13569-3 0  9994
2 41606  97.4512 315.2436 0012291 131.5532 228.6761 15.22616094 67647
FLOCK 2P-11             
1 41608U 16040K   17253.15746446  .00008343  00000-0  36035-3 0  9993
2 41608  97.4508 315.1501 0012236 132.2190 228.0086 15.22684514 67571
FLOCK 2P-2              
1 41609U 16040L   17253.17441862  .00008225  00000-0  35590-3 0  9994
2 41609  97.4512 315.1571 0012210 131.6033 228.6252 15.22627480 67553
FLOCK 2P-9              
1 41610U 16040M   17253.13482719  .00011784  00000-0  50808-3 0  9991
2 41610  97.4504 315.0746 0012170 131.6033 312.2787 15.22644116 67428
FLOCK 2P-4              
1 41611U 16040N   17253.21275315  .00005026  00000-0  21889-3 0  9992
2 41611  97.4536 315.3841 0012450 139.8713 220.3445 15.22603369 67604
FLOCK 2P-10             
1 41612U 16040P   17253.19087100  .00004986  00000-0  21697-3 0  9994
2 41612  97.4540 315.4399 0012179 139.9274 220.2863 15.22639213 67600
FLOCK 2P-8              
1 41613U 16040Q   17253.14146952  .00006721  00000-0  29146-3 0  9997
2 41613  97.4536 315.3312 0012328 139.3963 220.8195 15.22623856 67593
FLOCK 2P-12             
1 41614U 16040R   17252.64311058  .00009172  00000-0  39636-3 0  9991
2 41614  97.4549 314.9829 0011980 141.0264 219.1838 15.22639206 67527
FLOCK 2P-7              
1 41615U 16040S   17253.20175555  .00004479  00000-0  19519-3 0  9998
2 41615  97.4533 315.3882 0012163 140.4662 219.7464 15.22642530 67608
FLOCK 2P-5              
1 41616U 16040T   17252.19407963  .00011725  00000-0  50580-3 0  9992
2 41616  97.4549 314.5111 0011958 142.1203 218.0876 15.22628657 67437
FLOCK 2P-1              
1 41617U 16040U   17253.10262772  .00008754  00000-0  37839-3 0  9992
2 41617  97.4549 315.4410 0011731 140.0555 220.1547 15.22647819 67593
FLOCK 2P-3              
1 41618U 16040V   17253.13058654  .00004931  00000-0  21478-3 0  9993
2 41618  97.4547 315.3960 0011933 139.4998 220.7128 15.22612557 67590
BEESAT-4                
1 41619U 16040W   17252.20989362  .00006770  00000-0  30721-3 0  9994
2 41619  97.4543 313.7645 0013356 130.0374 230.2035 15.21055270 55362
3CAT-2                  
1 41732U 16051B   17253.16217024  .00006604  00000-0  26571-3 0  9991
2 41732  97.3729 168.8839 0013250 341.6222 128.0591 15.25150815 59485
FLOCK 2E'-13            
1 41761U 98067KH  17253.20652274  .00017193  00000-0  19480-3 0  9991
2 41761  51.6377 322.1528 0005279 224.1782 135.8792 15.62497035 56190
FLOCK 2E'-14            
1 41762U 98067KJ  17253.18053088  .00027467  00000-0  30318-3 0  9995
2 41762  51.6388 322.0114 0005095 225.1977 134.8604 15.62845287 56193
FLOCK 2E'-16            
1 41763U 98067KK  17252.74138674  .00033188  00000-0  35773-3 0  9999
2 41763  51.6392 323.5755 0004589 237.3875 122.6677 15.63353212 56092
FLOCK 2E'-15            
1 41764U 98067KL  17253.22321171  .00016130  00000-0  18392-3 0  9996
2 41764  51.6389 322.2913 0004970 231.8017 128.2530 15.62390061 56151
FLOCK 2E'-18            
1 41769U 98067KM  17253.20637314  .00017840  00000-0  20241-3 0  9993
2 41769  51.6387 322.1725 0004296 259.3064 100.7446 15.62436129 56159
FLOCK 2E'-17            
1 41776U 98067KN  17253.19474813  .00024906  00000-0  27868-3 0  9995
2 41776  51.6396 322.1197 0004670 260.6783  99.3683 15.62555036 56143
FLOCK 2E'-19            
1 41777U 98067KP  17253.22402007  .00024009  00000-0  23716-3 0  9998
2 41777  51.6370 317.7527 0003491 269.6981  90.3615 15.65758153 56168
FLOCK 2E'-20            
1 41782U 98067KQ  17253.20355485  .00022250  00000-0  22814-3 0  9993
2 41782  51.6384 319.1537 0003485 263.9084  96.1514 15.64867042 56013
CANX-7                  
1 41788U 16059F   17253.10425308  .00014168  00000-0  26059-2 0  9994
2 41788  98.1825 314.3935 0030044 254.1851 105.6779 14.65431476 51022
ALSAT 1N                
1 41789U 16059G   17253.10089728  .00000864  00000-0  17298-3 0  9991
2 41789  98.1580 314.2274 0027076 246.9222 112.9144 14.64074831 51033
RAVAN                   
1 41849U 16067B   17252.77583974  .00005120  00000-0  44792-3 0  9990
2 41849  97.9450 332.2343 0009047  30.1834 329.9907 14.97163706 45160
CELTEE 1                
1 41850U 16067C   17252.17294331  .00001358  00000-0  12450-3 0  9997
2 41850  97.9443 331.4632 0009401  29.3749 330.7999 14.96612210 45063
OPTICUBE 04             
1 41851U 16067D   17252.38326356  .00000777  00000-0  73649-4 0  9996
2 41851  97.9445 331.6533 0009670  29.2729 330.9032 14.96530939 45093
AEROCUBE 8D             
1 41852U 16067E   17253.18238968  .00001196  00000-0  11119-3 0  9996
2 41852  97.9455 332.3557 0010317  25.5966 334.5763 14.96267385 45207
AEROCUBE 8C             
1 41853U 16067F   17253.18980666  .00000791  00000-0  75454-4 0  9999
2 41853  97.9455 332.3443 0010724  25.6446 334.5305 14.96230820 45204
PROMETHEUS 2-1          
1 41854U 16067G   17253.20614524  .00000921  00000-0  87015-4 0  9991
2 41854  97.9453 332.3289 0010872  24.1503 336.0225 14.96211760 45203
PROMETHEUS 2-3          
1 41855U 16067H   17252.80672236  .00001752  00000-0  16062-3 0  9997
2 41855  97.9455 331.9234 0011083  25.4907 334.6858 14.96208025 45147
LEMUR-2-XIAOQING        
1 41871U 16062C   17252.81545319  .00009742  00000-0  42500-3 0  9995
2 41871  51.6503  44.9295 0003741 162.6007 339.1523 15.22761934 43837
LEMUR-2-SOKOLSKY        
1 41872U 16062D   17252.86286784  .00010838  00000-0  47032-3 0  9992
2 41872  51.6580  44.4593 0004443 182.4925 297.4597 15.22821765 43834
LEMUR-2-ANUBHAVTHAKUR   
1 41873U 16062E   17252.84471819  .00004820  00000-0  22434-3 0  9999
2 41873  51.6312  45.7582 0006308 179.6533 327.3685 15.21691426 43801
LEMUR-2-WINGO           
1 41874U 16062F   17252.84477385  .00008838  00000-0  39119-3 0  9995
2 41874  51.6241  45.0146 0007854 153.7717 358.2225 15.22371574 43821
STARS-C                 
1 41895U 98067KR  17253.21412134  .00054400  00000-0  50758-3 0  9994
2 41895  51.6364 323.7025 0004311 311.9377  48.1251 15.66763663 41292
TANCREDO-1              
1 41931U 98067KT  17253.21499801  .00187394  00000-0  94460-3 0  9998
2 41931  51.6310 315.3704 0004597 332.5152  27.5606 15.80542989 36977
ITF-2                   
1 41932U 98067KU  17253.20222339  .00024955  00000-0  28799-3 0  9993
2 41932  51.6406 327.4207 0003911 236.1617 123.9005 15.61757722 36819
WASEDA-SAT3             
1 41933U 98067KV  17252.43687101  .00045098  00000-0  49636-3 0  9994
2 41933  51.6388 330.5313 0003853 239.2100 120.8515 15.62675051 36703
AOBA-VELOX 3            
1 41935U 98067KX  17252.59384214  .00047374  00000-0  52805-3 0  9993
2 41935  51.6400 330.1003 0003433 241.9466 118.1181 15.62329160 36820
TUPOD                   
1 41936U 98067KY  17250.57341446  .07502361  12188-4  17908-2 0  9997
2 41936  51.6148 320.0413 0007592 348.0024  12.1012 16.28694591 36150
OSNSAT                  
1 41939U 98067KZ  17252.56606510  .00115130  00000-0  94153-3 0  9998
2 41939  51.6362 324.6097 0003639 267.3981  92.6599 15.69678806 36150
FLOCK 3P-8              
1 41951U 17008D   17252.81641273  .00005436  00000-0  23448-3 0  9997
2 41951  97.4874 313.8832 0006831 250.9725 109.0772 15.22947122 31406
FLOCK 3P-51             
1 41952U 17008E   17252.52395855  .00006025  00000-0  25965-3 0  9999
2 41952  97.4881 313.6771 0006639 275.4737  84.5742 15.22930842 31377
FLOCK 3P-37             
1 41953U 17008F   17252.61063424  .00010912  00000-0  46105-3 0  9993
2 41953  97.4877 313.8599 0006030 280.7974  79.2584 15.23404619 31396
INS-1B                  
1 41954U 17008G   17252.56386841  .00006912  00000-0  30545-3 0  9995
2 41954  97.4852 313.3978 0008060 253.4548 106.5803 15.22010939 31301
FLOCK 3P-19             
1 41955U 17008H   17252.56925921  .00015833  00000-0  67590-3 0  9996
2 41955  97.4870 313.5896 0007621 252.5522 107.4882 15.22955115 31296
FLOCK 3P-24             
1 41956U 17008J   17252.56644952  .00010479  00000-0  44822-3 0  9993
2 41956  97.4869 313.5929 0007610 249.0875 110.9547 15.22991717 31376
FLOCK 3P-18             
1 41957U 17008K   17252.76471266  .00006509  00000-0  27962-3 0  9997
2 41957  97.4869 313.7916 0007716 250.2144 109.8261 15.23000620 31246
FLOCK 3P-22             
1 41958U 17008L   17252.57342263  .00016101  00000-0  68759-3 0  9999
2 41958  97.4871 313.5887 0007449 250.4684 109.5748 15.22939216 31203
FLOCK 3P-21             
1 41959U 17008M   17252.75871134  .00008887  00000-0  38099-3 0  9990
2 41959  97.4876 313.8120 0007229 252.3949 107.6498 15.22963083 31247
FLOCK 3P-28             
1 41960U 17008N   17252.55965989  .00010214  00000-0  43771-3 0  9992
2 41960  97.4875 313.6138 0007084 251.3314 108.7154 15.22936945 31292
FLOCK 3P-26             
1 41961U 17008P   17252.56876281  .00010845  00000-0  46438-3 0  9993
2 41961  97.4874 313.5996 0007311 250.2579 109.7870 15.22945338 31211
FLOCK 3P-17             
1 41962U 17008Q   17252.61486681  .00010186  00000-0  43639-3 0  9999
2 41962  97.4874 313.6922 0007083 253.6696 106.3761 15.22945433 31178
FLOCK 3P-27             
1 41963U 17008R   17253.16822244  .00009200  00000-0  39492-3 0  9997
2 41963  97.4872 314.1810 0007492 248.5553 111.4885 15.22906655 31300
FLOCK 3P-25             
1 41964U 17008S   17252.56342005  .00015355  00000-0  65450-3 0  9994
2 41964  97.4872 313.6037 0007070 251.4204 108.6265 15.23016581 31192
FLOCK 3P-4              
1 41965U 17008T   17252.55708967  .00010183  00000-0  43577-3 0  9997
2 41965  97.4874 313.6190 0006971 252.9979 107.0494 15.22987406 31299
FLOCK 3P-2              
1 41966U 17008U   17252.55808645  .00015453  00000-0  65949-3 0  9994
2 41966  97.4876 313.6219 0006876 250.7791 109.2702 15.22974666 31218
FLOCK 3P-1              
1 41967U 17008V   17252.57107415  .00010775  00000-0  46438-3 0  9998
2 41967  97.4879 313.6084 0007055 252.1944 107.8523 15.22729806 31217
FLOCK 3P-3              
1 41968U 17008W   17252.56050184  .00010579  00000-0  45309-3 0  9996
2 41968  97.4874 313.6132 0006978 251.1712 108.8768 15.22947792 31298
FLOCK 3P-6              
1 41969U 17008X   17252.55591051  .00009608  00000-0  41142-3 0  9991
2 41969  97.4876 313.6254 0006771 250.5493 109.5012 15.22984219 31202
FLOCK 3P-7              
1 41970U 17008Y   17253.12942519  .00011631  00000-0  49636-3 0  9991
2 41970  97.4875 314.2397 0006908 252.4467 107.6015 15.23043558 31296
FLOCK 3P-5              
1 41971U 17008Z   17253.14326509  .00008370  00000-0  35948-3 0  9996
2 41971  97.4877 314.2252 0006834 251.8816 108.1676 15.22923049 31232
FLOCK 3P-12             
1 41972U 17008AA  17252.61560566  .00005846  00000-0  25228-3 0  9996
2 41972  97.4878 313.7025 0006635 254.0015 106.0491 15.22898537 31304
FLOCK 3P-9              
1 41973U 17008AB  17252.55419974  .00010200  00000-0  43720-3 0  9993
2 41973  97.4880 313.6351 0006790 251.8694 108.1803 15.22932548 31298
FLOCK 3P-10             
1 41974U 17008AC  17252.54477546  .00016202  00000-0  69047-3 0  9990
2 41974  97.4879 313.6501 0006639 253.6745 106.3761 15.23013631 31188
FLOCK 3P-11             
1 41975U 17008AD  17253.14832078  .00005797  00000-0  24945-3 0  9998
2 41975  97.4877 314.2210 0006928 250.3180 109.7309 15.22999675 31151
FLOCK 3P-60             
1 41976U 17008AE  17253.18987012  .00003673  00000-0  15934-3 0  9991
2 41976  97.4881 314.3221 0006524 252.6124 107.4399 15.22970973 30642
FLOCK 3P-58             
1 41977U 17008AF  17252.55023899  .00010153  00000-0  43560-3 0  9993
2 41977  97.4879 313.6383 0006589 253.7398 106.3113 15.22901483 31370
FLOCK 3P-57             
1 41978U 17008AG  17252.61072064  .00005709  00000-0  24612-3 0  9997
2 41978  97.4879 313.7116 0006688 252.1252 107.9255 15.22942326 31227
FLOCK 3P-75             
1 41979U 17008AH  17252.60915880  .00005927  00000-0  25527-3 0  9997
2 41979  97.4901 313.7777 0006879 256.3641 103.6829 15.22958122 31374
FLOCK 3P-70             
1 41980U 17008AJ  17252.80597692  .00007738  00000-0  33173-3 0  9996
2 41980  97.4899 313.9767 0006854 254.4069 105.6411 15.23012939 31242
FLOCK 3P-73             
1 41981U 17008AK  17253.20695920  .00003305  00000-0  14385-3 0  9995
2 41981  97.4900 314.3615 0007087 254.1729 105.8726 15.22925326 31447
FLOCK 3P-88             
1 41982U 17008AL  17253.13116082  .00010930  00000-0  46683-3 0  9993
2 41982  97.4896 314.3013 0006944 253.9736 106.0736 15.23031310 30401
FLOCK 3P-85             
1 41983U 17008AM  17252.52746021  .00011861  00000-0  50666-3 0  9998
2 41983  97.4900 313.7329 0006821 260.9647  99.0817 15.23006536 31217
FLOCK 3P-79             
1 41984U 17008AN  17252.52845077  .00016157  00000-0  68844-3 0  9990
2 41984  97.4900 313.7312 0006484 260.4785  99.5719 15.23020862 31217
FLOCK 3P-86             
1 41985U 17008AP  17252.79181694  .00008074  00000-0  34624-3 0  9996
2 41985  97.4899 313.9887 0006460 258.4343 101.6168 15.22990471 31242
FLOCK 3P-36             
1 41986U 17008AQ  17253.18894598  .00004127  00000-0  17819-3 0  9997
2 41986  97.4882 314.3267 0006208 252.9004 107.1552 15.23056330 30790
FLOCK 3P-30             
1 41987U 17008AR  17252.52263450  .00016863  00000-0  71810-3 0  9993
2 41987  97.4883 313.6854 0006122 258.1012 101.9538 15.23034041 31161
FLOCK 3P-34             
1 41988U 17008AS  17253.19157947  .00003963  00000-0  17146-3 0  9990
2 41988  97.4878 314.3144 0006314 250.1372 109.9184 15.23012323 30792
FLOCK 3P-35             
1 41989U 17008AT  17252.60266167  .00010482  00000-0  44835-3 0  9990
2 41989  97.4877 313.7209 0006456 252.8642 107.1888 15.22998214 30706
FLOCK 3P-33             
1 41990U 17008AU  17252.59754118  .00010496  00000-0  44894-3 0  9998
2 41990  97.4880 313.7315 0006067 254.1808 105.8760 15.22998839 30704
LEMUR-2-SATCHMO         
1 41991U 17008AV  17252.76570678  .00006388  00000-0  27907-3 0  9996
2 41991  97.4875 313.8101 0006305 257.8145 102.2385 15.22444312 30720
LEMUR-2-MIA-GRACE       
1 41992U 17008AW  17253.13794045  .00006370  00000-0  27598-3 0  9992
2 41992  97.4877 314.2379 0006264 256.3269 103.7270 15.22728063 30783
LEMUR-2-SMITA-SHARAD    
1 41993U 17008AX  17253.14803840  .00005509  00000-0  24007-3 0  9993
2 41993  97.4875 314.2203 0006240 256.0132 104.0411 15.22593868 30782
LEMUR-2-SPIRE-MINIONS   
1 41994U 17008AY  17253.14360364  .00006303  00000-0  27344-3 0  9993
2 41994  97.4875 314.2259 0006332 255.5098 104.5436 15.22688519 30781
LEMUR-2-RDEATON         
1 41995U 17008AZ  17253.14423100  .00005500  00000-0  23943-3 0  9991
2 41995  97.4877 314.2276 0007241 272.4538  87.5869 15.22623186 31465
LEMUR-2-NOGUECORREIG    
1 41996U 17008BA  17252.80399803  .00007958  00000-0  34356-3 0  9995
2 41996  97.4878 313.9181 0007182 274.4705  85.5711 15.22762954 30639
LEMUR-2-JOBANPUTRA      
1 41997U 17008BB  17253.18536703  .00003652  00000-0  15885-3 0  9993
2 41997  97.4879 314.3288 0007125 272.7008  87.3413 15.22883953 30786
LEMUR-2-TACHIKOMA       
1 41998U 17008BC  17252.55367227  .00006708  00000-0  29196-3 0  9992
2 41998  97.4876 313.6360 0007194 276.2431  83.7985 15.22548174 30611
BGUSAT                  
1 41999U 17008BD  17252.51952629  .00010627  00000-0  45409-3 0  9995
2 41999  97.4885 313.6951 0007054 276.6387  83.4047 15.23025339 30684
DIDO-2                  
1 42000U 17008BE  17252.55995112  .00005438  00000-0  23805-3 0  9997
2 42000  97.4874 313.6258 0007190 277.3319  82.7100 15.22437878 30697
FLOCK 3P-49             
1 42001U 17008BF  17253.17525759  .00005508  00000-0  23757-3 0  9997
2 42001  97.4881 314.3411 0006661 274.3634  85.6841 15.22939208 31312
FLOCK 3P-67             
1 42002U 17008BG  17252.58978002  .00005896  00000-0  25400-3 0  9992
2 42002  97.4881 313.7401 0006676 275.1320  84.9154 15.22951131 31387
FLOCK 3P-68             
1 42003U 17008BH  17252.52577510  .00011192  00000-0  47872-3 0  9999
2 42003  97.4877 313.6692 0006768 275.0467  84.9997 15.22978487 31015
FLOCK 3P-41             
1 42004U 17008BJ  17253.17086297  .00011099  00000-0  47391-3 0  9991
2 42004  97.4876 314.3343 0006437 275.8069  84.2434 15.23042727 31306
FLOCK 3P-45             
1 42005U 17008BK  17252.45402628  .00011107  00000-0  47493-3 0  9995
2 42005  97.4880 313.6137 0006587 277.5821  82.4667 15.22992100 31368
FLOCK 3P-48             
1 42006U 17008BL  17252.51731679  .00016773  00000-0  71472-3 0  9992
2 42006  97.4882 313.6860 0006422 279.1487  80.9023 15.23011620 31154
FLOCK 3P-43             
1 42007U 17008BM  17252.77802340  .00008650  00000-0  37065-3 0  9990
2 42007  97.4879 313.9435 0006292 277.4522  82.6000 15.22994186 31406
FLOCK 3P-42             
1 42008U 17008BN  17252.51427015  .00006296  00000-0  27079-3 0  9993
2 42008  97.4878 313.6789 0006381 278.3937  81.6576 15.22982432 31299
FLOCK 3P-61             
1 42009U 17008BP  17253.16989062  .00011335  00000-0  48417-3 0  9990
2 42009  97.4879 314.3391 0006263 278.6008  81.4519 15.23023865 31448
FLOCK 3P-40             
1 42010U 17008BQ  17252.57232258  .00006174  00000-0  26567-3 0  9991
2 42010  97.4874 313.7441 0006192 281.9978  78.0564 15.22974812 30614
FLOCK 3P-16             
1 42011U 17008BR  17253.21603478  .00003144  00000-0  13663-3 0  9997
2 42011  97.4873 314.4196 0005893 279.9741  80.0830 15.23029920 30656
FLOCK 3P-14             
1 42012U 17008BS  17252.76184933  .00009171  00000-0  39241-3 0  9993
2 42012  97.4878 313.9612 0006021 283.5543  76.5022 15.23025996 31208
FLOCK 3P-53             
1 42013U 17008BT  17252.56904141  .00010952  00000-0  46847-3 0  9992
2 42013  97.4871 313.7400 0005879 283.3338  76.7243 15.22985955 31177
FLOCK 3P-54             
1 42014U 17008BU  17252.56591074  .00010999  00000-0  47046-3 0  9993
2 42014  97.4875 313.7538 0005797 284.1325  75.9268 15.22986675 31389
PEASSS                  
1 42015U 17008BV  17252.80631944  .00006144  00000-0  26346-3 0  9999
2 42015  97.4866 314.0329 0005061 287.7170  72.3514 15.23098160 31225
AL-FARABI 1             
1 42016U 17008BW  17252.59456242  .00008331  00000-0  35406-3 0  9999
2 42016  97.4869 313.8630 0004970 289.2419  70.8280 15.23290230 31317
NAYIF-1 (EO-88)         
1 42017U 17008BX  17253.18376172  .00006290  00000-0  26796-3 0  9993
2 42017  97.4867 314.4539 0004921 286.8539  73.2158 15.23311928 31424
FLOCK 3P-23             
1 42018U 17008BY  17252.56387211  .00006014  00000-0  25888-3 0  9996
2 42018  97.4871 313.5988 0007229 250.4752 109.5704 15.22969738 30141
FLOCK 3P-76             
1 42019U 17008BZ  17252.79802504  .00013570  00000-0  57937-3 0  9994
2 42019  97.4902 313.9913 0006886 257.5614 102.4852 15.22991290 31248
FLOCK 3P-69             
1 42020U 17008CA  17252.53339813  .00015725  00000-0  67060-3 0  9998
2 42020  97.4902 313.7308 0006754 256.9847 103.0636 15.22996625 30097
FLOCK 3P-84             
1 42021U 17008CB  17252.54188446  .00009738  00000-0  41668-3 0  9997
2 42021  97.4897 313.7088 0007116 257.0511 102.9931 15.23001845 31212
FLOCK 3P-59             
1 42022U 17008CC  17253.20002314  .00006176  00000-0  26602-3 0  9995
2 42022  97.4878 314.3049 0006644 254.0071 106.0434 15.22936166 30336
FLOCK 3P-32             
1 42023U 17008CD  17252.54574382  .00011123  00000-0  47578-3 0  9994
2 42023  97.4879 313.6487 0006558 251.7486 108.3037 15.22980326 31370
FLOCK 3P-71             
1 42024U 17008CE  17252.55510558  .00012577  00000-0  54013-3 0  9997
2 42024  97.4906 313.7043 0006950 256.4188 103.6274 15.22809222 30249
FLOCK 3P-77             
1 42025U 17008CF  17252.60242239  .00010084  00000-0  43132-3 0  9993
2 42025  97.4899 313.7854 0006781 258.7856 101.2618 15.23007884 31220
FLOCK 3P-80             
1 42026U 17008CG  17252.71814681  .00015352  00000-0  65389-3 0  9993
2 42026  97.4900 313.9335 0006395 258.3088 101.7431 15.23044970 29383
FLOCK 3P-66             
1 42027U 17008CH  17252.52534080  .00010890  00000-0  46581-3 0  9990
2 42027  97.4881 313.6771 0006771 273.9760  86.0703 15.22985076 31325
FLOCK 3P-65             
1 42028U 17008CJ  17253.18015207  .00006638  00000-0  28528-3 0  9995
2 42028  97.4880 314.3345 0006618 271.6259  88.4219 15.22986655 31320
FLOCK 3P-50             
1 42029U 17008CK  17252.84888731  .00010932  00000-0  46726-3 0  9990
2 42029  97.4883 314.0158 0006456 276.2781  83.7720 15.23009669 30599
FLOCK 3P-52             
1 42030U 17008CL  17252.78458674  .00006222  00000-0  26771-3 0  9999
2 42030  97.4881 313.9397 0006513 275.1475  84.9018 15.22974090 31350
FLOCK 3P-46             
1 42031U 17008CM  17252.77925920  .00012298  00000-0  52520-3 0  9993
2 42031  97.4878 313.9416 0006451 276.7582  83.2921 15.23008004 31388
FLOCK 3P-47             
1 42032U 17008CN  17253.17491804  .00010675  00000-0  45634-3 0  9993
2 42032  97.4877 314.3326 0006388 275.7575  84.2934 15.23012650 31290
FLOCK 3P-44             
1 42033U 17008CP  17252.77460031  .00006037  00000-0  25955-3 0  9998
2 42033  97.4880 313.9524 0006398 279.8890  80.1624 15.23013766 29989
FLOCK 3P-64             
1 42034U 17008CQ  17252.57659130  .00013442  00000-0  57331-3 0  9998
2 42034  97.4876 313.7467 0006275 280.8570  79.1960 15.23030505 31377
FLOCK 3P-63             
1 42035U 17008CR  17252.77272312  .00006162  00000-0  26472-3 0  9997
2 42035  97.4875 313.9414 0006282 279.9100  80.1427 15.23027710 29378
FLOCK 3P-62             
1 42036U 17008CS  17252.56456842  .00009386  00000-0  40066-3 0  9993
2 42036  97.4877 313.7636 0006336 282.7717  77.2811 15.23098384 30541
FLOCK 3P-38             
1 42037U 17008CT  17252.57382539  .00016312  00000-0  69508-3 0  9995
2 42037  97.4876 313.7478 0005971 282.0300  78.0267 15.23020188 31328
FLOCK 3P-39             
1 42038U 17008CU  17252.57169670  .00006631  00000-0  28509-3 0  9994
2 42038  97.4873 313.7423 0006189 281.9924  78.0618 15.22972860 31274
FLOCK 3P-15             
1 42039U 17008CV  17252.57569403  .00005677  00000-0  24444-3 0  9996
2 42039  97.4875 313.7453 0006104 281.5722  78.4829 15.22986960 30553
FLOCK 3P-13             
1 42040U 17008CW  17252.57004090  .00006060  00000-0  26072-3 0  9990
2 42040  97.4878 313.7567 0006092 282.1724  77.8829 15.22986762 30541
FLOCK 3P-55             
1 42041U 17008CX  17253.14019881  .00004460  00000-0  19222-3 0  9990
2 42041  97.4876 314.3709 0005816 285.6840  74.3755 15.23081731 31471
FLOCK 3P-56             
1 42042U 17008CY  17252.61036448  .00010369  00000-0  43938-3 0  9996
2 42042  97.4872 313.8435 0005834 286.3303  73.7292 15.23321382 31186
FLOCK 3P-81             
1 42043U 17008CZ  17252.59642781  .00008851  00000-0  37924-3 0  9998
2 42043  97.4901 313.7942 0006701 260.3246  99.7234 15.22988225 30563
FLOCK 3P-87             
1 42044U 17008DA  17252.40784241  .00007838  00000-0  33635-3 0  9996
2 42044  97.4897 313.5765 0006847 257.3780 102.6691 15.22972838 30686
FLOCK 3P-29             
1 42045U 17008DB  17252.60669774  .00011746  00000-0  50208-3 0  9990
2 42045  97.4881 313.7192 0006611 252.5922 107.4592 15.22989647 30566
FLOCK 3P-82             
1 42046U 17008DC  17253.13389962  .00007276  00000-0  31207-3 0  9999
2 42046  97.4897 314.2981 0007062 254.7528 105.2928 15.23014881 30696
FLOCK 3P-78             
1 42047U 17008DD  17253.12973223  .00011431  00000-0  48823-3 0  9998
2 42047  97.4897 314.3055 0006850 253.7028 106.3456 15.23020116 30627
FLOCK 3P-74             
1 42048U 17008DE  17252.61245875  .00011628  00000-0  49739-3 0  9992
2 42048  97.4902 313.7773 0007124 257.2457 102.7983 15.22962725 30541
FLOCK 3P-31             
1 42049U 17008DF  17252.61313804  .00015492  00000-0  66160-3 0  9991
2 42049  97.4879 313.7131 0006681 254.2432 105.8068 15.22952174 30006
FLOCK 3P-83             
1 42050U 17008DG  17252.61404601  .00011937  00000-0  51133-3 0  9993
2 42050  97.4898 313.7661 0006987 257.9301 102.1153 15.22909529 31272
FLOCK 3P-72             
1 42051U 17008DH  17252.72650116  .00005823  00000-0  25079-3 0  9997
2 42051  97.4906 313.9343 0006536 255.3518 104.6994 15.22965799 28888
LEMUR-2-REDFERN-GOES    
1 42059U 98067LA  17252.68003642  .00039709  00000-0  47371-3 0  9999
2 42059  51.6392 332.1578 0006807 261.5362  98.4860 15.60627775 29195
LEMUR-2-TRUTNA          
1 42067U 98067LC  17252.49076329  .00092288  00000-0  91020-3 0  9990
2 42067  51.6385 330.8871 0005393 271.3474  88.6903 15.65152463 29022
LEMUR-2-AUSTINTACIOUS   
1 42068U 98067LD  17253.22151805  .00040653  00000-0  46392-3 0  9997
2 42068  51.6391 329.0257 0006437 264.7838  95.2422 15.61774069 29217
LEMUR-2-TRUTNAHD        
1 42069U 98067LE  17253.23953073  .00028211  00000-0  33251-3 0  9992
2 42069  51.6400 329.1569 0005970 264.0170  96.0143 15.61124897 29261
HAVELSAT                
1 42700U 98067LH  17253.19577025  .00033155  00000-0  43496-3 0  9993
2 42700  51.6401 332.6022 0006166 291.6888  68.3448 15.58210720 18183
SOMP 2                  
1 42701U 98067LJ  17253.14206503  .00029754  00000-0  39580-3 0  9998
2 42701  51.6403 332.9976 0006071 291.4062  68.6282 15.57898196 18169
COLUMBIA                
1 42702U 98067LK  17253.23326892  .00056859  00000-0  65363-3 0  9997
2 42702  51.6389 331.3530 0006472 298.9233  61.1111 15.61436714 18123
SGSAT                   
1 42703U 98067LL  17253.20709953  .00045019  00000-0  54507-3 0  9992
2 42703  51.6384 331.9259 0001781 283.1062  76.9732 15.60204884 18108
CXBN-2                  
1 42704U 98067LM  17253.21354015  .00023519  00000-0  31469-3 0  9992
2 42704  51.6403 332.7229 0001370 255.5813 104.5027 15.57896209 18107
ICECUBE                 
1 42705U 98067LN  17253.19821285  .00058380  00000-0  74674-3 0  9997
2 42705  51.6409 332.6300 0001191 262.5004  97.5853 15.58644780 18164
PHOENIX                 
1 42706U 98067LP  17253.20188424  .00023754  00000-0  31602-3 0  9992
2 42706  51.6402 332.6490 0001372 297.6872  62.3981 15.58043098 18090
X-CUBESAT               
1 42707U 98067LQ  17253.20199519  .00024098  00000-0  31985-3 0  9996
2 42707  51.6395 332.6450 0001448 299.7782  60.3067 15.58096176 18082
QBEE50-LTU-OC           
1 42708U 98067LR  17253.20501689  .00023206  00000-0  30911-3 0  9990
2 42708  51.6396 332.6657 0001496 298.4325  61.6517 15.58025412 18040
ALTAIR PATHFINDER       
1 42711U 98067LS  17253.19350247  .00025774  00000-0  35824-3 0  9994
2 42711  51.6400 333.3356 0003555 220.4685 139.6042 15.56811637 17741
SHARC                   
1 42712U 98067LT  17252.80836622  .00029154  00000-0  40635-3 0  9990
2 42712  51.6407 335.2688 0001627 223.8805 136.2058 15.56670423 17923
ZA-AEROSAT              
1 42713U 98067LU  17253.22981570  .00019103  00000-0  26164-3 0  9995
2 42713  51.6401 332.8319 0001444 224.0727 136.0150 15.57412319 17756
LINK                    
1 42714U 98067LV  17253.21141001  .00031480  00000-0  41088-3 0  9996
2 42714  51.6394 332.7056 0001309 257.3539 102.7307 15.58391649 17864
CSUNSAT 1               
1 42715U 98067LW  17253.23599298  .00021930  00000-0  29881-3 0  9990
2 42715  51.6397 332.8685 0003475 211.1645 148.9141 15.57451214 17759
UPSAT                   
1 42716U 98067LX  17253.13215803  .00037759  00000-0  49011-3 0  9990
2 42716  51.6401 332.9292 0004714 298.7150  61.3369 15.58439033 17879
SPACECUBE               
1 42717U 98067LY  17253.21455699  .00023560  00000-0  31538-3 0  9999
2 42717  51.6400 332.7287 0004566 296.9552  63.0973 15.57875870 17122
HOOPOE                  
1 42718U 98067LZ  17253.20548225  .00025776  00000-0  34041-3 0  9990
2 42718  51.6399 332.6701 0004608 297.4358  62.6165 15.58181351 17120
CHALLENGER              
1 42721U 98067MA  17252.75715216  .00058310  00000-0  74253-3 0  9998
2 42721  51.6395 334.9201 0007086 272.4422  87.5759 15.58738249 16755
NJUST-1                 
1 42722U 98067MB  17252.61028842  .00035474  00000-0  48392-3 0  9997
2 42722  51.6401 336.1910 0007083 268.6002  91.4179 15.57123866 16722
UNSW-ECO                
1 42723U 98067MC  17252.84712715  .00046194  00000-0  60954-3 0  9991
2 42723  51.6401 334.7752 0006928 270.8980  89.1219 15.57893653 16747
DUTHSAT                 
1 42724U 98067MD  17252.76643978  .00057360  00000-0  73581-3 0  9994
2 42724  51.6403 334.9848 0006264 276.8726  83.1554 15.58556825 16659
LILACSAT-1              
1 42725U 98067ME  17252.61123835  .00038678  00000-0  52402-3 0  9994
2 42725  51.6402 336.1992 0006138 273.7907  86.2383 15.57273306 16642
NSIGHT-1                
1 42726U 98067MF  17252.76719088  .00023374  00000-0  33222-3 0  9998
2 42726  51.6407 335.7425 0006090 272.4273  87.6021 15.56255961 16654
SNUSAT-1                
1 42727U 98067MG  17252.54520194  .00039694  00000-0  53609-3 0  9996
2 42727  51.6393 336.5010 0006916 230.1908 129.8476 15.57340469 16585
QBITO                   
1 42728U 98067MH  17253.23712753  .00024266  00000-0  32698-3 0  9992
2 42728  51.6408 332.8829 0003650 290.4280  69.6320 15.57684055 16530
AALTO-2                 
1 42729U 98067MJ  17253.23694706  .00024259  00000-0  32693-3 0  9997
2 42729  51.6404 332.8787 0003592 289.5163  70.5441 15.57680733 16549
SUSAT                   
1 42730U 98067MK  17252.66402808  .00040254  00000-0  54040-3 0  9998
2 42730  51.6402 335.8011 0003644 285.8072  74.2518 15.57513016 16442
I-INSPIRE II            
1 42731U 98067ML  17253.22833211  .00031035  00000-0  40980-3 0  9993
2 42731  51.6392 332.8133 0005915 220.6182 139.4370 15.58073571 16588
POLYITAN-2-SAU          
1 42732U 98067MM  17253.23416023  .00024137  00000-0  32419-3 0  9996
2 42732  51.6395 332.8508 0006232 218.0926 141.9627 15.57761906 16586
SNUSAT-1B               
1 42733U 98067MN  17252.85708772  .00030040  00000-0  40463-3 0  9997
2 42733  51.6395 334.8334 0006121 218.1396 141.9164 15.57557454 16526
EXALTA-1                
1 42734U 98067MP  17253.22861787  .00027740  00000-0  36768-3 0  9992
2 42734  51.6393 332.8170 0007910 246.3273 113.6889 15.58019771 16532
AOXIANG-1               
1 42735U 98067MQ  17253.18524968  .00019405  00000-0  26741-3 0  9994
2 42735  51.6397 333.2801 0007621 266.5506  93.4614 15.57211586 17949
BEEAGLESAT              
1 42736U 98067MR  17252.60530270  .00037169  00000-0  50261-3 0  9995
2 42736  51.6400 336.1570 0007510 264.1449  95.8687 15.57334057 16547
ATLANTIS                
1 42737U 98067MS  17253.23205594  .00051835  00000-0  62236-3 0  9995
2 42737  51.6381 332.0880 0007318 275.7419  84.2740 15.60336097 16548
LEMUR-2-ANGELA          
1 42752U 17019B   17252.84551236  .00008371  00000-0  31660-3 0  9997
2 42752  51.6401 354.7200 0010260 285.3810  74.6036 15.27741487 14238
LEMUR-2-JENNYBARNA      
1 42753U 17019C   17252.77597860  .00011587  00000-0  43111-3 0  9990
2 42753  51.6401 355.0076 0010305 285.1913  74.7926 15.27893222 14162
LEMUR-2-ROBMOORE        
1 42754U 17019D   17252.71888260  .00008049  00000-0  30568-3 0  9993
2 42754  51.6404 355.3730 0010245 288.5813  71.4053 15.27662281 14192
LEMUR-2-SPIROVISION     
1 42755U 17019E   17252.91224130  .00007535  00000-0  28592-3 0  9999
2 42755  51.6400 354.4133 0010279 288.7713  71.2151 15.27787918 14118
UCLSAT                  
1 42765U 17036A   17253.16374734  .00005052  00000-0  23113-3 0  9999
2 42765  97.4413 311.9976 0011459 345.3535  14.7367 15.20918924 12134
LITUANICASAT-2          
1 42768U 17036D   17253.15540491  .00007181  00000-0  33653-3 0  9991
2 42768  97.4416 311.8565 0015259 331.3443  28.6952 15.19899363 12001
LEMUR-2-SHAINAJOHL      
1 42771U 17036G   17253.21306189  .00007008  00000-0  32743-3 0  9993
2 42771  97.4409 311.9384 0014762 333.6841  26.3628 15.20018357 11958
LEMUR-2-XUENITERENCE    
1 42772U 17036H   17252.35453382  .00006433  00000-0  30069-3 0  9996
2 42772  97.4416 311.0920 0014113 334.0269  26.0256 15.20043287 11823
LEMUR-2-LUCYBRYCE       
1 42773U 17036J   17252.21982695  .00008671  00000-0  40299-3 0  9998
2 42773  97.4418 310.9667 0013775 334.1315  25.9229 15.20141970 11802
LEMUR-2-KUNGFOO         
1 42774U 17036K   17252.61448636  .00008259  00000-0  38434-3 0  9995
2 42774  97.4419 311.3594 0013860 332.7544  27.2962 15.20111499 11858
AALTO-1                 
1 42775U 17036L   17252.61108279  .00004708  00000-0  22065-3 0  9990
2 42775  97.4417 311.3621 0013537 331.8610  28.1892 15.20101486 11861
URSA MAIOR              
1 42776U 17036M   17252.60912250  .00004843  00000-0  22662-3 0  9995
2 42776  97.4419 311.3673 0013380 332.3141  27.7380 15.20142770 11860
COMPASS 2               
1 42777U 17036N   17252.59404337  .00008656  00000-0  39804-3 0  9998
2 42777  97.4426 311.3971 0012479 337.2323  22.8358 15.20523103 11857
LEMUR-2-LYNSEY-SYMO     
1 42779U 17036Q   17252.45201598  .00009132  00000-0  41702-3 0  9999
2 42779  97.4420 311.2721 0012134 344.9900  15.0974 15.20748204 11825
LEMUR-2-LISASAURUS      
1 42780U 17036R   17252.31970657  .00007172  00000-0  32855-3 0  9996
2 42780  97.4419 311.1401 0012145 345.6274  14.4614 15.20719756 11816
LEMUR-2-SAM-AMELIA      
1 42781U 17036S   17252.38365861  .00007499  00000-0  34272-3 0  9996
2 42781  97.4418 311.2066 0011990 345.7596  14.3300 15.20786379 11815
LEMUR-2-MCPEAKE         
1 42782U 17036T   17253.17184813  .00007075  00000-0  32312-3 0  9994
2 42782  97.4418 311.9904 0011760 342.5987  17.4843 15.20832532 11930
DIAMOND RED             
1 42783U 17036U   17253.17236906  .00004437  00000-0  20449-3 0  9993
2 42783  97.4416 311.9877 0012031 344.5515  15.5351 15.20729809 11945
PEGASUS                 
1 42784U 17036V   17252.24945572  .00005601  00000-0  25697-3 0  9991
2 42784  97.4419 311.0813 0012067 348.2907  11.8046 15.20767310 11809
DIAMOND GREEN           
1 42785U 17036W   17252.24971751  .00001752  00000-0  82752-4 0  9999
2 42785  97.4426 311.0815 0012051 348.2503  11.8449 15.20708793 11790
DIAMOND BLUE            
1 42786U 17036X   17252.70832697  .00002902  00000-0  13485-3 0  9990
2 42786  97.4424 311.5381 0011884 347.2098  12.8834 15.20738137 11865
NUDTSAT                 
1 42787U 17036Y   17252.70345582  .00009046  00000-0  41058-3 0  9996
2 42787  97.4418 311.5443 0011634 347.1110  12.9826 15.20967407 11715
SUCHAI                  
1 42788U 17036Z   17252.83656763  .00005848  00000-0  26723-3 0  9995
2 42788  97.4416 311.6715 0011650 346.5369  13.5554 15.20895101 11967
SKCUBE                  
1 42789U 17036AA  17252.57139382  .00007423  00000-0  33800-3 0  9995
2 42789  97.4415 311.4134 0011495 347.6184  12.4768 15.20924784 11846
VZLUSAT-1               
1 42790U 17036AB  17252.43568421  .00006836  00000-0  31063-3 0  9998
2 42790  97.4414 311.2865 0011234 348.7110  11.3871 15.21024703 11822
ROBUSTA-1B              
1 42792U 17036AD  17252.69663288  .00007355  00000-0  33368-3 0  9992
2 42792  97.4412 311.5488 0011102 348.7403  11.3582 15.21054945 11870
CICERO 6                
1 42793U 17036AE  17252.29240735  .00004575  00000-0  20809-3 0  9994
2 42793  97.4413 311.1707 0010315 351.9128   8.1940 15.21187148 11882
D-SAT                   
1 42794U 17036AF  17253.20975644  .00002209  00000-0  10195-3 0  9990
2 42794  97.4402 312.0795 0009985 345.1879  14.8930 15.21238216 11940
TOKI                    
1 42820U 98067MU  17252.59779736  .00039603  00000-0  54870-3 0  9994
2 42820  51.6398 336.8548 0002105 202.3074 157.7826 15.56676255 10019
GHANASAT-1              
1 42821U 98067MV  17252.53571163  .00038819  00000-0  53976-3 0  9997
2 42821  51.6401 337.1903 0002214 204.6629 155.4257 15.56589667  9961
MAZAALAI (NUMSAT-1)     
1 42822U 98067MW  17253.17849826  .00021244  00000-0  29886-3 0  9990
2 42822  51.6400 333.9837 0002188 211.7757 148.3103 15.56613087 10060
BRAC ONNESHA            
1 42823U 98067MX  17252.60236645  .00038433  00000-0  53465-3 0  9995
2 42823  51.6404 336.8878 0005760 225.4520 134.6002 15.56567067  9993
NIGERIAEDUSAT-1         
1 42824U 98067MY  17252.60471210  .00038479  00000-0  53662-3 0  9994
2 42824  51.6409 336.9037 0005594 226.4891 133.5636 15.56500931  9992
LEMUR-2-GREENBERG       
1 42837U 17042N   17252.58046868  .00003161  00000-0  32418-3 0  9992
2 42837  97.6090 160.2552 0014857  54.7866 305.4742 14.91040825  8534
LEMUR-2-ANDIS           
1 42838U 17042P   17252.78092102  .00002699  00000-0  27747-3 0  9991
2 42838  97.6089 160.4499 0014914  54.4865 305.7742 14.91069200  8569
LEMUR-2-MONSON          
1 42839U 17042Q   17253.17964331  .00001200  00000-0  12619-3 0  9997
2 42839  97.6090 160.8431 0014502  52.4535 307.7999 14.91151205  8627
LEMUR-2-FURIAUS         
1 42840U 17042R   17253.17846338  .00001796  00000-0  18584-3 0  9992
2 42840  97.6087 160.8441 0014701  52.7120 307.5437 14.91197219  8619
LEMUR-2-PETERG          
1 42841U 17042S   17252.56944300  .00003474  00000-0  35333-3 0  9999
2 42841  97.6089 160.2685 0014382  53.4204 306.8336 14.91326033  8531
LEMUR-2-DEMBITZ         
1 42842U 17042T   17252.56861642  .00002389  00000-0  24459-3 0  9998
2 42842  97.6088 160.2687 0014392  53.8996 306.3453 14.91344665  8532
LEMUR-2-ZACHARY         
1 42845U 17042W   17252.62699008  .00002071  00000-0  21152-3 0  9998
2 42845  97.6040 160.3051 0014710  58.0317 302.2329 14.91568182  8536
FLOCK 2K-03             
1 42850U 17042AB  17252.73290184  .00028350  00000-0  88730-3 0  9991
2 42850  96.9968 158.6373 0014058  54.5442 305.7111 15.32979622  8601
FLOCK 2K-04             
1 42851U 17042AC  17253.19136100  .00012129  00000-0  38221-3 0  9997
2 42851  96.9971 159.0690 0013646  53.9285 306.3220 15.32940554  8670
FLOCK 2K-01             
1 42852U 17042AD  17252.53742936  .00022629  00000-0  71064-3 0  9993
2 42852  96.9971 158.4526 0013669  55.4124 304.8406 15.32920737  8575
FLOCK 2K-02             
1 42853U 17042AE  17252.53730847  .00009069  00000-0  28827-3 0  9994
2 42853  96.9974 158.4549 0013661  54.2900 305.9612 15.32740436  8572
FLOCK 2K-47             
1 42854U 17042AF  17253.18826568  .00012429  00000-0  39092-3 0  9993
2 42854  96.9964 159.0710 0013419  52.8488 307.3978 15.33000084  8676
FLOCK 2K-48             
1 42855U 17042AG  17252.53534424  .00023249  00000-0  72911-3 0  9998
2 42855  96.9974 158.4560 0013548  54.2322 306.0179 15.32960658  8579
FLOCK 2K-45             
1 42856U 17042AH  17252.27282716  .00021078  00000-0  66045-3 0  9993
2 42856  96.9972 158.2094 0013595  54.2777 305.9729 15.33008057  8536
FLOCK 2K-24             
1 42857U 17042AJ  17252.53326785  .00024896  00000-0  77849-3 0  9993
2 42857  96.9967 158.4561 0013386  53.7562 306.4917 15.33043538  8578
FLOCK 2K-46             
1 42858U 17042AK  17253.18568784  .00013457  00000-0  42183-3 0  9997
2 42858  96.9967 159.0773 0013451  51.7096 308.5355 15.33088024  8673
FLOCK 2K-23             
1 42859U 17042AL  17253.18491806  .00014725  00000-0  46034-3 0  9996
2 42859  96.9966 159.0774 0013497  51.6564 308.5890 15.33153002  8676
FLOCK 2K-21             
1 42860U 17042AM  17253.18376770  .00014238  00000-0  44486-3 0  9998
2 42860  96.9966 159.0786 0013488  51.1328 309.1117 15.33178992  8678
FLOCK 2K-22             
1 42861U 17042AN  17252.79220830  .00009917  00000-0  31334-3 0  9996
2 42861  96.9971 158.7089 0013607  51.2449 309.0008 15.32908318  8619
FLOCK 2K-07             
1 42862U 17042AP  17252.72486418  .00020008  00000-0  62492-3 0  9999
2 42862  96.9972 158.6489 0013665  51.2295 309.0167 15.33119181  8616
FLOCK 2K-08             
1 42863U 17042AQ  17252.26659837  .00012337  00000-0  38612-3 0  9999
2 42863  96.9968 158.2159 0013819  52.9314 307.3191 15.33152181  8539
FLOCK 2K-05             
1 42864U 17042AR  17252.72322994  .00020115  00000-0  62764-3 0  9990
2 42864  96.9967 158.6507 0013831  51.3859 308.8620 15.33146706  8608
FLOCK 2K-40             
1 42865U 17042AS  17252.52641126  .00027242  00000-0  84654-3 0  9990
2 42865  96.9969 158.4661 0013761  52.2388 308.0100 15.33219772  8574
FLOCK 2K-39             
1 42866U 17042AT  17252.52649572  .00018989  00000-0  59250-3 0  9996
2 42866  96.9972 158.4670 0013792  52.0931 308.1557 15.33158355  8571
FLOCK 2K-37             
1 42867U 17042AU  17253.17852405  .00012321  00000-0  38372-3 0  9996
2 42867  96.9965 159.0846 0013643  50.6244 309.6206 15.33313000  8670
FLOCK 2K-38             
1 42868U 17042AV  17252.72037842  .00029514  00000-0  91215-3 0  9994
2 42868  96.9962 158.6539 0013797  52.1014 308.1475 15.33377077  8603
FLOCK 2K-31             
1 42869U 17042AW  17253.17568723  .00013953  00000-0  43320-3 0  9996
2 42869  96.9966 159.0877 0013825  49.7494 310.4957 15.33381608  8677
FLOCK 2K-32             
1 42870U 17042AX  17252.32690836  .00022626  00000-0  70021-3 0  9990
2 42870  96.9971 158.2856 0013949  53.0389 307.2130 15.33384010  8544
FLOCK 2K-29             
1 42871U 17042AY  17253.17488522  .00014192  00000-0  43965-3 0  9998
2 42871  96.9966 159.0903 0013844  49.8573 310.3881 15.33447047  8675
FLOCK 2K-30             
1 42872U 17042AZ  17253.17467853  .00014389  00000-0  44605-3 0  9993
2 42872  96.9963 159.0894 0013899  50.2810 309.9656 15.33421410  8661
FLOCK 2K-44             
1 42873U 17042BA  17253.17081384  .00023238  00000-0  71662-3 0  9991
2 42873  96.9969 159.0959 0014273  40.3816 319.8485 15.33487452  8672
FLOCK 2K-43             
1 42874U 17042BB  17252.51830214  .00008693  00000-0  27175-3 0  9991
2 42874  96.9972 158.4764 0014585  42.1970 318.0393 15.33273033  8577
FLOCK 2K-41             
1 42875U 17042BC  17252.51777785  .00023336  00000-0  72018-3 0  9992
2 42875  96.9971 158.4761 0014458  42.9948 317.2422 15.33459831  8572
FLOCK 2K-36             
1 42876U 17042BD  17252.71047537  .00014274  00000-0  44095-3 0  9995
2 42876  96.9971 158.6673 0014624  41.8322 318.4037 15.33524674  8603
FLOCK 2K-35             
1 42877U 17042BE  17253.16852144  .00017636  00000-0  54421-3 0  9993
2 42877  96.9967 159.0979 0014449  40.9313 319.3013 15.33518744  8670
FLOCK 2K-34             
1 42878U 17042BF  17253.16624794  .00006541  00000-0  20354-3 0  9993
2 42878  96.9968 159.0980 0014672  40.1604 320.0721 15.33509287  8674
FLOCK 2K-33             
1 42879U 17042BG  17252.70751227  .00009157  00000-0  28323-3 0  9995
2 42879  96.9969 158.6681 0014822  41.1364 319.0994 15.33590552  8608
FLOCK 2K-28             
1 42880U 17042BH  17252.77692069  .00008002  00000-0  25001-3 0  9990
2 42880  96.9972 158.7274 0014527  41.5903 318.6443 15.33317008  8616
LEMUR-2-ARTFISCHER      
1 42881U 17042BJ  17252.57923322  .00015516  00000-0  48062-3 0  9998
2 42881  96.9999 158.5590 0015352  44.9632 315.2851 15.33409735  8578
FLOCK 2K-27             
1 42882U 17042BK  17252.51131470  .00022046  00000-0  67487-3 0  9996
2 42882  96.9972 158.4860 0014727  42.3779 317.8600 15.33724995  8576
FLOCK 2K-26             
1 42883U 17042BL  17252.70463721  .00019767  00000-0  60514-3 0  9995
2 42883  96.9969 158.6732 0014839  41.4302 318.8064 15.33742186  8600
FLOCK 2K-25             
1 42884U 17042BM  17252.70776852  .00018976  00000-0  58512-3 0  9994
2 42884  96.9966 158.6669 0014740  41.5580 318.6781 15.33523636  8608
FLOCK 2K-20             
1 42885U 17042BN  17252.50870325  .00025683  00000-0  78358-3 0  9996
2 42885  96.9971 158.4888 0014781  42.2096 318.0283 15.33800582  8576
FLOCK 2K-19             
1 42886U 17042BP  17252.37907382  .00026548  00000-0  81217-3 0  9995
2 42886  96.9971 158.3648 0014887  42.6439 317.5957 15.33706428  8556
FLOCK 2K-18             
1 42887U 17042BQ  17253.22284948  .00014651  00000-0  44695-3 0  9998
2 42887  96.9964 159.1720 0015000  39.4091 320.8241 15.33913197  8685
FLOCK 2K-17             
1 42888U 17042BR  17252.37601677  .00020494  00000-0  62601-3 0  9995
2 42888  96.9966 158.3646 0015122  41.7778 318.4617 15.33800866  8553
FLOCK 2K-16             
1 42889U 17042BS  17252.50810937  .00024463  00000-0  74785-3 0  9998
2 42889  96.9970 158.4901 0014811  41.6608 318.5761 15.33746283  8574
FLOCK 2K-15             
1 42890U 17042BT  17252.30882070  .00019625  00000-0  59894-3 0  9993
2 42890  96.9973 158.3110 0015120  41.7027 318.5367 15.33837394  8543
FLOCK 2K-13             
1 42891U 17042BU  17252.50397078  .00009837  00000-0  30360-3 0  9996
2 42891  96.9970 158.4937 0015135  39.9318 320.3036 15.33636855  8573
FLOCK 2K-14             
1 42892U 17042BV  17252.50554429  .00026477  00000-0  80614-3 0  9998
2 42892  96.9967 158.4894 0014908  41.0201 319.2161 15.33857699  8571
FLOCK 2K-12             
1 42893U 17042BW  17253.22184956  .00015011  00000-0  45840-3 0  9997
2 42893  96.9967 159.1743 0014933  38.1403 322.0894 15.33874821  8685
FLOCK 2K-11             
1 42894U 17042BX  17253.21995009  .00004845  00000-0  15033-3 0  9990
2 42894  96.9969 159.1776 0015013  36.9252 323.3022 15.33724006  8688
FLOCK 2K-10             
1 42895U 17042BY  17252.50304500  .00027078  00000-0  82377-3 0  9990
2 42895  96.9966 158.4930 0014844  39.5114 320.7209 15.33880177  8575
FLOCK 2K-09             
1 42896U 17042BZ  17252.50089507  .00026902  00000-0  81697-3 0  9997
2 42896  96.9967 158.4978 0014493  38.3495 321.8777 15.33943523  8744
FLOCK 2K-06             
1 42897U 17042CA  17252.52507086  .00024093  00000-0  74703-3 0  9996
2 42897  96.9970 158.4688 0013875  51.8263 308.4228 15.33312437  8570
SILU-1 (SILKROAD 1)     
1 42903U 17021F   17252.82027696  .00046000  00000-0  55214-3 0  9996
2 42903  42.7815 211.9298 0005130 136.3057 305.3981 15.60123003  5974
