CUTE-1 (CO-55)          
1 27844U 03031E   19180.90964813  .00000032  00000-0  34202-4 0  9991
2 27844  98.6832 188.9552 0009921   6.3790 353.7512 14.22182975829845
CUBESAT XI-IV (CO-57)   
1 27848U 03031J   19180.90498263  .00000024  00000-0  30791-4 0  9996
2 27848  98.6910 189.4532 0010059  17.5021 342.6501 14.21777489829704
CUBESAT XI-V            
1 28895U 05043F   19180.92487681  .00000068  00000-0  21889-4 0  9994
2 28895  97.9606 323.2717 0015784 319.8853  40.1184 14.63671101728890
CUTE-1.7+APD II (CO-65) 
1 32785U 08021C   19181.11489566  .00000117  00000-0  18190-4 0  9998
2 32785  97.5492 180.2904 0011957 219.8291 140.2050 14.88314460605385
AAUSAT-II               
1 32788U 08021F   19181.03000076 -.00000002  00000-0  47919-5 0  9993
2 32788  97.4960 196.2602 0012417 154.9111 205.2716 14.94733030606614
DELFI-C3 (DO-64)        
1 32789U 08021G   19180.90618084  .00000557  00000-0  41220-4 0  9995
2 32789  97.4632 230.2330 0013993  88.1621 272.1209 15.06967096608552
SEEDS II (CO-66)        
1 32791U 08021J   19180.97992369  .00000184  00000-0  24078-4 0  9994
2 32791  97.5274 186.1472 0012868 193.6802 166.4070 14.90826213605798
SWISSCUBE               
1 35932U 09051B   19180.93373737  .00000092  00000-0  31941-4 0  9991
2 35932  98.5888 347.2360 0008684 126.3630 233.8369 14.56288021518377
BEESAT-1                
1 35933U 09051C   19180.93601807  .00000078  00000-0  28501-4 0  9996
2 35933  98.5914 349.0017 0006697 136.1913 223.9816 14.56376758518442
ITUPSAT1                
1 35935U 09051E   19181.13766448  .00000048  00000-0  22300-4 0  9992
2 35935  98.6025 349.4468 0009034 135.2162 224.9765 14.55536320518307
TISAT 1                 
1 36799U 10035E   19180.88888282  .00000208  00000-0  27052-4 0  9994
2 36799  98.1570 333.4128 0013372  53.8232 306.4220 14.91108351486232
M-CUBED & EXP-1 PRIME   
1 37855U 11061F   19181.16438522  .00000882  00000-0  51938-4 0  9996
2 37855 101.7137  82.6515 0173768  42.8200 318.6396 15.05433960418505
STRAND-1                
1 39090U 13009E   19181.15084470  .00000012  00000-0  19451-4 0  9990
2 39090  98.4875  26.9170 0007950 253.3100 106.7213 14.35088162332033
SOMP                    
1 39134U 13015E   19180.87267262  .00000467  00000-0  30800-4 0  9991
2 39134  64.8635 344.2132 0031236 302.5486  57.2625 15.20167689341916
BEESAT-3                
1 39135U 13015F   19180.94647170  .00000512  00000-0  35266-4 0  9992
2 39135  64.8693   2.4293 0022582 320.4343  39.5134 15.17478140341569
BEESAT-2                
1 39136U 13015G   19180.92179070  .00000574  00000-0  38879-4 0  9991
2 39136  64.8703   6.3655 0019745 299.8523  60.0640 15.16906193341488
NEE-01 PEGASO           
1 39151U 13018B   19181.17196839  .00000073  00000-0  16639-4 0  9995
2 39151  97.9725 277.5122 0017587 160.3627 199.8265 14.80048978333423
ESTCUBE 1               
1 39161U 13021C   19181.20905931  .00000042  00000-0  14558-4 0  9999
2 39161  97.9857 265.8807 0008498 294.6605  65.3722 14.72205283330065
POPACS 1                
1 39268U 13055D   19180.66190003  .00004084  00000-0  11304-3 0  9994
2 39268  81.0029 309.4931 0626584 191.1968 167.4726 14.36947525297147
POPACS 2                
1 39269U 13055E   19180.76199099  .00000689  00000-0  19863-4 0  9996
2 39269  81.0150 339.3657 0683360 268.6435  83.6430 14.23897427295627
POPACS 3                
1 39270U 13055F   19180.83805801  .00000140  00000-0  38672-5 0  9993
2 39270  81.0163 356.2233 0713670 317.6073  37.1999 14.15849875275078
ZACUBE-1 (TSHEPISOSAT)  
1 39417U 13066B   19180.91964311  .00000124  00000-0  22054-4 0  9997
2 39417  97.5618 193.7902 0058893 358.8214   1.2851 14.81118135302709
WNISAT-1                
1 39423U 13066H   19180.85760598  .00000035  00000-0  17160-4 0  9991
2 39423  97.7766 121.9324 0174149 278.6403  79.5093 14.53045190297073
TRITON-1                
1 39427U 13066M   19180.90789855  .00000146  00000-0  30911-4 0  9990
2 39427  97.6765 157.5929 0114976 129.0652 232.0852 14.67843839299980
GOMX-1                  
1 39430U 13066Q   19181.07362569  .00000158  00000-0  37805-4 0  9994
2 39430  97.7467 136.8766 0150095 218.0089 141.0448 14.59255905298260
CUBEBUG-2 (LO-74)       
1 39440U 13066AA  19181.00577275  .00000133  00000-0  25441-4 0  9996
2 39440  97.6018 178.7742 0081511  48.9864 311.8357 14.75856192301644
NEE-02 KRYSAOR          
1 39441U 13066AB  19180.92061203  .00000076  00000-0  17749-4 0  9994
2 39441  97.6058 176.4717 0083125  56.1161 304.7921 14.74908035300291
FUNCUBE-1 (AO-73)       
1 39444U 13066AE  19181.04904773  .00000156  00000-0  25594-4 0  9995
2 39444  97.5599 195.8690 0057823 352.2495   7.7819 14.81937297301617
UWE-3                   
1 39446U 13066AG  19180.99047311  .00000117  00000-0  22210-4 0  9995
2 39446  97.5807 185.7947 0070729  24.4330 336.0207 14.78390684300932
BRITE-CA1 (TORONTO)     
1 40020U 14033L   19181.14015579 -.00000001  00000-0  80861-5 0  9999
2 40020  97.7465  24.3410 0088717 119.5748 241.4335 14.66576982268985
DUCHIFAT-1              
1 40021U 14033M   19180.75426090  .00000206  00000-0  26876-4 0  9991
2 40021  97.9241 105.3845 0013516  20.0789 340.0957 14.90631830273194
NANOSATC-BR1            
1 40024U 14033Q   19180.71972004  .00000208  00000-0  27554-4 0  9997
2 40024  97.9138 102.7450 0012903  23.8002 336.3809 14.89846052273087
QB50P1                  
1 40025U 14033R   19180.72151154  .00000172  00000-0  24298-4 0  9996
2 40025  97.9061 100.3882 0013246  29.1722 331.0232 14.88945492272454
QB50P2                  
1 40032U 14033Y   19180.99545205  .00000140  00000-0  21137-4 0  9991
2 40032  97.8985  98.8044 0012540  25.1565 335.0259 14.88480428272922
PERSEUS-M2              
1 40037U 14033AD  19180.80008881  .00000039  00000-0  10691-4 0  9990
2 40037  97.8915  94.8021 0015303  36.6744 323.5516 14.86460121272123
PERSEUS-M1              
1 40039U 14033AF  19180.71934067  .00000017  00000-0  81761-5 0  9999
2 40039  97.8898  93.8177 0015097  34.4492 325.7699 14.86080549272546
POLYITAN-1              
1 40042U 14033AJ  19180.72027902  .00000176  00000-0  24895-4 0  9995
2 40042  97.9139 100.7023 0015227  18.7185 341.4588 14.88659068272368
TIGRISAT                
1 40043U 14033AK  19181.16290626  .00000077  00000-0  18752-4 0  9995
2 40043  97.7563  48.5120 0061346  60.5130 300.2179 14.74270552270294
AEROCUBE 6A             
1 40045U 14033AM  19180.68833417  .00000156  00000-0  29621-4 0  9999
2 40045  97.7789  51.8770 0059429  54.8874 305.7886 14.75389853269945
AEROCUBE 6B             
1 40046U 14033AN  19181.16841715  .00000172  00000-0  32064-4 0  9997
2 40046  97.7723  51.9571 0058439  52.7485 307.9035 14.75370384270399
UKUBE-1                 
1 40074U 14037F   19181.09215772  .00000168  00000-0  27382-4 0  9994
2 40074  98.4398 343.6992 0004455 156.3199 203.8224 14.84056467269346
BRITE-PL2 (HEWELIUSZ)   
1 40119U 14049B   19180.84280856  .00000046  00000-0  11943-4 0  9995
2 40119  97.9049 271.3844 0017473 179.8391 180.2832 14.84406681263236
FIREBIRD 4              
1 40378U 15003C   19181.13641673  .00001874  00000-0  76970-4 0  9995
2 40378  99.1137 163.7914 0128334  52.5783 308.7044 15.18792602243664
GRIFEX                  
1 40379U 15003D   19180.88800129  .00001263  00000-0  57460-4 0  9995
2 40379  99.1128 157.4901 0136446  71.8287 289.7741 15.15474997243288
EXOCUBE (CP10)          
1 40380U 15003E   19181.15010547  .00001046  00000-0  50509-4 0  9991
2 40380  99.1153 154.5222 0141347  81.8282 279.8949 15.13502035243108
TIANWANG 1C (TW-1C)     
1 40926U 15051B   19181.09301627  .00007566  00000-0  11069-3 0  9995
2 40926  97.1352 227.2524 0006996 344.9516  69.0892 15.55865300211934
TIANWANG 1A (TW-1A)     
1 40928U 15051D   19181.04695145  .00002161  00000-0  54625-4 0  9995
2 40928  97.1446 212.1010 0012227  40.5739  12.9317 15.40807518210921
EXACTVIEW 9             
1 40936U 15052G   19180.96614650  .00000719  00000-0  11504-4 0  9993
2 40936   6.0043 340.6977 0011061 300.2281  59.6752 14.76490313202891
ATHENOXAT 1             
1 41168U 15077C   19181.17293088  .00001283  00000-0  32103-4 0  9995
2 41168  14.9878 131.9314 0011577 252.8261 107.0792 15.13636569195723
GALASSIA                
1 41170U 15077E   19181.16355689  .00001291  00000-0  32000-4 0  9998
2 41170  14.9884 125.1062 0012939 276.7879  83.0969 15.13967882195781
VELOX-II                
1 41171U 15077F   19180.25930437  .00001009  00000-0  19661-4 0  9993
2 41171  14.9903 164.7604 0008906 181.9687 178.0599 15.11215880195357
HORYU-4                 
1 41340U 16012D   19180.94121583  .00000286  00000-0  14980-4 0  9996
2 41340  31.0058  62.6582 0014206 240.5564 119.3654 15.01268255184703
E-ST@R-II               
1 41459U 16025D   19181.23654740  .00000667  00000-0  38718-4 0  9998
2 41459  98.1025 268.3234 0166425 319.9336  38.9739 15.05465232174280
AAUSAT 4                
1 41460U 16025E   19181.06512927  .00000116  00000-0  10479-4 0  9994
2 41460  98.0949 269.4099 0156916 313.1750  45.6463 15.07337525174382
DIWATA-1                
1 41463U 98067HT  19181.24839854  .00014667  00000-0  73823-4 0  9992
2 41463  51.6292 186.8921 0001146  74.7080  10.8301 15.81964503181609
BEESAT-4                
1 41619U 16040W   19180.81483212  .00000763  00000-0  35246-4 0  9990
2 41619  97.3669 242.8313 0010968 353.6922   6.4175 15.23135385155550
CANX-7                  
1 41788U 16059F   19181.12464013  .00002323  00000-0  35951-3 0  9996
2 41788  98.2374 256.6833 0023960 347.0941  12.9668 14.74065876147691
RAVAN                   
1 41849U 16067B   19180.81248859  .00000407  00000-0  39462-4 0  9999
2 41849  97.9202 280.1014 0007479 353.0198   7.0918 14.98227132143663
CELTEE 1                
1 41850U 16067C   19180.76806763  .00000183  00000-0  21215-4 0  9997
2 41850  97.9181 278.7266 0008606 358.3195   1.7996 14.97017918143587
OPTICUBE 04             
1 41851U 16067D   19180.91128604 -.00000436  00000-0 -32800-4 0  9991
2 41851  97.9172 278.6582 0008850 357.6132   2.5046 14.96810840143592
AEROCUBE 8D             
1 41852U 16067E   19180.84787835 -.00000433  00000-0 -32565-4 0  9996
2 41852  97.9181 278.4192 0009560 356.7584   3.3574 14.96719357143561
AEROCUBE 8C             
1 41853U 16067F   19180.80421482  .00000201  00000-0  22912-4 0  9992
2 41853  97.9173 278.3101 0009646 357.4529   2.6641 14.96679290143551
PROMETHEUS 2-1          
1 41854U 16067G   19180.83681655  .00000116  00000-0  15424-4 0  9991
2 41854  97.9191 278.4822 0010149 358.5411   1.5778 14.96904546143560
PROMETHEUS 2-3          
1 41855U 16067H   19180.90596246 -.00000028  00000-0  29130-5 0  9994
2 41855  97.9194 278.5686 0010364 358.2340   1.8842 14.96909346143579
INS-1B                  
1 41954U 17008G   19180.92074429  .00000770  00000-0  34707-4 0  9994
2 41954  97.3992 245.8158 0010952 104.2196 256.0259 15.23956395131515
BGUSAT                  
1 41999U 17008BD  19180.88894098  .00001287  00000-0  52616-4 0  9993
2 41999  97.4068 248.1983 0009852 115.5934 244.6324 15.26129103131005
DIDO-2                  
1 42000U 17008BE  19180.84453295  .00000532  00000-0  24917-4 0  9998
2 42000  97.4005 246.2879 0010040 120.0265 240.1969 15.23905055130901
PEASSS                  
1 42015U 17008BV  19181.19498106  .00000685  00000-0  30435-4 0  9994
2 42015  97.4013 247.6072 0007872 121.9550 238.2454 15.24868958131507
AL-FARABI 1             
1 42016U 17008BW  19180.86109593  .00000905  00000-0  38548-4 0  9995
2 42016  97.4029 247.8300 0007768 121.9222 238.2773 15.25503778131603
NAYIF-1 (EO-88)         
1 42017U 17008BX  19180.84836386  .00000887  00000-0  37811-4 0  9992
2 42017  97.4026 247.8276 0007706 122.1977 238.0010 15.25537151131621
ALTAIR PATHFINDER       
1 42711U 98067LS  19180.59354908  .00023935  00000-0  12177-3 0  9990
2 42711  51.6334 233.2079 0000097 139.3636 220.7374 15.81312730120810
NJUST-1                 
1 42722U 98067MB  19181.11754272  .00207629  30755-4  28778-3 0  9991
2 42722  51.6303 206.9820 0006006  15.4439  24.7993 16.05517430120270
NSIGHT                  
1 42726U 98067MF  19180.64828596  .00012166  00000-0  96901-4 0  9993
2 42726  51.6358 252.6543 0003793 225.2238 134.8452 15.71651299119547
UCLSAT                  
1 42765U 17036A   19180.83976119  .00000672  00000-0  31725-4 0  9991
2 42765  97.3503 238.6118 0011371 181.8008 178.3190 15.22747276112164
LITUANICASAT-2          
1 42768U 17036D   19180.94970875  .00001205  00000-0  54382-4 0  9996
2 42768  97.3538 238.3268 0015331 173.9317 186.2109 15.22802484112029
AALTO-1                 
1 42775U 17036L   19180.71250530  .00000449  00000-0  23041-4 0  9995
2 42775  97.3487 237.2112 0014123 174.7681 185.3705 15.21339991111889
URSA MAIOR              
1 42776U 17036M   19180.93538640  .00000501  00000-0  25270-4 0  9996
2 42776  97.3497 237.5799 0013982 173.9100 186.2309 15.21472761111922
COMPASS 2               
1 42777U 17036N   19180.77012636  .00000971  00000-0  44311-4 0  9999
2 42777  97.3536 238.6121 0012715 174.4274 185.7106 15.22896759111959
DIAMOND RED             
1 42783U 17036U   19180.82327123  .00000580  00000-0  28214-4 0  9992
2 42783  97.3503 238.1890 0012022 183.5303 176.5851 15.22202815111941
PEGASUS                 
1 42784U 17036V   19180.80023457  .00000636  00000-0  30400-4 0  9996
2 42784  97.3508 238.3909 0011913 183.0606 177.0560 15.22495146111954
DIAMOND GREEN           
1 42785U 17036W   19181.15075083  .00000588  00000-0  28582-4 0  9992
2 42785  97.3505 238.5335 0011923 182.9195 177.1974 15.22204601111986
DIAMOND BLUE            
1 42786U 17036X   19180.88692000  .00000585  00000-0  28416-4 0  9999
2 42786  97.3505 238.2737 0011732 184.0035 176.1110 15.22201075112023
NUDTSAT                 
1 42787U 17036Y   19180.92251945  .00001110  00000-0  49472-4 0  9994
2 42787  97.3534 239.2043 0009943 183.8569 176.2589 15.23461075111857
SUCHAI                  
1 42788U 17036Z   19180.80433668  .00000787  00000-0  36493-4 0  9994
2 42788  97.3511 238.7008 0011500 181.8883 178.2312 15.22910607112044
SKCUBE                  
1 42789U 17036AA  19180.88653541  .00000735  00000-0  34346-4 0  9995
2 42789  97.3508 238.7223 0011384 181.6927 178.4273 15.22810819111970
VZLUSAT-1               
1 42790U 17036AB  19180.71230814  .00000949  00000-0  42684-4 0  9994
2 42790  97.3523 239.0022 0010982 180.8955 179.2265 15.23457082111975
ROBUSTA-1B              
1 42792U 17036AD  19180.94759833  .00000772  00000-0  35781-4 0  9992
2 42792  97.3509 238.9320 0010936 181.8418 178.2781 15.22976925112002
CICERO 6                
1 42793U 17036AE  19180.94459439  .00000502  00000-0  24573-4 0  9990
2 42793  97.3492 238.7073 0010128 183.0526 177.0651 15.22577107112062
D-SAT                   
1 42794U 17036AF  19181.08179835  .00000246  00000-0  26484-4 0  9994
2 42794  97.5384 225.2838 0128133 103.5810 257.9719 14.91098555110032
CORVUS BC2              
1 42846U 17042X   19180.74517632 -.00000048  00000-0  50445-6 0  9999
2 42846  97.5650  74.3068 0010317  26.7494 333.4255 14.91975626106664
CORVUS BC1              
1 42847U 17042Y   19180.76473724  .00000019  00000-0  71155-5 0  9992
2 42847  97.5651  74.4338 0009951  26.6320 333.5409 14.92075615106668
MIRATA                  
1 43015U 17073C   19180.84819888  .00000464  00000-0  41153-4 0  9996
2 43015  97.7195 101.6289 0256626 121.2425 241.4204 14.78976065 86941
MAKERSAT 0              
1 43016U 17073D   19180.72878792  .00000321  00000-0  30068-4 0  9998
2 43016  97.7230 101.7139 0258774 122.0081 240.6560 14.78732329 86927
ASTERIA                 
1 43020U 98067NH  19180.67579948  .00013756  00000-0  11213-3 0  9996
2 43020  51.6427 263.5529 0001340 151.5602 208.5469 15.70958789 91582
DELLINGR (RBLE)         
1 43021U 98067NJ  19181.09059404  .00004870  00000-0  57863-4 0  9993
2 43021  51.6387 274.4683 0002225 140.1049 220.0109 15.63235919 91475
AEROCUBE 7B (OCSD B)    
1 43042U 17071F   19180.85174476  .00002446  00000-0  67606-4 0  9995
2 43042  51.6392 358.3585 0004646 186.6474 173.4450 15.41227189 87801
AEROCUBE 7C (OCSD C)    
1 43043U 17071G   19180.85173289  .00001806  00000-0  52466-4 0  9994
2 43043  51.6393 358.3722 0004793 191.5673 168.5203 15.41225308 87773
CHEFSAT                 
1 43044U 17071H   19180.88762108  .00002550  00000-0  64381-4 0  9998
2 43044  51.6399 352.7309 0004668 189.0968 170.9935 15.43872817 87852
ASGARDIA 1              
1 43049U 17071N   19180.86759044  .00001629  00000-0  48052-4 0  9999
2 43049  51.6400 357.7586 0002159 201.2507 158.8389 15.41350063 87772
ISARA                   
1 43050U 17071P   19180.84221297  .00003019  00000-0  75700-4 0  9998
2 43050  51.6388 353.8851 0002135 194.2765 165.8161 15.43383885 87824
PROPCUBE 2 (FAUNA)      
1 43052U 17071R   19180.87128706  .00001831  00000-0  52350-4 0  9990
2 43052  51.6397 357.0513 0002163 196.5534 163.5381 15.41629844 87787
CORVUS BC3              
1 43118U 18004H   19180.77622186  .00000424  00000-0  21138-4 0  9997
2 43118  97.4860 248.0971 0009679 204.7811 155.2962 15.22847935 81160
MICROMAS-2A             
1 43131U 18004W   19180.77329238  .00001032  00000-0  45400-4 0  9998
2 43131  97.4887 248.8063 0008626 205.2634 154.8182 15.24129343 81206
CICERO 7                
1 43143U 18004AJ  19180.73006870  .00000873  00000-0  38735-4 0  9996
2 43143  97.4872 248.9775 0006559 213.2692 146.8133 15.24262158 81210
GOMX-4B                 
1 43196U 18015E   19180.93213820  .00000238  00000-0  12767-4 0  9995
2 43196  97.3923 308.3158 0017661 268.5003  91.4212 15.23943662 78051
GOMX-4A                 
1 43197U 18015F   19181.19765256  .00000227  00000-0  12282-4 0  9990
2 43197  97.3932 308.6013 0017375 267.1140 212.7130 15.24039133 78107
1KUNS-PF                
1 43466U 98067NP  19180.69651744  .00012208  00000-0  12008-3 0  9991
2 43466  51.6375 278.5579 0000206 173.8662 186.2337 15.66451805 64647
UBAKUSAT                
1 43467U 98067NQ  19180.85789726  .00007222  00000-0  83830-4 0  9994
2 43467  51.6375 281.8866 0002294 110.3154 249.8087 15.62973718 64629
BATSU-CS1 (IRAZU)       
1 43468U 98067NR  19180.72923347  .00017345  00000-0  14943-3 0  9995
2 43468  51.6365 275.0005 0000398 299.3259  60.7698 15.69391663164681
CUBERRT                 
1 43546U 98067NU  19180.75269522  .00020509  00000-0  20896-3 0  9993
2 43546  51.6384 283.4328 0004112 175.1229 184.9807 15.65083775 54728
TEMPEST-D               
1 43547U 98067NV  19181.14508031  .00002446  00000-0  38585-4 0  9994
2 43547  51.6390 289.0534 0005727 163.1501 196.9683 15.58023200 54364
RAINCUBE                
1 43548U 98067NW  19180.86263451  .00007544  00000-0  92005-4 0  9998
2 43548  51.6374 286.4021 0005299 175.9323 184.1715 15.61594759 54828
HALOSAT                 
1 43549U 98067NX  19180.73889474  .00007965  00000-0  96964-4 0  9999
2 43549  51.6380 287.0871 0005226 177.3244 182.7779 15.61550014 54363
ENDUROSAT ONE           
1 43551U 98067NZ  19180.74948390  .00009472  00000-0  10760-3 0  9990
2 43551  51.6379 284.9117 0005358 188.2293 171.8614 15.63092091 54808
EQUISAT                 
1 43552U 98067PA  19180.73835382  .00007436  00000-0  89936-4 0  9996
2 43552  51.6391 286.3579 0005795 185.7255 174.3674 15.61838675 54747
AEROCUBE 12A            
1 43556U 18046C   19181.02664976  .00000639  00000-0  35196-4 0  9998
2 43556  51.6438   2.2813 0009035 109.4598 250.7358 15.28730910 53296
AEROCUBE 12B            
1 43557U 18046D   19180.71422499  .00001329  00000-0  59735-4 0  9998
2 43557  51.6435   3.9418 0009058 109.1326 251.0635 15.28599488 53198
UITMSAT-1               
1 43589U 98067PD  19180.74078264  .00008471  00000-0  10115-3 0  9997
2 43589  51.6367 287.0719 0005071 194.9766 165.1078 15.61957573 50471
MAYA-1                  
1 43590U 98067PE  19180.54380895  .00008518  00000-0  10161-3 0  9996
2 43590  51.6370 288.0110 0005266 193.7947 166.2903 15.61973542 50379
BHUTAN-1                
1 43591U 98067PF  19180.53408365  .00008324  00000-0  99232-4 0  9991
2 43591  51.6382 287.9664 0005372 195.0803 165.0032 15.62029337 50374
SIRIUSSAT-1             
1 43595U 98067PG  19181.16591163  .00008512  00000-0  10447-3 0  9993
2 43595  51.6371 286.1645 0003285 151.0987 209.0189 15.61229987 49633
SIRIUSSAT-2             
1 43596U 98067PH  19180.74935633  .00007695  00000-0  95626-4 0  9995
2 43596  51.6378 288.6673 0003851 150.5300 209.5911 15.61064812 49565
TANUSHA-3               
1 43597U 98067PJ  19181.11984683  .00009730  00000-0  11236-3 0  9993
2 43597  51.6363 285.0807 0003180 169.2112 190.8951 15.62632002 49641
SURFSAT                 
1 43614U 18070B   19180.79203317  .00001452  00000-0  39570-4 0  9995
2 43614  93.0220   8.2492 0013190 262.2560  97.7196 15.37548500 44115
CP7 (DAVE)              
1 43615U 18070C   19181.05866710  .00001307  00000-0  35721-4 0  9991
2 43615  93.0224   8.3605 0013383 260.0527  99.9216 15.37469338 44152
ELFIN-B                 
1 43616U 18070D   19180.73661727  .00001759  00000-0  47036-4 0  9990
2 43616  93.0190   8.1408 0014204 266.1297  93.8332 15.38090685 44112
ELFIN-A                 
1 43617U 18070E   19180.60007630  .00002040  00000-0  54465-4 0  9992
2 43617  93.0243   8.3081 0013306 262.9904  96.9836 15.38132378 44098
CUBEBEL-1 (BSUSAT-1)    
1 43666U 18083E   19181.15875185  .00000456  00000-0  26042-4 0  9998
2 43666  97.5189 205.5606 0015785 143.1227 304.2581 15.17588675 37024
DEBRISSAT-2             
1 43680U 98067PR  19180.90540502  .00013858  00000-0  15269-3 0  9996
2 43680  51.6386 285.9278 0003143 183.6011 176.4962 15.63425816 58351
CICERO 10               
1 43690U 18088A   19180.88703419  .00000726  00000-0  32091-4 0  9990
2 43690  85.0382 311.1345 0015891 158.8270 201.3632 15.19666770 35051
IRVINE01                
1 43693U 18088D   19180.79659217  .00001548  00000-0  66910-4 0  9999
2 43693  85.0358 310.7803 0019766 146.5986 213.6507 15.21400630 35055
PROXIMA I               
1 43694U 18088E   19180.82055600  .00000665  00000-0  27633-4 0  9998
2 43694  85.0326 310.5942 0021007 138.5915 221.6924 15.21391779 35063
PROXIMA II              
1 43696U 18088G   19180.81966115  .00000662  00000-0  27509-4 0  9990
2 43696  85.0327 310.5958 0021039 138.5516 221.7326 15.21397172 35065
FACSAT-1                
1 43721U 18096C   19181.14282420  .00000871  00000-0  36360-4 0  9992
2 43721  97.4592 250.9896 0016341 291.4732  68.4764 15.26303832 32482
CENTAURI-2              
1 43722U 18096D   19180.79396983  .00000970  00000-0  39899-4 0  9993
2 43722  97.4593 250.6901 0016522 293.6135  66.3368 15.26522761 32425
INNOSAT-2               
1 43738U 18096V   19181.16755155  .00001371  00000-0  51594-4 0  9994
2 43738  97.4597 251.7224 0022962 303.7038  56.2013 15.28676443 32532
SIRION PATHFINDER-2     
1 43759U 18099B   19181.16308000  .00000129  00000-0  17064-4 0  9997
2 43759  97.7447 253.0076 0012759 284.1452  75.8350 14.95133284 31137
CORVUS-BC 4             
1 43767U 18099K   19180.83868013 -.00000173  00000-0 -10701-4 0  9996
2 43767  97.7433 252.4711 0010357 289.3269  70.6831 14.94575850 31084
SHIELDS 1               
1 43850U 18104B   19181.09351012  .00000041  00000-0  00000+0 0  9999
2 43850  85.0316  48.9205 0012736 292.4109  67.5840 15.21085194 29758
STF-1                   
1 43852U 18104D   19180.64178374  .00000040  00000-0  00000+0 0  9998
2 43852  85.0337  49.4519 0013087 310.8578  49.1541 15.20608443 29674
ZACUBE-2                
1 43907U 18111AH  19181.16484309  .00000303  00000-0  15274-4 0  9999
2 43907  97.2898  86.0873 0020481 314.4311  45.5250 15.24193642 28190
LUME 1                  
1 43908U 18111AJ  19180.69718842  .00000569  00000-0  26012-4 0  9995
2 43908  97.2897  85.6496 0020483 316.4088  43.5531 15.24341902 28128
AOBA VELOX-IV           
1 43940U 19003J   19181.10218047  .00001122  00000-0  49059-4 0  9993
2 43940  97.2761 238.6755 0025621  35.4062  22.1405 15.23819046 24825
CATSAT-2                
1 44029U 98067PV  19180.84702244  .00006519  00000-0  96797-4 0  9992
2 44029  51.6396 295.3233 0004965 185.8620 174.2314 15.56556084 23318
DELPHINI                
1 44030U 98067PW  19180.77637625  .00006303  00000-0  93374-4 0  9995
2 44030  51.6389 295.5910 0004572 185.3821 174.7123 15.56688666 23278
UNITE                   
1 44031U 98067PX  19180.75469186  .00004012  00000-0  64023-4 0  9993
2 44031  51.6396 296.1986 0003295 177.9068 182.1937 15.55758133 23269
TECHEDSAT 8             
1 44032U 98067PY  19180.87839678  .00014686  00000-0  18439-3 0  9991
2 44032  51.6387 293.2744 0003262 190.4508 169.6418 15.59956858 23298
CATSAT-1                
1 44033U 98067PZ  19180.78268845  .00006637  00000-0  98408-4 0  9996
2 44033  51.6397 295.6440 0004734 185.2015 174.8929 15.56561583 23210
NEPALISAT-1             
1 44329U 98067QE  19180.78959011  .00004305  00000-0  77605-4 0  9992
2 44329  51.6416 298.6827 0007713 123.8920 236.2805 15.52074884  1980
RAAVANA-1               
1 44330U 98067QF  19180.78987989  .00004264  00000-0  77047-4 0  9993
2 44330  51.6416 298.6847 0007698 122.6329 237.5405 15.52038325  1964
UGUISU                  
1 44331U 98067QG  19180.78930552  .00004261  00000-0  76809-4 0  9990
2 44331  51.6416 298.6811 0007729 124.9686 235.2030 15.52110488  1973
SPOOQY-1                
1 44332U 98067QH  19180.78901044  .00004337  00000-0  77943-4 0  9999
2 44332  51.6414 298.6786 0006505 126.8932 233.2655 15.52147708  1931
