CUTE-1 (CO-55)          
1 27844U 03031E   19239.86628919  .00000039  00000-0  37333-4 0  9990
2 27844  98.6848 247.0315 0009714 181.1730 178.9426 14.22191236838225
CUBESAT XI-IV (CO-57)   
1 27848U 03031J   19239.80804957  .00000028  00000-0  32455-4 0  9994
2 27848  98.6925 247.4890 0009366 193.1570 166.9364 14.21784822838108
CUBESAT XI-V            
1 28895U 05043F   19239.85296530  .00000081  00000-0  24299-4 0  9995
2 28895  97.9688  20.2172 0017971 127.7063 232.5773 14.63684835737516
CUTE-1.7+APD II (CO-65) 
1 32785U 08021C   19240.14396867  .00000138  00000-0  20485-4 0  9991
2 32785  97.5526 236.5449 0013991  35.1704 325.0434 14.88334791614164
AAUSAT-II               
1 32788U 08021F   19240.00614445  .00000159  00000-0  19618-4 0  9993
2 32788  97.4965 252.6248 0010914 331.7638  28.2991 14.94777682615429
DELFI-C3 (DO-64)        
1 32789U 08021G   19240.13316340  .00000796  00000-0  57068-4 0  9999
2 32789  97.4593 287.6555 0010768 239.8712 120.1449 15.07067813617575
SEEDS II (CO-66)        
1 32791U 08021J   19239.97656312  .00000170  00000-0  22552-4 0  9994
2 32791  97.5296 242.4272 0013598  10.9033 349.2478 14.90855376614586
SWISSCUBE               
1 35932U 09051B   19239.47255253  .00000077  00000-0  28557-4 0  9999
2 35932  98.5948  47.5142 0006737 318.6171  41.4515 14.56302849526892
BEESAT-1                
1 35933U 09051C   19239.47131399  .00000070  00000-0  26873-4 0  9996
2 35933  98.5970  49.3017 0005208 335.9618  24.1335 14.56389766527048
ITUPSAT1                
1 35935U 09051E   19240.11921211  .00000064  00000-0  25822-4 0  9997
2 35935  98.6080  50.2021 0007405 327.7431  32.3311 14.55547373526887
TISAT 1                 
1 36799U 10035E   19239.67237195  .00000110  00000-0  17214-4 0  9998
2 36799  98.1645  34.1820 0011569 210.9016 149.1521 14.91139747494992
M-CUBED & EXP-1 PRIME   
1 37855U 11061F   19239.78110973  .00000195  00000-0  18204-4 0  9991
2 37855 101.7100 171.3536 0173004 228.9940 129.6203 15.05544331427327
STRAND-1                
1 39090U 13009E   19240.13576591  .00000026  00000-0  24323-4 0  9993
2 39090  98.4829  84.8928 0010391  80.5988 279.6371 14.35094458340492
SOMP                    
1 39134U 13015E   19239.81565983  .00000677  00000-0  40151-4 0  9994
2 39134  64.8634 153.2312 0034732 291.8989  67.8447 15.20270082350871
BEESAT-3                
1 39135U 13015F   19239.79658388  .00000594  00000-0  39154-4 0  9993
2 39135  64.8693 172.5829 0030759 305.1211  54.7033 15.17559576350494
BEESAT-2                
1 39136U 13015G   19239.79428440  .00000617  00000-0  40973-4 0  9995
2 39136  64.8683 176.6134 0022885 304.5053  55.3911 15.16974897350416
NEE-01 PEGASO           
1 39151U 13018B   19240.19203677  .00000066  00000-0  15708-4 0  9990
2 39151  97.9734 336.1112 0016397 338.0475  22.0033 14.80064151342158
ESTCUBE 1               
1 39161U 13021C   19240.20352882  .00000100  00000-0  23608-4 0  9997
2 39161  97.9850 323.8374 0010778  99.9524 260.2903 14.72221121338741
POPACS 1                
1 39268U 13055D   19239.77020579  .00004549  00000-0  12507-3 0  9993
2 39268  80.9992 247.2280 0625172  16.4021 345.6412 14.37376883307105
POPACS 2                
1 39269U 13055E   19239.85722347  .00001748  00000-0  48469-4 0  9990
2 39269  81.0129 278.4153 0684503  97.0825 270.8646 14.24132970304035
POPACS 3                
1 39270U 13055F   19239.84657376  .00001553  00000-0  46974-4 0  9993
2 39270  81.0162 296.1189 0714533 148.2793 216.3586 14.15966568283425
ZACUBE-1 (TSHEPISOSAT)  
1 39417U 13066B   19239.69481101  .00000131  00000-0  22826-4 0  9993
2 39417  97.5625 249.2628 0059395 163.0200 197.3019 14.81138481311404
WNISAT-1                
1 39423U 13066H   19240.07955272  .00000057  00000-0  20529-4 0  9994
2 39423  97.7785 176.9424 0176472  93.6201 268.5195 14.53054255305678
TRITON-1                
1 39427U 13066M   19239.87269290  .00000156  00000-0  33125-4 0  9998
2 39427  97.6830 212.9380 0112555 301.2578  57.7641 14.67869133308447
GOMX-1                  
1 39430U 13066Q   19240.11176018  .00000126  00000-0  31620-4 0  9991
2 39430  97.7518 192.0464 0152086  32.6093 328.4393 14.59274069306872
CUBEBUG-2 (LO-74)       
1 39440U 13066AA  19239.99000699  .00000122  00000-0  24055-4 0  9997
2 39440  97.6056 234.2887 0079248 215.7357 143.8535 14.75876797310340
NEE-02 KRYSAOR          
1 39441U 13066AB  19239.53577160  .00000083  00000-0  19062-4 0  9998
2 39441  97.6100 231.5864 0080599 224.6403 134.8299 14.74922531308934
FUNCUBE-1 (AO-73)       
1 39444U 13066AE  19239.79169486  .00000163  00000-0  26296-4 0  9993
2 39444  97.5603 251.3674 0058692 156.2917 204.1021 14.81962092309728
UWE-3                   
1 39446U 13066AG  19239.80614965  .00000132  00000-0  24150-4 0  9997
2 39446  97.5832 241.2128 0069715 189.9991 169.9838 14.78411436309629
BRITE-CA1 (TORONTO)     
1 40020U 14033L   19240.08799384 -.00000003  00000-0  81442-5 0  9999
2 40020  97.7430  80.0056 0086102 292.4374  66.7729 14.66583310277612
DUCHIFAT-1              
1 40021U 14033M   19239.75811531  .00000207  00000-0  26954-4 0  9992
2 40021  97.9225 164.5829 0012833 172.7160 187.4247 14.90664724281983
NANOSATC-BR1            
1 40024U 14033Q   19239.75476918  .00000137  00000-0  20181-4 0  9999
2 40024  97.9115 161.8224 0012074 176.0071 184.1245 14.89874230281871
QB50P1                  
1 40025U 14033R   19239.79232223  .00000183  00000-0  25427-4 0  9992
2 40025  97.9032 159.3587 0012166 182.3731 177.7430 14.88969943281249
QB50P2                  
1 40032U 14033Y   19239.74862679  .00000106  00000-0  17382-4 0  9995
2 40032  97.8952 157.3578 0011701 178.4141 181.7115 14.88503187281665
PERSEUS-M2              
1 40037U 14033AD  19239.76792376  .00000016  00000-0  80546-5 0  9991
2 40037  97.8872 153.3272 0013927 193.1021 166.9835 14.86470835281385
PERSEUS-M1              
1 40039U 14033AF  19239.83689812  .00000004  00000-0  67430-5 0  9995
2 40039  97.8854 152.4434 0013840 190.2558 169.8377 14.86091037281324
POLYITAN-1              
1 40042U 14033AJ  19240.20570143  .00000161  00000-0  23268-4 0  9992
2 40042  97.9113 160.1197 0014600 171.9342 188.2112 14.88684824281721
TIGRISAT                
1 40043U 14033AK  19239.59971251  .00000067  00000-0  17460-4 0  9990
2 40043  97.7480 104.4249 0058746 230.4105 129.1908 14.74284449278607
AEROCUBE 6A             
1 40045U 14033AM  19239.62320369  .00000137  00000-0  27092-4 0  9994
2 40045  97.7711 108.5315 0056545 222.8793 136.8001 14.75413086278632
AEROCUBE 6B             
1 40046U 14033AN  19239.83277751  .00000155  00000-0  29701-4 0  9993
2 40046  97.7641 108.3015 0055902 221.3101 138.3874 14.75394552278667
UKUBE-1                 
1 40074U 14037F   19240.08714123  .00000116  00000-0  21063-4 0  9996
2 40074  98.4444  46.0701 0005085   8.1302 351.9987 14.84082825278090
BRITE-PL2 (HEWELIUSZ)   
1 40119U 14049B   19239.82472293  .00000058  00000-0  13400-4 0  9999
2 40119  97.9046 329.8481 0017232 356.7290   3.3808 14.84419038271985
FIREBIRD 4              
1 40378U 15003C   19239.96440384  .00000775  00000-0  34733-4 0  9996
2 40378  99.1182 234.6957 0126138 215.8555 143.4160 15.18970593252592
GRIFEX                  
1 40379U 15003D   19239.91158018  .00000511  00000-0  26441-4 0  9997
2 40379  99.1180 228.2637 0133961 235.7924 123.0549 15.15613347252221
EXOCUBE (CP10)          
1 40380U 15003E   19239.85422433  .00000426  00000-0  23871-4 0  9996
2 40380  99.1208 224.7193 0138792 247.6317 111.0153 15.13626166251977
TIANWANG 1C (TW-1C)     
1 40926U 15051B   19240.11626161  .00007521  00000-0  10619-3 0  9998
2 40926  97.1306 286.2292 0009830 109.3744 303.1303 15.56805584221115
TIANWANG 1A (TW-1A)     
1 40928U 15051D   19240.07532346  .00001818  00000-0  45913-4 0  9995
2 40928  97.1422 269.8172 0011457 168.4405 244.0527 15.41060081220016
EXACTVIEW 9             
1 40936U 15052G   19239.53062049  .00000744  00000-0  15064-4 0  9993
2 40936   6.0024 283.1590 0010098  48.6683 311.4313 14.76501639211560
ATHENOXAT 1             
1 41168U 15077C   19239.75460236  .00001407  00000-0  38697-4 0  9996
2 41168  14.9887  62.5773 0011565 347.2974  12.7055 15.13718527204616
GALASSIA                
1 41170U 15077E   19239.60068662  .00001396  00000-0  37515-4 0  9995
2 41170  14.9892  56.5970 0012917   9.9453 350.1123 15.14046217204653
VELOX-II                
1 41171U 15077F   19239.72773166  .00001158  00000-0  28205-4 0  9993
2 41171  14.9914  90.5531 0008908 285.7357  74.1981 15.11269158204363
HORYU-4                 
1 41340U 16012D   19239.84935936  .00000343  00000-0  19316-4 0  9997
2 41340  31.0056  47.6392 0013718 105.1577 255.0577 15.01294319193566
E-ST@R-II               
1 41459U 16025D   19240.19047797  .00001965  00000-0  10306-3 0  9991
2 41459  98.1018 330.2414 0168896 121.5005 240.2866 15.05585630183155
AAUSAT 4                
1 41460U 16025E   19240.21019579  .00001648  00000-0  85490-4 0  9998
2 41460  98.0953 331.6829 0158467 113.3467 248.4682 15.07511382183299
DIWATA-1                
1 41463U 98067HT  19240.02121492  .00019425  00000-0  87395-4 0  9992
2 41463  51.6278 240.9665 0002549  58.6998  37.0010 15.84115636190917
BEESAT-4                
1 41619U 16040W   19239.67651554  .00000876  00000-0  39876-4 0  9993
2 41619  97.3621 300.5800 0012631 132.1468 228.0844 15.23241902164519
CANX-7                  
1 41788U 16059F   19240.10207299  .00004046  00000-0  61094-3 0  9992
2 41788  98.2431 316.6566 0030742 147.3305 212.9828 14.74563778156386
RAVAN                   
1 41849U 16067B   19239.78418450 -.00000190  00000-0 -10826-4 0  9990
2 41849  97.9242 339.9626 0009264 137.6235 222.5704 14.98282527152498
CELTEE 1                
1 41850U 16067C   19239.78821064 -.00000474  00000-0 -35878-4 0  9990
2 41850  97.9194 338.4932 0009425 142.8034 217.3841 14.97035563152415
OPTICUBE 04             
1 41851U 16067D   19239.80598710  .00000015  00000-0  66075-5 0  9996
2 41851  97.9177 338.2725 0009698 145.8827 214.3019 14.96819077152402
AEROCUBE 8D             
1 41852U 16067E   19239.81279523  .00000336  00000-0  34722-4 0  9995
2 41852  97.9190 338.1046 0010626 145.9529 214.2375 14.96738641152384
AEROCUBE 8C             
1 41853U 16067F   19239.83738031  .00000287  00000-0  30410-4 0  9997
2 41853  97.9197 338.0604 0010891 145.1492 215.0445 14.96709737152387
PROMETHEUS 2-1          
1 41854U 16067G   19239.86112961 -.00000187  00000-0 -10962-4 0  9990
2 41854  97.9198 338.2507 0010953 147.0174 213.1733 14.96934405152392
PROMETHEUS 2-3          
1 41855U 16067H   19239.79638207 -.00000092  00000-0 -26940-5 0  9998
2 41855  97.9200 338.2038 0011141 147.7840 212.4064 14.96939666152385
INS-1B                  
1 41954U 17008G   19239.81638501  .00000779  00000-0  35040-4 0  9994
2 41954  97.3947 303.9231 0007516 256.2456 103.7945 15.24057042140480
BGUSAT                  
1 41999U 17008BD  19240.15845424  .00001305  00000-0  53128-4 0  9999
2 41999  97.4024 306.9318 0006414 269.7340  90.3163 15.26293827140042
DIDO-2                  
1 42000U 17008BE  19239.74280344  .00000573  00000-0  26574-4 0  9991
2 42000  97.3960 304.4016 0006845 279.9953  80.0511 15.23976487139872
PEASSS                  
1 42015U 17008BV  19239.85877607  .00000721  00000-0  31810-4 0  9997
2 42015  97.3968 305.5825 0004709 287.0240  73.0482 15.24959448140445
AL-FARABI 1             
1 42016U 17008BW  19239.76235308  .00000899  00000-0  38181-4 0  9998
2 42016  97.3985 306.1101 0004516 286.0857  73.9884 15.25619652140589
NAYIF-1 (EO-88)         
1 42017U 17008BX  19239.74831845  .00000932  00000-0  39453-4 0  9996
2 42017  97.3983 306.1069 0004526 286.8157  73.2584 15.25654389140602
ALTAIR PATHFINDER       
1 42711U 98067LS  19240.11093573  .00048123  00000-0  19731-3 0  9992
2 42711  51.6322 283.3061 0004237  37.1429 322.9867 15.85518888130245
NSIGHT                  
1 42726U 98067MF  19239.55484701  .00019875  00000-0  14287-3 0  9994
2 42726  51.6356 310.7679 0004775  68.2330 291.9177 15.73614325128810
UCLSAT                  
1 42765U 17036A   19239.71665337  .00000698  00000-0  32761-4 0  9999
2 42765  97.3454 296.2112 0011062 352.6308   7.4764 15.22840954121718
LITUANICASAT-2          
1 42768U 17036D   19240.15159287  .00001238  00000-0  55561-4 0  9998
2 42768  97.3490 296.2802 0014203 338.7770  21.2876 15.22963871121032
AALTO-1                 
1 42775U 17036L   19239.77591644  .00000448  00000-0  22991-4 0  9992
2 42775  97.3436 294.8543 0013300 341.3645  18.7102 15.21404769120862
URSA MAIOR              
1 42776U 17036M   19239.73046687  .00000501  00000-0  25257-4 0  9999
2 42776  97.3447 294.9807 0013127 341.5793  18.4966 15.21543338120863
COMPASS 2               
1 42777U 17036N   19240.16609561  .00000988  00000-0  44878-4 0  9994
2 42777  97.3487 296.7602 0011774 341.2931  18.7871 15.23027164120996
DIAMOND RED             
1 42783U 17036U   19239.85291764  .00000602  00000-0  29102-4 0  9993
2 42783  97.3453 295.8887 0011745 352.8222   7.2844 15.22283620120926
PEGASUS                 
1 42784U 17036V   19239.81834468  .00000692  00000-0  32717-4 0  9999
2 42784  97.3457 296.1086 0011617 352.3912   7.7146 15.22586950120938
DIAMOND GREEN           
1 42785U 17036W   19239.65452001  .00000572  00000-0  27789-4 0  9991
2 42785  97.3456 295.7210 0011694 354.2120   5.8980 15.22282292120969
DIAMOND BLUE            
1 42786U 17036X   19239.65370358  .00000603  00000-0  29142-4 0  9996
2 42786  97.3456 295.7179 0011546 354.6080   5.5030 15.22282031120963
NUDTSAT                 
1 42787U 17036Y   19239.96811026  .00001042  00000-0  46386-4 0  9990
2 42787  97.3499 297.0537 0012270 349.1198  10.9770 15.23596447120846
SUCHAI                  
1 42788U 17036Z   19239.74032386  .00000814  00000-0  37496-4 0  9999
2 42788  97.3462 296.3793 0011181 352.1069   7.9990 15.23018714121010
SKCUBE                  
1 42789U 17036AA  19239.69511683  .00000731  00000-0  34081-4 0  9991
2 42789  97.3459 296.2640 0011046 352.4475   7.6594 15.22911288120924
VZLUSAT-1               
1 42790U 17036AB  19239.69238918  .00001032  00000-0  46007-4 0  9996
2 42790  97.3474 296.7824 0010555 351.7373   8.3689 15.23588866120954
ROBUSTA-1B              
1 42792U 17036AD  19239.81535211  .00000805  00000-0  37078-4 0  9993
2 42792  97.3459 296.5472 0010624 353.0565   7.0523 15.23083599120968
CICERO 6                
1 42793U 17036AE  19239.69703877  .00000527  00000-0  25580-4 0  9991
2 42793  97.3442 296.1595 0009993 356.0055   4.1100 15.22649917121003
D-SAT                   
1 42794U 17036AF  19239.66455751  .00000287  00000-0  30595-4 0  9999
2 42794  97.5341 281.2676 0124953 268.4060  90.2843 14.91123037118769
CORVUS BC2              
1 42846U 17042X   19239.69661322  .00000067  00000-0  11893-4 0  9996
2 42846  97.5567 130.8771 0009616 172.2609 187.8760 14.91991714115450
CORVUS BC1              
1 42847U 17042Y   19239.64515284  .00000269  00000-0  31706-4 0  9996
2 42847  97.5568 130.9457 0009270 171.6946 188.4429 14.92092170115444
MIRATA                  
1 43015U 17073C   19239.77317352  .00000541  00000-0  48349-4 0  9992
2 43015  97.7167 158.2565 0253715 289.5823  67.8159 14.79082120 95659
MAKERSAT 0              
1 43016U 17073D   19239.73176697  .00000393  00000-0  36694-4 0  9999
2 43016  97.7201 158.4188 0255950 290.1581  67.2266 14.78809072 95648
ASTERIA                 
1 43020U 98067NH  19240.18309179  .00022880  00000-0  16849-3 0  9994
2 43020  51.6434 318.9781 0002844  34.8218 325.2967 15.72949664100946
DELLINGR (RBLE)         
1 43021U 98067NJ  19240.14562175  .00006839  00000-0  76733-4 0  9993
2 43021  51.6393 335.8684 0002559  19.8445 340.2649 15.63964617100713
AEROCUBE 7B (OCSD B)    
1 43042U 17071F   19239.78695372  .00002449  00000-0  67119-4 0  9997
2 43042  51.6380  70.1494 0005043  55.3806 304.7654 15.41488783 96892
AEROCUBE 7C (OCSD C)    
1 43043U 17071G   19240.17594164  .00002190  00000-0  61038-4 0  9997
2 43043  51.6381  68.2611 0005317  60.1349 300.0164 15.41489755 96922
CHEFSAT                 
1 43044U 17071H   19239.71829827  .00005933  00000-0  13559-3 0  9995
2 43044  51.6386  63.8447 0005098  58.6392 301.5092 15.44313243 96941
ASGARDIA 1              
1 43049U 17071N   19239.73339280  .00002437  00000-0  66569-4 0  9997
2 43049  51.6392  69.8422 0002985  76.4267 283.7051 15.41605058 96865
ISARA                   
1 43050U 17071P   19240.14480106  .00004057  00000-0  97165-4 0  9996
2 43050  51.6378  62.8920 0002768  75.7581 284.3712 15.43816771 96989
PROPCUBE 2 (FAUNA)      
1 43052U 17071R   19239.79088192  .00002499  00000-0  67389-4 0  9999
2 43052  51.6388  68.7448 0002899  73.4354 286.6949 15.41901669 96874
CORVUS BC3              
1 43118U 18004H   19239.71540727  .00000467  00000-0  22923-4 0  9996
2 43118  97.4816 306.8252 0010741  15.8522 344.3048 15.22912762 90132
MICROMAS-2A             
1 43131U 18004W   19240.18662732  .00001077  00000-0  47044-4 0  9994
2 43131  97.4844 308.1472 0009621  16.5078 343.6470 15.24269791 90259
SPACEBEE-4              
1 43139U 18004AE  19240.16786247  .00001593  00000-0  66436-4 0  9997
2 43139  97.4864 308.7169 0009109  19.8447 340.3144 15.25159261 90270
SPACEBEE-3              
1 43140U 18004AF  19240.18695156  .00001953  00000-0  79439-4 0  9996
2 43140  97.4875 309.0453 0008865  19.6396 340.5182 15.25726558 90300
SPACEBEE-2              
1 43141U 18004AG  19239.82097169  .00002057  00000-0  83028-4 0  9991
2 43141  97.4882 308.7828 0008821  20.7720 339.3875 15.25917479 90250
SPACEBEE-1              
1 43142U 18004AH  19239.84352605  .00002525  00000-0  10061-3 0  9999
2 43142  97.4888 308.9274 0008744  21.0549 339.1048 15.26133919 90251
CICERO 7                
1 43143U 18004AJ  19240.20420426  .00001007  00000-0  44035-4 0  9992
2 43143  97.4829 308.3792 0008110  27.5920 332.5746 15.24387936 90279
GOMX-4B                 
1 43196U 18015E   19239.96071822  .00000098  00000-0  69677-5 0  9994
2 43196  97.3996   6.5481 0020380  61.4211 298.9067 15.23988808 87042
GOMX-4A                 
1 43197U 18015F   19240.09023006  .00000173  00000-0  10052-4 0  9998
2 43197  97.4010   6.7073 0020764  62.7445  51.9225 15.24084795 87078
1KUNS-PF                
1 43466U 98067NP  19239.67481396  .00019575  00000-0  17610-3 0  9996
2 43466  51.6376 338.6786 0001421  19.2833 340.8217 15.68233156 73890
UBAKUSAT                
1 43467U 98067NQ  19239.91734565  .00010522  00000-0  11478-3 0  9992
2 43467  51.6382 343.3093 0002439 349.1402  10.9539 15.64001382 73868
BATSU-CS1 (IRAZU)       
1 43468U 98067NR  19239.64595706  .00029409  00000-0  22399-3 0  9993
2 43468  51.6362 333.9414 0001748  12.5770 347.5272 15.71996083173942
CUBERRT                 
1 43546U 98067NU  19239.72752702  .00006627  00000-0  68542-4 0  9998
2 43546  51.6390 344.2906 0004434  44.1713 315.9636 15.66126601 63962
TEMPEST-D               
1 43547U 98067NV  19239.69613112  .00005860  00000-0  81498-4 0  9999
2 43547  51.6396 355.3413 0005777  31.2289 328.9045 15.58571671 63499
RAINCUBE                
1 43548U 98067NW  19239.84583779  .00011286  00000-0  12925-3 0  9999
2 43548  51.6377 348.8148 0005615  39.9587 320.1820 15.62646597 64040
HALOSAT                 
1 43549U 98067NX  19239.53315663  .00010923  00000-0  12575-3 0  9999
2 43549  51.6387 350.4941 0005510  42.8365 317.3058 15.62551636 63558
ENDUROSAT ONE           
1 43551U 98067NZ  19239.92706097  .00014010  00000-0  14850-3 0  9999
2 43551  51.6382 345.6246 0005860  48.9240 311.2261 15.64399049 64063
EQUISAT                 
1 43552U 98067PA  19239.71240890  .00010921  00000-0  12412-3 0  9990
2 43552  51.6396 348.7218 0006223  48.4150 311.7377 15.62883919 63964
AEROCUBE 12A            
1 43556U 18046C   19239.92384395  .00000208  00000-0  19932-4 0  9997
2 43556  51.6422  79.7240 0007956 325.9515  34.0953 15.28847154 62301
AEROCUBE 12B            
1 43557U 18046D   19239.81284002  .00000223  00000-0  20526-4 0  9998
2 43557  51.6430  80.4782 0008074 325.1821  34.8630 15.28706563 62235
UITMSAT-1               
1 43589U 98067PD  19239.70783200  .00013049  00000-0  14569-3 0  9995
2 43589  51.6369 349.3714 0005514  55.1746 304.9766 15.63140428 59693
MAYA-1                  
1 43590U 98067PE  19239.57424108  .00012685  00000-0  14171-3 0  9995
2 43590  51.6373 349.9847 0005570  55.7970 304.3552 15.63154947 59609
BHUTAN-1                
1 43591U 98067PF  19239.69018332  .00012599  00000-0  14045-3 0  9991
2 43591  51.6381 349.2868 0005761  56.2725 303.8818 15.63216213 59627
SIRIUSSAT-1             
1 43595U 98067PG  19240.16203187  .00011591  00000-0  13423-3 0  9993
2 43595  51.6371 348.6605 0003691  19.2507 340.8626 15.62331212 58857
SIRIUSSAT-2             
1 43596U 98067PH  19239.81582796  .00011397  00000-0  13297-3 0  9993
2 43596  51.6383 350.8905 0004187  17.8355 342.2785 15.62155103 58793
TANUSHA-3               
1 43597U 98067PJ  19240.12072297  .00016301  00000-0  17410-3 0  9991
2 43597  51.6366 346.8533 0003830  30.7841 329.3378 15.64069476 58877
SURFSAT                 
1 43614U 18070B   19240.20981971  .00001628  00000-0  43940-4 0  9998
2 43614  93.0271  32.7611 0017570  41.4410 318.8172 15.37748764 53242
CP7 (DAVE)              
1 43615U 18070C   19239.43848939  .00001585  00000-0  42913-4 0  9999
2 43615  93.0271  32.4420 0017820  43.5944 316.6713 15.37654138 53126
ELFIN-B                 
1 43616U 18070D   19240.13191207  .00002574  00000-0  67950-4 0  9995
2 43616  93.0232  32.6370 0018562  44.2969 315.9766 15.38368814 53246
ELFIN-A                 
1 43617U 18070E   19239.86346576  .00002826  00000-0  74491-4 0  9993
2 43617  93.0288  32.7959 0017671  42.6411 317.6210 15.38422899 53209
CUBEBEL-1 (BSUSAT-1)    
1 43666U 18083E   19240.10335572  .00000443  00000-0  25376-4 0  9995
2 43666  97.5175 264.0938 0013708 308.0088 137.8643 15.17675664 45963
DEBRISSAT-2             
1 43680U 98067PR  19239.86890513  .00020176  00000-0  20415-3 0  9996
2 43680  51.6374 347.4660 0003492  42.0219 318.1043 15.65272873 67576
CICERO 10               
1 43690U 18088A   19240.14869243  .00000532  00000-0  22979-4 0  9993
2 43690  85.0354 272.1227 0013309 316.2293  43.7892 15.19736571 44033
IRVINE01                
1 43693U 18088D   19240.12017268  .00001488  00000-0  64050-4 0  9993
2 43693  85.0331 271.6008 0016090 297.7876  62.1734 15.21575566 44074
PROXIMA I               
1 43694U 18088E   19239.81782967  .00000594  00000-0  24533-4 0  9992
2 43694  85.0298 271.6098 0017156 289.0469  70.8914 15.21459941 44043
PROXIMA II              
1 43696U 18088G   19239.81674503  .00000596  00000-0  24629-4 0  9998
2 43696  85.0298 271.6118 0017190 288.9805  70.9573 15.21464664 44037
FACSAT-1                
1 43721U 18096C   19240.14434511  .00000902  00000-0  37313-4 0  9992
2 43721  97.4551 309.8833 0019628  82.7434 277.6035 15.26424564 41484
CENTAURI-2              
1 43722U 18096D   19240.17983865  .00001275  00000-0  51193-4 0  9993
2 43722  97.4552 309.9901 0019766  83.0575 277.2911 15.26671074 41485
INNOSAT-2               
1 43738U 18096V   19240.14168466  .00001788  00000-0  65881-4 0  9997
2 43738  97.4558 310.8103 0026089  93.0851 267.3375 15.28874483 41549
SIRION PATHFINDER-2     
1 43759U 18099B   19240.19078435 -.00000090  00000-0 -29411-5 0  9991
2 43759  97.7405 311.2965 0015775  86.3519 273.9505 14.95150021 39951
CORVUS-BC 4             
1 43767U 18099K   19239.82141675  .00000338  00000-0  36466-4 0  9995
2 43767  97.7394 310.6549 0013423  90.5340 269.7419 14.94594667 39892
MOVE-II                 
1 43780U 18099Y   19239.74302247  .00000652  00000-0  64623-4 0  9990
2 43780  97.7401 310.7628 0015218  98.5640 261.7306 14.95102489 39873
SPACEBEE-7              
1 43816U 18099BL  19239.74473251  .00000637  00000-0  62707-4 0  9998
2 43816  97.7416 310.9619 0015043  85.1087 275.1851 14.95447017 39440
SPACEBEE-5              
1 43817U 18099BM  19240.18720184  .00000307  00000-0  32716-4 0  9990
2 43817  97.7438 311.5027 0014717  84.4800 275.8099 14.95723820 39515
SPACEBEE-6              
1 43818U 18099BN  19239.66904188  .00000517  00000-0  51746-4 0  9997
2 43818  97.7420 310.9205 0014918  85.4633 274.8291 14.95535134 39585
SHIELDS 1               
1 43850U 18104B   19239.51133771  .00000042  00000-0  00000-0 0  9992
2 43850  85.0291  10.3001 0017469  76.1049 284.2127 15.21122210 38639
STF-1                   
1 43852U 18104D   19239.60343643  .00000042  00000-0  00000-0 0  9995
2 43852  85.0368  10.5388 0017150  87.4805 272.8401 15.20692425 38635
ZACUBE-2                
1 43907U 18111AH  19240.18402496  .00000315  00000-0  15681-4 0  9999
2 43907  97.2834 143.4656 0023420 101.6251 258.7617 15.24236978 37186
LUME 1                  
1 43908U 18111AJ  19239.70991904  .00000650  00000-0  29169-4 0  9991
2 43908  97.2834 143.0361 0023333 103.2001 257.1842 15.24420468 37115
AOBA VELOX-IV           
1 43940U 19003J   19240.07355303  .00000991  00000-0  43553-4 0  9998
2 43940  97.2717 295.8880 0024493 179.4491 268.1220 15.23960566 33800
CATSAT-2                
1 44029U 98067PV  19239.83335948  .00010012  00000-0  14062-3 0  9996
2 44029  51.6407   0.0249 0005111  52.7517 307.3940 15.57378135 32505
DELPHINI                
1 44030U 98067PW  19239.75653879  .00009589  00000-0  13411-3 0  9999
2 44030  51.6389   0.2441 0004819  49.4394 310.7017 15.57551818 32461
UNITE                   
1 44031U 98067PX  19239.71152427  .00005645  00000-0  85470-4 0  9993
2 44031  51.6402   1.4488 0003618  48.3656 311.7645 15.56321307 32440
TECHEDSAT 8             
1 44032U 98067PY  19239.71174295  .00024279  00000-0  27676-3 0  9998
2 44032  51.6386 356.9454 0003565  38.7544 321.3706 15.62095458 32484
CATSAT-1                
1 44033U 98067PZ  19239.70472180  .00008999  00000-0  12707-3 0  9992
2 44033  51.6407   0.6665 0005014  52.6580 307.4869 15.57381783 32390
RAAVANA-1               
1 44329U 98067QE  19240.14365067  .00005745  00000-0  98985-4 0  9994
2 44329  51.6419   3.5920 0007155 348.7600  11.3229 15.52647256 11200
UGUISU                  
1 44330U 98067QF  19239.75920368  .00005825  00000-0  10041-3 0  9997
2 44330  51.6420   5.5243 0007134 346.0227  14.0565 15.52604387 11129
NEPALISAT-1             
1 44331U 98067QG  19240.14203353  .00006179  00000-0  10575-3 0  9996
2 44331  51.6419   3.5817 0007196 349.9001  10.1843 15.52682943 11190
SPOOQY-1                
1 44332U 98067QH  19239.56110041  .00005598  00000-0  96452-4 0  9995
2 44332  51.6419   6.4503 0005938 350.5265   9.5612 15.52710707 11069
SPACEBEE-9              
1 44370U 19037F   19239.59208957  .00002312  00000-0  66079-4 0  9997
2 44370  45.0155 319.2314 0016535 254.1245 105.7839 15.39493526  9106
SPACEBEE-8              
1 44371U 19037G   19239.58319105  .00003879  00000-0  10350-3 0  9994
2 44371  45.0116 319.1688 0016847 252.9072 106.9959 15.39924229  9090
MOVE-IIB                
1 44398U 19038N   19240.11855015  .00000823  00000-0  51845-4 0  9991
2 44398  97.4938 201.0180 0027271  62.9163 297.4844 15.11634050  8101
SONATE                  
1 44400U 19038Q   19239.85236936  .00000377  00000-0  25789-4 0  9991
2 44400  97.4950 200.7605 0026967  62.1945 298.2014 15.11651137  8066
LUCKY-7                 
1 44406U 19038W   19239.84585131  .00000475  00000-0  31345-4 0  9994
2 44406  97.4948 200.7689 0026468  62.2230 298.1680 15.11838639  8056
BEESAT 9                
1 44412U 19038AC  19239.84776357  .00000630  00000-0  40449-4 0  9991
2 44412  97.4947 200.7654 0024697  67.7631 292.6216 15.11791792  7759
JAISAT-1                
1 44419U 19038F   19240.16106974  .00000534  00000-0  34412-4 0  9993
2 44419  97.4949 201.1143 0023496  66.7510 293.6191 15.12286770  8117
SWIATOWID               
1 44426U 98067QL  19239.84800035  .00009517  00000-0  16109-3 0  9994
2 44426  51.6428   5.3718 0004134 305.4887  54.5717 15.52279105  8632
KRAKSAT                 
1 44427U 98067QM  19239.93376484  .00003435  00000-0  63734-4 0  9991
2 44427  51.6445   4.9982 0003265 302.8532 149.5252 15.51957816  8687
VCC A                   
1 44428U 98067QN  19239.65214802  .00005510  00000-0  96714-4 0  9996
2 44428  51.6433   6.3144 0003109 325.3314  34.7473 15.52218504  8647
ENTRYSAT                
1 44429U 98067QP  19239.90789759  .00006876  00000-0  11839-3 0  9993
2 44429  51.6430   5.0222 0002933 316.5823  43.4936 15.52311947  8689
VCC C                   
1 44430U 98067QQ  19239.65194842  .00007754  00000-0  13271-3 0  9998
2 44430  51.6429   6.3128 0003174 325.7408  34.3377 15.52274135  7478
VCC B                   
1 44431U 98067QR  19239.65316499  .00005663  00000-0  99262-4 0  9995
2 44431  51.6432   6.3209 0003255 324.0886  35.9885 15.52194732  8583
