CUTE-1 (CO-55)          
1 27844U 03031E   19287.91781177  .00000042  00000-0  38469-4 0  9990
2 27844  98.6853 294.3692 0010709  53.0746 307.1411 14.22199276845055
CUBESAT XI-IV (CO-57)   
1 27848U 03031J   19287.52144825  .00000034  00000-0  35476-4 0  9990
2 27848  98.6928 294.5027 0010745  64.9435 295.2856 14.21791699844855
CUBESAT XI-V            
1 28895U 05043F   19287.91094628  .00000111  00000-0  30182-4 0  9991
2 28895  97.9767  66.7082 0016260 342.9599  17.1056 14.63699181744546
CUTE-1.7+APD II (CO-65) 
1 32785U 08021C   19287.81022013  .00000173  00000-0  24309-4 0  9993
2 32785  97.5562 281.9926 0011879 226.9473 133.0751 14.88356643621183
AAUSAT-II               
1 32788U 08021F   19287.93549572  .00000292  00000-0  31805-4 0  9994
2 32788  97.4955 298.4302 0012273 156.2638 203.9151 14.94821891622483
DELFI-C3 (DO-64)        
1 32789U 08021G   19288.13586623  .00001328  00000-0  92142-4 0  9998
2 32789  97.4525 334.1628 0013715  82.4127 277.8658 15.07173699624802
SEEDS II (CO-66)        
1 32791U 08021J   19287.69642957  .00000339  00000-0  39666-4 0  9997
2 32791  97.5316 287.9635 0012752 198.7999 161.2751 14.90886010621610
SWISSCUBE               
1 35932U 09051B   19287.70478931  .00000124  00000-0  38968-4 0  9998
2 35932  98.5988  97.2170 0008035 156.4266 203.7300 14.56317835533912
BEESAT-1                
1 35933U 09051C   19287.70069654  .00000095  00000-0  32493-4 0  9991
2 35933  98.6006  99.0200 0006019 166.5605 193.5753 14.56402749534062
ITUPSAT1                
1 35935U 09051E   19287.75783577  .00000067  00000-0  26555-4 0  9996
2 35935  98.6115  99.3077 0008324 167.0289 193.1122 14.55558097533786
TISAT 1                 
1 36799U 10035E   19287.91945797  .00000473  00000-0  53706-4 0  9990
2 36799  98.1710  84.1088 0013361  61.5608 298.6953 14.91175933502182
M-CUBED & EXP-1 PRIME   
1 37855U 11061F   19288.09497591  .00001494  00000-0  81810-4 0  9999
2 37855 101.7165 244.4811 0172995  85.7158 276.3800 15.05642100434597
AEROCUBE 4.5A           
1 38767U 12048K   19287.44110921  .00000288  00000-0  36229-4 0  9999
2 38767  64.6642 288.6155 0172309 214.5022 144.4812 14.92027189  4948
AEROCUBE 4.5B           
1 38768U 12048L   19288.18281328  .00000316  00000-0  36158-4 0  9995
2 38768  64.6652 259.1416 0161485 211.4319 147.7070 14.95600839  5047
STRAND-1                
1 39090U 13009E   19287.75571304  .00000014  00000-0  20195-4 0  9999
2 39090  98.4766 131.6766 0008226 302.7267  57.3125 14.35100306347323
SOMP                    
1 39134U 13015E   19287.57184602  .00001227  00000-0  64605-4 0  9997
2 39134  64.8645 358.4675 0037109 283.6205  76.0791 15.20393026358512
BEESAT-3                
1 39135U 13015F   19287.70436077  .00000868  00000-0  52250-4 0  9992
2 39135  64.8697  18.0109 0036569 291.8592  67.8646 15.17652101358155
BEESAT-2                
1 39136U 13015G   19287.65451512  .00000800  00000-0  49924-4 0  9998
2 39136  64.8705  22.3346 0028298 297.1526  62.6715 15.17069547357675
NEE-01 PEGASO           
1 39151U 13018B   19288.19185496  .00000145  00000-0  26093-4 0  9997
2 39151  97.9738  23.7697 0017265 173.6962 186.4470 14.80081437349252
ESTCUBE 1               
1 39161U 13021C   19288.18695455  .00000150  00000-0  31566-4 0  9999
2 39161  97.9809  10.9572 0008746 313.2157  46.8322 14.72236844345801
POPACS 1                
1 39268U 13055D   19287.44473262  .00002052  00000-0  56956-4 0  9995
2 39268  81.0056 196.9587 0622272 234.9956 119.1316 14.37757122312483
POPACS 2                
1 39269U 13055E   19288.18724474  .00002812  00000-0  81516-4 0  9996
2 39269  81.0165 228.5437 0681443 316.7890  38.1683 14.24466242312137
POPACS 3                
1 39270U 13055F   19287.61157739  .00002131  00000-0  65669-4 0  9994
2 39270  81.0162 247.4650 0713420  11.4221 350.2210 14.16143705290182
ZACUBE-1 (TSHEPISOSAT)  
1 39417U 13066B   19287.93027047  .00000212  00000-0  32940-4 0  9996
2 39417  97.5626 294.7874 0059118   7.8210 352.3911 14.81160695318540
WNISAT-1                
1 39423U 13066H   19288.07520151  .00000056  00000-0  21320-4 0  9999
2 39423  97.7823 221.5429 0174799 304.2943  54.1809 14.53066637312640
TRITON-1                
1 39427U 13066M   19287.93062230  .00000170  00000-0  34885-4 0  9993
2 39427  97.6911 258.0921 0114490 146.3063 214.5489 14.67889434315689
GOMX-1                  
1 39430U 13066Q   19288.10877139  .00000102  00000-0  27931-4 0  9998
2 39430  97.7590 236.9356 0149888 240.7958 117.8180 14.59295453313870
CUBEBUG-2 (LO-74)       
1 39440U 13066AA  19287.92297879  .00000213  00000-0  36327-4 0  9997
2 39440  97.6099 279.4239 0081547  61.4072 299.5313 14.75897550316219
NEE-02 KRYSAOR          
1 39441U 13066AB  19287.90690363  .00000132  00000-0  25662-4 0  9991
2 39441  97.6150 277.0939 0083165  68.8736 292.1338 14.74937111316061
FUNCUBE-1 (AO-73)       
1 39444U 13066AE  19287.93274930  .00000265  00000-0  38896-4 0  9995
2 39444  97.5597 296.8463 0058060   1.2004 358.9339 14.81989023316850
UWE-3                   
1 39446U 13066AG  19287.92759889  .00000208  00000-0  34074-4 0  9998
2 39446  97.5855 286.5663 0070893  35.2662 325.3210 14.78432949316146
AEROCUBE 5A             
1 39465U 13072D   19287.82353280  .00002167  00000-0  20921-3 0  9991
2 39465 120.4960 351.5482 0271034 355.4567   4.4046 14.74153849  4975
AEROCUBE 5B             
1 39466U 13072E   19287.89461668  .00002694  00000-0  21809-3 0  9990
2 39466 120.4931  15.7404 0246764   1.3756 358.7941 14.83053339  4967
BRITE-CA1 (TORONTO)     
1 40020U 14033L   19288.11988802  .00000070  00000-0  20133-4 0  9992
2 40020  97.7383 125.3486 0088341 138.0925 222.7087 14.66593169284660
DUCHIFAT-1              
1 40021U 14033M   19287.75219825  .00000475  00000-0  54230-4 0  9998
2 40021  97.9248 212.7395 0013666  26.2884 333.9024 14.90703779289133
NANOSATC-BR1            
1 40024U 14033Q   19287.84156021  .00000270  00000-0  34013-4 0  9999
2 40024  97.9131 209.9431 0013051  30.1694 330.0273 14.89907005288518
QB50P1                  
1 40025U 14033R   19287.84118501  .00000267  00000-0  34305-4 0  9991
2 40025  97.9040 207.3211 0013360  36.1359 324.0758 14.88997799288905
QB50P2                  
1 40032U 14033Y   19287.74534324  .00000241  00000-0  31908-4 0  9991
2 40032  97.8954 205.1833 0012703  33.2619 326.9394 14.88529390288285
PERSEUS-M2              
1 40037U 14033AD  19287.76314363  .00000093  00000-0  16675-4 0  9996
2 40037  97.8860 200.9465 0015466  45.1604 315.0865 14.86482759288518
PERSEUS-M1              
1 40039U 14033AF  19287.70970893  .00000071  00000-0  14350-4 0  9992
2 40039  97.8838 199.9008 0015263  43.1564 317.0845 14.86102872288439
POLYITAN-1              
1 40042U 14033AJ  19287.72599886  .00000329  00000-0  41173-4 0  9996
2 40042  97.9121 207.5812 0015396  26.1149 334.0841 14.88714805288280
TIGRISAT                
1 40043U 14033AK  19287.58436712  .00000140  00000-0  27855-4 0  9991
2 40043  97.7392 150.2925 0061384  76.5169 284.2871 14.74299343285676
AEROCUBE 6A             
1 40045U 14033AM  19287.63880270  .00000282  00000-0  47558-4 0  9990
2 40045  97.7627 154.6471 0059207  68.6217 292.1297 14.75438748285710
AEROCUBE 6B             
1 40046U 14033AN  19288.18804713  .00000273  00000-0  46367-4 0  9997
2 40046  97.7553 154.6995 0058413  66.3227 294.4098 14.75421303286178
UKUBE-1                 
1 40074U 14037F   19288.09133883  .00000252  00000-0  37417-4 0  9998
2 40074  98.4481  96.8630 0004030 174.8957 185.2293 14.84111535285212
BRITE-PL2 (HEWELIUSZ)   
1 40119U 14049B   19287.81874248  .00000102  00000-0  18560-4 0  9999
2 40119  97.9034  17.4116 0017214 190.5484 169.5372 14.84432377279199
FIREBIRD 4              
1 40378U 15003C   19288.05066086  .00002172  00000-0  87826-4 0  9997
2 40378  99.1200 292.6838 0127342  56.3334 304.9964 15.19135268259895
GRIFEX                  
1 40379U 15003D   19287.97312983  .00001498  00000-0  66908-4 0  9996
2 40379  99.1220 285.9294 0135716  76.8311 284.8019 15.15722171259501
EXOCUBE (CP10)          
1 40380U 15003E   19287.97911420  .00001267  00000-0  59901-4 0  9998
2 40380  99.1256 282.3063 0140698  88.7742 272.9599 15.13718045259269
AEROCUBE 8A             
1 40659U 15025J   19287.43274867  .00009741  00000-0  12754-3 0  9998
2 40659  55.0209 351.0607 0120144 256.3224 102.4410 15.51259461  5146
AEROCUBE 8B             
1 40660U 15025K   19287.65156831  .00011137  00000-0  14374-3 0  9996
2 40660  55.0177 348.5780 0119486 258.4445 100.3155 15.51511008  5185
TIANWANG 1C (TW-1C)     
1 40926U 15051B   19288.11374632  .00012664  00000-0  17036-3 0  9997
2 40926  97.1235 334.2148 0005371 293.1895 122.9410 15.57992898228585
TIANWANG 1A (TW-1A)     
1 40928U 15051D   19288.05613716  .00002569  00000-0  63475-4 0  9993
2 40928  97.1369 316.7215 0011358  13.2564  38.5160 15.41341242227409
EXACTVIEW 9             
1 40936U 15052G   19287.62462378  .00000799  00000-0  22704-4 0  9994
2 40936   6.0039 300.2519 0010338   7.8449 352.1840 14.76516084218689
AEROCUBE 5C             
1 40965U 15058B   19287.88614348  .00000061  00000-0  26555-4 0  9996
2 40965  64.7776 170.6228 0182871 163.7894 196.9170 14.74420117  4956
AEROCUBE 7              
1 40966U 15058C   19287.91495089  .00000107  00000-0  31691-4 0  9998
2 40966  64.7777 169.3515 0181789 163.5776 197.1327 14.74697950  4954
ATHENOXAT 1             
1 41168U 15077C   19285.68139216  .00001919  00000-0  65970-4 0  9992
2 41168  14.9885  85.9224 0011591 267.2199  92.6795 15.13827113211587
GALASSIA                
1 41170U 15077E   19284.72702061  .00001840  00000-0  60964-4 0  9994
2 41170  14.9889  85.6408 0012847 279.0546  80.8321 15.14149041211501
VELOX-II                
1 41171U 15077F   19287.77573589  .00001508  00000-0  48252-4 0  9991
2 41171  14.9912  99.6955 0008849 232.6826 127.2688 15.11344295211646
HORYU-4                 
1 41340U 16012D   19287.85241543  .00000478  00000-0  29470-4 0  9996
2 41340  31.0046 102.0266 0014086 222.2220 137.7331 15.01331549200780
E-ST@R-II               
1 41459U 16025D   19288.03949673  .00000957  00000-0  53250-4 0  9996
2 41459  98.1007  20.4944 0165723 321.0771  37.8596 15.05705846190355
AAUSAT 4                
1 41460U 16025E   19288.19610384  .00001833  00000-0  95277-4 0  9998
2 41460  98.0966  22.2094 0155887 311.8883  46.9116 15.07688959190522
DIWATA-1                
1 41463U 98067HT  19288.10653856  .00033292  00000-0  12689-3 0  9998
2 41463  51.6296 349.7291 0001760   5.9345  69.7147 15.87211464198544
BEESAT-4                
1 41619U 16040W   19287.82647708  .00001219  00000-0  54193-4 0  9990
2 41619  97.3553 347.7837 0010424 336.1035  23.9717 15.23366296171849
CANX-7                  
1 41788U 16059F   19288.13746888  .00007570  00000-0  11246-2 0  9997
2 41788  98.2458   5.5522 0022922   0.2638 359.8582 14.75116527163460
RAVAN                   
1 41849U 16067B   19287.80161949  .00000005  00000-0  56243-5 0  9991
2 41849  97.9241  28.7122 0008307 352.3325   7.7768 14.98320269159681
CELTEE 1                
1 41850U 16067C   19287.77897664  .00000114  00000-0  15186-4 0  9990
2 41850  97.9212  27.0955 0008752   1.2490 358.8751 14.97063115159599
OPTICUBE 04             
1 41851U 16067D   19287.80364792 -.00000064  00000-0 -30011-6 0  9998
2 41851  97.9191  26.8612 0008731 359.6512   0.4702 14.96836077159584
AEROCUBE 8D             
1 41852U 16067E   19287.81288123  .00000325  00000-0  33694-4 0  9999
2 41852  97.9201  26.6962 0009296 359.9350   0.1868 14.96765337159561
AEROCUBE 8C             
1 41853U 16067F   19287.77176512  .00000495  00000-0  48634-4 0  9991
2 41853  97.9209  26.5812 0009901   3.3605 356.7681 14.96736308159557
PROMETHEUS 2-1          
1 41854U 16067G   19288.18897426 -.00000222  00000-0 -13976-4 0  9993
2 41854  97.9214  27.1934 0010244 358.8758   1.2439 14.96978952159629
PROMETHEUS 2-3          
1 41855U 16067H   19287.85665908 -.00000208  00000-0 -12778-4 0  9998
2 41855  97.9217  26.8775 0010456   0.0969   0.0252 14.96984579159573
INS-1B                  
1 41954U 17008G   19287.74384043  .00001178  00000-0  51228-4 0  9998
2 41954  97.3882 351.1747 0010859  90.9879 269.2603 15.24174456147789
BGUSAT                  
1 41999U 17008BD  19287.68680263  .00001983  00000-0  78732-4 0  9996
2 41999  97.3968 354.0043 0009876 101.9378 258.2968 15.26486317147290
DIDO-2                  
1 42000U 17008BE  19287.73898827  .00000841  00000-0  37536-4 0  9992
2 42000  97.3893 351.7214 0010164 106.6632 253.5722 15.24058904147181
PEASSS                  
1 42015U 17008BV  19287.69245597  .00001076  00000-0  45860-4 0  9993
2 42015  97.3905 352.8206 0007981 110.1050 250.1047 15.25064957147731
AL-FARABI 1             
1 42016U 17008BW  19287.77167194  .00001359  00000-0  56052-4 0  9998
2 42016  97.3922 353.5814 0007842 109.1494 251.0594 15.25753160147907
NAYIF-1 (EO-88)         
1 42017U 17008BX  19287.75654044  .00001381  00000-0  56856-4 0  9999
2 42017  97.3918 353.5772 0007855 109.2684 250.9404 15.25788763147929
ALTAIR PATHFINDER       
1 42711U 98067LS  19287.78697852  .00102967  15212-4  29527-3 0  9992
2 42711  51.6315  33.0414 0004079 318.3452  41.7244 15.93064609137825
NSIGHT                  
1 42726U 98067MF  19287.90611197  .00034774  00000-0  21832-3 0  9996
2 42726  51.6329  62.1260 0004788 279.2216  80.8242 15.76393057136439
UCLSAT                  
1 42765U 17036A   19288.14245024  .00001109  00000-0  50116-4 0  9999
2 42765  97.3381 343.5483 0011847 165.3883 194.7698 15.22949442128492
LITUANICASAT-2          
1 42768U 17036D   19287.84978607  .00001864  00000-0  81682-4 0  9998
2 42768  97.3422 342.9417 0015675 159.0218 201.1665 15.23136001128291
AALTO-1                 
1 42775U 17036L   19287.65606102  .00000731  00000-0  35472-4 0  9991
2 42775  97.3363 341.5427 0014520 160.1484 200.0320 15.21474988128142
URSA MAIOR              
1 42776U 17036M   19287.67191653  .00000777  00000-0  37375-4 0  9998
2 42776  97.3374 341.7455 0014360 159.9460 200.2344 15.21619897128159
COMPASS 2               
1 42777U 17036N   19288.19128654  .00001340  00000-0  59560-4 0  9995
2 42777  97.3416 343.7421 0013171 157.8214 202.3596 15.23167870128305
DIAMOND RED             
1 42783U 17036U   19287.90236365  .00000904  00000-0  42073-4 0  9995
2 42783  97.3381 342.8169 0012477 167.9351 192.2187 15.22371241128237
PEGASUS                 
1 42784U 17036V   19287.79231497  .00001013  00000-0  46364-4 0  9993
2 42784  97.3385 342.9879 0012340 167.5692 192.5852 15.22686655128234
DIAMOND GREEN           
1 42785U 17036W   19287.90120594  .00000910  00000-0  42364-4 0  9993
2 42785  97.3383 342.8433 0012365 168.4664 191.6858 15.22369550128300
DIAMOND BLUE            
1 42786U 17036X   19288.09756054  .00000883  00000-0  41162-4 0  9995
2 42786  97.3382 343.0323 0012217 167.9229 192.2303 15.22370517128259
NUDTSAT                 
1 42787U 17036Y   19287.90962886  .00001627  00000-0  70538-4 0  9993
2 42787  97.3431 343.9867 0010639 165.3185 194.8364 15.23743384128146
SUCHAI                  
1 42788U 17036Z   19287.83182111  .00001231  00000-0  55004-4 0  9993
2 42788  97.3390 343.4084 0011965 166.2016 193.9550 15.23137201128336
SKCUBE                  
1 42789U 17036AA  19287.72441544  .00001149  00000-0  51696-4 0  9991
2 42789  97.3387 343.2218 0011826 166.6231 193.5322 15.23021805128233
VZLUSAT-1               
1 42790U 17036AB  19287.83114733  .00001571  00000-0  68187-4 0  9994
2 42790  97.3404 343.9079 0011451 164.8187 195.3396 15.23735556128282
ROBUSTA-1B              
1 42792U 17036AD  19288.10190801  .00001178  00000-0  52673-4 0  9993
2 42792  97.3387 343.7694 0011418 165.6776 194.4787 15.23200000128310
CICERO 6                
1 42793U 17036AE  19287.73504923  .00000777  00000-0  36226-4 0  9996
2 42793  97.3369 343.0947 0010594 168.1735 191.9752 15.22728973128319
D-SAT                   
1 42794U 17036AF  19288.11468659  .00000220  00000-0  24207-4 0  9994
2 42794  97.5272 327.5306 0127999 106.7352 254.7959 14.91147216125989
CORVUS BC2              
1 42846U 17042X   19287.64864178  .00000310  00000-0  35775-4 0  9994
2 42846  97.5494 176.8484 0010361  29.5651 330.6152 14.92009999122604
CORVUS BC1              
1 42847U 17042Y   19287.92925174  .00000132  00000-0  18247-4 0  9997
2 42847  97.5495 177.2433 0009988  28.4622 331.7141 14.92110748122643
MIRATA                  
1 43015U 17073C   19287.73754300  .00000661  00000-0  56287-4 0  9992
2 43015  97.7167 204.3534 0255795 132.8330 229.4690 14.79146735102749
MAKERSAT 0              
1 43016U 17073D   19288.17891403  .00000426  00000-0  38099-4 0  9998
2 43016  97.7203 204.9808 0258181 131.9409 230.4127 14.78856406102794
ASTERIA                 
1 43020U 98067NH  19287.85731519  .00028310  00000-0  18492-3 0  9996
2 43020  51.6415  74.1103 0001638 248.6364 111.4461 15.75610335108452
DELLINGR (RBLE)         
1 43021U 98067NJ  19288.05554320  .00010758  00000-0  11335-3 0  9999
2 43021  51.6365  93.3295 0002237 187.4731 172.6231 15.64862795108211
AEROCUBE 7B (OCSD B)    
1 43042U 17071F   19287.88574776  .00003278  00000-0  85638-4 0  9992
2 43042  51.6380 194.8306 0004066 216.9797 143.0908 15.41815323104313
AEROCUBE 7C (OCSD C)    
1 43043U 17071G   19287.88574488  .00003128  00000-0  82184-4 0  9990
2 43043  51.6381 194.8451 0004262 222.2957 137.7700 15.41812056104288
CHEFSAT                 
1 43044U 17071H   19287.91913060  .00006225  00000-0  13900-3 0  9998
2 43044  51.6386 186.9776 0004071 219.6678 140.4011 15.44911858104395
ASGARDIA 1              
1 43049U 17071N   19287.89331183  .00003142  00000-0  82164-4 0  9994
2 43049  51.6392 194.1876 0001714 234.6760 125.4065 15.41931779104291
ISARA                   
1 43050U 17071P   19288.10285141  .00004787  00000-0  11096-3 0  9994
2 43050  51.6372 187.3951 0001572 225.2506 134.8353 15.44366791104399
PROPCUBE 2 (FAUNA)      
1 43052U 17071R   19287.81157551  .00003597  00000-0  91721-4 0  9998
2 43052  51.6384 193.6611 0001686 227.3092 132.7752 15.42251712104288
CORVUS BC3              
1 43118U 18004H   19287.87653496  .00000720  00000-0  33639-4 0  9992
2 43118  97.4754 354.7781 0010102 188.9670 171.1388 15.22985069 97465
MICROMAS-2A             
1 43131U 18004W   19288.17235933  .00001577  00000-0  67218-4 0  9994
2 43131  97.4784 356.0459 0009148 187.7141 172.3957 15.24424296 97566
SPACEBEE-4              
1 43139U 18004AE  19287.92781409  .00002280  00000-0  93197-4 0  9995
2 43139  97.4807 356.4711 0008569 189.9665 170.1404 15.25378908 97568
SPACEBEE-3              
1 43140U 18004AF  19287.86285270  .00002838  00000-0  11322-3 0  9993
2 43140  97.4819 356.7654 0008380 189.2257 170.8828 15.25994823 97571
SPACEBEE-2              
1 43141U 18004AG  19287.88402980  .00003032  00000-0  11999-3 0  9992
2 43141  97.4829 356.9100 0008372 188.7058 171.4036 15.26206452 97589
SPACEBEE-1              
1 43142U 18004AH  19288.16167086  .00003311  00000-0  12982-3 0  9993
2 43142  97.4829 357.3281 0008413 187.7899 172.3210 15.26445808 97622
CICERO 7                
1 43143U 18004AJ  19288.18634072  .00001391  00000-0  59454-4 0  9992
2 43143  97.4767 356.2726 0007049 194.9464 165.1566 15.24533819 97585
GOMX-4B                 
1 43196U 18015E   19287.89135840  .00000519  00000-0  24289-4 0  9997
2 43196  97.4059  53.8789 0017569 251.4581 108.4757 15.24030705 94342
GOMX-4A                 
1 43197U 18015F   19288.08394897  .00000578  00000-0  26643-4 0  9990
2 43197  97.4075  54.1062 0017561 250.7908 227.3855 15.24142304 94389
1KUNS-PF                
1 43466U 98067NP  19287.68704060  .00030050  00000-0  24173-3 0  9999
2 43466  51.6346  93.8034 0001282 231.4971 128.5912 15.70677043 81431
UBAKUSAT                
1 43467U 98067NQ  19287.94738130  .00016596  00000-0  16846-3 0  9991
2 43467  51.6350 100.0665 0002347 163.8370 196.2701 15.65351583 81386
BATSU-CS1 (IRAZU)       
1 43468U 98067NR  19287.71429749  .00047160  00000-0  30105-3 0  9995
2 43468  51.6349  87.1669 0001705 253.3865 106.6947 15.75880000181510
CUBERRT                 
1 43546U 98067NU  19287.76352487  .00008062  00000-0  79558-4 0  9995
2 43546  51.6361 100.3387 0003824 215.9010 144.1730 15.66954667 71499
TEMPEST-D               
1 43547U 98067NV  19287.84187301  .00004136  00000-0  58297-4 0  9991
2 43547  51.6367 113.6350 0005352 200.0484 160.0299 15.59109425 71001
RAINCUBE                
1 43548U 98067NW  19287.72535786  .00014562  00000-0  15652-3 0  9994
2 43548  51.6347 106.8175 0005287 216.4906 143.5729 15.64006459 71537
HALOSAT                 
1 43549U 98067NX  19287.79949359  .00012200  00000-0  13271-3 0  9999
2 43549  51.6358 106.5868 0004943 219.9410 140.1222 15.63887366 71109
ENDUROSAT ONE           
1 43551U 98067NZ  19288.06701055  .00020259  00000-0  19809-3 0  9998
2 43551  51.6350 101.6158 0005529 230.6772 129.3734 15.66122520 71603
EQUISAT                 
1 43552U 98067PA  19287.71276678  .00014637  00000-0  15592-3 0  9996
2 43552  51.6368 106.0419 0005798 225.8303 134.2216 15.64227628 71474
AEROCUBE 12A            
1 43556U 18046C   19287.90035391  .00000785  00000-0  40056-4 0  9998
2 43556  51.6423 209.5106 0008785 129.6733 230.5024 15.29004110 69642
AEROCUBE 12B            
1 43557U 18046D   19288.05572618  .00001838  00000-0  77196-4 0  9999
2 43557  51.6424 209.0423 0008789 130.8527 229.3216 15.28839214 69616
UITMSAT-1               
1 43589U 98067PD  19287.76140243  .00016937  00000-0  17638-3 0  9997
2 43589  51.6340 106.2818 0005157 233.9862 126.0655 15.64676132 67219
MAYA-1                  
1 43590U 98067PE  19287.75518192  .00016865  00000-0  17555-3 0  9998
2 43590  51.6332 106.2458 0005177 238.0543 121.9949 15.64690327 67140
BHUTAN-1                
1 43591U 98067PF  19287.74140939  .00016447  00000-0  17092-3 0  9990
2 43591  51.6354 106.1882 0005413 235.0131 125.0356 15.64752718 67148
SIRIUSSAT-1             
1 43595U 98067PG  19287.73079026  .00015572  00000-0  16866-3 0  9997
2 43595  51.6339 108.3355 0003593 193.4814 166.6085 15.63752545 66298
SIRIUSSAT-2             
1 43596U 98067PH  19287.77344108  .00015706  00000-0  17118-3 0  9998
2 43596  51.6350 108.6685 0004082 193.9127 166.1756 15.63583361 66295
TANUSHA-3               
1 43597U 98067PJ  19287.82073633  .00021527  00000-0  21122-3 0  9995
2 43597  51.6332 105.1488 0003650 211.8956 148.1819 15.66000571 66345
SURFSAT                 
1 43614U 18070B   19287.84151386  .00002759  00000-0  73874-4 0  9993
2 43614  93.0349  52.4645 0014663 200.9311 159.1344 15.37990558 60566
CP7 (DAVE)              
1 43615U 18070C   19287.85406385  .00002889  00000-0  77605-4 0  9997
2 43615  93.0353  52.4686 0014804 200.4906 159.5755 15.37894529 60560
ELFIN-B                 
1 43616U 18070D   19287.87298564  .00003749  00000-0  97969-4 0  9999
2 43616  93.0315  52.3830 0015441 204.2933 155.7594 15.38704317 60586
ELFIN-A                 
1 43617U 18070E   19288.12290944  .00004461  00000-0  11628-3 0  9992
2 43617  93.0369  52.7942 0014819 199.4938 160.5751 15.38787381 60628
CUBEBEL-1 (BSUSAT-1)    
1 43666U 18083E   19288.10083975  .00000786  00000-0  42224-4 0  9995
2 43666  97.5140 311.7421 0016213 133.1750 314.0361 15.17761810 53244
DEBRISSAT-2             
1 43680U 98067PR  19288.09765661  .00033286  00000-0  30014-3 0  9992
2 43680  51.6340 102.5432 0003621 230.7604 129.3071 15.67838411 75136
CICERO 10               
1 43690U 18088A   19287.88528859  .00000965  00000-0  43048-4 0  9990
2 43690  85.0384 240.6811 0016802 128.4977 231.7774 15.19811376 51301
IRVINE01                
1 43693U 18088D   19287.92882616  .00002342  00000-0  10100-3 0  9995
2 43693  85.0360 240.0050 0020535 114.4228 245.9160 15.21772829 51341
PROXIMA I               
1 43694U 18088E   19287.82918675  .00000989  00000-0  41811-4 0  9999
2 43694  85.0328 239.8680 0021695 107.8524 252.5087 15.21539959 51341
PROXIMA II              
1 43696U 18088G   19287.82795897  .00000995  00000-0  42104-4 0  9993
2 43696  85.0329 239.8703 0021729 107.7995 252.5620 15.21544402 51330
FACSAT-1                
1 43721U 18096C   19288.12833039  .00001322  00000-0  53266-4 0  9992
2 43721  97.4493 357.7502 0016227 272.4001  87.5380 15.26553504 48805
CENTAURI-2              
1 43722U 18096D   19287.76216219  .00001741  00000-0  68656-4 0  9991
2 43722  97.4498 357.4783 0016365 274.2969  85.6399 15.26838931 48747
INNOSAT-2               
1 43738U 18096V   19288.11262781  .00002316  00000-0  84179-4 0  9990
2 43738  97.4505 358.8531 0022547 283.5897  76.2832 15.29101768 48877
SIRION PATHFINDER-2     
1 43759U 18099B   19288.17515377 -.00000210  00000-0 -13870-4 0  9997
2 43759  97.7351 358.6459 0012902 287.3253  72.6555 14.95173183 47122
CORVUS-BC 4             
1 43767U 18099K   19287.89063215  .00000367  00000-0  39156-4 0  9999
2 43767  97.7337 358.0383 0010354 292.6558  67.3567 14.94615381 47079
MOVE-II                 
1 43780U 18099Y   19287.72852397  .00000410  00000-0  42614-4 0  9995
2 43780  97.7345 358.1081 0012295 300.6660  59.3348 14.95148457 47040
SPACEBEE-7              
1 43816U 18099BL  19287.71931699 -.00000004  00000-0  49020-5 0  9996
2 43816  97.7361 358.3305 0012099 284.2852  75.7025 14.95485218 46616
SPACEBEE-5              
1 43817U 18099BM  19288.15211845  .00001416  00000-0  13196-3 0  9990
2 43817  97.7390 358.8991 0011671 282.0912  77.9001 14.95815912 46686
SPACEBEE-6              
1 43818U 18099BN  19288.17576811  .00000106  00000-0  14760-4 0  9994
2 43818  97.7371 358.8264 0012009 282.5935  77.3943 14.95592295 46837
SHIELDS 1               
1 43850U 18104B   19287.66521536  .00000041  00000-0  00000-0 0  9990
2 43850  85.0282 338.4916 0012494 253.9293 106.0610 15.21164293 45955
STF-1                   
1 43852U 18104D   19288.09916192  .00000040  00000-0  00000+0 0  9994
2 43852  85.0354 338.5473 0012339 270.4204  89.5642 15.20779027 46003
ZACUBE-2                
1 43907U 18111AH  19288.17232439  .00000497  00000-0  23127-4 0  9993
2 43907  97.2792 190.0903 0020118 295.5609  64.3549 15.24296395 44499
LUME 1                  
1 43908U 18111AJ  19287.69174722  .00001056  00000-0  45587-4 0  9996
2 43908  97.2792 189.6693 0020059 297.5980  62.3221 15.24525978 44428
AOBA VELOX-IV           
1 43940U 19003J   19288.06877755  .00001841  00000-0  77978-4 0  9992
2 43940  97.2653 342.4173 0024931  18.0976  69.0276 15.24132722 41114
CATSAT-2                
1 44029U 98067PV  19287.68659004  .00009536  00000-0  12920-3 0  9994
2 44029  51.6375 120.1206 0004576 222.6153 137.4485 15.58419984 39966
DELPHINI                
1 44030U 98067PW  19287.98881796  .00011894  00000-0  15807-3 0  9991
2 44030  51.6352 118.3618 0004552 220.6682 139.3971 15.58657170 39982
UNITE                   
1 44031U 98067PX  19287.79533955  .00006752  00000-0  98323-4 0  9994
2 44031  51.6373 120.8314 0003181 213.4770 146.6021 15.57024410 39938
TECHEDSAT 8             
1 44032U 98067PY  19288.09533220  .00037585  00000-0  37645-3 0  9991
2 44032  51.6351 112.3197 0004010 223.8046 136.2632 15.65157691 40058
CATSAT-1                
1 44033U 98067PZ  19287.81467738  .00008620  00000-0  11739-3 0  9995
2 44033  51.6375 119.4774 0004310 222.7949 137.2709 15.58427955 39898
RAAVANA-1               
1 44329U 98067QE  19287.76175349  .00007276  00000-0  12015-3 0  9995
2 44329  51.6390 126.6193 0007608 159.3493 200.7806 15.53382294 18601
UGUISU                  
1 44330U 98067QF  19287.76475890  .00007334  00000-0  12123-3 0  9996
2 44330  51.6389 126.6384 0007594 158.2236 201.9079 15.53338609 18583
NEPALISAT-1             
1 44331U 98067QG  19287.82341165  .00007157  00000-0  11816-3 0  9992
2 44331  51.6389 126.2814 0007664 160.9471 199.1807 15.53416846 18607
SPOOQY-1                
1 44332U 98067QH  19287.82083422  .00006861  00000-0  11352-3 0  9998
2 44332  51.6387 126.2624 0006370 161.7880 198.3339 15.53437616 18565
SPACEBEE-9              
1 44370U 19037F   19287.53593578  .00007090  00000-0  18146-3 0  9999
2 44370  45.0124  52.6458 0014568 177.7336 182.3617 15.40042919 16497
SPACEBEE-8              
1 44371U 19037G   19287.57018975  .00014058  00000-0  33988-3 0  9990
2 44371  45.0099  52.0568 0014139 179.8904 180.1912 15.41035505 16491
MOVE-IIB                
1 44398U 19038N   19288.24054543  .00000929  00000-0  57975-4 0  9991
2 44398  97.4997 248.2357 0023921 256.6741 103.1643 15.11757845 15372
SONATE                  
1 44400U 19038Q   19287.84259402  .00000567  00000-0  36956-4 0  9995
2 44400  97.5034 247.8589 0023747 254.3755 105.4854 15.11704501 15311
LUCKY-7                 
1 44406U 19038W   19287.89613886  .00000647  00000-0  41417-4 0  9993
2 44406  97.5032 247.9394 0023247 254.2200 105.6466 15.11904194 15310
BEESAT 9                
1 44412U 19038AC  19287.83302338  .00000891  00000-0  55641-4 0  9996
2 44412  97.5029 247.8678 0021312 260.7146  99.1674 15.11878873 15007
JAISAT-1                
1 44419U 19038F   19287.93222396  .00000711  00000-0  44589-4 0  9999
2 44419  97.5031 248.0434 0020157 260.1130  99.7826 15.12369201 15335
SWIATOWID               
1 44426U 98067QL  19288.00867674  .00011762  00000-0  18942-3 0  9990
2 44426  51.6412 125.7641 0005512 127.7176 356.0283 15.53409847 16113
KRAKSAT                 
1 44427U 98067QM  19287.81612178  .00005411  00000-0  94007-4 0  9997
2 44427  51.6401 126.9912 0004638 119.1579 240.9875 15.52550809 16129
VCC A                   
1 44428U 98067QN  19287.86292489  .00006562  00000-0  11085-3 0  9994
2 44428  51.6402 126.5551 0003905 136.7628 223.3669 15.52940119 16136
ENTRYSAT                
1 44429U 98067QP  19287.85675065  .00007519  00000-0  12506-3 0  9991
2 44429  51.6398 126.5131 0003796 130.2888 229.8435 15.53133514 16136
VCC C                   
1 44430U 98067QQ  19287.85720048  .00008985  00000-0  14741-3 0  9996
2 44430  51.6397 126.5168 0003932 140.0309 220.0971 15.53238900 14968
VCC B                   
1 44431U 98067QR  19287.86448139  .00006571  00000-0  11104-3 0  9995
2 44431  51.6401 126.5644 0004100 136.1870 223.9446 15.52928158 16074
