CUTE-1 (CO-55)          
1 27844U 03031E   18051.93802576  .00000042  00000-0  38926-4 0  9995
2 27844  98.6892  62.2970 0009574 354.5545   5.5527 14.22095375759633
CUBESAT XI-IV (CO-57)   
1 27848U 03031J   18051.93546923  .00000025  00000-0  31257-4 0  9991
2 27848  98.6981  62.6522 0009678   4.8003 355.3265 14.21701814759548
CUBESAT XI 5            
1 28895U 05043F   18051.91255389  .00000154  00000-0  38434-4 0  9997
2 28895  97.8908 208.1931 0018123  78.4496 281.8741 14.63510660656631
CUTE-1.7+APD II (CO-65) 
1 32785U 08021C   18051.85446308  .00000213  00000-0  28746-4 0  9996
2 32785  97.5529  69.5563 0014510  67.1870 293.0879 14.88064127531871
AAUSAT-II               
1 32788U 08021F   18052.04136780  .00000600  00000-0  61026-4 0  9999
2 32788  97.5342  83.3192 0012392  25.1307 335.0515 14.94226547532838
DELFI-C3 (DO-64)        
1 32789U 08021G   18051.76460404  .00001690  00000-0  12077-3 0  9992
2 32789  97.5280 109.4545 0011713 341.3727  18.7069 15.05761570534268
SEEDS II (CO-66)        
1 32791U 08021J   18051.79622495  .00000389  00000-0  45204-4 0  9991
2 32791  97.5447  74.5821 0014548  50.7185 309.5321 14.90470990532090
SWISSCUBE               
1 35932U 09051B   18051.89630572  .00000128  00000-0  39910-4 0  9999
2 35932  98.5263 200.3804 0007392 198.9207 161.1716 14.56122365446474
BEESAT                  
1 35933U 09051C   18051.93197209  .00000108  00000-0  35334-4 0  9994
2 35933  98.5303 201.8889 0005335 210.0282 150.0610 14.56230440446545
ITUPSAT 1               
1 35935U 09051E   18051.92121936  .00000109  00000-0  36249-4 0  9996
2 35935  98.5415 202.1324 0007704 207.7258 152.3528 14.55412010446386
M-CUBED & EXP-1 PRIME   
1 37855U 11061F   18051.94156367  .00002021  00000-0  11095-3 0  9997
2 37855 101.7258  54.9824 0177721  66.1725 295.8003 15.04070321343705
STRAND-1                
1 39090U 13009E   18051.87748872  .00000012  00000-0  19579-4 0  9998
2 39090  98.5322 259.6948 0008129 284.9016  75.1269 14.35011685261121
AIST-2                  
1 39133U 13015D   18052.19046005  .00000161  00000-0  24001-4 0  9999
2 39133  64.8719 218.5090 0032154 240.4942 119.2970 15.04489619265763
SOMP                    
1 39134U 13015E   18051.86602722  .00001462  00000-0  79094-4 0  9994
2 39134  64.8648 143.0930 0023963 226.6057 133.3075 15.18824317267231
BEESAT 3                
1 39135U 13015F   18051.89736279  .00001200  00000-0  71045-4 0  9991
2 39135  64.8700 154.8593 0029748 247.8316 111.9652 15.16405500266628
BEESAT-2                
1 39136U 13015G   18051.76070986  .00001416  00000-0  83104-4 0  9992
2 39136  64.8700 157.7736 0029950 248.4172 111.3762 15.15883016266551
NEE-01 PEGASUS          
1 39151U 13018B   18052.20821524  .00000165  00000-0  28969-4 0  9992
2 39151  97.9754 147.1110 0016235 328.0729  31.9497 14.79854992260363
ESTCUBE 1               
1 39161U 13021C   18052.20063329  .00000161  00000-0  33492-4 0  9991
2 39161  98.0124 139.8100 0010991  72.5932 287.6501 14.72022825257383
POPACS 1                
1 39268U 13055D   18051.86927464  .00004973  00000-0  14173-3 0  9995
2 39268  81.0020 108.2047 0641573 208.8655 147.5599 14.33235982226317
POPACS 2                
1 39269U 13055E   18051.16767639  .00002537  00000-0  75331-4 0  9993
2 39269  81.0171 128.5263 0693288 261.8896  90.3132 14.21486304225293
POPACS 3                
1 39270U 13055F   18051.60097370  .00001372  00000-0  43728-4 0  9993
2 39270  81.0192 138.9354 0719852 293.0439  59.6407 14.14260936205171
ZACUBE-1 (TSHEPISOSAT)  
1 39417U 13066B   18051.89579767  .00000197  00000-0  31247-4 0  9991
2 39417  97.6009  86.6654 0059401 174.6639 185.5221 14.80877518229586
WNISAT-1                
1 39423U 13066H   18052.16633666  .00000124  00000-0  34089-4 0  9995
2 39423  97.7124  25.3103 0176596  20.2968 340.5140 14.52925574225389
GOMX 1                  
1 39430U 13066Q   18052.19984425  .00000271  00000-0  58346-4 0  9993
2 39430  97.6862  37.5081 0151159 337.2430  22.2116 14.59026660226246
EAGLE 2                 
1 39436U 13066W   18051.86446805  .00079457  00000-0  97707-3 0  9992
2 39436  97.7112 178.7018 0006321 260.3515  99.7026 15.59980595235087
CUBEBUG-2 (LO-74)       
1 39440U 13066AA  18052.12043480  .00000170  00000-0  30916-4 0  9995
2 39440  97.6092  74.2101 0079867 211.5511 148.0898 14.75614310228803
NEE-02 KRYSAOR          
1 39441U 13066AB  18051.59359381  .00000109  00000-0  22749-4 0  9993
2 39441  97.6086  72.0648 0081124 217.9252 141.6227 14.74735662228594
FUNCUBE-1 (AO-73)       
1 39444U 13066AE  18051.68213754  .00000250  00000-0  37364-4 0  9995
2 39444  97.6022  87.8395 0058664 171.2045 189.0211 14.81642605228406
UWE-3                   
1 39446U 13066AG  18051.80044584  .00000175  00000-0  30079-4 0  9996
2 39446  97.6038  79.8818 0070004 194.1414 165.7840 14.78146983227336
BRITE-TORONTO           
1 40020U 14033L   18051.68033090  .00000090  00000-0  24083-4 0  9991
2 40020  97.8022 275.8030 0086208 255.8978 103.2634 14.66468910196504
DUCHIFAT-1              
1 40021U 14033M   18051.83285632  .00000426  00000-0  49854-4 0  9996
2 40021  97.9178 330.3433 0012375 196.3069 163.7751 14.90201786199626
NANOSATC-BR1            
1 40024U 14033Q   18051.74973734  .00000308  00000-0  38271-4 0  9996
2 40024  97.9121 328.7265 0011666 198.1399 161.9403 14.89480076199026
QB50P1                  
1 40025U 14033R   18052.20186734  .00000252  00000-0  33101-4 0  9990
2 40025  97.9087 327.8234 0011868 200.7393 159.3343 14.88639090199533
QB50P2                  
1 40032U 14033Y   18051.71886130  .00000276  00000-0  36032-4 0  9992
2 40032  97.9048 326.1852 0011330 197.3338 162.7493 14.88187831198882
PERSEUS-M2              
1 40037U 14033AD  18051.81977046  .00000097  00000-0  17228-4 0  9992
2 40037  97.9048 324.1758 0013707 206.1577 153.8947 14.86324596199249
PERSEUS-M1              
1 40039U 14033AF  18051.81517133  .00000100  00000-0  17798-4 0  9998
2 40039  97.9050 323.6020 0013634 202.4495 157.6125 14.85946772199196
POLYITAN-1              
1 40042U 14033AJ  18051.82996811  .00000374  00000-0  46516-4 0  9990
2 40042  97.9162 327.5296 0014223 191.3106 168.7793 14.88309472198895
TIGRISAT                
1 40043U 14033AK  18051.89538404  .00000128  00000-0  26600-4 0  9997
2 40043  97.8261 293.3407 0059280 212.5069 147.2484 14.74097573197175
AEROCUBE 6A             
1 40045U 14033AM  18051.90744822  .00000272  00000-0  46974-4 0  9990
2 40045  97.8411 295.2468 0057251 207.2303 152.5902 14.75063937197149
AEROCUBE 6B             
1 40046U 14033AN  18051.90795041  .00000304  00000-0  51516-4 0  9994
2 40046  97.8389 295.1409 0056540 206.5122 153.3193 14.75054171197140
UKUBE-1                 
1 40074U 14037F   18052.09285727  .00000317  00000-0  45473-4 0  9994
2 40074  98.3688 183.6181 0004145 348.2615  11.8492 14.83721396196083
BRITE-PL 2              
1 40119U 14049B   18052.18830180  .00000098  00000-0  18146-4 0  9999
2 40119  97.9219 141.6281 0017401   1.4847 358.6416 14.84252741190094
FIREBIRD 4              
1 40378U 15003C   18051.88833785  .00002129  00000-0  91603-4 0  9993
2 40378  99.1012 290.5840 0131673 257.1540 101.4950 15.16744233168695
GRIFEX                  
1 40379U 15003D   18051.90391692  .00001629  00000-0  75826-4 0  9996
2 40379  99.1055 287.2969 0138363 268.1191  90.4185 15.13975256168498
EXOCUBE                 
1 40380U 15003E   18051.88773260  .00001081  00000-0  54063-4 0  9992
2 40380  99.1105 285.4501 0142630 274.2866  84.2073 15.12248685168379
TIANWANG 1C (TW-1C)     
1 40926U 15051B   18052.17039441  .00008760  00000-0  17425-3 0  9991
2 40926  97.1981  95.1113 0009981 353.2023  44.4527 15.47124425135362
TIANWANG 1A (TW-1A)     
1 40928U 15051D   18051.90931920  .00003536  00000-0  96524-4 0  9990
2 40928  97.1994  88.1591 0013247  29.8429  92.4194 15.37994776134901
EXACTVIEW 9             
1 40936U 15052G   18051.15016831  .00000861  00000-0  31739-4 0  9997
2 40936   6.0030 268.3175 0009298 138.2173 221.8785 14.76350202129643
ATHENOXAT 1             
1 41168U 15077C   18051.80555556  .00002278  00000-0  88983-4 0  9993
2 41168  14.9856 151.9310 0012017 224.0651  50.4950 15.12467428120721
GALASSIA                
1 41170U 15077E   18051.46900447  .00002213  00000-0  84171-4 0  9995
2 41170  14.9883 149.4630 0013203 240.7805 119.1195 15.12877120120723
VELOX 2                 
1 41171U 15077F   18051.62890807  .00001653  00000-0  58372-4 0  9993
2 41171  14.9905 166.8173 0008941 187.9966 172.0212 15.10452458120580
HORYU-IV                
1 41340U 16012D   18051.94036537  .00000566  00000-0  36656-4 0  9991
2 41340  31.0060 326.6116 0013947  20.0996 340.0187 15.00889050110415
E-ST@R-II               
1 41459U 16025D   18051.76741305  .00002774  00000-0  14872-3 0  9990
2 41459  98.1499 108.2167 0172486 178.2884 181.8965 15.04026790 99927
AAUSAT 4                
1 41460U 16025E   18052.11707948  .00001869  00000-0  10115-3 0  9997
2 41460  98.1439 108.9203 0163780 173.6876 186.6507 15.05301649100027
DIWATA-1                
1 41463U 98067HT  18052.19129630  .00011870  00000-0  11126-3 0  9996
2 41463  51.6395 203.8424 0001260  54.5504 299.6725 15.67694308103782
BEESAT-4                
1 41619U 16040W   18051.82744254  .00001444  00000-0  66752-4 0  9996
2 41619  97.4303 116.5212 0010098 279.2824  80.7269 15.21756914 80392
CANX-7                  
1 41788U 16059F   18052.16109908  .00006119  00000-0  10671-2 0  9993
2 41788  98.1975 118.2646 0034512 110.3400 250.1542 14.67967303 75075
ALSAT 1N                
1 41789U 16059G   18052.12162491  .00000077  00000-0  23678-4 0  9996
2 41789  98.1340 116.4584 0029919  92.7155 267.7483 14.64128094 75035
RAVAN                   
1 41849U 16067B   18052.22964524  .00000675  00000-0  63035-4 0  9995
2 41849  97.9292 139.2712 0008785 183.8339 176.2817 14.97561635 69772
CELTEE 1                
1 41850U 16067C   18051.77092248  .00000402  00000-0  40509-4 0  9990
2 41850  97.9283 138.4452 0008982 182.8272 177.2900 14.96743416 69682
OPTICUBE 04             
1 41851U 16067D   18052.19366385  .00000476  00000-0  47037-4 0  9998
2 41851  97.9290 138.8181 0008777 180.8444 179.2764 14.96625503 69748
AEROCUBE 8D             
1 41852U 16067E   18052.21570609 -.00000254  00000-0 -17049-4 0  9994
2 41852  97.9299 138.6992 0009555 183.7717 176.3434 14.96415602 69734
AEROCUBE 8C             
1 41853U 16067F   18051.75900073  .00000071  00000-0  11603-4 0  9990
2 41853  97.9294 138.2069 0010011 186.9816 173.1267 14.96377138 69667
PROMETHEUS 2-1          
1 41854U 16067G   18051.90576174  .00000675  00000-0  64781-4 0  9994
2 41854  97.9300 138.3403 0010517 185.3686 174.7424 14.96439770 69683
PROMETHEUS 2-3          
1 41855U 16067H   18051.90819664  .00000799  00000-0  75705-4 0  9994
2 41855  97.9302 138.3445 0010689 185.5695 174.5409 14.96437627 69684
STARS-C                 
1 41895U 98067KR  18051.62654434  .00565684  16506-3  76460-3 0  9997
2 41895  51.6267 196.7001 0006966 313.1808  46.8621 16.05768973 67137
ITF-2                   
1 41932U 98067KU  18051.90266327  .00024017  00000-0  20406-3 0  9998
2 41932  51.6368 216.9412 0003846 122.5019 237.6350 15.69483524 62467
WASEDA-SAT3             
1 41933U 98067KV  18051.89688625  .00032076  00000-0  23920-3 0  9994
2 41933  51.6337 213.8152 0003283 129.5061 230.6228 15.72445520 62500
AOBA-VELOX 3            
1 41935U 98067KX  18051.87108062  .00029510  00000-0  23097-3 0  9990
2 41935  51.6355 215.1994 0003083 128.7075 231.4199 15.71341846 62584
INS-1B                  
1 41954U 17008G   18051.88447260  .00001362  00000-0  61483-4 0  9991
2 41954  97.4612 116.7627 0010634  48.6167 311.5982 15.22663068 56302
BGUSAT                  
1 41999U 17008BD  18051.90501801  .00002352  00000-0  99865-4 0  9990
2 41999  97.4647 117.5127 0009982  66.1745 294.0538 15.24045051 55718
DIDO-2                  
1 42000U 17008BE  18051.90952656  .00001007  00000-0  45903-4 0  9992
2 42000  97.4631 117.1505 0010206  65.4482 294.7817 15.22941430 55702
PEASSS                  
1 42015U 17008BV  18051.88205850  .00001241  00000-0  54675-4 0  9998
2 42015  97.4626 117.4478 0008174  73.3258 286.8876 15.23691223 56200
AL-FARABI 1             
1 42016U 17008BW  18052.16584945  .00001530  00000-0  66058-4 0  9995
2 42016  97.4631 117.8509 0008044  73.1998 287.0121 15.24029801 56373
NAYIF-1 (EO-88)         
1 42017U 17008BX  18051.89920118  .00001568  00000-0  67567-4 0  9998
2 42017  97.4630 117.5908 0008033  74.1701 286.0421 15.24049919 56356
HAVELSAT                
1 42700U 98067LH  18052.10365397  .00022134  00000-0  22287-3 0  9999
2 42700  51.6364 225.7704 0004775 174.4913 185.6136 15.65325023 43806
COLUMBIA                
1 42702U 98067LK  18051.83311363  .00394866  75075-4  87546-3 0  9995
2 42702  51.6249 210.2111 0006035 288.1204  71.9147 15.97362971 43906
SGSAT                   
1 42703U 98067LL  18051.86672990  .00082706  00000-0  47150-3 0  9991
2 42703  51.6341 218.0752 0001136 198.6558 161.4401 15.78208124 43794
CXBN-2                  
1 42704U 98067LM  18051.71273920  .00020927  00000-0  21453-3 0  9991
2 42704  51.6371 228.4179 0001946 120.3532 239.7656 15.64918465 43656
ICECUBE                 
1 42705U 98067LN  18051.72803427  .00026146  00000-0  23024-3 0  9999
2 42705  51.6404 225.5648 0001731 112.1522 247.9658 15.68560993 43750
PHOENIX                 
1 42706U 98067LP  18051.89883884  .00019517  00000-0  20381-3 0  9990
2 42706  51.6363 227.4061 0001278 132.8715 227.2388 15.64500844 43671
X-CUBESAT               
1 42707U 98067LQ  18051.72700070  .00021829  00000-0  21888-3 0  9990
2 42707  51.6341 227.7263 0001318 140.3444 219.7648 15.65447679 43642
QBEE50-LTU-OC           
1 42708U 98067LR  18052.00956952  .00021173  00000-0  21588-3 0  9994
2 42708  51.6362 226.6298 0001324 139.0328 221.0767 15.65047621 43646
ALTAIR PATHFINDER       
1 42711U 98067LS  18052.07167331  .00011865  00000-0  14283-3 0  9991
2 42711  51.6363 230.0548 0004143 108.6243 251.5201 15.61289684 43316
SHARC                   
1 42712U 98067LT  18051.75661331  .00009630  00000-0  12160-3 0  9994
2 42712  51.6381 232.4833 0002561 114.5431 245.5829 15.60293414 43490
ZA-AEROSAT              
1 42713U 98067LU  18051.96639978  .00017073  00000-0  18686-3 0  9999
2 42713  51.6354 228.5995 0002216 105.5515 254.5724 15.63405850 43324
LINK                    
1 42714U 98067LV  18051.94660743  .00034434  00000-0  30033-3 0  9992
2 42714  51.6327 224.6682 0001637 119.9262 240.1897 15.68642632 43484
CSUNSAT 1               
1 42715U 98067LW  18052.08015883  .00018599  00000-0  20081-3 0  9994
2 42715  51.6367 227.8671 0003923 101.7210 258.4225 15.63681727 43349
SPACECUBE               
1 42717U 98067LY  18051.96775547  .00022440  00000-0  22928-3 0  9994
2 42717  51.6351 227.1027 0003433 175.2813 184.8216 15.64951112 42714
HOOPOE                  
1 42718U 98067LZ  18051.94609236  .00026418  00000-0  25626-3 0  9991
2 42718  51.6361 226.2106 0003290 174.8532 185.2499 15.66154741 42722
CHALLENGER              
1 42721U 98067MA  18051.94434997  .00043640  00000-0  34638-3 0  9994
2 42721  51.6339 223.1518 0004880 165.8760 194.2375 15.70801252 42468
NJUST-1                 
1 42722U 98067MB  18052.15940870  .00017017  00000-0  19088-3 0  9992
2 42722  51.6367 228.3941 0006229 155.7985 204.3303 15.62761625 42412
UNSW-ECO                
1 42723U 98067MC  18052.04160573  .00027623  00000-0  26564-3 0  9996
2 42723  51.6373 226.1116 0005429 157.9694 202.1536 15.66334746 42410
LILACSAT-1              
1 42725U 98067ME  18052.08380293  .00020008  00000-0  21254-3 0  9996
2 42725  51.6364 227.8902 0005167 158.4633 201.6580 15.64036896 42327
NSIGHT-1                
1 42726U 98067MF  18052.02488466  .00008394  00000-0  10988-3 0  9998
2 42726  51.6381 232.0192 0005998 156.4253 203.7016 15.59530063 42263
SNUSAT-1                
1 42727U 98067MG  18051.89690905  .00020544  00000-0  21867-3 0  9995
2 42727  51.6350 228.8616 0006659 120.7866 239.3785 15.63957330 42255
I-INSPIRE II            
1 42731U 98067ML  18052.00880997  .00029494  00000-0  27849-3 0  9995
2 42731  51.6352 225.8523 0005402 110.2547 249.9030 15.66753695 42195
POLYITAN-2-SAU          
1 42732U 98067MM  18051.71941191  .00022145  00000-0  22343-3 0  9997
2 42732  51.6357 228.4336 0005772 106.7931 253.3698 15.65267879 42135
SNUSAT-1B               
1 42733U 98067MN  18052.03949387  .00021665  00000-0  22591-3 0  9990
2 42733  51.6359 227.5779 0005962 110.3849 249.7787 15.64447661 42179
EXALTA-1                
1 42734U 98067MP  18052.07767306  .00029259  00000-0  27556-3 0  9997
2 42734  51.6342 225.5586 0006625 135.5903 224.5625 15.66814102 42153
BEEAGLESAT              
1 42736U 98067MR  18051.89938064  .00019371  00000-0  20816-3 0  9995
2 42736  51.6354 228.8918 0006468 151.7807 208.3539 15.63758886 42204
ATLANTIS                
1 42737U 98067MS  18051.87492318  .00154468  00000-0  60878-3 0  9990
2 42737  51.6257 215.0367 0002988 226.2472 133.8285 15.85869745 42270
UCLSAT                  
1 42765U 17036A   18051.81660914  .00001369  00000-0  63759-4 0  9994
2 42765  97.4170 113.4676 0013409 120.9577 239.2978 15.21523411 37601
LITUANICASAT-2          
1 42768U 17036D   18051.82998330  .00002256  00000-0  10491-3 0  9994
2 42768  97.4176 113.1604 0017607 112.6042 247.7058 15.20857012 36874
AALTO-1                 
1 42775U 17036L   18051.88923241  .00000878  00000-0  43196-4 0  9994
2 42775  97.4167 113.2193 0015914 109.7818 250.5135 15.20525265 36828
URSA MAIOR              
1 42776U 17036M   18051.74960495  .00000927  00000-0  45341-4 0  9991
2 42776  97.4172 113.1112 0015769 110.4438 249.8492 15.20590360 36803
COMPASS 2               
1 42777U 17036N   18051.80378313  .00001735  00000-0  80468-4 0  9998
2 42777  97.4188 113.3799 0014696 113.8683 246.4094 15.21312202 36811
DIAMOND RED             
1 42783U 17036U   18051.85344940  .00001077  00000-0  51295-4 0  9994
2 42783  97.4171 113.4224 0014009 120.8467 239.4149 15.21197533 36822
PEGASUS                 
1 42784U 17036V   18052.16903548  .00001186  00000-0  55914-4 0  9998
2 42784  97.4172 113.7681 0013960 120.0315 240.2308 15.21354359 36876
DIAMOND GREEN           
1 42785U 17036W   18051.85258615  .00001101  00000-0  52385-4 0  9998
2 42785  97.4173 113.4307 0013903 121.3672 238.8926 15.21200520 36898
DIAMOND BLUE            
1 42786U 17036X   18051.85165203  .00001074  00000-0  51177-4 0  9996
2 42786  97.4173 113.4306 0013722 121.6075 238.6502 15.21196901 36892
NUDTSAT                 
1 42787U 17036Y   18051.79724610  .00001857  00000-0  84744-4 0  9998
2 42787  97.4173 113.5051 0013567 121.2474 239.0093 15.21794216 36665
SUCHAI                  
1 42788U 17036Z   18052.14475671  .00001418  00000-0  65844-4 0  9992
2 42788  97.4173 113.7986 0013590 120.0703 240.1883 15.21570682 36943
SKCUBE                  
1 42789U 17036AA  18051.81340761  .00001347  00000-0  62751-4 0  9992
2 42789  97.4172 113.4743 0013394 120.9919 239.2634 15.21556239 36812
VZLUSAT-1               
1 42790U 17036AB  18051.72276517  .00001789  00000-0  81706-4 0  9992
2 42790  97.4173 113.4397 0013076 121.6880 238.5632 15.21823247 36807
ROBUSTA-1B              
1 42792U 17036AD  18051.79268623  .00001397  00000-0  64711-4 0  9992
2 42792  97.4169 113.4939 0012960 121.9923 238.2575 15.21693228 36827
CICERO 6                
1 42793U 17036AE  18052.17356960  .00000838  00000-0  40100-4 0  9993
2 42793  97.4165 113.8933 0012074 121.3050 238.9369 15.21646904 36954
D-SAT                   
1 42794U 17036AF  18052.13007573  .00000136  00000-0  17678-4 0  9998
2 42794  97.6086 111.0751 0126007 308.7958  50.2059 14.90784338 36430
TOKI                    
1 42820U 98067MU  18051.71352365  .00017661  00000-0  19664-3 0  9993
2 42820  51.6356 231.4026 0002840  93.4550 266.6769 15.62934629 35638
MAZAALAI (NUMSAT-1)     
1 42822U 98067MW  18051.92211579  .00017697  00000-0  19833-3 0  9996
2 42822  51.6358 230.5481 0002866  99.9236 260.2082 15.62764282 35642
BRAC ONNESHA            
1 42823U 98067MX  18051.73129081  .00017441  00000-0  19527-3 0  9999
2 42823  51.6363 231.5340 0005689 115.3596 244.7988 15.62792646 35616
NIGERIAEDUSAT-1         
1 42824U 98067MY  18051.74366755  .00017452  00000-0  19633-3 0  9992
2 42824  51.6368 231.6255 0005598 116.2489 243.9081 15.62668894 35586
SILU-1 (SILKROAD 1)     
1 42903U 17021F   18051.91806597  .00023079  00000-0  21698-3 0  9999
2 42903  42.7809 309.8311 0009890 210.5532 209.1804 15.66597194 31662
MIRATA                  
1 43015U 17073C   18051.77700673  .00001658  00000-0  13786-3 0  9991
2 43015  97.6973 347.7617 0257882 290.6264  66.7465 14.77828070 13947
ASTERIA                 
1 43020U 98067NH  18051.72335436  .00007182  00000-0  10572-3 0  9993
2 43020  51.6393 238.2526 0002927  99.1553 260.9769 15.56613123 14331
DELLINGR (RBLE)         
1 43021U 98067NJ  18051.81018075  .00006140  00000-0  93719-4 0  9999
2 43021  51.6388 238.0796 0002696  98.9744 261.1552 15.55913761 14349
TECHEDSAT 6             
1 43026U 98067NK  18052.10900578  .00079373  00000-0  78109-3 0  9998
2 43026  51.6358 233.3130 0002862 195.8379 164.2527 15.65283737 14335
OSIRIS-3U               
1 43027U 98067NL  18051.72642219  .00021155  00000-0  27783-3 0  9998
2 43027  51.6377 237.5208 0003118  87.2732 272.8617 15.58464220 14225
AEROCUBE 7B             
1 43042U 17071F   18051.84668643  .00002609  00000-0  78993-4 0  9996
2 43042  51.6381 247.9571 0005306 197.6567 162.4233 15.38031595 11697
AEROCUBE 7C             
1 43043U 17071G   18051.84630795  .00002478  00000-0  75532-4 0  9994
2 43043  51.6382 247.9555 0005265 197.4079 162.6725 15.38037893 11663
CHEFSAT                 
1 43044U 17071H   18052.09751112  .00004439  00000-0  12564-3 0  9994
2 43044  51.6382 246.6354 0005358 193.9305 166.1532 15.38388578 11702
ASGARDIA 1              
1 43049U 17071N   18051.83798726  .00002480  00000-0  75183-4 0  9993
2 43049  51.6382 247.9021 0002487 209.6984 150.3859 15.38196827 11666
ISARA                   
1 43050U 17071P   18052.02853836  .00004541  00000-0  12827-3 0  9996
2 43050  51.6382 246.9275 0002567 204.7056 155.3805 15.38388159 11682
FAUNA                   
1 43052U 17071R   18051.83476010  .00002864  00000-0  84998-4 0  9996
2 43052  51.6384 247.8837 0002458 204.6960 155.3907 15.38278736 11651
MICROMAS-2A             
1 43132U 18004X   18051.90873693  .00001342  00000-0  61330-4 0  9993
2 43132  97.5496 114.2077 0011191 139.2130 220.9945 15.22300312  6027
