CUTE-1 (CO-55)          
1 27844U 03031E   20165.49262813  .00000035  00000-0  35583-4 0  9997
2 27844  98.6811 173.2881 0011071  69.7490 290.4877 14.22242043879572
CUBESAT XI-IV (CO-57)   
1 27848U 03031J   20165.58850163  .00000032  00000-0  34399-4 0  9993
2 27848  98.6879 173.9391 0011008  80.4977 279.7444 14.21828303879391
CUBESAT XI-V            
1 28895U 05043F   20165.31257352  .00000101  00000-0  28259-4 0  9998
2 28895  98.0092 301.7837 0015451 295.7634  64.1974 14.63774727780007
CUTE-1.7+APD II (CO-65) 
1 32785U 08021C   20165.43276917  .00000173  00000-0  24235-4 0  9990
2 32785  97.5724 153.6264 0013936 141.0996 219.1227 14.88476195657274
AAUSAT-II               
1 32788U 08021F   20165.57071694  .00000652  00000-0  64433-4 0  9999
2 32788  97.4908 170.2428 0013414  71.5229 288.7449 14.95067549658731
DELFI-C3 (DO-64)        
1 32789U 08021G   20165.55165174  .00000883  00000-0  61694-4 0  9997
2 32789  97.4181 208.4902 0011171 337.1862  22.8868 15.07733684661222
SEEDS II (CO-66)        
1 32791U 08021J   20165.23933397  .00000154  00000-0  20855-4 0  9990
2 32791  97.5402 159.5763 0014795 113.7409 246.5363 14.91054851657755
SWISSCUBE               
1 35932U 09051B   20165.43818775  .00000107  00000-0  35151-4 0  9991
2 35932  98.6104 347.5931 0008464 133.2542 226.9363 14.56397581569242
BEESAT-1                
1 35933U 09051C   20165.48944469  .00000088  00000-0  30823-4 0  9996
2 35933  98.6102 349.5098 0006455 142.8859 217.2785 14.56472825569327
ITUPSAT1                
1 35935U 09051E   20165.48188559  .00000066  00000-0  26294-4 0  9991
2 35935  98.6209 349.7028 0008743 144.5467 215.6312 14.55618734569090
TISAT 1                 
1 36799U 10035E   20165.54545606  .00000392  00000-0  45438-4 0  9994
2 36799  98.1944 335.6687 0011875 349.6932  10.4040 14.91362475538341
M-CUBED & EXP-1 PRIME   
1 37855U 11061F   20165.52492137  .00001389  00000-0  75716-4 0  9995
2 37855 101.7130 251.9074 0171039  86.6621 275.4141 15.06317928470615
AEROCUBE 4.5A           
1 38767U 12048K   20165.52585815  .00000257  00000-0  36219-4 0  9998
2 38767  64.6664 248.5974 0141344 137.8024 223.4073 14.92295537 41212
AEROCUBE 4.5B           
1 38768U 12048L   20165.54473698  .00000304  00000-0  37534-4 0  9990
2 38768  64.6662 217.1562 0130215 133.7195 227.4793 14.95965728 41295
STRAND-1                
1 39090U 13009E   20165.52367184  .00000005  00000-0  17006-4 0  9997
2 39090  98.4570   9.8146 0008090 300.9223  59.1167 14.35133544382128
SOMP                    
1 39134U 13015E   20165.56300853  .00000947  00000-0  51239-4 0  9998
2 39134  64.8632 290.5015 0032925 244.3775 115.3950 15.21061495395089
BEESAT-3                
1 39135U 13015F   20165.55302744  .00000917  00000-0  53852-4 0  9999
2 39135  64.8664 314.0075 0036333 248.1050 111.6212 15.18178664394620
BEESAT-2                
1 39136U 13015G   20165.53314556  .00000730  00000-0  45798-4 0  9995
2 39136  64.8699 319.0299 0030643 279.5684  80.1980 15.17567979394522
NEE-01 PEGASO           
1 39151U 13018B   20165.54804042  .00000110  00000-0  21385-4 0  9998
2 39151  97.9729 264.3900 0018428 111.7574 248.5601 14.80172545385095
ESTCUBE 1               
1 39161U 13021C   20165.47459626  .00000102  00000-0  23860-4 0  9990
2 39161  97.9635 248.5849 0008165 250.9669 109.0661 14.72322031381457
POPACS 1                
1 39268U 13055D   20165.33573364  .00002578  00000-0  70951-4 0  9998
2 39268  81.0019 300.5123 0616269 234.4150 119.8118 14.39244508347409
POPACS 2                
1 39269U 13055E   20165.50530509  .00001105  00000-0  31301-4 0  9993
2 39269  81.0134 338.2510 0677431 332.2346  24.4135 14.25473601345421
POPACS 3                
1 39270U 13055F   20165.52141282  .00001225  00000-0  36688-4 0  9999
2 39270  81.0159 359.8406 0710479  34.1988 330.2892 14.16894030324577
ZACUBE-1 (TSHEPISOSAT)  
1 39417U 13066B   20165.44698918  .00000163  00000-0  26888-4 0  9999
2 39417  97.5644 163.6929 0057347 291.6909  67.8205 14.81278838354447
WNISAT-1                
1 39423U 13066H   20165.59917394  .00000067  00000-0  23530-4 0  9998
2 39423  97.8021  87.3479 0173909 267.7338  90.3961 14.53120702347875
TRITON-1                
1 39427U 13066M   20164.63909023  .00000164  00000-0  33806-4 0  9991
2 39427  97.7250 125.8338 0115088  93.3358 268.1019 14.68003877351157
GOMX-1                  
1 39430U 13066Q   20165.48569828  .00000137  00000-0  33919-4 0  9999
2 39430  97.7909 104.2543 0150337 196.6258 162.9976 14.59401733349224
CUBEBUG-2 (LO-74)       
1 39440U 13066AA  20165.48995267  .00000181  00000-0  32129-4 0  9991
2 39440  97.6304 148.2097 0079987 354.2685   5.7602 14.76015061351993
NEE-02 KRYSAOR          
1 39441U 13066AB  20165.43108201  .00000115  00000-0  23511-4 0  9993
2 39441  97.6376 145.6748 0081797   3.3159 356.8576 14.75019874351813
FUNCUBE-1 (AO-73)       
1 39444U 13066AE  20165.51456787  .00000220  00000-0  33374-4 0  9995
2 39444  97.5587 165.9854 0056362 283.4989  75.9949 14.82132315352788
UWE-3                   
1 39446U 13066AG  20165.41755601  .00000153  00000-0  27007-4 0  9994
2 39446  97.5979 155.3264 0068996 324.1074  35.5512 14.78549291351975
AEROCUBE 5A             
1 39465U 13072D   20165.51536912  .00001471  00000-0  15105-3 0  9994
2 39465 120.4929 148.9015 0257036 240.1244 117.4037 14.76440371 40783
AEROCUBE 5B             
1 39466U 13072E   20165.41321483  .00002489  00000-0  20128-3 0  9990
2 39466 120.4913 185.0902 0228788 249.0675 108.5755 14.86059940 40970
BRITE-CA1 (TORONTO)     
1 40020U 14033L   20165.52384040 -.00000004  00000-0  74788-5 0  9991
2 40020  97.7311 353.9612 0088853  85.3463 275.7883 14.66648002320075
DUCHIFAT-1              
1 40021U 14033M   20165.52107582  .00000166  00000-0  22730-4 0  9993
2 40021  97.9426  96.7326 0011639 305.2691  54.7437 14.90910109325302
NANOSATC-BR1            
1 40024U 14033Q   20165.54178313  .00000319  00000-0  38946-4 0  9994
2 40024  97.9276  93.1470 0011085 310.3597  49.6652 14.90078774324658
QB50P1                  
1 40025U 14033R   20165.35600044  .00000195  00000-0  26705-4 0  9997
2 40025  97.9152  89.6659 0011455 318.5616  41.4731 14.89141002324486
QB50P2                  
1 40032U 14033Y   20165.53845215  .00000204  00000-0  27855-4 0  9994
2 40032  97.9040  87.3265 0010796 314.9115  45.1225 14.88666820324409
PERSEUS-M2              
1 40037U 14033AD  20165.55993058  .00000059  00000-0  12879-4 0  9998
2 40037  97.8890  81.9376 0013658 330.5746  29.4700 14.86544887324086
PERSEUS-M1              
1 40039U 14033AF  20165.56852345  .00000032  00000-0  99616-5 0  9990
2 40039  97.8855  80.7241 0013460 328.4839  31.5569 14.86165785323999
POLYITAN-1              
1 40042U 14033AJ  20165.55290032  .00000219  00000-0  29375-4 0  9993
2 40042  97.9237  90.3888 0013476 307.1376  52.8609 14.88888551324413
TIGRISAT                
1 40043U 14033AK  20165.55256163  .00000094  00000-0  21162-4 0  9998
2 40043  97.7105  21.9981 0060307  12.7515 347.5203 14.74380689321470
AEROCUBE 6A             
1 40045U 14033AM  20165.54951529  .00000163  00000-0  30544-4 0  9998
2 40045  97.7358  27.4590 0058043   4.3645 355.8059 14.75578277321535
AEROCUBE 6B             
1 40046U 14033AN  20165.55933702  .00000231  00000-0  40388-4 0  9996
2 40046  97.7268  26.7451 0057195   3.3972 356.7615 14.75566751321535
UKUBE-1                 
1 40074U 14037F   20165.52402914  .00000245  00000-0  36476-4 0  9992
2 40074  98.4543 353.6288 0005151 124.1543 236.0162 14.84269813321177
BRITE-PL2 (HEWELIUSZ)   
1 40119U 14049B   20165.20826525  .00000066  00000-0  14196-4 0  9994
2 40119  97.8945 257.4695 0018723 120.8640 239.4419 14.84508692315063
FIREBIRD 4              
1 40378U 15003C   20165.42898934  .00001095  00000-0  45940-4 0  9993
2 40378  99.0951 224.9076 0123240 327.8883  31.4880 15.20088246296702
GRIFEX                  
1 40379U 15003D   20165.45536970  .00000920  00000-0  42614-4 0  9997
2 40379  99.1021 216.8804 0132614 352.7714   7.1598 15.16423408296238
EXOCUBE (CP10)          
1 40380U 15003E   20165.38739377  .00000898  00000-0  43546-4 0  9996
2 40380  99.1092 212.4646 0137979   7.6565 352.6724 15.14378264295935
AEROCUBE 8A             
1 40659U 15025J   20165.53194548  .00015825  00000-0  16807-3 0  9996
2 40659  55.0164 311.1119 0106932 163.9740 196.4724 15.57446631 42949
AEROCUBE 8B             
1 40660U 15025K   20165.57499154  .00015820  00000-0  16630-3 0  9992
2 40660  55.0138 308.8594 0105905 165.9981 194.4033 15.57817647 42962
TIANWANG 1C (TW-1C)     
1 40926U 15051B   20165.41864192  .00020712  00000-0  20541-3 0  9999
2 40926  97.0836 217.1666 0007939 103.2541  23.4614 15.65783099266398
TIANWANG 1A (TW-1A)     
1 40928U 15051D   20165.38705799  .00002531  00000-0  60017-4 0  9996
2 40928  97.1083 193.3184 0009862 191.7661 296.7604 15.42604434264748
EXACTVIEW 9             
1 40936U 15052G   20165.45293325  .00000733  00000-0  13311-4 0  9998
2 40936   6.0047   8.8161 0010788 210.0327 149.9182 14.76574200254634
AEROCUBE 5C             
1 40965U 15058B   20165.42847280  .00000008  00000-0  20836-4 0  9993
2 40965  64.7769 156.1113 0168255  75.3919 286.5774 14.74524394 40718
AEROCUBE 7              
1 40966U 15058C   20165.47738007  .00000038  00000-0  24284-4 0  9999
2 40966  64.7770 154.4497 0167140  75.0414 286.9125 14.74824485 40725
ATHENOXAT 1             
1 41168U 15077C   20165.41599359  .00001631  00000-0  49591-4 0  9992
2 41168  14.9884  91.0376 0011255  72.3514 287.8035 15.14380210248730
GALASSIA                
1 41170U 15077E   20165.39931261  .00001572  00000-0  45848-4 0  9999
2 41170  14.9892  83.0182 0012563  98.8616 261.3127 15.14675714248800
VELOX-II                
1 41171U 15077F   20165.55417103  .00001217  00000-0  31144-4 0  9992
2 41171  14.9906 126.2779 0008714 356.6485   3.3777 15.11701254248431
HORYU-4                 
1 41340U 16012D   20165.57679288  .00000406  00000-0  23994-4 0  9999
2 41340  31.0062 356.4748 0013693 110.6927 249.5177 15.01503179237291
E-ST@R-II               
1 41459U 16025D   20165.54294903  .00000535  00000-0  31417-4 0  9990
2 41459  98.1032 275.3294 0164035 224.4356 134.3616 15.06401042226855
AAUSAT 4                
1 41460U 16025E   20165.55357179  .00001605  00000-0  82262-4 0  9991
2 41460  98.1018 277.6540 0152998 213.1915 145.9605 15.08703645227056
BEESAT-4                
1 41619U 16040W   20165.22335788  .00001140  00000-0  49901-4 0  9997
2 41619  97.3194 224.8578 0010845 185.4632 174.6489 15.24006978208752
CANX-7                  
1 41788U 16059F   20165.51005542  .00004949  00000-0  68459-3 0  9996
2 41788  98.2565 253.2471 0021941 312.0540  47.8470 14.78377128199233
RAVAN                   
1 41849U 16067B   20165.53627013  .00000295  00000-0  29785-4 0  9998
2 41849  97.9350 275.3218 0006285 254.7043 105.3485 14.98569907196038
CELTEE 1                
1 41850U 16067C   20165.52787082  .00000302  00000-0  31409-4 0  9997
2 41850  97.9279 273.0522 0007013 260.2198  99.8231 14.97188418195911
OPTICUBE 04             
1 41851U 16067D   20165.52438429  .00000390  00000-0  39242-4 0  9996
2 41851  97.9267 272.6701 0007137 262.2856  97.7555 14.96929014195890
AEROCUBE 8D             
1 41852U 16067E   20165.54042041 -.00000388  00000-0 -28450-4 0  9998
2 41852  97.9269 272.5222 0008225 263.8552  96.1732 14.96911832195876
AEROCUBE 8C             
1 41853U 16067F   20165.23768860  .00000529  00000-0  51396-4 0  9999
2 41853  97.9261 272.1199 0008502 263.8817  96.1435 14.96872524195829
PROMETHEUS 2-1          
1 41854U 16067G   20165.54231934 -.00000273  00000-0 -18281-4 0  9995
2 41854  97.9276 272.7555 0008920 264.0468  95.9736 14.97196082195883
PROMETHEUS 2-3          
1 41855U 16067H   20165.54277857 -.00000284  00000-0 -19261-4 0  9991
2 41855  97.9278 272.7883 0009095 264.4836  95.5348 14.97205514195883
INS-1B                  
1 41954U 17008G   20165.40908666  .00001036  00000-0  44628-4 0  9990
2 41954  97.3543 229.8821 0007832 324.7205  35.3513 15.24777988184754
BGUSAT                  
1 41999U 17008BD  20165.41113345  .00001770  00000-0  68508-4 0  9990
2 41999  97.3657 234.0057 0006883 336.7591  23.3336 15.27498569184336
DIDO-2                  
1 42000U 17008BE  20165.43677900  .00000624  00000-0  28254-4 0  9999
2 42000  97.3550 230.4171 0007798 346.2155  13.8868 15.24473186184156
PEASSS                  
1 42015U 17008BV  20165.41716462  .00000918  00000-0  38921-4 0  9998
2 42015  97.3575 231.9898 0005832 354.7061   5.4114 15.25612846184732
AL-FARABI 1             
1 42016U 17008BW  20165.44055192  .00001211  00000-0  49215-4 0  9993
2 42016  97.3603 233.0505 0005643 354.0207   6.0963 15.26453395184910
NAYIF-1 (EO-88)         
1 42017U 17008BX  20165.48493456  .00001197  00000-0  48647-4 0  9998
2 42017  97.3598 233.1050 0005681 352.8056   7.3100 15.26493909184945
UCLSAT                  
1 42765U 17036A   20165.41344961  .00000995  00000-0  44477-4 0  9990
2 42765  97.3007 219.7637 0012506  47.2525 312.9762 15.23524679165967
LITUANICASAT-2          
1 42768U 17036D   20165.45767830  .00001631  00000-0  69898-4 0  9993
2 42768  97.3064 219.7727 0015559  36.3684 323.8608 15.24068464165235
AALTO-1                 
1 42775U 17036L   20165.11302229  .00000631  00000-0  30672-4 0  9998
2 42775  97.2983 217.3014 0014904  40.6740 319.5607 15.21839958165017
URSA MAIOR              
1 42776U 17036M   20165.56305970  .00000671  00000-0  32265-4 0  9998
2 42776  97.2995 218.0209 0014657  39.1072 321.1221 15.22023186165099
COMPASS 2               
1 42777U 17036N   20165.41396242  .00001380  00000-0  59885-4 0  9990
2 42777  97.3053 220.1510 0013222  38.6139 321.6042 15.23922191165181
DIAMOND RED             
1 42783U 17036U   20165.40619850  .00000815  00000-0  37685-4 0  9995
2 42783  97.3008 219.0290 0013245  48.6855 311.5520 15.22834765165133
PEGASUS                 
1 42784U 17036V   20165.37223675  .00000936  00000-0  42401-4 0  9994
2 42784  97.3012 219.4148 0013090  47.8534 312.3813 15.23213379165157
DIAMOND GREEN           
1 42785U 17036W   20165.40499708  .00000834  00000-0  38504-4 0  9997
2 42785  97.3010 219.0631 0013168  49.4094 310.8287 15.22835431165206
DIAMOND BLUE            
1 42786U 17036X   20165.40419908  .00000814  00000-0  37667-4 0  9999
2 42786  97.3009 219.0578 0013007  49.6358 310.6013 15.22835120165123
NUDTSAT                 
1 42787U 17036Y   20165.62961461  .00001625  00000-0  68767-4 0  9996
2 42787  97.3055 221.0508 0013013  38.7331 321.4838 15.24523021165118
SUCHAI                  
1 42788U 17036Z   20165.39795182  .00001130  00000-0  49793-4 0  9995
2 42788  97.3021 220.0242 0012589  46.5342 313.6940 15.23763136165267
SKCUBE                  
1 42789U 17036AA  20165.37793499  .00001046  00000-0  46504-4 0  9996
2 42789  97.3016 219.8588 0012486  46.8710 313.3569 15.23605103165172
VZLUSAT-1               
1 42790U 17036AB  20165.42165727  .00001372  00000-0  58570-4 0  9999
2 42790  97.3040 220.8443 0011916  45.1648 315.0556 15.24508080165231
ROBUSTA-1B              
1 42792U 17036AD  20165.39790960  .00001089  00000-0  48044-4 0  9990
2 42792  97.3018 220.1282 0012074  47.4250 312.8004 15.23793199165208
CICERO 6                
1 42793U 17036AE  20165.18608594  .00000726  00000-0  33626-4 0  9996
2 42793  97.2994 219.3350 0011467  50.7063 309.5189 15.23141739165216
D-SAT                   
1 42794U 17036AF  20165.55060614  .00000159  00000-0  19115-4 0  9990
2 42794  97.4935 198.3999 0126659  18.7957 341.7877 14.91279875162110
CORVUS BC2              
1 42846U 17042X   20165.48418636  .00000267  00000-0  31489-4 0  9996
2 42846  97.5238  49.2218 0008163 296.2128  63.8252 14.92106631158816
CORVUS BC1              
1 42847U 17042Y   20165.54720738  .00000214  00000-0  26221-4 0  9993
2 42847  97.5240  49.4507 0007797 295.2943  64.7468 14.92207755158828
MIRATA                  
1 43015U 17073C   20165.55021948  .00001190  00000-0  96114-4 0  9995
2 43015  97.7195  77.9136 0254767  61.4670 301.1936 14.79646316138643
MAKERSAT 0              
1 43016U 17073D   20165.51034365  .00000815  00000-0  67545-4 0  9998
2 43016  97.7231  78.0567 0257490  62.6418 300.0747 14.79213384138625
DELLINGR (RBLE)         
1 43021U 98067NJ  20165.55187028  .00009634  00000-0  80819-4 0  9992
2 43021  51.6358 299.7664 0001413  44.9690 315.1421 15.70702866146251
AEROCUBE 7B (OCSD B)    
1 43042U 17071F   20165.48213939  .00002756  00000-0  69482-4 0  9995
2 43042  51.6382  86.0479 0004929  38.6053 321.5285 15.43593383141762
AEROCUBE 7C (OCSD C)    
1 43043U 17071G   20165.48544995  .00002776  00000-0  69973-4 0  9992
2 43043  51.6382  86.0848 0005177  42.1816 317.9568 15.43567684141731
CHEFSAT                 
1 43044U 17071H   20165.35731218  .00006676  00000-0  13211-3 0  9991
2 43044  51.6384  72.0010 0004936  49.0295 311.1119 15.48357097141917
ASGARDIA 1              
1 43049U 17071N   20165.47895019  .00002545  00000-0  64812-4 0  9994
2 43049  51.6393  85.3644 0002983  59.5678 300.5602 15.43610397141743
ISARA                   
1 43050U 17071P   20165.46576232  .00004874  00000-0  10211-3 0  9998
2 43050  51.6366  74.1052 0002954  63.1500 296.9789 15.47354695141897
PROPCUBE 2 (FAUNA)      
1 43052U 17071R   20165.20743211  .00002783  00000-0  68992-4 0  9992
2 43052  51.6383  85.0690 0002946  56.5699 303.5569 15.44060784141715
CORVUS BC3              
1 43118U 18004H   20165.15731627  .00000643  00000-0  29999-4 0  9991
2 43118  97.4437 235.4651 0011926  71.2051 289.0479 15.23364646134348
MICROMAS-2A             
1 43131U 18004W   20165.44928217  .00001527  00000-0  63514-4 0  9994
2 43131  97.4486 237.4713 0010747  69.9832 290.2562 15.25284308134489
SPACEBEE-4              
1 43139U 18004AE  20165.42100873  .00002204  00000-0  86988-4 0  9993
2 43139  97.4518 238.6145 0010134  71.4021 288.8318 15.26569954134546
SPACEBEE-3              
1 43140U 18004AF  20165.43330832  .00002806  00000-0  10710-3 0  9993
2 43140  97.4531 239.3060 0009785  70.6053 289.6243 15.27466802134582
SPACEBEE-2              
1 43141U 18004AG  20165.47917857  .00002810  00000-0  10628-3 0  9999
2 43141  97.4547 239.6079 0009734  69.7894 290.4391 15.27770504134603
SPACEBEE-1              
1 43142U 18004AH  20165.51335569  .00002906  00000-0  10864-3 0  9997
2 43142  97.4551 239.9001 0009679  69.6489 290.5789 15.28127156134617
CICERO 7                
1 43143U 18004AJ  20165.45049787  .00001274  00000-0  53427-4 0  9995
2 43143  97.4466 237.6558 0009071  78.3489 281.8766 15.25321985134507
GOMX-4B                 
1 43196U 18015E   20165.34672874  .00000301  00000-0  15232-4 0  9994
2 43196  97.4377 293.9132 0020361 117.1077 243.2241 15.24259641131278
GOMX-4A                 
1 43197U 18015F   20165.43700797  .00000745  00000-0  33088-4 0  9992
2 43197  97.4372 294.0906 0020366 117.0465 314.0813 15.24505159131304
1KUNS-PF                
1 43466U 98067NP  20162.72983235  .07919004  12439-4  62785-3 0  9997
2 43466  51.6123 283.7308 0007318 301.8476 166.2040 16.39179723119460
UBAKUSAT                
1 43467U 98067NQ  20165.54582943  .00023532  00000-0  15603-3 0  9991
2 43467  51.6342 301.8425 0000938 351.1601   8.9382 15.75381315119490
CUBERRT                 
1 43546U 98067NU  20165.57058630  .00015129  00000-0  11028-3 0  9993
2 43546  51.6337 301.2950 0002867  70.4284 289.7024 15.73531697109635
TEMPEST-D               
1 43547U 98067NV  20165.57375082  .00004258  00000-0  52696-4 0  9995
2 43547  51.6372 331.4633 0004970  47.1938 312.9474 15.62539571108917
RAINCUBE                
1 43548U 98067NW  20165.58272941  .00022570  00000-0  15775-3 0  9990
2 43548  51.6329 309.5929 0002989  69.9039 290.2281 15.74184823109651
HALOSAT                 
1 43549U 98067NX  20165.58294390  .00023179  00000-0  16747-3 0  9999
2 43549  51.6356 310.4244 0002754  77.7956 282.3351 15.73389976109204
ENDUROSAT ONE           
1 43551U 98067NZ  20165.57348149  .00042820  00000-0  21416-3 0  9996
2 43551  51.6336 298.9772 0001641  52.0800 308.0350 15.81360923109765
EQUISAT                 
1 43552U 98067PA  20165.54716086  .00022812  00000-0  15886-3 0  9996
2 43552  51.6353 308.7201 0003288  78.8868 281.2501 15.74261896109593
AEROCUBE 12A            
1 43556U 18046C   20165.51714424  .00000713  00000-0  36717-4 0  9993
2 43556  51.6416 124.4712 0007718 283.6658  76.3463 15.29799580106775
AEROCUBE 12B            
1 43557U 18046D   20165.44656561  .00000865  00000-0  42205-4 0  9990
2 43557  51.6416 125.4883 0007748 282.6985  77.3129 15.29515597106708
UITMSAT-1               
1 43589U 98067PD  20165.57752902  .00028880  00000-0  17669-3 0  9998
2 43589  51.6354 306.4843 0002336 101.5676 258.5587 15.77092575105366
MAYA-1                  
1 43590U 98067PE  20165.31688834  .00032832  00000-0  20044-3 0  9997
2 43590  51.6299 307.7400 0002085  93.5123 266.6116 15.77069678105251
BHUTAN-1                
1 43591U 98067PF  20165.41651520  .00031911  00000-0  19349-3 0  9994
2 43591  51.6370 306.9837 0002440 105.0191 255.1080 15.77239469105278
SIRIUSSAT-1             
1 43595U 98067PG  20165.59113330  .00025193  00000-0  17218-3 0  9997
2 43595  51.6309 311.1110 0001241  31.2040 328.9032 15.74635515104417
SIRIUSSAT-2             
1 43596U 98067PH  20165.46224985  .00025153  00000-0  17282-3 0  9990
2 43596  51.6324 312.5759 0001596  34.4942 325.6161 15.74513185104389
TANUSHA-3               
1 43597U 98067PJ  20165.51400307  .00067336  00000-0  27165-3 0  9991
2 43597  51.6278 299.1471 0002427 323.7986  36.2853 15.85724304104567
SURFSAT                 
1 43614U 18070B   20165.50465802  .00002284  00000-0  58851-4 0  9995
2 43614  93.0199 152.9550 0015163   4.0732 356.0642 15.39180699 97878
CP7 (DAVE)              
1 43615U 18070C   20165.47069237  .00002227  00000-0  57662-4 0  9990
2 43615  93.0201 152.9317 0015306   3.6592 356.4771 15.39035679 97865
ELFIN-B                 
1 43616U 18070D   20165.44967292  .00003063  00000-0  75795-4 0  9992
2 43616  93.0164 152.8641 0015770   5.3810 354.7612 15.40382071 97903
ELFIN-A                 
1 43617U 18070E   20165.48348958  .00003430  00000-0  84396-4 0  9994
2 43617  93.0216 153.3866 0014946   2.5608 357.5720 15.40563515 97911
CUBEBEL-1 (BSUSAT-1)    
1 43666U 18083E   20165.41857674  .00000897  00000-0  47036-4 0  9999
2 43666  97.4890 191.9250 0015593  20.5799  92.0072 15.18257584 90001
DEBRISSAT-2             
1 43680U 98067PR  20151.69072398  .11468650  12477-4  51439-3 0  9995
2 43680  51.6154 356.6377 0010832 273.4515  86.5274 16.42437352111263
CICERO 10               
1 43690U 18088A   20165.28026488  .00000692  00000-0  30035-4 0  9991
2 43690  85.0389  81.0729 0013794 334.0523  26.0024 15.20230660 88104
IRVINE01                
1 43693U 18088D   20165.48369199  .00001877  00000-0  78209-4 0  9996
2 43693  85.0358  79.6416 0016007 312.3311  47.6574 15.22870774 88245
PROXIMA I               
1 43694U 18088E   20165.47448449  .00000815  00000-0  33861-4 0  9998
2 43694  85.0332  79.4868 0017200 302.4393  57.5185 15.21971483 88249
PROXIMA II              
1 43696U 18088G   20165.47271145  .00000799  00000-0  33126-4 0  9992
2 43696  85.0334  79.4915 0017242 302.3558  57.6014 15.21973575 88239
FACSAT-1                
1 43721U 18096C   20165.47644086  .00001296  00000-0  51151-4 0  9999
2 43721  97.4205 239.0719 0018875 133.3269 226.9547 15.27218547 85788
CENTAURI-2              
1 43722U 18096D   20165.43806523  .00001686  00000-0  64700-4 0  9999
2 43722  97.4216 239.3051 0018898 133.2662 227.0158 15.27744736 85788
INNOSAT-2               
1 43738U 18096V   20165.53673751  .00002384  00000-0  83234-4 0  9991
2 43738  97.4232 241.3562 0024631 140.4160 219.8885 15.30320844 85935
SIRION PATHFINDER-2     
1 43759U 18099B   20165.49616835  .00000184  00000-0  21901-4 0  9991
2 43759  97.7054 237.2238 0013906 190.0753 170.0191 14.95279560 83348
CORVUS-BC 4             
1 43767U 18099K   20165.50282419 -.00000125  00000-0 -62207-5 0  9991
2 43767  97.7035 236.6457 0011347 193.2150 166.8775 14.94725160 83314
MOVE-II                 
1 43780U 18099Y   20165.44273615 -.00000013  00000-0  39893-5 0  9997
2 43780  97.7061 237.1008 0012950 202.0152 158.0514 14.95400470 83317
SPACEBEE-7              
1 43816U 18099BL  20165.44975747 -.00000120  00000-0 -55691-5 0  9996
2 43816  97.7073 237.4969 0013250 186.1485 173.9576 14.95692625 82895
SPACEBEE-5              
1 43817U 18099BM  20165.47167542  .00001035  00000-0  96605-4 0  9999
2 43817  97.7121 237.9577 0013313 185.2870 174.8213 14.96300501 82919
SPACEBEE-6              
1 43818U 18099BN  20165.48062052  .00000954  00000-0  90330-4 0  9999
2 43818  97.7088 237.6640 0013361 184.8149 175.2945 14.95883417 83051
SHIELDS 1               
1 43850U 18104B   20165.51906732  .00000439  00000-0  17692-4 0  9996
2 43850  85.0290 177.9564 0017313  85.5729 274.7491 15.21386203 82876
STF-1                   
1 43852U 18104D   20165.46606927  .00000958  00000-0  40900-4 0  9999
2 43852  85.0333 178.5298 0017059  98.1788 262.1389 15.21278950 82842
ZACUBE-2                
1 43907U 18111AH  20165.51437244  .00000338  00000-0  16444-4 0  9996
2 43907  97.2662  65.3975 0022182 153.4089 206.8292 15.24587251 81410
LUME 1                  
1 43908U 18111AJ  20165.43968889  .00000762  00000-0  33145-4 0  9990
2 43908  97.2662  65.4930 0021912 153.1380 207.0998 15.25033477 81417
AOBA VELOX-IV           
1 43940U 19003J   20165.11349376  .00001530  00000-0  63735-4 0  9998
2 43940  97.2279 216.5416 0022301 236.2095 123.7019 15.25002185 77981
CATSAT-2                
1 44029U 98067PV  20165.48336191  .00014505  00000-0  14893-3 0  9991
2 44029  51.6390 336.1700 0003892  78.6299 281.5134 15.65183955 77903
DELPHINI                
1 44030U 98067PW  20164.92893936  .00017203  00000-0  16898-3 0  9991
2 44030  51.6350 337.6054 0003441  75.3135 284.8242 15.66147115 77806
UNITE                   
1 44031U 98067PX  20165.21201246  .00008067  00000-0  99157-4 0  9990
2 44031  51.6384 343.3196 0003163  69.1970 290.9363 15.61276155 77752
CATSAT-1                
1 44033U 98067PZ  20164.97249318  .00016793  00000-0  17153-3 0  9996
2 44033  51.6394 338.7643 0003815  74.8327 285.3090 15.65179616 77734
RAAVANA-1               
1 44329U 98067QE  20165.53658795  .00008041  00000-0  11229-3 0  9995
2 44329  51.6405 353.7904 0005300 353.7080   6.3844 15.57857108 56395
UGUISU                  
1 44330U 98067QF  20165.54885071  .00007574  00000-0  10648-3 0  9991
2 44330  51.6392 353.8676 0005333 352.0953   7.9954 15.57774164 56373
NEPALISAT-1             
1 44331U 98067QG  20164.95174589  .00008934  00000-0  12394-3 0  9992
2 44331  51.6392 356.6322 0005372 353.5922   6.5000 15.57871737 56290
SPOOQY-1                
1 44332U 98067QH  20165.53228113  .00007891  00000-0  11060-3 0  9991
2 44332  51.6395 353.7566 0004394 359.8674   0.2316 15.57788932 56349
SPACEBEE-9              
1 44370U 19037F   20165.33144036  .00005955  00000-0  13792-3 0  9995
2 44370  45.0060 138.7981 0011996 164.0393 196.0877 15.43396741 53968
SPACEBEE-8              
1 44371U 19037G   20165.35028346  .00010998  00000-0  21535-3 0  9990
2 44371  45.0062 133.0418 0009973 164.2473 195.8729 15.47558156 54011
IOD-1 GEMS              
1 44385U 98067QK  20165.52561949  .00013131  00000-0  16470-3 0  9999
2 44385  51.6411 352.2633 0001684 310.7327  49.3520 15.60096456 53889
MOVE-IIB                
1 44398U 19038N   20165.51637471  .00000896  00000-0  55097-4 0  9990
2 44398  97.5358 126.7974 0026243 137.9733 222.3517 15.12314978 51989
SONATE                  
1 44400U 19038Q   20165.41749442  .00000341  00000-0  23576-4 0  9997
2 44400  97.5394 126.7156 0026278 137.2396 223.0885 15.11951869 51960
LUCKY-7                 
1 44406U 19038W   20165.43388531  .00000508  00000-0  32974-4 0  9990
2 44406  97.5388 126.8342 0025758 136.7143 223.6117 15.12216138 51961
BEESAT 9                
1 44412U 19038AC  20165.43272342  .00000678  00000-0  42690-4 0  9993
2 44412  97.5380 126.8142 0023686 141.9419 218.3490 15.12293846 51663
JAISAT-1                
1 44419U 19038F   20165.45429629  .00000639  00000-0  39962-4 0  9999
2 44419  97.5383 127.0968 0022583 140.8582 219.4287 15.12777273 51999
SWIATOWID               
1 44426U 98067QL  20165.56047440  .00018361  00000-0  22017-3 0  9998
2 44426  51.6424 351.5146 0001735 314.0044 145.2738 15.60976428 53906
KRAKSAT                 
1 44427U 98067QM  20165.56224218  .00006838  00000-0  10351-3 0  9993
2 44427  51.6435 356.7786 0002352 302.2834 161.9027 15.55934156 53876
VCC A                   
1 44428U 98067QN  20165.52763289  .00007572  00000-0  10862-3 0  9999
2 44428  51.6417 355.2733 0001887 330.0791  30.0093 15.57227028 53892
ENTRYSAT                
1 44429U 98067QP  20165.56381306  .00008598  00000-0  11811-3 0  9994
2 44429  51.6398 353.9889 0001569 317.1217  42.9653 15.58199274 53913
VCC C                   
1 44430U 98067QQ  20165.53963529  .00010631  00000-0  13839-3 0  9999
2 44430  51.6394 353.0876 0001456 337.7330  22.3599 15.59350011 52758
VCC B                   
1 44431U 98067QR  20164.94988816  .00008799  00000-0  12498-3 0  9992
2 44431  51.6408 358.1510 0001990 326.5592  33.5274 15.57257291 53743
ATL-1                   
1 44830U 19084G   20164.89156105  .00046473  00000-0  26713-3 0  9995
2 44830  96.9747  34.0069 0024274 250.3628 109.5020 15.78190314 29737
SMOG-P                  
1 44832U 19084J   20165.52564151  .00047412  00000-0  25675-3 0  9992
2 44832  96.9749  34.8093 0023039 245.5713 114.3152 15.79551799 29846
DUCHIFAT-3              
1 44854U 19089C   20165.56460205  .00000257  00000-0  27215-4 0  9999
2 44854  36.9649 121.3317 0008298  24.0222 336.0906 14.99066615 27712
ORBITAL FACTORY 2 (OF-2)
1 45113U 19071C   20165.31298001  .00001252  00000-0  49797-4 0  9990
2 45113  51.6454  23.5501 0013481  44.9490 315.2581 15.33343518 20490
