CUTE-1 (CO-55)          
1 27844U 03031E   18170.91331867  .00000037  00000-0  36451-4 0  9990
2 27844  98.6862 179.5297 0009986  11.3605 348.7796 14.22118390776548
CUBESAT XI-IV (CO-57)   
1 27848U 03031J   18170.94378901  .00000030  00000-0  33694-4 0  9996
2 27848  98.6946 179.9586 0010070  21.3762 338.7835 14.21721917776458
CUBESAT XI 5            
1 28895U 05043F   18170.94267479  .00000108  00000-0  29577-4 0  9992
2 28895  97.9094 322.2864 0018102  63.4422 296.8634 14.63554585674047
CUTE-1.7+APD II (CO-65) 
1 32785U 08021C   18170.80462740  .00000200  00000-0  27277-4 0  9995
2 32785  97.5467 182.8581 0013996  35.8314 324.3839 14.88132133549497
AAUSAT-II               
1 32788U 08021F   18170.76660922  .00000553  00000-0  56390-4 0  9994
2 32788  97.5213 197.1653 0011409 348.4148  11.6809 14.94364309550565
DELFI-C3 (DO-64)        
1 32789U 08021G   18170.90239446  .00001607  00000-0  11402-3 0  9999
2 32789  97.5116 225.6434 0010860 290.8319  69.1745 15.06092941552093
SEEDS II (CO-66)        
1 32791U 08021J   18170.75476934  .00000236  00000-0  29483-4 0  9996
2 32791  97.5356 188.1753 0013787  17.1225 343.0456 14.90567290549811
SWISSCUBE               
1 35932U 09051B   18170.97890814  .00000107  00000-0  35120-4 0  9993
2 35932  98.5458 322.2062 0007393 192.3870 167.7146 14.56167345463841
BEESAT                  
1 35933U 09051C   18171.21206003  .00000107  00000-0  35091-4 0  9990
2 35933  98.5497 323.9949 0005343 202.6703 157.4259 14.56270596463989
ITUPSAT 1               
1 35935U 09051E   18170.92480177  .00000097  00000-0  33515-4 0  9992
2 35935  98.5609 323.9533 0007703 202.0277 158.0590 14.55446927463692
M-CUBED & EXP-1 PRIME   
1 37855U 11061F   18170.80137738  .00001556  00000-0  86745-4 0  9992
2 37855 101.7156 234.6723 0176532  74.5762 287.4873 15.04464321361574
STRAND-1                
1 39090U 13009E   18170.61996958  .00000001  00000-0  15543-4 0  9997
2 39090  98.5217  16.9737 0008096 294.0258  66.0080 14.35029473278152
AIST-2 (RS-43)          
1 39133U 13015D   18171.17290221  .00000030  00000-0  14655-4 0  9999
2 39133  64.8720 202.3570 0022272 222.3761 137.5640 15.04561842283662
SOMP                    
1 39134U 13015E   18170.89902362  .00001195  00000-0  65949-4 0  9999
2 39134  64.8634 118.1371 0012586 214.2163 145.8155 15.19185226284931
BEESAT 3                
1 39135U 13015F   18171.18913098  .00001013  00000-0  61316-4 0  9994
2 39135  64.8678 130.5931 0020096 236.8409 123.0789 15.16692828285107
BEESAT-2                
1 39136U 13015G   18171.22586289  .00000855  00000-0  54046-4 0  9993
2 39136  64.8687 133.2694 0022344 236.7006 123.1979 15.16161069285058
NEE-01 PEGASUS          
1 39151U 13018B   18171.20892901  .00000136  00000-0  25031-4 0  9996
2 39151  97.9753 265.2528 0015792 301.3322  58.6344 14.79907950277961
ESTCUBE 1               
1 39161U 13021C   18171.01838005  .00000122  00000-0  27301-4 0  9992
2 39161  98.0085 256.8351 0010789  54.8551 305.3664 14.72072743274866
POPACS 1                
1 39268U 13055D   18170.92356634  .00003936  00000-0  11168-3 0  9998
2 39268  81.0036 343.4143 0637178 218.2189 137.2178 14.34239287243374
POPACS 2                
1 39269U 13055E   18170.94112071  .00000987  00000-0  28913-4 0  9996
2 39269  81.0152   5.4060 0690705 275.3468  76.9336 14.22142968243535
POPACS 3                
1 39270U 13055F   18170.86561198  .00000700  00000-0  21843-4 0  9995
2 39270  81.0171  17.7446 0718462 311.8341  42.3572 14.14688548222030
ZACUBE-1 (TSHEPISOSAT)  
1 39417U 13066B   18170.88222524  .00000159  00000-0  26414-4 0  9996
2 39417  97.5866 199.3780 0060076 145.1296 215.3876 14.80942227247195
WNISAT-1                
1 39423U 13066H   18171.09951263  .00000120  00000-0  33446-4 0  9997
2 39423  97.7282 134.9585 0176406   8.7503 351.6711 14.52958507242659
GOMX 1                  
1 39430U 13066Q   18170.90943889  .00000157  00000-0  37801-4 0  9998
2 39430  97.6975 147.5865 0150648 322.4714  36.6045 14.59086706243556
CUBEBUG-2 (LO-74)       
1 39440U 13066AA  18170.92072111  .00000197  00000-0  34403-4 0  9991
2 39440  97.6008 185.9956 0080341 185.5507 174.4821 14.75679777245123
NEE-02 KRYSAOR          
1 39441U 13066AB  18170.80460293  .00000122  00000-0  24522-4 0  9990
2 39441  97.6011 184.0791 0081639 191.0963 168.8449 14.74782773246162
FUNCUBE-1 (AO-73)       
1 39444U 13066AE  18170.94428808  .00000261  00000-0  38466-4 0  9990
2 39444  97.5874 200.9653 0059319 140.3763 220.1809 14.81723352245472
UWE-3                   
1 39446U 13066AG  18170.87113650  .00000209  00000-0  34476-4 0  9999
2 39446  97.5923 192.2602 0070606 165.7901 194.5319 14.78213803245519
BRITE-TORONTO           
1 40020U 14033L   18170.67607153  .00000072  00000-0  20917-4 0  9991
2 40020  97.7860  28.8729 0086279 236.5376 122.7560 14.66498927213943
DUCHIFAT-1              
1 40021U 14033M   18170.81129772  .00000299  00000-0  36640-4 0  9995
2 40021  97.9162  89.5352 0013159 163.3828 196.7824 14.90317534217346
NANOSATC-BR1            
1 40024U 14033Q   18170.71932085  .00000370  00000-0  44667-4 0  9994
2 40024  97.9096  87.6815 0012421 165.6729 194.4843 14.89579316216738
QB50P1                  
1 40025U 14033R   18171.10480821  .00000261  00000-0  33952-4 0  9999
2 40025  97.9055  86.4976 0012584 168.8920 191.2577 14.88722920217221
QB50P2                  
1 40032U 14033Y   18170.79245513  .00000223  00000-0  30167-4 0  9991
2 40032  97.9008  84.8811 0012088 165.2805 194.8766 14.88267479216590
PERSEUS-M2              
1 40037U 14033AD  18171.17891567  .00000060  00000-0  13072-4 0  9990
2 40037  97.8995  82.7950 0014454 174.1687 185.9699 14.86361357216972
PERSEUS-M1              
1 40039U 14033AF  18170.80064714  .00000104  00000-0  18184-4 0  9995
2 40039  97.8992  81.7787 0014355 172.1229 188.0215 14.85983057216860
POLYITAN-1              
1 40042U 14033AJ  18170.82586129  .00000266  00000-0  34686-4 0  9994
2 40042  97.9130  86.3487 0015050 159.8964 200.2848 14.88405018217104
TIGRISAT                
1 40043U 14033AK  18170.61443038  .00000124  00000-0  25829-4 0  9995
2 40043  97.8085  47.8454 0059713 189.7284 170.2773 14.74145617214662
AEROCUBE 6A             
1 40045U 14033AM  18170.88616598  .00000277  00000-0  47417-4 0  9995
2 40045  97.8254  50.4140 0057620 182.9532 177.1346 14.75155351214681
AEROCUBE 6B             
1 40046U 14033AN  18170.88739847  .00000231  00000-0  40865-4 0  9999
2 40046  97.8221  50.2669 0057017 182.3395 177.7556 14.75147747215063
UKUBE-1                 
1 40074U 14037F   18171.11873000  .00000245  00000-0  36669-4 0  9993
2 40074  98.3884 308.5237 0003778 320.7510  39.3424 14.83808703213731
BRITE-PL 2              
1 40119U 14049B   18170.83725738  .00000122  00000-0  21094-4 0  9998
2 40119  97.9181 259.4169 0016750 333.6515  26.3845 14.84296016207696
FIREBIRD 4              
1 40378U 15003C   18171.20877404  .00001116  00000-0  49749-4 0  9997
2 40378  99.0870  73.6145 0130582 220.2020 138.9495 15.17258277186784
GRIFEX                  
1 40379U 15003D   18171.18320987  .00000836  00000-0  41071-4 0  9992
2 40379  99.0897  69.7128 0137387 233.0627 125.7953 15.14360367186555
EXOCUBE                 
1 40380U 15003E   18171.17395600  .00000650  00000-0  34399-4 0  9996
2 40380  99.0943  67.5665 0141782 240.3586 118.3457 15.12564185186403
TIANWANG 1C (TW-1C)     
1 40926U 15051B   18171.16764508  .00006631  00000-0  12373-3 0  9993
2 40926  97.1821 213.4955 0007672 261.7381 135.2509 15.49093611153777
TIANWANG 1A (TW-1A)     
1 40928U 15051D   18170.74259326  .00001873  00000-0  50970-4 0  9994
2 40928  97.1844 204.6816 0010593 320.1986 132.6247 15.38727498153178
EXACTVIEW 9             
1 40936U 15052G   18167.47839052  .00000768  00000-0  18499-4 0  9992
2 40936   5.9996 159.1082 0010795 345.8970  14.1126 14.76389931146867
ATHENOXAT 1             
1 41168U 15077C   18170.88473380  .00001594  00000-0  50387-4 0  9994
2 41168  14.9903   0.5643 0012072  76.8576 136.6889 15.12791320138786
GALASSIA                
1 41170U 15077E   18170.85781010  .00001679  00000-0  54253-4 0  9996
2 41170  14.9898 355.3152 0013069  99.1250 261.0550 15.13175275138832
VELOX 2                 
1 41171U 15077F   18170.68528943  .00001386  00000-0  42312-4 0  9990
2 41171  14.9923  18.4388 0008935  34.9016 325.1889 15.10664880138618
HORYU-IV                
1 41340U 16012D   18170.71401201  .00000445  00000-0  27287-4 0  9998
2 41340  31.0054 290.8718 0013905 118.1760 242.0282 15.00994686128272
E-ST@R-II               
1 41459U 16025D   18170.83942528  .00001876  00000-0  10085-3 0  9994
2 41459  98.1372 233.6688 0172452 139.3850 222.0373 15.04410510117820
AAUSAT 4                
1 41460U 16025E   18171.14776965  .00001811  00000-0  96663-4 0  9997
2 41460  98.1301 234.5009 0163318 134.0928 227.3957 15.05839176117932
DIWATA-1                
1 41463U 98067HT  18171.05734094  .00010089  00000-0  85541-4 0  9993
2 41463  51.6403 317.9085 0001772 119.9343 351.0843 15.70378927122456
BEESAT-4                
1 41619U 16040W   18170.83005381  .00001300  00000-0  59694-4 0  9998
2 41619  97.4148 233.9403 0010628 213.9210 146.1347 15.22133203 98493
CANX-7                  
1 41788U 16059F   18171.11105095  .00003022  00000-0  51403-3 0  9992
2 41788  98.2099 237.6325 0034782  91.2354 269.2900 14.69460950 92534
ALSAT 1N                
1 41789U 16059G   18171.10166581  .00000043  00000-0  17252-4 0  9994
2 41789  98.1187 233.8430 0029805  79.1314 281.3244 14.64159923 92444
RAVAN                   
1 41849U 16067B   18170.68630412  .00000149  00000-0  17937-4 0  9998
2 41849  97.9266 259.4752 0009123 146.4792 213.7009 14.97783382 87503
CELTEE 1                
1 41850U 16067C   18171.23404467 -.00000058  00000-0  20555-6 0  9993
2 41850  97.9240 259.4798 0009454 147.4813 212.6992 14.96817304 87554
OPTICUBE 04             
1 41851U 16067D   18171.19960156  .00000589  00000-0  56923-4 0  9995
2 41851  97.9241 259.3581 0009833 146.4791 213.7054 14.96675697 87547
AEROCUBE 8D             
1 41852U 16067E   18170.70187481  .00000076  00000-0  12059-4 0  9997
2 41852  97.9246 258.6975 0010379 150.8236 209.3567 14.96495725 87454
AEROCUBE 8C             
1 41853U 16067F   18170.71610359  .00000551  00000-0  53855-4 0  9991
2 41853  97.9247 258.6744 0010947 151.3193 208.8632 14.96460020 87456
PROMETHEUS 2-1          
1 41854U 16067G   18170.85612092  .00000916  00000-0  85740-4 0  9996
2 41854  97.9256 258.8256 0011361 150.1600 210.0271 14.96567421 87477
PROMETHEUS 2-3          
1 41855U 16067H   18171.19306178  .00000976  00000-0  91028-4 0  9992
2 41855  97.9259 259.1713 0011549 149.2934 210.8964 14.96566572 87529
ITF-2                   
1 41932U 98067KU  18170.90326004  .00036789  00000-0  22947-3 0  9990
2 41932  51.6324 326.8447 0003792 220.9489 139.1226 15.76518197 81194
WASEDA-SAT3             
1 41933U 98067KV  18170.86768900  .00063350  00000-0  28551-3 0  9992
2 41933  51.6343 319.7007 0003518 242.7223 117.3422 15.83422942 81289
AOBA-VELOX 3            
1 41935U 98067KX  18170.84903134  .00047927  00000-0  24699-3 0  9993
2 41935  51.6355 322.6717 0003718 232.8711 127.1952 15.80652116 81348
INS-1B                  
1 41954U 17008G   18170.88299083  .00001199  00000-0  53964-4 0  9994
2 41954  97.4458 234.8255 0009049 354.8459   5.2682 15.23017361 74419
BGUSAT                  
1 41999U 17008BD  18170.91887610  .00002177  00000-0  91142-4 0  9993
2 41999  97.4498 235.9268 0008600  14.3443 345.8037 15.24605497 73848
DIDO-2                  
1 42000U 17008BE  18170.89009724  .00000891  00000-0  40644-4 0  9998
2 42000  97.4476 235.2656 0008891  14.2931 345.8556 15.23203805 73814
PEASSS                  
1 42015U 17008BV  18171.12971213  .00001112  00000-0  48852-4 0  9998
2 42015  97.4473 235.9634 0007016  23.9308 336.2254 15.24016378 74361
AL-FARABI 1             
1 42016U 17008BW  18170.85899024  .00001380  00000-0  59155-4 0  9992
2 42016  97.4481 235.8938 0006930  25.3929 334.7648 15.24430692 74455
NAYIF-1 (EO-88)         
1 42017U 17008BX  18170.91884065  .00001378  00000-0  59043-4 0  9992
2 42017  97.4479 235.9600 0006899  25.4983 334.6593 15.24454920 74486
HAVELSAT                
1 42700U 98067LH  18171.07380745  .00029674  00000-0  23208-3 0  9991
2 42700  51.6357 340.0147 0003923 254.7364 105.3201 15.71353220 62479
CXBN-2                  
1 42704U 98067LM  18170.84154798  .00029181  00000-0  23283-3 0  9992
2 42704  51.6365 342.2318 0002193 192.6644 167.4299 15.70888869 62348
ICECUBE                 
1 42705U 98067LN  18170.85284351  .00070697  00000-0  37338-3 0  9997
2 42705  51.6454 334.1308 0002624 245.6041 114.4687 15.79960289 62514
PHOENIX                 
1 42706U 98067LP  18170.90899024  .00023071  00000-0  19799-3 0  9998
2 42706  51.6362 342.6783 0001479 190.5096 169.5871 15.69271888 62334
X-CUBESAT               
1 42707U 98067LQ  18170.92649266  .00032526  00000-0  24827-3 0  9995
2 42707  51.6326 340.4631 0001739 204.4882 155.6034 15.71888462 62354
QBEE50-LTU-OC           
1 42708U 98067LR  18170.93857053  .00032025  00000-0  25360-3 0  9999
2 42708  51.6369 341.3570 0001656 203.3552 156.7371 15.71019464 62303
ALTAIR PATHFINDER       
1 42711U 98067LS  18171.13074378  .00013434  00000-0  14229-3 0  9992
2 42711  51.6372 348.6760 0003911 185.8794 174.2156 15.64469387 61939
SHARC                   
1 42712U 98067LT  18170.94249306  .00022326  00000-0  23333-3 0  9992
2 42712  51.6386 351.2274 0002742 194.7449 165.3466 15.64382017 62123
ZA-AEROSAT              
1 42713U 98067LU  18171.00382872  .00020674  00000-0  18776-3 0  9996
2 42713  51.6355 344.8005 0002477 179.0258 181.0744 15.67956729 61975
LINK                    
1 42714U 98067LV  18171.04559593  .00076127  00000-0  38848-3 0  9993
2 42714  51.6252 332.8807 0002649 226.8906 133.1874 15.80682369 62245
CSUNSAT 1               
1 42715U 98067LW  18171.08564151  .00023468  00000-0  20714-3 0  9997
2 42715  51.6363 343.8671 0003949 183.2832 176.8140 15.68567364 61992
SPACECUBE               
1 42717U 98067LY  18171.02850442  .00030202  00000-0  24024-3 0  9996
2 42717  51.6340 341.1837 0002782 248.6395 111.4306 15.70941981 61395
HOOPOE                  
1 42718U 98067LZ  18171.05637676  .00039191  00000-0  27637-3 0  9991
2 42718  51.6357 338.3715 0002832 248.7850 111.2846 15.73659533 61434
CHALLENGER              
1 42721U 98067MA  18170.87265272  .00141113  00000-0  49985-3 0  9991
2 42721  51.6282 328.6872 0006302 269.0239  91.0044 15.88065281 61245
NJUST-1                 
1 42722U 98067MB  18171.06611635  .00018517  00000-0  17535-3 0  9999
2 42722  51.6365 345.9889 0005166 236.8879 123.1622 15.66995014 61035
UNSW-ECO                
1 42723U 98067MC  18171.05573938  .00043517  00000-0  29653-3 0  9994
2 42723  51.6384 338.4012 0004699 240.3774 119.6757 15.74401935 61117
LILACSAT-1              
1 42725U 98067ME  18171.10343868  .00024743  00000-0  20989-3 0  9992
2 42725  51.6367 343.2284 0004266 237.6772 122.3813 15.69502106 60975
NSIGHT-1                
1 42726U 98067MF  18170.87348361  .00007488  00000-0  91500-4 0  9994
2 42726  51.6395 353.7665 0004811 237.4852 122.5677 15.61556461 60828
SNUSAT-1                
1 42727U 98067MG  18170.92407454  .00025053  00000-0  21298-3 0  9994
2 42727  51.6345 344.2273 0006020 204.9453 155.1254 15.69431363 60918
I-INSPIRE II            
1 42731U 98067ML  18171.04765777  .00041971  00000-0  27877-3 0  9994
2 42731  51.6351 337.5183 0005068 202.0091 158.0692 15.75008093 60907
POLYITAN-2-SAU          
1 42732U 98067MM  18170.86862926  .00031489  00000-0  24275-3 0  9990
2 42732  51.6354 341.6137 0005409 193.6062 166.4791 15.71656274 60839
SNUSAT-1B               
1 42733U 98067MN  18170.89453972  .00029030  00000-0  23880-3 0  9991
2 42733  51.6357 343.3066 0005584 195.7803 164.3021 15.70143187 60817
EXALTA-1                
1 42734U 98067MP  18171.09244555  .00049203  00000-0  31638-3 0  9994
2 42734  51.6305 337.0376 0005989 226.7486 133.3015 15.75675673 60865
BEEAGLESAT              
1 42736U 98067MR  18171.08473771  .00023612  00000-0  20657-3 0  9994
2 42736  51.6356 343.8272 0005392 235.0931 124.9559 15.68773773 60882
UCLSAT                  
1 42765U 17036A   18171.16788769  .00001167  00000-0  54259-4 0  9995
2 42765  97.4006 230.9687 0013473  69.7754 290.4930 15.21860149 55164
LITUANICASAT-2          
1 42768U 17036D   18171.16034711  .00001919  00000-0  88358-4 0  9991
2 42768  97.4022 230.5602 0017222  59.9481 300.3461 15.21387489 55017
AALTO-1                 
1 42775U 17036L   18170.86244151  .00000727  00000-0  36055-4 0  9999
2 42775  97.3999 230.1525 0015681  59.2513 301.0265 15.20755624 54909
URSA MAIOR              
1 42776U 17036M   18170.91467578  .00000830  00000-0  40624-4 0  9998
2 42776  97.4006 230.2552 0015519  59.3431 300.9332 15.20833989 54916
COMPASS 2               
1 42777U 17036N   18171.16806581  .00001513  00000-0  69699-4 0  9990
2 42777  97.4028 230.8955 0014496  62.0059 298.2641 15.21743442 54966
DIAMOND RED             
1 42783U 17036U   18170.83874576  .00000982  00000-0  46654-4 0  9994
2 42783  97.4007 230.5002 0014082  70.6659 289.6098 15.21466076 54912
PEGASUS                 
1 42784U 17036V   18170.81114536  .00001133  00000-0  53075-4 0  9990
2 42784  97.4009 230.5434 0014002  70.7334 289.5415 15.21668957 54911
DIAMOND GREEN           
1 42785U 17036W   18170.83763009  .00000995  00000-0  47236-4 0  9995
2 42785  97.4009 230.5123 0013977  71.2571 289.0180 15.21468536 54900
DIAMOND BLUE            
1 42786U 17036X   18170.83676927  .00000974  00000-0  46325-4 0  9993
2 42786  97.4008 230.5116 0013819  71.4386 288.8349 15.21467886 54904
NUDTSAT                 
1 42787U 17036Y   18170.92565647  .00001620  00000-0  73316-4 0  9999
2 42787  97.4016 230.8597 0013535  70.3277 289.9418 15.22247346 54785
SUCHAI                  
1 42788U 17036Z   18171.16242704  .00001316  00000-0  60658-4 0  9990
2 42788  97.4010 230.9882 0013599  69.6053 290.6642 15.21939352 55043
SKCUBE                  
1 42789U 17036AA  18170.89892048  .00001206  00000-0  55943-4 0  9991
2 42789  97.4008 230.7234 0013439  70.4869 289.7818 15.21900613 54926
VZLUSAT-1               
1 42790U 17036AB  18170.71772436  .00001640  00000-0  74153-4 0  9998
2 42790  97.4013 230.6627 0013111  71.4302 288.8358 15.22267584 54900
ROBUSTA-1B              
1 42792U 17036AD  18170.86734053  .00001290  00000-0  59383-4 0  9998
2 42792  97.4007 230.7552 0013033  71.6133 288.6519 15.22042631 54934
CICERO 6                
1 42793U 17036AE  18170.86188132  .00000919  00000-0  43401-4 0  9991
2 42793  97.4000 230.7454 0012194  72.7177 287.5392 15.21882128 55004
D-SAT                   
1 42794U 17036AF  18170.86236279  .00000057  00000-0  10788-4 0  9993
2 42794  97.5911 225.4187 0125452 273.3969  85.2906 14.90873186 54126
TOKI                    
1 42820U 98067MU  18171.02928992  .00023479  00000-0  21311-3 0  9991
2 42820  51.6355 346.4656 0003121 173.7011 186.4025 15.67881756 54306
MAZAALAI (NUMSAT-1)     
1 42822U 98067MW  18170.87212039  .00021705  00000-0  19978-3 0  9999
2 42822  51.6360 347.6721 0003092 176.6542 183.4476 15.67589640 54256
BRAC ONNESHA            
1 42823U 98067MX  18170.86797211  .00022636  00000-0  20723-3 0  9993
2 42823  51.6366 347.6620 0005261 196.5365 163.5460 15.67685131 54259
NIGERIAEDUSAT-1         
1 42824U 98067MY  18171.02000488  .00022512  00000-0  20779-3 0  9990
2 42824  51.6368 347.1936 0005149 197.5302 162.5517 15.67487315 54261
CORVUS BC2              
1 42846U 17042X   18170.95646093  .00000197  00000-0  24872-4 0  9991
2 42846  97.5972  73.7305 0009497 178.1941 181.9315 14.91821697 50786
CORVUS BC1              
1 42847U 17042Y   18170.79981044  .00000271  00000-0  32108-4 0  9996
2 42847  97.5973  73.6293 0009153 177.7270 182.3992 14.91920224 50751
SILU-1 (SILKROAD 1)     
1 42903U 17021F   18170.82795641  .00020919  00000-0  15894-3 0  9999
2 42903  42.7790 312.2192 0013474 318.9073 164.3134 15.71766412 50343
MIRATA                  
1 43015U 17073C   18170.86393052  .00000660  00000-0  58417-4 0  9995
2 43015  97.7042 101.7692 0256564 262.8233  94.3747 14.78147682 31538
MAKERSAT 0              
1 43016U 17073D   18170.78103647  .00000442  00000-0  40939-4 0  9994
2 43016  97.7072 101.8069 0257913 263.1297  94.0513 14.78157996 31519
ASTERIA                 
1 43020U 98067NH  18170.90040632  .00012344  00000-0  15969-3 0  9997
2 43020  51.6424   0.7209 0002718 170.5279 189.5766 15.59339592 32918
DELLINGR (RBLE)         
1 43021U 98067NJ  18170.88934440  .00007217  00000-0  10255-3 0  9990
2 43021  51.6401   2.1218 0002661 161.5931 198.5158 15.57571527 32898
OSIRIS-3U               
1 43027U 98067NL  18171.08987448  .00028775  00000-0  29754-3 0  9991
2 43027  51.6384 355.9463 0003586 164.9397 195.1705 15.64493240 32877
AEROCUBE 7B             
1 43042U 17071F   18170.91257855  .00002687  00000-0  78953-4 0  9997
2 43042  51.6400  28.2397 0004425 273.7082  86.3396 15.38868770 30029
AEROCUBE 7C             
1 43043U 17071G   18170.97751938  .00002844  00000-0  82950-4 0  9992
2 43043  51.6400  27.9274 0004458 277.1959  82.8518 15.38871723 30004
CHEFSAT                 
1 43044U 17071H   18171.17957990  .00005850  00000-0  15526-3 0  9996
2 43044  51.6406  26.2959 0004326 277.2660  82.7832 15.39764730 30049
ASGARDIA 1              
1 43049U 17071N   18171.15283671  .00003040  00000-0  87558-4 0  9991
2 43049  51.6404  26.8541 0001958 304.3425  55.7373 15.39005612 30029
ISARA                   
1 43050U 17071P   18170.85722522  .00004767  00000-0  12898-3 0  9993
2 43050  51.6401  27.8905 0001787 297.4394  62.6409 15.39617795 29981
FAUNA                   
1 43052U 17071R   18170.88137683  .00003334  00000-0  94664-4 0  9997
2 43052  51.6404  28.0498 0001841 299.3219  60.7581 15.39137029 29981
CORVUS BC3              
1 43118U 18004H   18171.10001708  .00000754  00000-0  35841-4 0  9996
2 43118  97.5328 233.6960 0012346  86.0710 274.1937 15.22253372 24157
MICROMAS-2A             
1 43131U 18004W   18170.86196668  .00001708  00000-0  76045-4 0  9994
2 43131  97.5337 233.5649 0011578  89.8653 270.3910 15.22810200 24123
GOMX4-B                 
1 43196U 18015E   18171.23043678  .00002332  00000-0  10000-3 0  9993
2 43196  97.3461 300.0934 0019999 143.3759 216.9304 15.23554889 20998
GOMX4-A                 
1 43197U 18015F   18171.04684407  .00000334  00000-0  16803-4 0  9992
2 43197  97.3479 299.9203 0020266 144.1325 304.9989 15.23660440 20976
UBAKUSAT                
1 43466U 98067NP  18171.08082353  .00009579  00000-0  14352-3 0  9998
2 43466  51.6421   3.9386 0001518 120.1398 334.8293 15.55672158  6151
1KUNS-PF                
1 43467U 98067NQ  18171.14590661  .00007782  00000-0  11829-3 0  9992
2 43467  51.6427   3.6168 0004164 137.0178 322.5928 15.55587498  6168
BATSU-CS1 (IRAZU)       
1 43468U 98067NR  18170.93304093  .00011011  00000-0  16303-3 0  9993
2 43468  51.6443   4.6462 0001827 121.8854 238.2354 15.55821105106118
