CUTE-1 (CO-55)          
1 27844U 03031E   19263.99762688  .00000031  00000-0  33433-4 0  9992
2 27844  98.6854 270.8047 0010876 115.4394 244.7910 14.22195032841698
CUBESAT XI-IV (CO-57)   
1 27848U 03031J   19263.87590879  .00000019  00000-0  28226-4 0  9994
2 27848  98.6930 271.2045 0010637 126.3410 233.8750 14.21788077841490
CUBESAT XI-V            
1 28895U 05043F   19263.91621832  .00000109  00000-0  29827-4 0  9999
2 28895  97.9728  43.4896 0017902  57.2036 303.0889 14.63691520741035
CUTE-1.7+APD II (CO-65) 
1 32785U 08021C   19264.14523854  .00000147  00000-0  21448-4 0  9995
2 32785  97.5546 259.4266 0011951 314.9780  45.0467 14.88345296617736
AAUSAT-II               
1 32788U 08021F   19263.77015348  .00000448  00000-0  46116-4 0  9993
2 32788  97.4962 275.3368 0010359 240.5425 119.4763 14.94795713618872
DELFI-C3 (DO-64)        
1 32789U 08021G   19263.90254329  .00000597  00000-0  43692-4 0  9994
2 32789  97.4559 310.6895 0012888 156.5162 203.6657 15.07113301621050
SEEDS II (CO-66)        
1 32791U 08021J   19263.53456761  .00000181  00000-0  23694-4 0  9999
2 32791  97.5310 264.9060 0011797 287.8676  72.1256 14.90869919618098
SWISSCUBE               
1 35932U 09051B   19263.52001437  .00000097  00000-0  32993-4 0  9996
2 35932  98.5972  72.2908 0006691 232.6649 127.3939 14.56309859530390
BEESAT-1                
1 35933U 09051C   19263.72345516  .00000070  00000-0  26907-4 0  9997
2 35933  98.5992  74.2990 0004749 245.7886 114.2815 14.56395773530495
ITUPSAT1                
1 35935U 09051E   19263.76669943  .00000054  00000-0  23590-4 0  9993
2 35935  98.6103  74.5744 0007067 244.4038 115.6429 14.55552216530293
TISAT 1                 
1 36799U 10035E   19264.09803656  .00000248  00000-0  31111-4 0  9997
2 36799  98.1681  59.4521 0013317 132.5030 227.7314 14.91156885498830
M-CUBED & EXP-1 PRIME   
1 37855U 11061F   19263.90527258  .00000319  00000-0  24063-4 0  9998
2 37855 101.7123 207.8630 0173073 157.4275 203.4669 15.05583979430956
AEROCUBE 4.5A           
1 38767U 12048K   19263.64629905  .00000554  00000-0  55388-4 0  9995
2 38767  64.6688   3.0130 0175385 221.0788 137.7011 14.91994888  1399
AEROCUBE 4.5B           
1 38768U 12048L   19263.64241028  .00000830  00000-0  70891-4 0  9995
2 38768  64.6709 336.2930 0164827 218.0690 140.8689 14.95564510  1373
STRAND-1                
1 39090U 13009E   19263.63201845  .00000015  00000-0  20350-4 0  9994
2 39090  98.4802 107.9796 0009536  16.9405 343.2097 14.35097197343869
SOMP                    
1 39134U 13015E   19263.82578045  .00000825  00000-0  46732-4 0  9991
2 39134  64.8621  75.4231 0035702 288.7636  70.9619 15.20321381354907
BEESAT-3                
1 39135U 13015F   19263.91555566  .00000422  00000-0  30667-4 0  9998
2 39135  64.8676  94.7686 0033632 298.3403  61.4332 15.17600563354157
BEESAT-2                
1 39136U 13015G   19263.85659934  .00000508  00000-0  35481-4 0  9990
2 39136  64.8682  99.0500 0025386 303.4610  56.4089 15.17020575354065
NEE-01 PEGASO           
1 39151U 13018B   19264.05677569  .00000109  00000-0  21447-4 0  9991
2 39151  97.9733 359.8061 0015727 254.8734 105.0738 14.80072035345686
ESTCUBE 1               
1 39161U 13021C   19264.19531131  .00000131  00000-0  28662-4 0  9996
2 39161  97.9843 347.4028 0010214  27.2254 332.9504 14.72228422342278
POPACS 1                
1 39268U 13055D   19263.29515572  .00003429  00000-0  95596-4 0  9995
2 39268  81.0032 222.4238 0622993 306.6938  47.8521 14.37620553310482
POPACS 2                
1 39269U 13055E   19263.67283730  .00002915  00000-0  82873-4 0  9999
2 39269  81.0121 253.8452 0683445  27.9943 335.6285 14.24254285308647
POPACS 3                
1 39270U 13055F   19263.44804942  .00000995  00000-0  29128-4 0  9990
2 39270  81.0133 272.0808 0714521  80.6800 287.4390 14.16032146307469
ZACUBE-1 (TSHEPISOSAT)  
1 39417U 13066B   19264.01540059  .00000147  00000-0  24663-4 0  9993
2 39417  97.5628 272.2171 0060495  84.9153 275.8962 14.81148479315004
WNISAT-1                
1 39423U 13066H   19263.97422807  .00000058  00000-0  21137-4 0  9998
2 39423  97.7811 199.1427 0175936  19.4272 341.3526 14.53059899309149
TRITON-1                
1 39427U 13066M   19263.86751970  .00000140  00000-0  30500-4 0  9992
2 39427  97.6869 235.4780 0112671 223.4733 135.7549 14.67879341311967
GOMX-1                  
1 39430U 13066Q   19264.11018720  .00000169  00000-0  39958-4 0  9991
2 39430  97.7550 214.4841 0150653 317.0563  41.8964 14.59285880310379
CUBEBUG-2 (LO-74)       
1 39440U 13066AA  19263.92276698  .00000141  00000-0  26456-4 0  9999
2 39440  97.6079 256.8223 0081201 138.0239 222.7233 14.75885889312679
NEE-02 KRYSAOR          
1 39441U 13066AB  19263.95891996  .00000079  00000-0  18268-4 0  9999
2 39441  97.6127 254.5610 0082585 145.2710 215.3931 14.74929048313690
FUNCUBE-1 (AO-73)       
1 39444U 13066AE  19263.96370513  .00000178  00000-0  28123-4 0  9991
2 39444  97.5602 274.2033 0059602  78.7187 282.0717 14.81974248313895
UWE-3                   
1 39446U 13066AG  19263.96859362  .00000135  00000-0  24393-4 0  9995
2 39446  97.5845 263.9843 0071447 111.9284 248.9543 14.78420947313198
AEROCUBE 5A             
1 39465U 13072D   19263.94835973  .00003994  00000-0  36686-3 0  9996
2 39465 120.4917 265.3890 0267759 330.8388  27.7954 14.73966481  1458
AEROCUBE 5B             
1 39466U 13072E   19263.89281668  .00005189  00000-0  40312-3 0  9996
2 39466 120.4894 287.9305 0242959 336.4788  22.5323 14.82848277  1405
BRITE-CA1 (TORONTO)     
1 40020U 14033L   19264.10389250  .00000028  00000-0  13269-4 0  9992
2 40020  97.7412 102.6800 0086591 214.6629 144.8915 14.66588157281132
DUCHIFAT-1              
1 40021U 14033M   19263.85601808  .00000263  00000-0  32666-4 0  9993
2 40021  97.9231 188.7603 0014367  98.0190 262.2658 14.90682549285577
NANOSATC-BR1            
1 40024U 14033Q   19263.73115300  .00000297  00000-0  36717-4 0  9998
2 40024  97.9116 185.8142 0013605 101.8715 258.4028 14.89889133284920
QB50P1                  
1 40025U 14033R   19263.78328209  .00000209  00000-0  28153-4 0  9996
2 40025  97.9029 183.3057 0013800 107.5263 252.7463 14.88982621285320
QB50P2                  
1 40032U 14033Y   19264.15044112  .00000155  00000-0  22657-4 0  9997
2 40032  97.8947 181.6722 0013265 103.1954 257.0743 14.88515298285297
PERSEUS-M2              
1 40037U 14033AD  19263.73194471  .00000054  00000-0  12336-4 0  9990
2 40037  97.8860 177.1041 0015657 117.2575 243.0238 14.86475986284449
PERSEUS-M1              
1 40039U 14033AF  19263.80703803  .00000073  00000-0  14570-4 0  9998
2 40039  97.8840 176.2064 0015538 114.7757 245.5076 14.86096331284378
POLYITAN-1              
1 40042U 14033AJ  19263.73074024  .00000230  00000-0  30664-4 0  9997
2 40042  97.9110 183.6146 0016031  98.7908 261.5125 14.88698135284717
TIGRISAT                
1 40043U 14033AK  19263.76181897  .00000071  00000-0  17850-4 0  9993
2 40043  97.7438 127.5271 0060549 151.9518 208.4976 14.74291299282163
AEROCUBE 6A             
1 40045U 14033AM  19263.63116029  .00000171  00000-0  31772-4 0  9996
2 40045  97.7670 131.5951 0058348 144.7174 215.7920 14.75424244282175
AEROCUBE 6B             
1 40046U 14033AN  19264.11230397  .00000176  00000-0  32465-4 0  9991
2 40046  97.7599 131.6042 0057770 142.5239 218.0020 14.75406696282622
UKUBE-1                 
1 40074U 14037F   19264.15676599  .00000101  00000-0  19259-4 0  9992
2 40074  98.4474  71.5330 0003005 278.9477  81.1380 14.84095613281669
BRITE-PL2 (HEWELIUSZ)   
1 40119U 14049B   19263.82175537  .00000082  00000-0  16192-4 0  9995
2 40119  97.9038 353.6312 0016018 273.6202  86.3180 14.84425266275545
FIREBIRD 4              
1 40378U 15003C   19263.94243470  .00001110  00000-0  47242-4 0  9991
2 40378  99.1199 263.6092 0127445 136.0078 225.1381 15.19034158256235
GRIFEX                  
1 40379U 15003D   19263.94285103  .00000618  00000-0  30589-4 0  9999
2 40379  99.1205 257.0947 0135266 155.9543 204.8081 15.15655546255862
EXOCUBE (CP10)          
1 40380U 15003E   19263.91705843  .00000501  00000-0  26871-4 0  9996
2 40380  99.1237 253.5104 0139986 167.8333 192.6333 15.13661239255618
AEROCUBE 8A             
1 40659U 15025J   19264.16729136  .00009533  00000-0  12507-3 0  9992
2 40659  55.0199  97.7080 0125186 194.7180 165.0198 15.50603611  1536
AEROCUBE 8B             
1 40660U 15025K   19263.87427448  .00009709  00000-0  12635-3 0  9999
2 40660  55.0172  97.6183 0124717 195.3083 164.4166 15.50837790  1490
TIANWANG 1C (TW-1C)     
1 40926U 15051B   19264.08740288  .00009995  00000-0  13783-3 0  9999
2 40926  97.1266 310.1903 0008351  34.9126  20.3907 15.57364211224849
TIANWANG 1A (TW-1A)     
1 40928U 15051D   19264.04001459  .00002486  00000-0  61728-4 0  9998
2 40928  97.1391 293.2449 0012707  88.8496 354.8814 15.41202658223709
EXACTVIEW 9             
1 40936U 15052G   19264.05051317  .00000777  00000-0  19657-4 0  9992
2 40936   6.0031 108.3176 0010081  34.9107 325.1682 14.76508710215198
AEROCUBE 5C             
1 40965U 15058B   19263.73941152  .00000005  00000-0  20069-4 0  9992
2 40965  64.7804 243.7582 0186869 172.0957 188.3176 14.74412506  1396
AEROCUBE 7              
1 40966U 15058C   19263.90838113  .00000025  00000-0  22282-4 0  9995
2 40966  64.7794 242.0921 0185478 171.7727 188.6496 14.74688009  1414
ATHENOXAT 1             
1 41168U 15077C   19264.13508871  .00001678  00000-0  53145-4 0  9999
2 41168  14.9879 243.8764 0011473 327.1612  32.7995 15.13770869208318
GALASSIA                
1 41170U 15077E   19263.58060956  .00001675  00000-0  52328-4 0  9996
2 41170  14.9882 240.7406 0012829 344.1092  15.8826 15.14097259208299
VELOX-II                
1 41171U 15077F   19263.35602714  .00001316  00000-0  37292-4 0  9991
2 41171  14.9914 278.0251 0008733 253.4062 106.5299 15.11302041207944
HORYU-4                 
1 41340U 16012D   19263.38561565  .00000411  00000-0  24476-4 0  9995
2 41340  31.0043 257.7999 0013975 338.7184  21.2869 15.01311325197100
E-ST@R-II               
1 41459U 16025D   19264.04916631  .00000968  00000-0  53195-4 0  9999
2 41459  98.1017 355.2997 0167868  41.8228 319.5677 15.05653917186748
AAUSAT 4                
1 41460U 16025E   19264.17071895  .00001398  00000-0  73160-4 0  9991
2 41460  98.0951 356.9071 0158018  32.8182 328.2740 15.07616068186907
DIWATA-1                
1 41463U 98067HT  19264.10732844  .00024702  00000-0  10330-3 0  9994
2 41463  51.6294 115.2590 0001678 155.3457 293.5697 15.85476605194734
BEESAT-4                
1 41619U 16040W   19263.71913761  .00000910  00000-0  41242-4 0  9995
2 41619  97.3587 324.1550 0012685  58.2712 301.9760 15.23301441168172
CANX-7                  
1 41788U 16059F   19264.18981621  .00004018  00000-0  60468-3 0  9997
2 41788  98.2439 341.1694 0028129  81.6106 278.8334 14.74758636159930
RAVAN                   
1 41849U 16067B   19263.82654991  .00000815  00000-0  73665-4 0  9996
2 41849  97.9231   4.3684 0009806  74.4885 285.7419 14.98294714156099
CELTEE 1                
1 41850U 16067C   19263.78369827 -.00000318  00000-0 -22333-4 0  9990
2 41850  97.9199   2.7936 0010250  72.3080 287.9259 14.97049275156001
OPTICUBE 04             
1 41851U 16067D   19263.87174508 -.00000015  00000-0  39520-5 0  9991
2 41851  97.9181   2.6337 0010005  74.7090 285.5236 14.96827194156004
AEROCUBE 8D             
1 41852U 16067E   19263.81295879  .00000316  00000-0  32923-4 0  9993
2 41852  97.9192   2.3997 0010894  75.6508 284.5921 14.96751286155979
AEROCUBE 8C             
1 41853U 16067F   19263.83812128  .00000357  00000-0  36565-4 0  9999
2 41853  97.9200   2.3541 0011654  75.7585 284.4929 14.96722180155974
PROMETHEUS 2-1          
1 41854U 16067G   19263.85812264 -.00000241  00000-0 -15647-4 0  9995
2 41854  97.9204   2.5521 0011498  74.2342 286.0146 14.96955587155989
PROMETHEUS 2-3          
1 41855U 16067H   19263.86012314 -.00000187  00000-0 -10935-4 0  9999
2 41855  97.9205   2.5737 0011624  74.6273 285.6231 14.96961021155988
INS-1B                  
1 41954U 17008G   19263.71490248  .00000842  00000-0  37524-4 0  9994
2 41954  97.3914 327.4895 0009574 164.9656 195.1868 15.24111285144128
BGUSAT                  
1 41999U 17008BD  19263.75945061  .00001460  00000-0  58898-4 0  9999
2 41999  97.3996 330.3099 0008337 175.4784 184.6531 15.26382169143640
DIDO-2                  
1 42000U 17008BE  19263.77402800  .00000531  00000-0  24813-4 0  9992
2 42000  97.3925 328.0994 0008386 182.2516 177.8685 15.24014263143534
PEASSS                  
1 42015U 17008BV  19263.80881783  .00000802  00000-0  34992-4 0  9993
2 42015  97.3937 329.2393 0006166 183.2013 176.9186 15.25008184144090
AL-FARABI 1             
1 42016U 17008BW  19263.89868278  .00000978  00000-0  41210-4 0  9992
2 42016  97.3954 329.9807 0006041 181.6539 178.4680 15.25682060144260
NAYIF-1 (EO-88)         
1 42017U 17008BX  19263.81851609  .00000987  00000-0  41540-4 0  9991
2 42017  97.3950 329.9123 0006038 182.1016 178.0198 15.25716591144278
ALTAIR PATHFINDER       
1 42711U 98067LS  19264.10167183  .00056802  00000-0  20005-3 0  9995
2 42711  51.6305 157.7026 0003600 152.8592 207.2602 15.88557956134057
NSIGHT                  
1 42726U 98067MF  19264.05807396  .00023366  00000-0  15843-3 0  9995
2 42726  51.6349 184.8894 0004900 160.5264 199.5923 15.74860082132678
UCLSAT                  
1 42765U 17036A   19263.89708626  .00000752  00000-0  34997-4 0  9998
2 42765  97.3418 319.8536 0009784 256.4313 103.5834 15.22890492125391
LITUANICASAT-2          
1 42768U 17036D   19263.73850205  .00001253  00000-0  56108-4 0  9990
2 42768  97.3458 319.3592 0013477 246.5794 113.4026 15.23043095124620
AALTO-1                 
1 42775U 17036L   19263.91353382  .00000482  00000-0  24461-4 0  9992
2 42775  97.3401 318.3972 0012403 247.0297 112.9631 15.21437298124535
URSA MAIOR              
1 42776U 17036M   19263.20822767  .00000531  00000-0  26559-4 0  9998
2 42776  97.3412 317.8880 0012203 249.5522 110.4404 15.21578149124437
COMPASS 2               
1 42777U 17036N   19263.88355715  .00001050  00000-0  47449-4 0  9995
2 42777  97.3454 319.9676 0010928 246.7774 113.2312 15.23091441124605
DIAMOND RED             
1 42783U 17036U   19263.91081417  .00000626  00000-0  30123-4 0  9990
2 42783  97.3418 319.3909 0010466 257.9872 102.0192 15.22323907124588
PEGASUS                 
1 42784U 17036V   19263.80568083  .00000687  00000-0  32464-4 0  9995
2 42784  97.3422 319.5542 0010363 257.7352 102.2724 15.22632977124589
DIAMOND GREEN           
1 42785U 17036W   19264.10682673  .00000611  00000-0  29480-4 0  9993
2 42785  97.3420 319.6092 0010372 257.8329 102.1746 15.22322798124607
DIAMOND BLUE            
1 42786U 17036X   19263.12003514  .00000614  00000-0  29592-4 0  9993
2 42786  97.3421 318.6429 0010184 262.1878  97.8202 15.22322012124450
NUDTSAT                 
1 42787U 17036Y   19263.93940629  .00001286  00000-0  56504-4 0  9999
2 42787  97.3453 320.5233 0010080 261.7790  98.2301 15.23666118124492
SUCHAI                  
1 42788U 17036Z   19264.11499051  .00000857  00000-0  39306-4 0  9993
2 42788  97.3428 320.2211 0009940 255.1746 104.8389 15.23073918124725
SKCUBE                  
1 42789U 17036AA  19263.80871356  .00000785  00000-0  36334-4 0  9999
2 42789  97.3423 319.8451 0009789 256.6247 103.3899 15.22962692124594
VZLUSAT-1               
1 42790U 17036AB  19263.72946253  .00001064  00000-0  47247-4 0  9997
2 42790  97.3441 320.3187 0009369 255.2251 104.7948 15.23656398124610
ROBUSTA-1B              
1 42792U 17036AD  19263.66341593  .00000815  00000-0  37443-4 0  9998
2 42792  97.3425 319.8751 0009365 257.8093 102.2096 15.23137161124598
CICERO 6                
1 42793U 17036AE  19263.68346330  .00000520  00000-0  25277-4 0  9990
2 42793  97.3406 319.6011 0008615 259.8945 100.1320 15.22686685124653
D-SAT                   
1 42794U 17036AF  19264.09100198  .00000018  00000-0  70582-5 0  9999
2 42794  97.5308 304.5983 0126386 186.2842 173.6799 14.91134065122404
CORVUS BC2              
1 42846U 17042X   19264.10864259  .00000273  00000-0  32208-4 0  9996
2 42846  97.5527 154.2856 0011153  98.6169 261.6315 14.92000107119090
CORVUS BC1              
1 42847U 17042Y   19263.65316732  .00000235  00000-0  28402-4 0  9993
2 42847  97.5529 153.9709 0010774  99.2673 260.9765 14.92100765119026
MIRATA                  
1 43015U 17073C   19263.78919077  .00000410  00000-0  37778-4 0  9991
2 43015  97.7163 181.3384 0254089 210.8722 147.7340 14.79113415 99208
MAKERSAT 0              
1 43016U 17073D   19263.75228881  .00000262  00000-0  26177-4 0  9991
2 43016  97.7195 181.5057 0256409 211.4789 147.0864 14.78831616 99192
ASTERIA                 
1 43020U 98067NH  19264.06223516  .00025965  00000-0  18131-3 0  9990
2 43020  51.6422 196.4532 0002900 119.8755 240.2533 15.74114037104702
DELLINGR (RBLE)         
1 43021U 98067NJ  19264.10397326  .00007664  00000-0  83966-4 0  9992
2 43021  51.6372 214.6222 0003060  99.2057 260.9285 15.64371943104466
AEROCUBE 7B (OCSD B)    
1 43042U 17071F   19264.16167295  .00001772  00000-0  50997-4 0  9999
2 43042  51.6386 310.9133 0004811 133.1474 226.9914 15.41640567100655
AEROCUBE 7C (OCSD C)    
1 43043U 17071G   19263.64307039  .00001692  00000-0  49138-4 0  9990
2 43043  51.6387 313.4649 0005030 135.6315 224.5074 15.41641483100549
CHEFSAT                 
1 43044U 17071H   19264.11202244  .00003834  00000-0  90043-4 0  9997
2 43044  51.6389 303.9953 0004714 135.7547 224.3818 15.44589088100718
ASGARDIA 1              
1 43049U 17071N   19263.58768415  .00001685  00000-0  48767-4 0  9997
2 43049  51.6395 313.1342 0002499 146.1146 213.9999 15.41757673100543
ISARA                   
1 43050U 17071P   19263.57568535  .00002805  00000-0  69439-4 0  9993
2 43050  51.6377 307.8591 0002230 139.8719 220.2432 15.44066431100618
PROPCUBE 2 (FAUNA)      
1 43052U 17071R   19263.44606804  .00001802  00000-0  50981-4 0  9991
2 43052  51.6393 312.9573 0002475 141.4327 218.6836 15.42064196100523
CORVUS BC3              
1 43118U 18004H   19263.76337182  .00000457  00000-0  22503-4 0  9990
2 43118  97.4784 330.7740 0008797 284.4701  75.5560 15.22945919 93792
MICROMAS-2A             
1 43131U 18004W   19263.75336877  .00001134  00000-0  49304-4 0  9995
2 43131  97.4815 331.6753 0007750 285.8972  74.1411 15.24340188 93844
SPACEBEE-4              
1 43139U 18004AE  19263.72061871  .00001616  00000-0  67170-4 0  9995
2 43139  97.4835 332.2699 0007144 288.4552  71.5908 15.25260011 93872
SPACEBEE-3              
1 43140U 18004AF  19263.86193036  .00002014  00000-0  81565-4 0  9998
2 43140  97.4843 332.7449 0006885 286.6851  73.3631 15.25850525 93917
SPACEBEE-2              
1 43141U 18004AG  19263.82078108  .00002156  00000-0  86589-4 0  9995
2 43141  97.4850 332.8170 0006835 286.1948  73.8537 15.26051116 93915
SPACEBEE-1              
1 43142U 18004AH  19264.16765734  .00002281  00000-0  90816-4 0  9999
2 43142  97.4850 333.2953 0006799 284.3825  75.6658 15.26278640 93965
CICERO 7                
1 43143U 18004AJ  19263.76915072  .00001040  00000-0  45318-4 0  9996
2 43143  97.4798 331.9048 0005997 298.3057  61.7575 15.24454518 93869
GOMX-4B                 
1 43196U 18015E   19263.92617549  .00000219  00000-0  11957-4 0  9991
2 43196  97.4021  30.2063 0018919 340.9154  19.1353 15.24007464 90695
GOMX-4A                 
1 43197U 18015F   19264.12074369  .00000400  00000-0  19342-4 0  9990
2 43197  97.4040  30.4333 0019126 340.8387 138.9565 15.24112255 90732
1KUNS-PF                
1 43466U 98067NP  19264.13583389  .00021721  00000-0  18623-3 0  9991
2 43466  51.6353 214.0312 0002096 102.8308 257.2923 15.69336084 77739
UBAKUSAT                
1 43467U 98067NQ  19264.12904275  .00010495  00000-0  11182-3 0  9991
2 43467  51.6359 220.7522 0003198  77.0906 283.0446 15.64609443 77659
BATSU-CS1 (IRAZU)       
1 43468U 98067NR  19264.10734383  .00032827  00000-0  23201-3 0  9999
2 43468  51.6332 208.5329 0002333 112.3076 247.8170 15.73697542177796
CUBERRT                 
1 43546U 98067NU  19263.39777305  .00007274  00000-0  73592-4 0  9994
2 43546  51.6369 224.1179 0004540 121.8588 238.2850 15.66506198 67677
TEMPEST-D               
1 43547U 98067NV  19263.86738193  .00002430  00000-0  37389-4 0  9992
2 43547  51.6380 234.0203 0005994 111.6597 248.5035 15.58766046 67265
RAINCUBE                
1 43548U 98067NW  19264.14230908  .00010802  00000-0  12102-3 0  9993
2 43548  51.6355 226.0740 0005956 123.1043 237.0524 15.63271244 67844
HALOSAT                 
1 43549U 98067NX  19263.38358242  .00009823  00000-0  11117-3 0  9997
2 43549  51.6367 230.0274 0005690 122.4314 237.7231 15.63136307 67283
ENDUROSAT ONE           
1 43551U 98067NZ  19264.13122776  .00013529  00000-0  13929-3 0  9996
2 43551  51.6361 223.0174 0006038 132.7844 227.3660 15.65175604 67859
EQUISAT                 
1 43552U 98067PA  19263.36610647  .00011184  00000-0  12405-3 0  9993
2 43552  51.6376 229.1933 0006384 129.6181 230.5378 15.63483989 67666
AEROCUBE 12A            
1 43556U 18046C   19263.65123442  .00001429  00000-0  62680-4 0  9992
2 43556  51.6432 325.8770 0008665  48.8939 311.2788 15.28921381 65937
AEROCUBE 12B            
1 43557U 18046D   19264.13088594  .00000285  00000-0  22693-4 0  9994
2 43557  51.6430 323.8244 0008799  50.7455 309.4304 15.28763752 65954
UITMSAT-1               
1 43589U 98067PD  19263.35698112  .00012371  00000-0  13481-3 0  9999
2 43589  51.6349 229.8052 0005628 135.0040 225.1412 15.63823782 63394
MAYA-1                  
1 43590U 98067PE  19264.11782053  .00012342  00000-0  13432-3 0  9998
2 43590  51.6348 225.8922 0005698 138.0858 222.0573 15.63858994 63447
BHUTAN-1                
1 43591U 98067PF  19263.33817648  .00012802  00000-0  13888-3 0  9997
2 43591  51.6366 229.7159 0005803 135.4325 224.7137 15.63900791 63326
SIRIUSSAT-1             
1 43595U 98067PG  19263.88778849  .00011625  00000-0  13136-3 0  9998
2 43595  51.6350 228.8572 0004338  99.7653 260.3831 15.62964515 62565
SIRIUSSAT-2             
1 43596U 98067PH  19263.86396800  .00011476  00000-0  13058-3 0  9997
2 43596  51.6361 229.4932 0004844 100.4506 259.7035 15.62798365 62559
TANUSHA-3               
1 43597U 98067PJ  19263.88219662  .00016227  00000-0  16754-3 0  9995
2 43597  51.6343 226.5354 0004374 111.3809 248.7653 15.64935633 62592
SURFSAT                 
1 43614U 18070B   19263.89639392  .00001894  00000-0  51046-4 0  9996
2 43614  93.0309  42.5519 0013561 308.8459  51.1583 15.37856394 56884
CP7 (DAVE)              
1 43615U 18070C   19263.90744319  .00001810  00000-0  48921-4 0  9991
2 43615  93.0312  42.5559 0013804 307.9896  52.0110 15.37761731 56884
ELFIN-B                 
1 43616U 18070D   19264.06870942  .00002733  00000-0  71924-4 0  9996
2 43616  93.0275  42.5301 0014544 310.7245  49.2745 15.38527283 56920
ELFIN-A                 
1 43617U 18070E   19263.86443752  .00002743  00000-0  72085-4 0  9999
2 43617  93.0330  42.7342 0013692 308.1939  51.8081 15.38586716 56898
CUBEBEL-1 (BSUSAT-1)    
1 43666U 18083E   19264.10267309  .00000563  00000-0  31286-4 0  9993
2 43666  97.5151 287.9210 0014049 216.6372 231.2939 15.17716753 49600
DEBRISSAT-2             
1 43680U 98067PR  19263.48257116  .00020933  00000-0  20243-3 0  9997
2 43680  51.6350 227.6626 0004032 119.6296 240.5101 15.66383097 71275
CICERO 10               
1 43690U 18088A   19263.78679964  .00000665  00000-0  29192-4 0  9998
2 43690  85.0348 256.5512 0013538 215.6162 144.4176 15.19768206 47644
IRVINE01                
1 43693U 18088D   19263.79504908  .00001555  00000-0  66808-4 0  9991
2 43693  85.0326 255.9531 0017293 199.8830 160.1740 15.21663165 47670
PROXIMA I               
1 43694U 18088E   19263.75802496  .00000659  00000-0  27373-4 0  9999
2 43694  85.0293 255.7798 0018788 191.8476 168.2327 15.21495078 47682
PROXIMA II              
1 43696U 18088G   19264.08571251  .00000659  00000-0  27341-4 0  9995
2 43696  85.0294 255.5645 0018881 190.5768 169.5080 15.21500132 47721
FACSAT-1                
1 43721U 18096C   19264.13681143  .00000784  00000-0  32783-4 0  9996
2 43721  97.4521 333.8212 0017807   2.5621 357.5706 15.26481380 45143
CENTAURI-2              
1 43722U 18096D   19263.77499371  .00001189  00000-0  47890-4 0  9991
2 43722  97.4524 333.5419 0017982   4.2876 355.8514 15.26750731 45088
INNOSAT-2               
1 43738U 18096V   19264.16072491  .00001595  00000-0  58965-4 0  9998
2 43738  97.4530 334.8679 0024421  11.8704 348.3106 15.28984773 45210
SIRION PATHFINDER-2     
1 43759U 18099B   19264.14960006  .00000506  00000-0  51305-4 0  9992
2 43759  97.7378 334.9428 0014455  12.0379 348.1184 14.95161498 43537
CORVUS-BC 4             
1 43767U 18099K   19263.85609947 -.00000103  00000-0 -42320-5 0  9995
2 43767  97.7363 334.3514 0012107  17.0945 343.0681 14.94602559 43483
MOVE-II                 
1 43780U 18099Y   19264.17096954  .00000057  00000-0  10412-4 0  9996
2 43780  97.7373 334.8692 0014061  23.1551 337.0301 14.95127104 43529
SPACEBEE-7              
1 43816U 18099BL  19264.16708879  .00000130  00000-0  17008-4 0  9991
2 43816  97.7389 335.0801 0013531   8.6855 351.4597 14.95467905 43092
SPACEBEE-5              
1 43817U 18099BM  19264.13656131  .00000867  00000-0  82896-4 0  9996
2 43817  97.7410 335.1715 0012997   9.1765 350.9691 14.95765237 43092
SPACEBEE-6              
1 43818U 18099BN  19264.15679471  .00000703  00000-0  68521-4 0  9999
2 43818  97.7398 335.1090 0013389   9.0458 351.1002 14.95564196 43245
SHIELDS 1               
1 43850U 18104B   19263.98313163  .00000041  00000-0  00000+0 0  9993
2 43850  85.0290 354.1317 0015056 352.7057   7.3963 15.21142598 42356
STF-1                   
1 43852U 18104D   19263.55552566  .00000041  00000-0  00000-0 0  9991
2 43852  85.0379 354.7369 0015569   8.8714 351.2815 15.20736692 42278
ZACUBE-2                
1 43907U 18111AH  19264.14559098  .00000423  00000-0  20076-4 0  9996
2 43907  97.2809 166.7486 0022379  22.4209 337.8002 15.24264033 40838
LUME 1                  
1 43908U 18111AJ  19263.73406763  .00000807  00000-0  35522-4 0  9999
2 43908  97.2808 166.3870 0022346  23.8790 336.3479 15.24469362 40772
AOBA VELOX-IV           
1 43940U 19003J   19264.09385214  .00001404  00000-0  60245-4 0  9997
2 43940  97.2678 319.1790 0025995  98.2484 289.9610 15.24043287 37467
CATSAT-2                
1 44029U 98067PV  19263.44309015  .00007768  00000-0  10872-3 0  9995
2 44029  51.6386 241.7070 0005077 129.9183 230.2256 15.57854299 36186
DELPHINI                
1 44030U 98067PW  19263.36375497  .00009157  00000-0  12607-3 0  9997
2 44030  51.6369 241.9047 0005043 125.7123 234.4339 15.58043142 36148
UNITE                   
1 44031U 98067PX  19263.78818092  .00005172  00000-0  77985-4 0  9991
2 44031  51.6382 240.9971 0003795 123.3329 236.8027 15.56642975 36195
TECHEDSAT 8             
1 44032U 98067PY  19263.56357230  .00022774  00000-0  24702-3 0  9995
2 44032  51.6365 236.4892 0004207 114.1814 245.9621 15.63415427 36217
CATSAT-1                
1 44033U 98067PZ  19263.44294461  .00007059  00000-0  99446-4 0  9996
2 44033  51.6387 241.7071 0004898 129.8287 230.3137 15.57846123 36093
RAAVANA-1               
1 44329U 98067QE  19263.89113255  .00005826  00000-0  99113-4 0  9995
2 44329  51.6400 245.4444 0008024  73.5840 286.6031 15.52977197 14899
UGUISU                  
1 44330U 98067QF  19263.18562117  .00005780  00000-0  98559-4 0  9996
2 44330  51.6401 248.9821 0007989  69.7497 290.4351 15.52927785 14765
NEPALISAT-1             
1 44331U 98067QG  19263.88898493  .00005820  00000-0  98897-4 0  9993
2 44331  51.6401 245.4306 0008043  74.7799 285.4080 15.53011656 14887
SPOOQY-1                
1 44332U 98067QH  19264.14418578  .00005571  00000-0  94896-4 0  9994
2 44332  51.6398 244.1332 0006819  77.3151 282.8601 15.53044497 14887
SPACEBEE-9              
1 44370U 19037F   19264.18242536  .00004461  00000-0  11851-3 0  9995
2 44370  45.0152 182.5238 0014846  33.3625 326.8185 15.39750814 12897
SPACEBEE-8              
1 44371U 19037G   19264.16449591  .00009931  00000-0  24729-3 0  9999
2 44371  45.0143 182.3871 0015433  35.1488 325.0429 15.40446619 12887
MOVE-IIB                
1 44398U 19038N   19263.88215496  .00001011  00000-0  62795-4 0  9999
2 44398  97.4974 224.3290 0025216 343.3193  16.7205 15.11695007 11697
SONATE                  
1 44400U 19038Q   19263.88076557  .00000313  00000-0  22101-4 0  9997
2 44400  97.4988 224.3353 0024909 341.3205  18.7109 15.11677326 11695
LUCKY-7                 
1 44406U 19038W   19263.87123298  .00000410  00000-0  27613-4 0  9998
2 44406  97.4987 224.3473 0024397 341.4874  18.5466 15.11869846 11680
BEESAT 9                
1 44412U 19038AC  19263.87381319  .00000588  00000-0  38007-4 0  9990
2 44412  97.4984 224.3425 0022727 347.7164  12.3509 15.11833115 11384
JAISAT-1                
1 44419U 19038F   19263.91462374  .00000669  00000-0  42190-4 0  9991
2 44419  97.4987 224.4421 0021555 347.8307  12.2400 15.12325322 11701
SWIATOWID               
1 44426U 98067QL  19264.11465682  .00008616  00000-0  14396-3 0  9992
2 44426  51.6409 244.6942 0005185  39.7976 320.3394 15.52783767 12400
KRAKSAT                 
1 44427U 98067QM  19263.81747198  .00004885  00000-0  86585-4 0  9998
2 44427  51.6425 246.3023 0004872  38.6161  33.7762 15.52227466 12395
VCC A                   
1 44428U 98067QN  19264.11431872  .00005372  00000-0  93403-4 0  9991
2 44428  51.6412 244.6927 0004183  54.7471 305.3910 15.52547565 12448
ENTRYSAT                
1 44429U 98067QP  19263.33836456  .00006092  00000-0  10442-3 0  9993
2 44429  51.6408 248.5096 0003967  45.8586 314.2730 15.52676941 12328
VCC C                   
1 44430U 98067QQ  19264.11221011  .00007308  00000-0  12353-3 0  9991
2 44430  51.6410 244.6784 0004248  56.2899 303.8495 15.52727043 11264
VCC B                   
1 44431U 98067QR  19263.85817698  .00005495  00000-0  95427-4 0  9993
2 44431  51.6410 245.9813 0004299  53.6886 306.4500 15.52527540 12341
