CUTE-1 (CO-55)          
1 27844U 03031E   20281.92330003  .00000039  00000-0  37318-4 0  9993
2 27844  98.6836 287.9663 0011011  90.0782 270.1657 14.22259784896081
CUBESAT XI-IV (CO-57)   
1 27848U 03031J   20281.70123127  .00000025  00000-0  31252-4 0  9996
2 27848  98.6900 288.3127 0010863 102.0018 258.2378 14.21843878895894
CUBESAT XI-V            
1 28895U 05043F   20282.06586275  .00000152  00000-0  38008-4 0  9998
2 28895  98.0260  55.3705 0015496 286.9309  73.0195 14.63806527797310
CUTE-1.7+APD II (CO-65) 
1 32785U 08021C   20281.86366797  .00000226  00000-0  29883-4 0  9995
2 32785  97.5837 264.9962 0014364 117.4236 242.8444 14.88525828674664
AAUSAT-II               
1 32788U 08021F   20281.88858684  .00000944  00000-0  90827-4 0  9994
2 32788  97.4955 281.4145 0012823  44.3191 315.9054 14.95171737676115
DELFI-C3 (DO-64)        
1 32789U 08021G   20281.68456553  .00001039  00000-0  71469-4 0  9999
2 32789  97.4082 320.5161 0010421 293.7889  66.2246 15.07981992678720
SEEDS II (CO-66)        
1 32791U 08021J   20282.20648876  .00000360  00000-0  41568-4 0  9995
2 32791  97.5495 271.4270 0014841  87.1198 273.1720 14.91126337675263
SWISSCUBE               
1 35932U 09051B   20281.47581848  .00000122  00000-0  38573-4 0  9990
2 35932  98.6118 107.3799 0008263 137.4569 222.7270 14.56430965586135
BEESAT-1                
1 35933U 09051C   20281.52124113  .00000096  00000-0  32740-4 0  9995
2 35933  98.6104 109.2941 0006253 146.9204 213.2385 14.56502084586212
ITUPSAT1                
1 35935U 09051E   20281.78805512  .00000078  00000-0  28980-4 0  9995
2 35935  98.6211 109.7533 0008601 148.6522 211.5189 14.55644157586014
TISAT 1                 
1 36799U 10035E   20281.74898902  .00000284  00000-0  34599-4 0  9991
2 36799  98.2027  96.4053 0011472 327.5882  32.4629 14.91440104555662
M-CUBED & EXP-1 PRIME   
1 37855U 11061F   20281.89007829  .00002039  00000-0  10673-3 0  9997
2 37855 101.7249  68.3285 0170002 101.1723 260.8653 15.06620971488132
AEROCUBE 4.5A           
1 38767U 12048K   20282.19530777  .00000365  00000-0  45385-4 0  9992
2 38767  64.6656 243.7806 0134159  95.5861 266.0568 14.92392823 58620
AEROCUBE 4.5B           
1 38768U 12048L   20282.19397586  .00000616  00000-0  61472-4 0  9996
2 38768  64.6672 210.3257 0124083  90.4928 271.0405 14.96103569 58742
STRAND-1                
1 39090U 13009E   20281.81623250  .00000020  00000-0  22075-4 0  9996
2 39090  98.4468 123.6913 0008368 316.4233  43.6291 14.35146795398802
SOMP                    
1 39134U 13015E   20281.59945965  .00001468  00000-0  74009-4 0  9998
2 39134  64.8615 273.9708 0023763 227.0209 132.8927 15.21338924412738
BEESAT-3                
1 39135U 13015F   20281.54781820  .00000884  00000-0  52130-4 0  9994
2 39135  64.8666 299.3422 0029823 225.3854 134.4840 15.18407965412235
BEESAT-2                
1 39136U 13015G   20281.50863748  .00001186  00000-0  67479-4 0  9999
2 39136  64.8740 304.8467 0035300 267.6592  92.0492 15.17798483412515
NEE-01 PEGASO           
1 39151U 13018B   20282.22567878  .00000171  00000-0  29445-4 0  9998
2 39151  97.9762  20.2852 0018416  95.1953 265.1361 14.80210071402365
ESTCUBE 1               
1 39161U 13021C   20282.16224552  .00000172  00000-0  35026-4 0  9998
2 39161  97.9597   2.9052 0008411 235.9959 124.0455 14.72357383398624
POPACS 1                
1 39268U 13055D   20282.16249537  .00002610  00000-0  71646-4 0  9990
2 39268  81.0037 176.9493 0612098 247.2367 106.3057 14.40202092365689
POPACS 2                
1 39269U 13055E   20282.14919940  .00005772  00000-0  16493-3 0  9991
2 39269  81.0156 217.6274 0675637 352.7616   6.4161 14.26024351363261
POPACS 3                
1 39270U 13055F   20281.60739044  .00001640  00000-0  49191-4 0  9990
2 39270  81.0154 241.3986 0709660  60.7524 306.2697 14.17149603361714
ZACUBE-1 (TSHEPISOSAT)  
1 39417U 13066B   20281.90269607  .00000220  00000-0  33999-4 0  9993
2 39417  97.5724 273.7087 0057258 269.2506  90.2147 14.81329901371687
WNISAT-1                
1 39423U 13066H   20282.17572952  .00000052  00000-0  20611-4 0  9990
2 39423  97.7973 195.9458 0173902 264.1712  93.9641 14.53143484364799
TRITON-1                
1 39427U 13066M   20282.01025241  .00000303  00000-0  55631-4 0  9990
2 39427  97.7389 236.7610 0115071  78.1979 283.2107 14.68055547368376
GOMX-1                  
1 39430U 13066Q   20282.10866844  .00000139  00000-0  34216-4 0  9999
2 39430  97.7952 213.8597 0150207 189.2126 170.6313 14.59444006366237
CUBEBUG-2 (LO-74)       
1 39440U 13066AA  20281.88600455  .00000287  00000-0  46752-4 0  9990
2 39440  97.6433 258.2420 0079543 336.2349  23.5196 14.76065717369160
NEE-02 KRYSAOR          
1 39441U 13066AB  20281.90614574  .00000183  00000-0  33160-4 0  9995
2 39441  97.6512 255.7168 0081311 345.7612  14.1306 14.75054731368985
FUNCUBE-1 (AO-73)       
1 39444U 13066AE  20281.90288420  .00000293  00000-0  42243-4 0  9999
2 39444  97.5658 275.9973 0056337 260.6702  98.8139 14.82194616370027
UWE-3                   
1 39446U 13066AG  20282.22345371  .00000247  00000-0  39378-4 0  9990
2 39446  97.6091 265.7044 0068622 302.6942  56.7664 14.78598993369823
AEROCUBE 5A             
1 39465U 13072D   20281.76338818  .00009021  00000-0  72437-3 0  9995
2 39465 120.4934 210.0539 0265306   2.2372 357.9818 14.77311095 57955
AEROCUBE 5B             
1 39466U 13072E   20281.77256011  .00013109  00000-0  87523-3 0  9995
2 39466 120.4893 253.0250 0236602  13.5263 347.2005 14.87431740 58275
BRITE-CA1 (TORONTO)     
1 40020U 14033L   20282.04977001  .00000075  00000-0  20846-4 0  9995
2 40020  97.7322 103.8258 0088744  73.6554 287.4387 14.66663199337278
DUCHIFAT-1              
1 40021U 14033M   20281.76024640  .00000593  00000-0  65858-4 0  9993
2 40021  97.9463 213.7066 0011438 279.4507  80.5418 14.90994957342623
NANOSATC-BR1            
1 40024U 14033Q   20281.84618142  .00000310  00000-0  37903-4 0  9998
2 40024  97.9292 209.7993 0010793 284.5372  75.4648 14.90151110341971
QB50P1                  
1 40025U 14033R   20282.20430504  .00000350  00000-0  43025-4 0  9990
2 40025  97.9151 206.4991 0011090 291.6696  68.3339 14.89202835342380
QB50P2                  
1 40032U 14033Y   20281.75197523  .00000290  00000-0  37107-4 0  9995
2 40032  97.9023 203.2647 0010475 290.1158  69.8931 14.88724135341690
PERSEUS-M2              
1 40037U 14033AD  20282.20955192  .00000118  00000-0  19542-4 0  9997
2 40037  97.8841 197.6818 0013216 306.4464  53.5532 14.86571101341918
PERSEUS-M1              
1 40039U 14033AF  20281.77659474  .00000089  00000-0  16340-4 0  9994
2 40039  97.8798 195.9060 0013074 306.0554  53.9449 14.86191572341257
POLYITAN-1              
1 40042U 14033AJ  20281.74888781  .00000397  00000-0  48299-4 0  9990
2 40042  97.9238 206.6498 0013227 283.0463  76.9277 14.88953739341706
TIGRISAT                
1 40043U 14033AK  20281.87428420  .00000124  00000-0  25616-4 0  9991
2 40043  97.6960 132.6250 0059895 356.7077   3.3730 14.74415147338615
AEROCUBE 6A             
1 40045U 14033AM  20281.57293526  .00000222  00000-0  38955-4 0  9996
2 40045  97.7210 138.3741 0057698 348.6002  11.3897 14.75628775338641
AEROCUBE 6B             
1 40046U 14033AN  20281.85436471  .00000278  00000-0  47065-4 0  9999
2 40046  97.7113 137.7845 0056780 346.7830  13.1889 14.75629086338682
UKUBE-1                 
1 40074U 14037F   20282.14749832  .00000289  00000-0  41595-4 0  9999
2 40074  98.4509 117.1918 0005057 109.0945 251.0813 14.84334677338477
BRITE-PL2 (HEWELIUSZ)   
1 40119U 14049B   20282.21975333  .00000105  00000-0  18848-4 0  9999
2 40119  97.8942  13.3266 0018830 100.1219 260.2121 14.84539647332510
FIREBIRD 4              
1 40378U 15003C   20282.19009346  .00001698  00000-0  68155-4 0  9990
2 40378  99.0869   5.5388 0121825 297.5324  61.3570 15.20495945314447
GRIFEX                  
1 40379U 15003D   20282.17277642  .00001105  00000-0  50006-4 0  9994
2 40379  99.0915 356.7611 0131340 324.9754  34.2887 15.16714618313934
EXOCUBE (CP10)          
1 40380U 15003E   20281.73544873  .00000967  00000-0  46379-4 0  9993
2 40380  99.0979 351.5702 0136813 342.4687  17.1841 15.14620280313557
AEROCUBE 8A             
1 40659U 15025J   20281.85927513  .00025840  00000-0  24429-3 0  9993
2 40659  55.0133 131.6071 0101118 108.3773 252.8294 15.60516136 61084
AEROCUBE 8B             
1 40660U 15025K   20282.06513102  .00025867  00000-0  24142-3 0  9995
2 40660  55.0102 128.2462 0100004 111.0466 250.1302 15.60949766 61137
TIANWANG 1C (TW-1C)     
1 40926U 15051B   20282.12219904  .00043672  00000-0  34246-3 0  9999
2 40926  97.0704 334.9283 0005323  46.3053   7.9649 15.71433296284680
TIANWANG 1A (TW-1A)     
1 40928U 15051D   20282.18261726  .00003782  00000-0  86865-4 0  9999
2 40928  97.1023 307.2642 0011634 128.4652 300.0338 15.43227502282756
EXACTVIEW 9             
1 40936U 15052G   20281.29139954  .00000807  00000-0  23806-4 0  9998
2 40936   6.0034 262.8116 0010021  44.4077 315.6854 14.76599889271786
AEROCUBE 5C             
1 40965U 15058B   20281.87844434  .00000137  00000-0  35590-4 0  9995
2 40965  64.7780 163.4216 0176797  32.9635 328.2344 14.74570731 57889
AEROCUBE 7              
1 40966U 15058C   20281.90329855  .00000227  00000-0  45774-4 0  9990
2 40966  64.7779 161.6663 0175755  32.6180 328.5634 14.74882045 57899
ATHENOXAT 1             
1 41168U 15077C   20282.33787872  .00002320  00000-0  85237-4 0  9995
2 41168  14.9948 313.0785 0011833 261.4902 198.3765 15.14617592266480
GALASSIA                
1 41170U 15077E   20281.29266344  .00002290  00000-0  82793-4 0  9998
2 41170  14.9894 312.1963 0012450 273.2765  86.6132 15.14902510266388
VELOX-II                
1 41171U 15077F   20281.54676481  .00001702  00000-0  58430-4 0  9992
2 41171  14.9926 358.6824 0008604 164.5142 195.5443 15.11854130266008
HORYU-4                 
1 41340U 16012D   20281.84412175  .00000578  00000-0  36859-4 0  9992
2 41340  31.0063 336.0091 0013787 184.5717 175.4795 15.01575643254789
E-ST@R-II               
1 41459U 16025D   20282.10626130  .00002339  00000-0  12007-3 0  9990
2 41459  98.1152  38.0495 0164002 192.0905 167.6361 15.06733835244404
AAUSAT 4                
1 41460U 16025E   20282.06693890  .00005184  00000-0  25160-3 0  9999
2 41460  98.1116  40.7518 0152954 179.8211 180.3104 15.09195622244628
BEESAT-4                
1 41619U 16040W   20281.69199582  .00001605  00000-0  68421-4 0  9991
2 41619  97.3075 338.5147 0012175 137.7400 222.4778 15.24298170226497
CANX-7                  
1 41788U 16059F   20282.20876340  .00008929  00000-0  11844-2 0  9991
2 41788  98.2586  13.0435 0023429 290.1194  69.7510 14.79889203216480
RAVAN                   
1 41849U 16067B   20282.18377774  .00000602  00000-0  55311-4 0  9991
2 41849  97.9412  34.0169 0008222 219.0773 140.9856 14.98646375213503
CELTEE 1                
1 41850U 16067C   20281.54872766 -.00000306  00000-0 -21149-4 0  9998
2 41850  97.9361  30.7598 0007527 230.3364 129.7193 14.97240078213278
OPTICUBE 04             
1 41851U 16067D   20281.83324648  .00000013  00000-0  64608-5 0  9993
2 41851  97.9338  30.6046 0007980 231.5134 128.5372 14.96958047213290
AEROCUBE 8D             
1 41852U 16067E   20282.18385163  .00000765  00000-0  71861-4 0  9994
2 41852  97.9347  30.8030 0008556 228.4406 131.6082 14.96969168213326
AEROCUBE 8C             
1 41853U 16067F   20281.88382276 -.00000266  00000-0 -17842-4 0  9990
2 41853  97.9347  30.3929 0008839 234.2218 125.8182 14.96936631213278
PROMETHEUS 2-1          
1 41854U 16067G   20282.22922725  .00000198  00000-0  22406-4 0  9993
2 41854  97.9349  31.1462 0009450 231.6854 128.3518 14.97285977213349
PROMETHEUS 2-3          
1 41855U 16067H   20282.02847376  .00000179  00000-0  20722-4 0  9998
2 41855  97.9353  30.9807 0009595 233.0166 127.0178 14.97295390213312
INS-1B                  
1 41954U 17008G   20282.14762500  .00001514  00000-0  63418-4 0  9995
2 41954  97.3429 344.4772 0007267 261.9672  98.0742 15.25050845202543
BGUSAT                  
1 41999U 17008BD  20281.73915141  .00002654  00000-0  99946-4 0  9990
2 41999  97.3554 348.8733 0006046 271.3614  88.6933 15.27962205202092
DIDO-2                  
1 42000U 17008BE  20281.74188880  .00000927  00000-0  40386-4 0  9992
2 42000  97.3436 344.5391 0006726 287.9285  72.1219 15.24664139201872
PEASSS                  
1 42015U 17008BV  20281.76490228  .00001316  00000-0  54182-4 0  9994
2 42015  97.3465 346.3970 0004656 292.1334  67.9410 15.25858265202474
AL-FARABI 1             
1 42016U 17008BW  20281.78745411  .00001804  00000-0  71294-4 0  9999
2 42016  97.3498 347.6561 0004452 290.7304  69.3457 15.26770071202663
NAYIF-1 (EO-88)         
1 42017U 17008BX  20281.76310153  .00001804  00000-0  71202-4 0  9998
2 42017  97.3492 347.6420 0004530 290.1250  69.9502 15.26812747202689
UCLSAT                  
1 42765U 17036A   20281.72349090  .00001383  00000-0  60293-4 0  9997
2 42765  97.2885 332.8889 0011009 359.6900   0.4329 15.23775369183670
LITUANICASAT-2          
1 42768U 17036D   20281.72032790  .00002332  00000-0  97547-4 0  9993
2 42768  97.2945 333.0492 0013785 346.7683  13.3191 15.24493599182943
AALTO-1                 
1 42775U 17036L   20282.14613859  .00000835  00000-0  39468-4 0  9993
2 42775  97.2858 330.7912 0013336 350.6228   9.4758 15.22005852182816
URSA MAIOR              
1 42776U 17036M   20281.72701380  .00000916  00000-0  42768-4 0  9991
2 42776  97.2871 330.7196 0013177 351.9115   8.1907 15.22203074182760
COMPASS 2               
1 42777U 17036N   20281.82187491  .00002089  00000-0  88332-4 0  9994
2 42777  97.2930 333.5188 0011542 349.3332  10.7659 15.24263995182915
DIAMOND RED             
1 42783U 17036U   20281.83585255  .00001148  00000-0  51614-4 0  9990
2 42783  97.2884 332.1475 0011764   1.2691 358.8573 15.23043707182852
PEGASUS                 
1 42784U 17036V   20281.90341060  .00001317  00000-0  58077-4 0  9991
2 42784  97.2890 332.7073 0011584 359.7621   0.3609 15.23451157182899
DIAMOND GREEN           
1 42785U 17036W   20281.63764686  .00001101  00000-0  49628-4 0  9998
2 42785  97.2887 331.9940 0011715   2.6425 357.4871 15.23038720182896
DIAMOND BLUE            
1 42786U 17036X   20281.83384603  .00001145  00000-0  51478-4 0  9992
2 42786  97.2886 332.1791 0011543   2.3142 357.8146 15.23043867182926
NUDTSAT                 
1 42787U 17036Y   20281.92557860  .00002523  00000-0  10413-3 0  9994
2 42787  97.2931 334.3970 0011352 355.8236   4.2903 15.24884836182833
SUCHAI                  
1 42788U 17036Z   20281.88561880  .00001600  00000-0  68742-4 0  9991
2 42788  97.2898 333.3863 0011044 358.0941   2.0253 15.24045973183007
SKCUBE                  
1 42789U 17036AA  20281.87832234  .00001441  00000-0  62514-4 0  9999
2 42789  97.2893 333.1957 0010955 358.6663   1.4543 15.23868079182915
VZLUSAT-1               
1 42790U 17036AB  20281.91578543  .00002110  00000-0  87633-4 0  9999
2 42790  97.2918 334.3787 0010280 356.1777   3.9381 15.24860494182987
ROBUSTA-1B              
1 42792U 17036AD  20281.88342655  .00001532  00000-0  65930-4 0  9993
2 42792  97.2896 333.4881 0010538 359.2753   0.8467 15.24071098182944
CICERO 6                
1 42793U 17036AE  20281.72437525  .00000948  00000-0  42766-4 0  9990
2 42793  97.2870 332.5885 0010044   3.4929 356.6377 15.23329416182958
D-SAT                   
1 42794U 17036AF  20281.82988635  .00000352  00000-0  35803-4 0  9998
2 42794  97.4855 308.8736 0125765 350.5903   9.2960 14.91333710179445
CORVUS BC2              
1 42846U 17042X   20281.90071951  .00000128  00000-0  17765-4 0  9994
2 42846  97.5049 160.2868 0008034 262.0588  97.9720 14.92146631176170
CORVUS BC1              
1 42847U 17042Y   20282.15698444  .00000288  00000-0  33467-4 0  9999
2 42847  97.5052 160.7212 0007704 260.1144  99.9207 14.92248504176212
MIRATA                  
1 43015U 17073C   20282.19612109  .00001645  00000-0  13074-3 0  9998
2 43015  97.7112 190.0970 0253778  40.9641 321.0333 14.79848926155895
MAKERSAT 0              
1 43016U 17073D   20281.24547180  .00001160  00000-0  93914-4 0  9994
2 43016  97.7147 189.3388 0256750  45.4005 316.7845 14.79356396155732
DELLINGR (RBLE)         
1 43021U 98067NJ  20281.81177040  .00025408  00000-0  17707-3 0  9995
2 43021  51.6339  64.3660 0000663 140.8677 219.2370 15.74175004164540
AEROCUBE 7B (OCSD B)    
1 43042U 17071F   20281.34188163  .00005789  00000-0  13197-3 0  9999
2 43042  51.6368 237.2291 0005144  94.7840 265.3734 15.44436833159664
AEROCUBE 7C (OCSD C)    
1 43043U 17071G   20281.60597072  .00005519  00000-0  12635-3 0  9999
2 43043  51.6369 236.0078 0005366  99.2346 260.9248 15.44412396159673
CHEFSAT                 
1 43044U 17071H   20282.12042504  .00011609  00000-0  20995-3 0  9998
2 43044  51.6364 214.2679 0005155 109.6105 250.5441 15.50149450160014
ASGARDIA 1              
1 43049U 17071N   20281.59786786  .00005003  00000-0  11541-3 0  9998
2 43049  51.6380 235.2914 0003051 109.4805 250.6512 15.44408114159689
ISARA                   
1 43050U 17071P   20282.11995220  .00009682  00000-0  18440-3 0  9996
2 43050  51.6346 217.8629 0003130 115.6823 244.4489 15.48886742159954
PROPCUBE 2 (FAUNA)      
1 43052U 17071R   20282.13122021  .00005960  00000-0  13337-3 0  9996
2 43052  51.6372 230.6185 0003060 109.3702 250.7616 15.44936052159782
CORVUS BC3              
1 43118U 18004H   20282.20446261  .00000860  00000-0  38963-4 0  9996
2 43118  97.4339 351.5056 0010866  25.4943 334.6828 15.23535441152169
MICROMAS-2A             
1 43131U 18004W   20281.75194613  .00002176  00000-0  88285-4 0  9995
2 43131  97.4394 353.2087 0009519  25.8476 334.3236 15.25664317152219
SPACEBEE-4              
1 43139U 18004AE  20281.88193127  .00003539  00000-0  13574-3 0  9998
2 43139  97.4433 354.8084 0008760  26.4412 333.7272 15.27129775152319
SPACEBEE-3              
1 43140U 18004AF  20281.75585729  .00004147  00000-0  15371-3 0  9992
2 43140  97.4453 355.5588 0008319  25.3797 334.7850 15.28165180152341
SPACEBEE-2              
1 43141U 18004AG  20281.84242352  .00004679  00000-0  17121-3 0  9990
2 43141  97.4468 355.9804 0008234  24.0722 336.0901 15.28520890152371
SPACEBEE-1              
1 43142U 18004AH  20281.84765683  .00005026  00000-0  18142-3 0  9999
2 43142  97.4473 356.3182 0008164  23.6268 336.5345 15.28935474152380
CICERO 7                
1 43143U 18004AJ  20281.75128519  .00002071  00000-0  84162-4 0  9994
2 43143  97.4370 353.3621 0008074  36.5143 323.6645 15.25673544152235
GOMX-4B                 
1 43196U 18015E   20281.86630913  .00000466  00000-0  21855-4 0  9998
2 43196  97.4533  49.6528 0020143  70.2338 290.1069 15.24462206149028
GOMX-4A                 
1 43197U 18015F   20282.14036378  .00001095  00000-0  47027-4 0  9994
2 43197  97.4535  50.0543 0020588  69.8850  34.6987 15.24678142149084
UBAKUSAT                
1 43467U 98067NQ  20282.08967412  .00071941  00000-0  31931-3 0  9997
2 43467  51.6334  59.2542 0001362 299.8062  60.2806 15.83702743137905
CUBERRT                 
1 43546U 98067NU  20281.60459985  .00032358  00000-0  16719-3 0  9999
2 43546  51.6317  63.5728 0001087 335.9452  24.1499 15.80791695127937
TEMPEST-D               
1 43547U 98067NV  20281.92116035  .00009502  00000-0  10374-3 0  9997
2 43547  51.6351 103.4668 0005032 119.7198 240.4298 15.64117083127117
RAINCUBE                
1 43548U 98067NW  20281.88987362  .00076371  00000-0  35318-3 0  9995
2 43548  51.6297  69.1375 0001787 216.3391 143.7491 15.82806829128015
HALOSAT                 
1 43549U 98067NX  20281.85081823  .00045594  00000-0  23492-3 0  9993
2 43549  51.6332  71.2719 0002165 197.0195 163.0734 15.80683872127541
ENDUROSAT ONE           
1 43551U 98067NZ  20281.81531402  .00750221  32635-3  68929-3 0  9991
2 43551  51.6233  48.0960 0008858 320.6282  39.4088 16.11709800128252
EQUISAT                 
1 43552U 98067PA  20281.85646752  .00074056  00000-0  34610-3 0  9994
2 43552  51.6299  68.2913 0002753 211.1081 148.9759 15.82591644127955
AEROCUBE 12A            
1 43556U 18046C   20281.72032187  .00001214  00000-0  53287-4 0  9992
2 43556  51.6402 286.0059 0008054 342.9150  17.1558 15.30142024124561
AEROCUBE 12B            
1 43557U 18046D   20282.19514419  .00001293  00000-0  56476-4 0  9998
2 43557  51.6419 284.6594 0008125 343.3057  16.7655 15.29820563124571
UITMSAT-1               
1 43589U 98067PD  20281.81732814  .00141534  18435-4  46321-3 0  9998
2 43589  51.6311  62.5404 0003759 273.0340  87.0236 15.90341845123767
MAYA-1                  
1 43590U 98067PE  20281.68337868  .00129432  17245-4  42439-3 0  9992
2 43590  51.6263  63.0800 0003424 272.4644  87.5970 15.90351417123676
BHUTAN-1                
1 43591U 98067PF  20281.63940352  .00130885  17422-4  42031-3 0  9995
2 43591  51.6324  62.9414 0003789 272.1935  87.8637 15.90750859123674
SIRIUSSAT-1             
1 43595U 98067PG  20281.83379568  .00053679  00000-0  23108-3 0  9995
2 43595  51.6332  70.1725 0000978 234.7676 125.8023 15.84464279122779
SIRIUSSAT-2             
1 43596U 98067PH  20282.28146205  .00101583  00000-0  43069-3 0  9992
2 43596  51.6267  68.7322 0001273 256.8890 103.3957 15.84532602122835
SURFSAT                 
1 43614U 18070B   20281.86252073  .00003707  00000-0  93708-4 0  9998
2 43614  93.0285 201.1222 0011999 261.1807  98.8089 15.39778366115779
CP7 (DAVE)              
1 43615U 18070C   20281.84056499  .00003498  00000-0  88942-4 0  9992
2 43615  93.0288 201.0963 0012164 260.9368  99.0510 15.39600089115765
ELFIN-B                 
1 43616U 18070D   20281.83928146  .00004904  00000-0  11816-3 0  9997
2 43616  93.0246 201.0795 0012350 262.1230  97.8624 15.41214445115821
ELFIN-A                 
1 43617U 18070E   20281.85724408  .00005657  00000-0  13515-3 0  9999
2 43617  93.0300 201.6946 0011773 257.4536 102.5402 15.41467849115838
CUBEBEL-1 (BSUSAT-1)    
1 43666U 18083E   20282.12745971  .00001254  00000-0  64071-4 0  9999
2 43666  97.4816 307.4516 0014331 335.0032 110.0405 15.18468974107716
CICERO 10               
1 43690U 18088A   20281.78244165  .00001217  00000-0  53964-4 0  9999
2 43690  85.0416   4.3007 0012658 255.7177 104.2658 15.20411415105824
IRVINE01                
1 43693U 18088D   20281.77335054  .00003394  00000-0  14073-3 0  9994
2 43693  85.0384   2.6404 0015829 232.5345 127.4459 15.23369758105940
PROXIMA I               
1 43694U 18088E   20281.77718922  .00001138  00000-0  47671-4 0  9999
2 43694  85.0359   2.5534 0017442 225.3374 134.6448 15.22160491105930
PROXIMA II              
1 43696U 18088G   20281.77530473  .00001148  00000-0  48098-4 0  9999
2 43696  85.0360   2.5596 0017484 225.3269 134.6549 15.22161265105922
FACSAT-1                
1 43721U 18096C   20282.16886983  .00001911  00000-0  73403-4 0  9997
2 43721  97.4130 355.1013 0019175  84.7565 333.6884 15.27529544103596
CENTAURI-2              
1 43722U 18096D   20281.74922115  .00002534  00000-0  94609-4 0  9992
2 43722  97.4130 355.0744 0019047  86.2965 274.0452 15.28158394103542
INNOSAT-2               
1 43738U 18096V   20282.12025111  .00003581  00000-0  12146-3 0  9990
2 43738  97.4163 357.8989 0024671  89.4636 358.0652 15.30905794103761
SIRION PATHFINDER-2     
1 43759U 18099B   20281.93309573 -.00000260  00000-0 -18391-4 0  9993
2 43759  97.6964 351.6204 0014600 161.9748 198.1995 14.95320044100745
CORVUS-BC 4             
1 43767U 18099K   20282.18378394  .00000625  00000-0  62688-4 0  9998
2 43767  97.6934 351.1534 0011261 163.4708 196.6881 14.94774509100740
MOVE-II                 
1 43780U 18099Y   20282.20265898  .00000762  00000-0  73899-4 0  9998
2 43780  97.6966 351.8555 0013890 172.1641 187.9799 14.95504745100760
SPACEBEE-7              
1 43816U 18099BL  20282.18739239  .00000099  00000-0  14009-4 0  9991
2 43816  97.6980 352.3001 0013974 157.2067 202.9778 14.95781042100343
SPACEBEE-5              
1 43817U 18099BM  20282.15750243  .00001666  00000-0  15142-3 0  9996
2 43817  97.7047 352.9113 0014029 156.0975 204.0900 14.96515869100361
SPACEBEE-6              
1 43818U 18099BN  20282.20215276  .00000788  00000-0  75284-4 0  9993
2 43818  97.6997 352.5128 0014109 157.0161 203.1694 14.96005621100500
SHIELDS 1               
1 43850U 18104B   20281.54063143  .00000559  00000-0  22981-4 0  9998
2 43850  85.0254 101.2505 0015804  26.5721 333.6327 15.21479040100518
STF-1                   
1 43852U 18104D   20281.82043220  .00001364  00000-0  58668-4 0  9991
2 43852  85.0295 101.6747 0015937  38.9365 321.3021 15.21496210100530
ZACUBE-2                
1 43907U 18111AH  20282.17015369  .00000704  00000-0  31077-4 0  9994
2 43907  97.2525 178.4632 0023068 103.5279  52.7502 15.24704310 99187
LUME 1                  
1 43908U 18111AJ  20281.76687655  .00001240  00000-0  51771-4 0  9991
2 43908  97.2524 178.3283 0022815 104.6792 255.6978 15.25254305 99141
AOBA VELOX-IV           
1 43940U 19003J   20281.83067201  .00002438  00000-0  98602-4 0  9999
2 43940  97.2159 329.2044 0023589 181.3811 178.7367 15.25399730 95770
CATSAT-2                
1 44029U 98067PV  20281.61749907  .00024887  00000-0  21126-3 0  9999
2 44029  51.6370 106.0117 0003626 166.0521 194.0577 15.69483809 96110
DELPHINI                
1 44030U 98067PW  20281.73762343  .00035407  00000-0  27835-3 0  9996
2 44030  51.6317 102.8826 0003581 168.2970 191.8112 15.71136731 96130
UNITE                   
1 44031U 98067PX  20281.82561739  .00015451  00000-0  16869-3 0  9995
2 44031  51.6363 114.8698 0003253 143.6779 216.4437 15.63556650 95985
CATSAT-1                
1 44033U 98067PZ  20281.74472320  .00024133  00000-0  20501-3 0  9990
2 44033  51.6372 105.3706 0003645 164.2185 195.8927 15.69485724 96048
RAAVANA-1               
1 44329U 98067QE  20281.82504198  .00014959  00000-0  18522-3 0  9991
2 44329  51.6376 129.9474 0005419  73.0370 287.1216 15.60300363 74530
UGUISU                  
1 44330U 98067QF  20281.84459845  .00016176  00000-0  20062-3 0  9998
2 44330  51.6356 130.0463 0005355  73.4861 286.6720 15.60185892 74519
NEPALISAT-1             
1 44331U 98067QG  20281.88039465  .00015549  00000-0  19218-3 0  9999
2 44331  51.6353 129.5378 0005398  76.3032 283.8562 15.60311814 74534
SPOOQY-1                
1 44332U 98067QH  20281.82814827  .00014766  00000-0  18391-3 0  9998
2 44332  51.6364 129.9467 0004660  79.9395 280.2123 15.60159496 74486
SPACEBEE-9              
1 44370U 19037F   20281.51718395  .00012073  00000-0  25490-3 0  9996
2 44370  45.0053 208.4416 0012439 131.2702 228.9262 15.45237608 71928
SPACEBEE-8              
1 44371U 19037G   20281.22682062  .00029062  00000-0  48431-3 0  9992
2 44371  45.0053 199.5333 0011527 141.0257 219.1468 15.51461571 72003
IOD-1 GEMS              
1 44385U 98067QK  20282.04318173  .00031384  00000-0  32580-3 0  9995
2 44385  51.6373 124.6995 0000943  46.2065 313.9008 15.64349599 72082
MOVE-IIB                
1 44398U 19038N   20281.89321338  .00001681  00000-0  99390-4 0  9999
2 44398  97.5478 241.7758 0026680  98.8528 261.5725 15.12569966 69571
SONATE                  
1 44400U 19038Q   20282.15782768  .00000743  00000-0  46666-4 0  9997
2 44400  97.5524 242.0413 0026791  97.2789 263.1493 15.12063271 69606
LUCKY-7                 
1 44406U 19038W   20281.88840820  .00000788  00000-0  48890-4 0  9996
2 44406  97.5527 241.9194 0026206  97.9896 262.4310 15.12350780 69565
BEESAT 9                
1 44412U 19038AC  20281.87970412  .00001034  00000-0  62808-4 0  9993
2 44412  97.5516 241.8944 0024235 103.2122 257.1815 15.12474493 69261
JAISAT-1                
1 44419U 19038F   20281.86407402  .00001046  00000-0  62696-4 0  9991
2 44419  97.5520 242.2287 0023114 102.1888 258.1933 15.12958823 69592
SWIATOWID               
1 44426U 98067QL  20282.05826685  .00036078  00000-0  34955-3 0  9997
2 44426  51.6381 122.9724 0001584  36.4853 100.1871 15.66018356 72121
KRAKSAT                 
1 44427U 98067QM  20282.02402745  .00010361  00000-0  14371-3 0  9999
2 44427  51.6406 134.0064 0002858  37.5283 112.6381 15.57676702 72012
VCC A                   
1 44428U 98067QN  20282.18730326  .00013340  00000-0  17072-3 0  9997
2 44428  51.6377 130.1653 0002094  58.9496 301.1702 15.59545964 72082
ENTRYSAT                
1 44429U 98067QP  20281.87719117  .00018830  00000-0  22479-3 0  9994
2 44429  51.6365 129.5507 0001543  57.0212 303.0930 15.61073165 72068
VCC C                   
1 44430U 98067QQ  20282.00110078  .00026503  00000-0  29067-3 0  9999
2 44430  51.6360 126.6345 0001418  87.8687 272.2470 15.63041844 70932
VCC B                   
1 44431U 98067QR  20281.79857521  .00013539  00000-0  17271-3 0  9995
2 44431  51.6365 132.0407 0002269  56.1498 303.9711 15.59616071 71961
ATL-1                   
1 44830U 19084G   20282.15079871  .03362721  22142-5  10822-2 0  9998
2 44830  96.9343 153.8911 0006151 197.4348 162.6735 16.26214137 48344
SMOG-P                  
1 44832U 19084J   20272.06303716  .11453400  23230-5  63587-3 0  9997
2 44832  96.9437 144.0914 0010614 231.8961 128.1384 16.41416157 46773
DUCHIFAT-3              
1 44854U 19089C   20281.99294646  .00000440  00000-0  41879-4 0  9995
2 44854  36.9655 153.2320 0009450 258.2395 101.7298 14.99148347 45196
EYESAT-NANO             
1 44877U 19092E   20281.61232353  .00001166  00000-0  62254-4 0  9996
2 44877  97.4576 103.0893 0013453 355.8293   4.2826 15.17034495 44598
ORBITAL FACTORY 2 (OF-2)
1 45113U 19071C   20281.89628857  .00001874  00000-0  67865-4 0  9994
2 45113  51.6424 180.2189 0013592 102.1351 258.1155 15.33777163 38382
M2 PATHFINDER           
1 45727U 20037E   20281.59830251  .00000696  00000-0  75476-4 0  9997
2 45727  97.7058  99.1095 0011544 288.4739  71.5207 14.91237224 14734
