EYESAT-1 (AO-27)        
1 22825U 93061C   18023.52601217  .00000015  00000-0  23475-4 0  9997
2 22825  98.8442 357.1668 0009276  52.9138 307.2890 14.30019979268899
CUTE-1 (CO-55)          
1 27844U 03031E   18023.02064669  .00000049  00000-0  42028-4 0  9992
2 27844  98.6887  33.8073 0010779  73.7907 286.4456 14.22090148755568
CUBESAT XI-IV (CO-57)   
1 27848U 03031J   18023.85463913  .00000034  00000-0  35161-4 0  9996
2 27848  98.6976  34.9763 0010729  80.6120 279.6270 14.21697542755555
CUBESAT XI 5            
1 28895U 05043F   18022.92359638  .00000143  00000-0  36165-4 0  9995
2 28895  97.8869 180.4452 0017242 164.6098 195.5633 14.63500707652395
CUTE-1.7+APD II (CO-65) 
1 32785U 08021C   18022.93980693  .00000193  00000-0  26644-4 0  9995
2 32785  97.5536  42.0099 0013743 154.4176 205.7725 14.88049521527501
COMPASS-1               
1 32787U 08021E   18023.55201230  .00000669  00000-0  69674-4 0  9997
2 32787  97.5399  52.7659 0013890 119.6699 240.5906 14.92892102528376
AAUSAT-II               
1 32788U 08021F   18023.04482354  .00000581  00000-0  59273-4 0  9997
2 32788  97.5370  55.4922 0013360 112.7159 247.5476 14.94197489528508
DELFI-C3 (DO-64)        
1 32789U 08021G   18022.72382135  .00001002  00000-0  73385-4 0  9997
2 32789  97.5321  81.1011 0013930  76.7883 283.4897 15.05691115529893
CANX-2                  
1 32790U 08021H   18023.02832000  .00000190  00000-0  26439-4 0  9999
2 32790  97.5531  40.3380 0014383 156.1653 204.0233 14.87760043527522
SEEDS II (CO-66)        
1 32791U 08021J   18023.53239206  .00000397  00000-0  46035-4 0  9998
2 32791  97.5463  47.5816 0014502 135.9012 224.3366 14.90451149527965
SWISSCUBE               
1 35932U 09051B   18022.96685430  .00000124  00000-0  38970-4 0  9999
2 35932  98.5227 170.8236 0006614 299.3786  60.6750 14.56113218442304
BEESAT                  
1 35933U 09051C   18023.62308135  .00000113  00000-0  36410-4 0  9993
2 35933  98.5266 172.9476 0004919 314.4893  45.5901 14.56222209442504
ITUPSAT 1               
1 35935U 09051E   18023.66518275  .00000094  00000-0  32783-4 0  9994
2 35935  98.5380 173.2452 0007179 305.7627  54.2901 14.55404895442307
TISAT 1                 
1 36799U 10035E   18022.93179466  .00000320  00000-0  38711-4 0  9990
2 36799  98.0851 155.5109 0011543 330.5898  29.4668 14.90674189408313
M-CUBED & EXP-1 PRIME   
1 37855U 11061F   18023.86810892  .00000561  00000-0  37010-4 0  9990
2 37855 101.7229  12.5564 0177899 149.1723 212.0082 15.03995842339953
HORYU 2                 
1 38340U 12025D   18023.02201266  .00000192  00000-0  36333-4 0  9995
2 38340  98.3747  39.6948 0010709 317.4318  42.6059 14.75487770305702
STRAND-1                
1 39090U 13009E   18023.56876021 -.00000000  00000-0  15319-4 0  9997
2 39090  98.5332 231.7119 0009452  13.4666 346.6769 14.35007636257081
BRITE-AUSTRIA           
1 39091U 13009F   18023.15607329  .00000001  00000-0  15723-4 0  9995
2 39091  98.5299 230.6230 0010900  21.3004 338.8633 14.35057620257047
UNIBRITE                
1 39092U 13009G   18022.89575045 -.00000011  00000-0  11589-4 0  9993
2 39092  98.5311 230.0378 0009687  16.4964 343.6534 14.34931676256987
AIST-2                  
1 39133U 13015D   18023.87311372  .00000085  00000-0  18681-4 0  9996
2 39133  64.8744 308.0275 0033932 245.1910 114.5679 15.04475333261491
SOMP                    
1 39134U 13015E   18023.88110619  .00001235  00000-0  68369-4 0  9995
2 39134  64.8624 233.5653 0028638 229.5961 130.2666 15.18738610262981
BEESAT-3                
1 39135U 13015F   18022.94453827  .00000742  00000-0  47930-4 0  9996
2 39135  64.8679 248.0943 0030971 253.0809 106.6921 15.16331543262232
BEESAT-2                
1 39136U 13015G   18023.85358119  .00000869  00000-0  55118-4 0  9993
2 39136  64.8684 247.5689 0029920 252.8216 106.9633 15.15817535262716
NEE-01 PEGASUS          
1 39151U 13018B   18023.80974423  .00000148  00000-0  26653-4 0  9992
2 39151  97.9781 118.9097 0018206  59.0663 301.2335 14.79844147256169
CUBEBUG-1 (CAPITAN BETO)
1 39153U 13018D   18023.79709804  .00000208  00000-0  34149-4 0  9997
2 39153  97.9810 119.9068 0018075  57.0945 303.2003 14.80329072256237
ESTCUBE 1               
1 39161U 13021C   18023.85507189  .00000153  00000-0  32317-4 0  9993
2 39161  98.0156 111.8746 0010098 151.0988 209.0773 14.72012408253219
POPACS 1                
1 39268U 13055D   18023.03396286  .00003045  00000-0  87606-4 0  9996
2 39268  81.0049 138.4028 0641668 293.8385  59.6819 14.33022548223655
POPACS 2                
1 39269U 13055E   18023.08265213  .00001726  00000-0  50293-4 0  9993
2 39269  81.0168 157.3778 0694537 343.2319  14.6880 14.21386100222528
POPACS 3                
1 39270U 13055F   18022.73694057  .00000968  00000-0  29428-4 0  9991
2 39270  81.0170 168.2508 0721530  15.6307 346.5911 14.14187750221798
ZACUBE-1 (TSHEPISOSAT)  
1 39417U 13066B   18022.63813378  .00000210  00000-0  33118-4 0  9995
2 39417  97.6044  58.9219 0057696 271.8478  87.6128 14.80863563225252
WNISAT-1                
1 39423U 13066H   18023.86183014  .00000087  00000-0  26403-4 0  9996
2 39423  97.7088 359.2595 0176936 108.0656 253.9911 14.52917008221279
TRITON-1                
1 39427U 13066M   18023.89911341  .00000195  00000-0  39258-4 0  9997
2 39427  97.6369  29.4382 0114199   2.4134 357.7599 14.67601467223413
GOMX 1                  
1 39430U 13066Q   18023.87654271  .00000258  00000-0  55330-4 0  9994
2 39430  97.6822  11.2813 0152991  66.3385 295.3789 14.59010155222111
BRITE-PL                
1 39431U 13066R   18022.89508937  .00000006  00000-0  11169-4 0  9996
2 39431  97.7381 346.5203 0203081 155.4627 205.6399 14.46902800220220
HUMSAT-D                
1 39433U 13066T   18023.69491516  .00000432  00000-0  48067-4 0  9991
2 39433  97.6251  84.9863 0030638 201.0547 158.9413 14.91726569226888
EAGLE 2                 
1 39436U 13066W   18023.86189313  .00055064  00000-0  77679-3 0  9993
2 39436  97.7112 148.3868 0005669 353.5076   6.6103 15.56409460230727
CUBEBUG-2 (LO-74)       
1 39440U 13066AA  18023.64013686  .00000189  00000-0  33595-4 0  9991
2 39440  97.6108  47.3997 0079368 305.5250  53.8576 14.75601649224606
NEE-02 KRYSAOR          
1 39441U 13066AB  18022.96070295  .00000123  00000-0  24848-4 0  9994
2 39441  97.6100  45.1505 0080916 312.3004  47.1366 14.74726590223215
FUNCUBE-1 (AO-73)       
1 39444U 13066AE  18022.64214713  .00000247  00000-0  37182-4 0  9999
2 39444  97.6058  60.2647 0056885 267.6384  91.8316 14.81626586224108
UWE-3                   
1 39446U 13066AG  18022.62421301  .00000212  00000-0  35123-4 0  9997
2 39446  97.6063  52.3248 0068910 290.8263  68.5578 14.78133986223025
BRITE-TORONTO           
1 40020U 14033L   18023.56875555  .00000091  00000-0  24225-4 0  9996
2 40020  97.8049 249.0536 0087297 346.4975  13.3895 14.66463038192388
DUCHIFAT-1              
1 40021U 14033M   18023.29544467  .00000466  00000-0  54015-4 0  9998
2 40021  97.9179 301.7540 0011824 300.1144  59.8900 14.90177662195379
FLOCK 1C-10             
1 40023U 14033P   18023.69612203  .00000295  00000-0  37328-4 0  9996
2 40023  97.9202 300.9442 0011852 308.4091  51.5590 14.89103525195316
NANOSATC-BR1            
1 40024U 14033Q   18023.73598252  .00000322  00000-0  39765-4 0  9997
2 40024  97.9123 300.7128 0011120 300.4221  59.5897 14.89459865195378
QB50P1                  
1 40025U 14033R   18023.29850873  .00000329  00000-0  41352-4 0  9991
2 40025  97.9093 298.9693 0011416 306.1334  53.8826 14.88622240195238
FLOCK 1C-7              
1 40026U 14033S   18023.80534630  .00001031  00000-0  11320-3 0  9991
2 40026  97.9219 302.0821 0010730 305.8583  54.2879 14.89850022195391
FLOCK 1C-1              
1 40027U 14033T   18023.72218356  .00001003  00000-0  11213-3 0  9997
2 40027  97.9222 301.2659 0012011 304.4168  55.5902 14.89166241195332
POPSAT-HIP-1            
1 40028U 14033U   18023.82053147  .00000450  00000-0  54454-4 0  9994
2 40028  97.9127 299.8331 0012785 303.3526  56.6462 14.88484372195295
FLOCK 1C-2              
1 40029U 14033V   18023.74750699  .00000377  00000-0  45823-4 0  9990
2 40029  97.9217 301.1285 0013128 301.3102  58.7371 14.89209358195327
FLOCK 1C-4              
1 40031U 14033X   18023.72012286  .00000839  00000-0  95057-4 0  9991
2 40031  97.9239 301.0408 0013421 297.6508  62.3030 14.89033128195304
QB50P2                  
1 40032U 14033Y   18023.21017689  .00000263  00000-0  34583-4 0  9996
2 40032  97.9055 297.7590 0010713 301.4873  58.5296 14.88171574195166
FLOCK 1C-11             
1 40033U 14033Z   18023.76468513 -.00000086  00000-0 -29291-5 0  9999
2 40033  97.9236 303.0378 0011068 291.4121  68.5152 14.90415880195448
ANTELSAT                
1 40034U 14033AA  18022.71824955  .00000230  00000-0  41961-4 0  9996
2 40034  97.8314 264.4853 0057920 307.4729  52.1220 14.73850826193258
FLOCK 1C-9              
1 40035U 14033AB  18023.32585829  .00001292  00000-0  14246-3 0  9993
2 40035  97.9234 301.1719 0011010 295.3205  64.6883 14.89241748195265
FLOCK 1C-6              
1 40036U 14033AC  18023.80152776  .00001217  00000-0  13417-3 0  9994
2 40036  97.9247 301.9206 0011053 294.5149  65.5925 14.89349431195359
PERSEUS-M2              
1 40037U 14033AD  18023.20813911  .00000108  00000-0  18496-4 0  9995
2 40037  97.9058 295.7291 0013317 308.7140  51.2884 14.86316771194991
FLOCK 1C-5              
1 40038U 14033AE  18023.20739184  .00001103  00000-0  12223-3 0  9992
2 40038  97.9258 301.0834 0013283 294.7457  65.2373 14.89318391195256
PERSEUS-M1              
1 40039U 14033AF  18023.19627032  .00000123  00000-0  20378-4 0  9991
2 40039  97.9060 295.1644 0013119 304.8269  55.1711 14.85939109194943
FLOCK 1C-8              
1 40040U 14033AG  18023.71522320  .00000559  00000-0  61975-4 0  9996
2 40040  97.9288 304.4772 0011585 276.4994  83.4366 14.91273262195496
FLOCK 1C-3              
1 40041U 14033AH  18023.81845974  .00000430  00000-0  51681-4 0  9992
2 40041  97.9210 301.3880 0012042 291.0147  69.0217 14.89001369195310
POLYITAN-1              
1 40042U 14033AJ  18023.18909150  .00000365  00000-0  45598-4 0  9997
2 40042  97.9166 298.9257 0013508 293.4462  66.5334 14.88287888195148
TIGRISAT                
1 40043U 14033AK  18022.84291161  .00000130  00000-0  26995-4 0  9996
2 40043  97.8293 265.2776 0059091 308.0746  51.5140 14.74087905192898
LEMUR-1                 
1 40044U 14033AL  18022.91798119  .00000149  00000-0  29915-4 0  9995
2 40044  97.8289 265.0289 0058256 309.1750  50.4291 14.73915594192786
AEROCUBE 6A             
1 40045U 14033AM  18023.21307483  .00000338  00000-0  56550-4 0  9995
2 40045  97.8439 267.4358 0057253 301.7012  57.8623 14.75045522193151
AEROCUBE 6B             
1 40046U 14033AN  18023.21338055  .00000326  00000-0  54930-4 0  9992
2 40046  97.8420 267.3374 0056265 301.0683  58.5011 14.75035830193293
UKUBE-1                 
1 40074U 14037F   18023.83585520  .00000300  00000-0  43477-4 0  9992
2 40074  98.3677 154.0048 0005965  67.4057 292.7801 14.83704542191898
BRITE-PL 2              
1 40119U 14049B   18023.19973407  .00000108  00000-0  19414-4 0  9999
2 40119  97.9252 112.8338 0018933  91.6681 268.6702 14.84243673185795
FIREBIRD 4              
1 40378U 15003C   18023.58595654  .00002228  00000-0  95486-4 0  9992
2 40378  99.1044 256.6322 0133031 351.6802   8.2219 15.16626244164407
GRIFEX                  
1 40379U 15003D   18023.61626604  .00001374  00000-0  64535-4 0  9999
2 40379  99.1085 253.4918 0139776   2.0554 358.1217 15.13888619164220
EXOCUBE                 
1 40380U 15003E   18023.17107558  .00001102  00000-0  54729-4 0  9997
2 40380  99.1134 251.2033 0144074   9.3390 351.0462 15.12184547164037
DEORBITSAIL             
1 40719U 15032E   18023.21476425  .00000373  00000-0  61023-4 0  9996
2 40719  97.9604 278.9615 0016881 150.8736 209.3419 14.76311227136787
TIANWANG 1C (TW-1C)     
1 40926U 15051B   18023.78231988  .00007488  00000-0  15102-3 0  9992
2 40926  97.2024  66.8805 0012685  85.6511   4.9698 15.46739268130975
TIANWANG 1B (TW-1B)     
1 40927U 15051C   18023.89147282  .00007187  00000-0  15098-3 0  9998
2 40927  97.2112  66.9006 0012448  94.9884  30.6511 15.45565753130910
TIANWANG 1A (TW-1A)     
1 40928U 15051D   18022.81950280  .00002765  00000-0  76334-4 0  9998
2 40928  97.2029  59.6192 0013859 121.7321 330.5898 15.37827571130432
LEMUR-2-JOEL            
1 40932U 15052C   18022.05686446  .00000903  00000-0  35077-4 0  9991
2 40932   6.0080 104.9865 0013237 127.5635 232.5896 14.77616152125432
LEMUR-2-CHRIS           
1 40933U 15052D   18022.03750727  .00000781  00000-0  18308-4 0  9996
2 40933   5.9967 103.8145 0013467 133.8871 225.9485 14.77767237125443
LEMUR-2-JEROEN          
1 40934U 15052E   18023.05094034 -.00101216  00000-0 -14310-1 0  9995
2 40934   6.0108 102.9692 0008665 125.4218 236.4358 14.77011567125495
LEMUR-2-PETER           
1 40935U 15052F   18022.09190452  .00000749  00000-0  15359-4 0  9994
2 40935   5.9982 111.9200 0009999 114.2091 246.6846 14.76885978125359
EXACTVIEW 9             
1 40936U 15052G   18023.72274961  .00000801  00000-0  23292-4 0  9998
2 40936   6.0029 103.6712 0009494 113.1263 247.2774 14.76342320125580
ATHENOXAT 1             
1 41168U 15077C   18023.76254641  .00001864  00000-0  66092-4 0  9995
2 41168  14.9864 357.0312 0012047 194.8323   3.5393 15.12398130116474
GALASSIA                
1 41170U 15077E   18023.11795344  .00001811  00000-0  62134-4 0  9992
2 41170  14.9900 356.9878 0013376 206.4369 153.5270 15.12811687116421
VELOX 2                 
1 41171U 15077F   18023.36448800  .00001561  00000-0  53045-4 0  9995
2 41171  14.9925  12.9329 0009147 156.5897 203.4840 15.10408837116303
AGGIESAT 4              
1 41313U 98067HP  18023.17482912  .00129391  18094-4  27586-3 0  9992
2 41313  51.6321 298.2022 0002298 166.2032 193.9040 15.98406106113773
HORYU-IV                
1 41340U 16012D   18022.74440142  .00000509  00000-0  32326-4 0  9995
2 41340  31.0045 152.3577 0013978  90.4983 269.7255 15.00865151106025
OUFTI-1                 
1 41458U 16025C   18023.84103281  .00000873  00000-0  50540-4 0  9993
2 41458  98.1544  78.8731 0170028 271.5969  86.5774 15.04168615 95734
E-ST@R-II               
1 41459U 16025D   18022.75939895  .00001968  00000-0  10794-3 0  9993
2 41459  98.1558  77.6221 0171183 275.6661  82.5058 15.03943611 95566
AAUSAT 4                
1 41460U 16025E   18023.73173606  .00002022  00000-0  11035-3 0  9995
2 41460  98.1510  78.9488 0161927 269.3506  88.9157 15.05200108 95758
DIWATA-1                
1 41463U 98067HT  18023.76919947  .00010233  00000-0  98692-4 0  9991
2 41463  51.6421 348.3749 0000233 123.9985 305.0756 15.67166793 99333
FLOCK 2E'-1             
1 41479U 98067HZ  18023.81063900  .00074745  00000-0  28919-3 0  9995
2 41479  51.6319 319.8702 0002113  99.4573 260.6670 15.86546866 96654
FLOCK 2E'-3             
1 41480U 98067JA  18023.11548011  .00055401  00000-0  23926-3 0  9992
2 41480  51.6250 324.1920 0001645  86.4534 273.6657 15.84382721 96524
FLOCK 2E-1              
1 41483U 98067JD  18023.20273495  .00038659  00000-0  20978-3 0  9996
2 41483  51.6345 328.7322 0001541  94.1933 265.9244 15.79623707 96333
FLOCK 2E-2              
1 41484U 98067JE  18023.85566400  .18749729  12492-4  73737-3 0  9998
2 41484  51.6059 312.5354 0003784 256.0915 104.5100 16.43905394 96608
FLOCK 2E-3              
1 41486U 98067JG  18022.88021966  .00037997  00000-0  18372-3 0  9995
2 41486  51.6300 330.2488 0001815 118.2382 241.8803 15.82148264 96303
FLOCK 2E-4              
1 41487U 98067JH  18023.24328637  .00197522  00000-0  69649-3 0  9996
2 41487  51.6275 326.6467 0005619 143.2824 216.8567 15.88003835 96383
FLOCK 2E-6              
1 41563U 98067JM  18022.87709097  .00313440  51015-4  69265-3 0  9991
2 41563  51.6277 329.4004 0004570 125.0597 235.0841 15.97472925 94384
FLOCK 2E-5              
1 41564U 98067JN  18023.38957146  .00028113  00000-0  18047-3 0  9995
2 41564  51.6284 333.7114 0001742  14.5800 345.5249 15.76012323 94366
FLOCK 2E-7              
1 41565U 98067JP  18023.07776975  .00056632  00000-0  23116-3 0  9991
2 41565  51.6266 322.4092 0000495 201.3497 158.7486 15.85552666 94387
FLOCK 2E'-5             
1 41567U 98067JR  18022.39470565  .00025368  00000-0  17472-3 0  9993
2 41567  51.6332 342.1350 0002196 262.0588  98.0162 15.74450331 94037
FLOCK 2E'-6             
1 41568U 98067JS  18023.09982236  .00044621  00000-0  24005-3 0  9998
2 41568  51.6293 330.9351 0000574 265.0541  95.0395 15.79747485 94275
FLOCK 2E'-8             
1 41569U 98067JT  18023.72296925  .00056811  00000-0  21629-3 0  9995
2 41569  51.6295 317.7492 0001706 121.0359 239.0813 15.86985429 94380
FLOCK 2E-10             
1 41572U 98067JW  18023.22820156  .00225409  00000-0  75147-3 0  9998
2 41572  51.6315 323.5299 0003442 175.7738 184.3297 15.89069082 94247
FLOCK 2E-12             
1 41573U 98067JX  18023.21260593  .00106489  00000-0  38084-3 0  9996
2 41573  51.6294 320.3354 0000366 136.8579 223.2454 15.88013094 94287
FLOCK 2E-11             
1 41574U 98067JY  18023.10128644  .00065235  00000-0  24754-3 0  9997
2 41574  51.6229 320.2077 0000491 290.1652  69.9299 15.86998403 94277
FLOCK 2E'-9             
1 41575U 98067JZ  18023.74021182  .00135431  18268-4  35862-3 0  9994
2 41575  51.6243 311.6558 0001896 128.5385 231.5792 15.94429476 94430
FLOCK 2E'-10            
1 41576U 98067KA  18023.80760118  .00255170  36415-4  65900-3 0  9994
2 41576  51.6277 315.3062 0002385 185.5604 174.5378 15.94674875 94295
FLOCK 2E'-11            
1 41577U 98067KB  18022.25824414  .00066152  00000-0  27142-3 0  9996
2 41577  51.6324 327.5748 0000641 201.4550 158.6427 15.85383526 93811
FLOCK 2E'-12            
1 41578U 98067KC  18023.79183423  .00168313  22530-4  38355-3 0  9991
2 41578  51.6207 311.9755 0003513 152.8071 207.3122 15.97092787 94156
FLOCK 2P-6              
1 41606U 16040H   18023.14166269  .00002170  00000-0  92835-4 0  9998
2 41606  97.4327  89.0107 0011052  32.0206 328.1701 15.23851179 88187
FLOCK 2P-11             
1 41608U 16040K   18023.14982655  .00002830  00000-0  12052-3 0  9990
2 41608  97.4322  88.9705 0011171  31.8689 328.3222 15.23751035 88124
FLOCK 2P-2              
1 41609U 16040L   18022.76785917  .00001921  00000-0  82604-4 0  9991
2 41609  97.4329  88.6000 0011086  32.7658 327.4264 15.23829070 88040
FLOCK 2P-9              
1 41610U 16040M   18022.91146472  .00001896  00000-0  81548-4 0  9994
2 41610  97.4327  88.6931 0011315  32.1672 328.0253 15.23830986 87949
FLOCK 2P-4              
1 41611U 16040N   18023.86015557  .00003041  00000-0  12895-3 0  9991
2 41611  97.4351  89.9081 0011457  37.8961 322.3080 15.23838790 88258
FLOCK 2P-10             
1 41612U 16040P   18022.91711478  .00001874  00000-0  80618-4 0  9993
2 41612  97.4360  89.0651 0011413  40.6650 319.5437 15.23836847 88112
FLOCK 2P-8              
1 41613U 16040Q   18023.39488086  .00002361  00000-0  10084-3 0  9994
2 41613  97.4352  89.4660 0011468  38.5955 321.6100 15.23825371 88180
FLOCK 2P-12             
1 41614U 16040R   18022.76426310  .00001414  00000-0  61646-4 0  9996
2 41614  97.4365  89.0080 0011294  41.0576 319.1509 15.23793619 88096
FLOCK 2P-7              
1 41615U 16040S   18022.73437291  .00000876  00000-0  39478-4 0  9993
2 41615  97.4354  88.8003 0011597  41.5710 318.6406 15.23636444 88089
FLOCK 2P-5              
1 41616U 16040T   18022.90673406  .00003357  00000-0  14217-3 0  9993
2 41616  97.4362  89.1231 0011192  40.2520 319.9544 15.23806063 88096
FLOCK 2P-1              
1 41617U 16040U   18023.15529682  .00002543  00000-0  10837-3 0  9998
2 41617  97.4365  89.4089 0011233  39.6734 320.5322 15.23824419 88153
FLOCK 2P-3              
1 41618U 16040V   18022.92322741  .00003068  00000-0  13012-3 0  9991
2 41618  97.4364  89.0960 0011133  40.7765 319.4303 15.23829860 88110
BEESAT-4                
1 41619U 16040W   18023.74915583  .00001302  00000-0  60572-4 0  9998
2 41619  97.4351  88.7854 0012256  24.4581 335.7234 15.21683990 76129
3CAT-2                  
1 41732U 16051B   18023.80251903  .00001228  00000-0  50976-4 0  9996
2 41732  97.3775 302.5961 0012400 209.1448 185.2441 15.25676449 80167
FLOCK 2E'-13            
1 41761U 98067KH  18023.14856366  .00051923  00000-0  39506-3 0  9998
2 41761  51.6345 357.0617 0006409  33.9978 326.1430 15.71723503 77346
FLOCK 2E'-14            
1 41762U 98067KJ  18023.85210219  .00014220  00000-0  13423-3 0  9997
2 41762  51.6374 354.3274 0005794  16.6493 343.4693 15.67311509 77442
FLOCK 2E'-16            
1 41763U 98067KK  18023.17398778  .00055755  00000-0  40289-3 0  9998
2 41763  51.6360 355.0282 0006128  49.2273 310.9256 15.72914621 77337
FLOCK 2E'-15            
1 41764U 98067KL  18023.18723639  .00013185  00000-0  12949-3 0  9991
2 41764  51.6377 358.8866 0005512  20.4846 339.6370 15.66399833 77282
FLOCK 2E'-18            
1 41769U 98067KM  18023.48342535  .00013307  00000-0  13035-3 0  9994
2 41769  51.6378 357.1078 0004755  41.1440 318.9914 15.66458353 77336
FLOCK 2E'-17            
1 41776U 98067KN  18023.17978471  .00047457  00000-0  37764-3 0  9990
2 41776  51.6364 357.3530 0006042  60.8228 299.3373 15.70695165 77292
FLOCK 2E'-19            
1 41777U 98067KP  18023.15468774  .00025269  00000-0  18765-3 0  9996
2 41777  51.6350 349.5633 0003791  48.6042 311.5282 15.72682169 77356
FLOCK 2E'-20            
1 41782U 98067KQ  18022.92578477  .00021667  00000-0  17316-3 0  9997
2 41782  51.6364 353.3490 0004054  41.4107 318.7197 15.71034589 77155
CANX-7                  
1 41788U 16059F   18023.80241156  .00006600  00000-0  11575-2 0  9993
2 41788  98.1951  89.8718 0035665 189.2811 170.7716 14.67659845 70910
ALSAT 1N                
1 41789U 16059G   18023.69172566  .00000090  00000-0  26188-4 0  9994
2 41789  98.1388  88.3719 0028308 179.0580 181.0691 14.64121426 70874
RAVAN                   
1 41849U 16067B   18023.76546550  .00000785  00000-0  72532-4 0  9991
2 41849  97.9328 110.3740 0007357 283.8225  76.2177 14.97518154 65516
CELTEE 1                
1 41850U 16067C   18023.75940656  .00000093  00000-0  13438-4 0  9999
2 41850  97.9319 110.0480 0007669 286.0232  74.0144 14.96729018 65494
OPTICUBE 04             
1 41851U 16067D   18023.77872521  .00000649  00000-0  62301-4 0  9997
2 41851  97.9322 110.0177 0007362 288.0020  72.0399 14.96611395 65497
AEROCUBE 8D             
1 41852U 16067E   18023.19497800  .00000340  00000-0  35323-4 0  9999
2 41852  97.9341 109.2894 0008206 290.9432  69.0910 14.96401856 65395
AEROCUBE 8C             
1 41853U 16067F   18023.20564594 -.00000200  00000-0 -12290-4 0  9992
2 41853  97.9338 109.2727 0008780 292.1350  67.8939 14.96364741 65395
PROMETHEUS 2-1          
1 41854U 16067G   18023.82158557  .00000140  00000-0  17756-4 0  9992
2 41854  97.9336 109.8776 0009243 287.7518  72.2693 14.96415333 65486
PROMETHEUS 2-3          
1 41855U 16067H   18023.22214654  .00000208  00000-0  23696-4 0  9993
2 41855  97.9338 109.2712 0009442 290.3135  69.7070 14.96410841 65398
LEMUR-2-XIAOQING        
1 41871U 16062C   18023.20131433  .00002892  00000-0  13244-3 0  9995
2 41871  51.6426 120.7857 0002144 302.2613  57.8163 15.23739687 64477
LEMUR-2-SOKOLSKY        
1 41872U 16062D   18023.63889582  .00000016  00000-0  14479-4 0  9996
2 41872  51.7014 119.0158 0002246 271.2130  88.8599 15.23679575 64532
LEMUR-2-ANUBHAVTHAKUR   
1 41873U 16062E   18022.69093253  .00001466  00000-0  77366-4 0  9998
2 41873  51.6387 125.4842 0003089 294.5515  65.5140 15.22115478 64346
LEMUR-2-WINGO           
1 41874U 16062F   18022.86648804  .00001825  00000-0  89716-4 0  9997
2 41874  51.6728 123.1020 0004537 267.1237  92.9222 15.23342715 64404
STARS-C                 
1 41895U 98067KR  18023.77104433  .00146906  19035-4  47386-3 0  9999
2 41895  51.6322 344.5681 0005645  94.5043 265.6607 15.90593248 62684
ITF-2                   
1 41932U 98067KU  18022.85649897  .00023182  00000-0  20710-3 0  9997
2 41932  51.6390   4.9640 0004767  22.1844 337.9358 15.68275415 57906
WASEDA-SAT3             
1 41933U 98067KV  18023.72848909  .00027750  00000-0  22178-3 0  9995
2 41933  51.6363 357.9648 0004638  30.8949 329.2321 15.70870450 58071
AOBA-VELOX 3            
1 41935U 98067KX  18022.41130076  .00030349  00000-0  25230-3 0  9991
2 41935  51.6382   5.7181 0004354  25.9449 334.1766 15.69870011 57954
FLOCK 3P-8              
1 41951U 17008D   18023.84508740  .00001577  00000-0  68392-4 0  9998
2 41951  97.4690  89.4226 0009592 132.9832 227.2211 15.23826160 52111
FLOCK 3P-51             
1 41952U 17008E   18022.76032516  .00001071  00000-0  47407-4 0  9995
2 41952  97.4697  88.4489 0009104 151.9181 208.2549 15.23836127 51965
FLOCK 3P-37             
1 41953U 17008F   18023.19693961  .00002659  00000-0  11123-3 0  9999
2 41953  97.4692  89.0802 0008325 154.0950 206.0705 15.24443383 52037
INS-1B                  
1 41954U 17008G   18023.49429615  .00001334  00000-0  60402-4 0  9990
2 41954  97.4662  88.5641 0010725 134.7719 225.4392 15.22593152 51983
FLOCK 3P-19             
1 41955U 17008H   18023.72759987  .00001653  00000-0  71535-4 0  9998
2 41955  97.4687  89.2546 0010368 133.6059 226.6040 15.23812689 52020
FLOCK 3P-24             
1 41956U 17008J   18023.84088378  .00002850  00000-0  11994-3 0  9993
2 41956  97.4677  89.4034 0010240 130.2002 230.0133 15.24169229 52123
FLOCK 3P-18             
1 41957U 17008K   18023.84678175  .00002211  00000-0  94062-4 0  9993
2 41957  97.4679  89.4007 0010314 131.6783 228.5339 15.24032149 51960
FLOCK 3P-22             
1 41958U 17008L   18022.61817612  .00000717  00000-0  32868-4 0  9994
2 41958  97.4689  88.1400 0010154 136.0306 224.1740 15.23659510 51769
FLOCK 3P-21             
1 41959U 17008M   18023.85624075  .00000758  00000-0  34571-4 0  9999
2 41959  97.4695  89.4185 0010073 133.6252 226.5822 15.23658507 51968
FLOCK 3P-28             
1 41960U 17008N   18023.85195610  .00001672  00000-0  72329-4 0  9998
2 41960  97.4691  89.4146 0009896 132.2061 228.0017 15.23813029 52042
FLOCK 3P-26             
1 41961U 17008P   18023.85763600  .00001560  00000-0  67654-4 0  9990
2 41961  97.4689  89.4028 0010076 131.6452 228.5649 15.23835181 51967
FLOCK 3P-17             
1 41962U 17008Q   18022.72366767  .00005126  00000-0  21477-3 0  9993
2 41962  97.4684  88.3161 0009692 138.1170 222.0810 15.23933803 51745
FLOCK 3P-27             
1 41963U 17008R   18023.14435588  .00001817  00000-0  78256-4 0  9990
2 41963  97.4689  88.6734 0010153 134.1900 226.0173 15.23848743 51857
FLOCK 3P-25             
1 41964U 17008S   18023.85519487  .00001596  00000-0  69129-4 0  9993
2 41964  97.4688  89.4007 0009879 132.4532 227.7542 15.23835271 51944
FLOCK 3P-4              
1 41965U 17008T   18022.79755874  .00002998  00000-0  12724-3 0  9993
2 41965  97.4689  88.3752 0009700 136.6247 223.5755 15.23840298 51881
FLOCK 3P-2              
1 41966U 17008U   18023.84947093  .00001428  00000-0  62228-4 0  9999
2 41966  97.4693  89.4282 0009687 131.9423 228.2641 15.23819017 51965
FLOCK 3P-1              
1 41967U 17008V   18022.76211302  .00002159  00000-0  92993-4 0  9991
2 41967  97.4695  88.2845 0009671 136.6859 223.5140 15.23653986 51792
FLOCK 3P-3              
1 41968U 17008W   18023.85332514  .00002283  00000-0  97714-4 0  9996
2 41968  97.4687  89.4117 0009774 132.3515 227.8551 15.23805807 51957
FLOCK 3P-6              
1 41969U 17008X   18023.84687713  .00001530  00000-0  66441-4 0  9997
2 41969  97.4693  89.4323 0009586 131.8114 228.3943 15.23818631 51954
FLOCK 3P-7              
1 41970U 17008Y   18023.76055895  .00001081  00000-0  47835-4 0  9997
2 41970  97.4694  89.3968 0009639 134.4536 225.7491 15.23821285 51944
FLOCK 3P-5              
1 41971U 17008Z   18023.84436966  .00001607  00000-0  69635-4 0  9995
2 41971  97.4695  89.4450 0009582 134.5094 225.6928 15.23828376 51896
FLOCK 3P-12             
1 41972U 17008AA  18023.84271763  .00001593  00000-0  69036-4 0  9997
2 41972  97.4693  89.4435 0009423 134.6959 225.5047 15.23837391 52049
FLOCK 3P-9              
1 41973U 17008AB  18023.84618170  .00001441  00000-0  62742-4 0  9994
2 41973  97.4695  89.4452 0009611 132.8074 227.3973 15.23824467 52046
FLOCK 3P-10             
1 41974U 17008AC  18023.70179095  .00001578  00000-0  68424-4 0  9992
2 41974  97.4697  89.3365 0009410 134.4186 225.7823 15.23830530 51908
FLOCK 3P-11             
1 41975U 17008AD  18023.84768919  .00001332  00000-0  58225-4 0  9993
2 41975  97.4695  89.4430 0009676 133.2610 226.9436 15.23817445 51817
FLOCK 3P-60             
1 41976U 17008AE  18022.83496771  .00001471  00000-0  63939-4 0  9998
2 41976  97.4699  88.5077 0009259 137.7306 222.4647 15.23850687 51143
FLOCK 3P-58             
1 41977U 17008AF  18023.84351065  .00001465  00000-0  63726-4 0  9994
2 41977  97.4694  89.4459 0009367 134.2195 225.9813 15.23822714 52123
FLOCK 3P-57             
1 41978U 17008AG  18022.91582989  .00001949  00000-0  83827-4 0  9994
2 41978  97.4696  88.5424 0009399 135.7771 224.4218 15.23812853 51821
FLOCK 3P-75             
1 41979U 17008AH  18023.83389516  .00001606  00000-0  69597-4 0  9996
2 41979  97.4714  89.5630 0009651 135.8090 224.3920 15.23826566 52117
FLOCK 3P-70             
1 41980U 17008AJ  18022.91293949  .00001887  00000-0  81237-4 0  9996
2 41980  97.4719  88.6529 0009508 138.1667 222.0298 15.23829874 51823
FLOCK 3P-73             
1 41981U 17008AK  18023.84199313  .00002860  00000-0  12157-3 0  9996
2 41981  97.4716  89.5575 0009819 136.3861 223.8154 15.23825857 52090
FLOCK 3P-88             
1 41982U 17008AL  18022.90958026  .00002621  00000-0  11160-3 0  9995
2 41982  97.4712  88.6455 0009544 138.4221 221.7743 15.23845738 50923
FLOCK 3P-85             
1 41983U 17008AM  18023.15702610  .00002482  00000-0  10572-3 0  9991
2 41983  97.4715  88.9375 0009423 140.8356 219.3565 15.23893360 51866
FLOCK 3P-79             
1 41984U 17008AN  18022.76385224  .00001173  00000-0  51610-4 0  9991
2 41984  97.4719  88.5426 0009117 141.1962 218.9931 15.23835942 51809
FLOCK 3P-86             
1 41985U 17008AP  18023.81607115  .00001127  00000-0  49742-4 0  9997
2 41985  97.4717  89.5816 0009172 137.4107 222.7843 15.23823850 51958
FLOCK 3P-36             
1 41986U 17008AQ  18023.42428976  .00001152  00000-0  50755-4 0  9995
2 41986  97.4702  89.1063 0008941 136.2842 223.9104 15.23840691 51381
FLOCK 3P-30             
1 41987U 17008AR  18022.82513490  .00002152  00000-0  92190-4 0  9995
2 41987  97.4698  88.5290 0008800 139.3698 220.8198 15.23839132 51767
FLOCK 3P-34             
1 41988U 17008AS  18023.82148147  .00001164  00000-0  51216-4 0  9996
2 41988  97.4697  89.4766 0009041 133.1391 227.0604 15.23841735 51443
FLOCK 3P-35             
1 41989U 17008AT  18023.16819198  .00001185  00000-0  52151-4 0  9997
2 41989  97.4696  88.8159 0009185 135.1812 225.0168 15.23815321 51345
FLOCK 3P-33             
1 41990U 17008AU  18023.42521077  .00001097  00000-0  48476-4 0  9991
2 41990  97.4698  89.0922 0008820 135.0796 225.1157 15.23841540 51380
LEMUR-2-SATCHMO         
1 41991U 17008AV  18023.72566714  .00001086  00000-0  49232-4 0  9991
2 41991  97.4686  89.1323 0008974 136.7594 223.4348 15.22970315 51417
LEMUR-2-MIA-GRACE       
1 41992U 17008AW  18023.40559871  .00001737  00000-0  75816-4 0  9993
2 41992  97.4691  88.9604 0008857 137.7509 222.4411 15.23459491 51373
LEMUR-2-SMITA-SHARAD    
1 41993U 17008AX  18023.76526935  .00001215  00000-0  54456-4 0  9996
2 41993  97.4685  89.2345 0008912 136.3420 223.8523 15.23143875 51423
LEMUR-2-SPIRE-MINIONS   
1 41994U 17008AY  18023.41487102  .00001737  00000-0  75939-4 0  9999
2 41994  97.4687  88.9378 0008926 137.0442 223.1493 15.23418277 51379
LEMUR-2-RDEATON         
1 41995U 17008AZ  18022.77152444  .00001291  00000-0  57553-4 0  9993
2 41995  97.4688  88.2700 0009599 152.3374 207.8375 15.23195791 51959
LEMUR-2-NOGUECORREIG    
1 41996U 17008BA  18023.72909845  .00001666  00000-0  72925-4 0  9991
2 41996  97.4695  89.2987 0009615 149.7232 210.4562 15.23425524 51327
LEMUR-2-JOBANPUTRA      
1 41997U 17008BB  18023.77036527  .00001410  00000-0  61957-4 0  9995
2 41997  97.4696  89.3992 0009593 149.3679 210.8119 15.23553003 51429
LEMUR-2-TACHIKOMA       
1 41998U 17008BC  18022.71523148  .00001295  00000-0  57912-4 0  9996
2 41998  97.4687  88.1892 0009496 152.9197 207.2537 15.23093906 51181
BGUSAT                  
1 41999U 17008BD  18022.88349741  .00002332  00000-0  99410-4 0  9992
2 41999  97.4698  88.6116 0009449 153.1549 207.0178 15.23927543 51294
DIDO-2                  
1 42000U 17008BE  18023.19614942  .00001016  00000-0  46375-4 0  9999
2 42000  97.4682  88.6109 0009509 152.0109 208.1640 15.22886609 51337
FLOCK 3P-49             
1 42001U 17008BF  18023.80654570  .00001358  00000-0  59333-4 0  9996
2 42001  97.4699  89.5060 0009167 150.2679 209.9081 15.23815361 51969
FLOCK 3P-67             
1 42002U 17008BG  18023.41074887  .00002603  00000-0  11033-3 0  9999
2 42002  97.4693  89.1082 0009070 150.6669 209.5079 15.24005971 52064
FLOCK 3P-68             
1 42003U 17008BH  18022.76234422  .00001276  00000-0  55872-4 0  9995
2 42003  97.4696  88.4374 0009201 151.4937 208.6805 15.23843502 51602
FLOCK 3P-41             
1 42004U 17008BJ  18023.80143926  .00001022  00000-0  45382-4 0  9994
2 42004  97.4694  89.4929 0009047 149.9348 210.2410 15.23825840 51958
FLOCK 3P-45             
1 42005U 17008BK  18022.81512834  .00002666  00000-0  11293-3 0  9991
2 42005  97.4693  88.5252 0008897 153.5813 206.5880 15.24013610 51962
FLOCK 3P-48             
1 42006U 17008BL  18023.14817137  .00001170  00000-0  51550-4 0  9993
2 42006  97.4701  88.8551 0008829 152.7899 207.3802 15.23812166 51806
FLOCK 3P-43             
1 42007U 17008BM  18022.68972916  .00000826  00000-0  37365-4 0  9994
2 42007  97.4700  88.3830 0008768 154.6463 205.5206 15.23706782 51940
FLOCK 3P-42             
1 42008U 17008BN  18023.40917976  .00001726  00000-0  74536-4 0  9992
2 42008  97.4694  89.0973 0008840 151.9728 208.1987 15.23845680 51984
FLOCK 3P-61             
1 42009U 17008BP  18022.88297509  .00001877  00000-0  80818-4 0  9994
2 42009  97.4696  88.5826 0008630 155.4985 204.6663 15.23841343 51950
FLOCK 3P-40             
1 42010U 17008BQ  18023.73047320  .00001451  00000-0  63143-4 0  9995
2 42010  97.4689  89.4159 0008654 153.6567 206.5112 15.23840108 51346
FLOCK 3P-16             
1 42011U 17008BR  18022.86536263  .00001994  00000-0  85732-4 0  9998
2 42011  97.4691  88.5844 0008208 156.3647 203.7969 15.23807396 51155
FLOCK 3P-14             
1 42012U 17008BS  18023.84964823  .00001753  00000-0  75585-4 0  9993
2 42012  97.4699  89.5868 0008529 155.5133 204.6511 15.23884844 51929
FLOCK 3P-53             
1 42013U 17008BT  18022.73739749  .00001401  00000-0  61079-4 0  9991
2 42013  97.4689  88.4313 0008197 156.7153 203.4457 15.23831400 51755
FLOCK 3P-54             
1 42014U 17008BU  18023.85720438  .00003146  00000-0  13345-3 0  9991
2 42014  97.4688  89.5581 0008299 154.2691 205.8960 15.23831803 52097
PEASSS                  
1 42015U 17008BV  18023.83944676  .00001136  00000-0  50419-4 0  9993
2 42015  97.4675  89.5453 0007275 154.6348 205.5247 15.23627700 51934
AL-FARABI 1             
1 42016U 17008BW  18023.40704545  .00001568  00000-0  67796-4 0  9991
2 42016  97.4681  89.2191 0007144 156.3385 203.8182 15.23949364 51991
NAYIF-1 (EO-88)         
1 42017U 17008BX  18022.87813036  .00001522  00000-0  65851-4 0  9998
2 42017  97.4680  88.6974 0007040 158.1506 202.0033 15.23967462 51932
FLOCK 3P-23             
1 42018U 17008BY  18023.65895351  .00003072  00000-0  13031-3 0  9990
2 42018  97.4685  89.1974 0010000 132.5341 227.6742 15.23832686 50867
FLOCK 3P-76             
1 42019U 17008BZ  18023.16610712  .00001323  00000-0  57832-4 0  9998
2 42019  97.4721  88.9354 0009558 138.8474 221.3485 15.23827619 51855
FLOCK 3P-69             
1 42020U 17008CA  18023.82124340  .00001073  00000-0  47485-4 0  9995
2 42020  97.4720  89.5906 0009475 135.8390 224.3605 15.23828655 50844
FLOCK 3P-84             
1 42021U 17008CB  18023.83158833  .00001447  00000-0  62983-4 0  9996
2 42021  97.4715  89.5572 0009842 135.8890 224.3134 15.23832940 51964
FLOCK 3P-59             
1 42022U 17008CC  18022.91011250  .00002588  00000-0  10995-3 0  9998
2 42022  97.4692  88.5517 0009212 138.6925 221.5010 15.23942869 50848
FLOCK 3P-32             
1 42023U 17008CD  18022.91677159  .00001965  00000-0  84463-4 0  9995
2 42023  97.4697  88.5463 0009242 135.5432 224.6548 15.23824760 51981
FLOCK 3P-71             
1 42024U 17008CE  18022.86845891  .00002365  00000-0  10105-3 0  9996
2 42024  97.4716  88.5721 0009500 140.3931 219.8001 15.23829340 50849
FLOCK 3P-77             
1 42025U 17008CF  18023.16742128  .00001147  00000-0  50590-4 0  9990
2 42025  97.4718  88.9220 0009477 139.0949 221.1000 15.23813070 51868
FLOCK 3P-80             
1 42026U 17008CG  18023.41096430  .00003148  00000-0  13298-3 0  9993
2 42026  97.4714  89.2034 0009109 138.4571 221.7360 15.23963716 50045
FLOCK 3P-66             
1 42027U 17008CH  18023.81249968  .00001565  00000-0  67863-4 0  9993
2 42027  97.4698  89.4978 0009280 147.5656 212.6153 15.23837768 52072
FLOCK 3P-65             
1 42028U 17008CJ  18023.15386449  .00001055  00000-0  46734-4 0  9995
2 42028  97.4699  88.8461 0009109 150.0496 210.1264 15.23825032 51879
FLOCK 3P-50             
1 42029U 17008CK  18023.15040213  .00001210  00000-0  53183-4 0  9991
2 42029  97.4702  88.8605 0008897 151.8884 208.2835 15.23826671 51195
FLOCK 3P-52             
1 42030U 17008CL  18023.15251252  .00001748  00000-0  75473-4 0  9992
2 42030  97.4698  88.8428 0008971 151.4190 208.7540 15.23837645 51969
FLOCK 3P-46             
1 42031U 17008CM  18023.41010882  .00001807  00000-0  77951-4 0  9993
2 42031  97.4695  89.1013 0008928 151.2535 208.9195 15.23818447 52030
FLOCK 3P-47             
1 42032U 17008CN  18023.80586073  .00001346  00000-0  58834-4 0  9994
2 42032  97.4693  89.4894 0008914 150.3330 209.8414 15.23814930 51943
FLOCK 3P-44             
1 42033U 17008CP  18022.75164795  .00000874  00000-0  39382-4 0  9993
2 42033  97.4700  88.4597 0008864 156.5197 203.6447 15.23688202 50538
FLOCK 3P-64             
1 42034U 17008CQ  18023.34080492  .00001866  00000-0  80348-4 0  9991
2 42034  97.4693  89.0320 0008699 153.7192 206.4488 15.23833585 52041
FLOCK 3P-63             
1 42035U 17008CR  18022.81328801  .00002102  00000-0  90184-4 0  9995
2 42035  97.4691  88.5056 0008613 155.3511 204.8139 15.23817049 49935
FLOCK 3P-62             
1 42036U 17008CS  18022.91865934  .00002673  00000-0  11297-3 0  9990
2 42036  97.4690  88.6782 0008653 156.6728 203.4903 15.24090937 51151
FLOCK 3P-38             
1 42037U 17008CT  18023.73121940  .00003082  00000-0  13077-3 0  9997
2 42037  97.4690  89.4261 0008463 152.9555 207.2124 15.23833915 52056
FLOCK 3P-39             
1 42038U 17008CU  18022.94093122  .00001976  00000-0  84964-4 0  9994
2 42038  97.4686  88.6280 0008591 155.8991 204.2650 15.23811449 51881
FLOCK 3P-15             
1 42039U 17008CV  18023.14295940  .00001716  00000-0  74120-4 0  9995
2 42039  97.4691  88.8314 0008507 154.9133 205.2519 15.23841247 51191
FLOCK 3P-13             
1 42040U 17008CW  18023.85992939  .00001249  00000-0  54924-4 0  9998
2 42040  97.4698  89.5688 0008443 153.6571 206.5097 15.23740665 51291
FLOCK 3P-55             
1 42041U 17008CX  18023.83817973  .00003058  00000-0  12985-3 0  9991
2 42041  97.4691  89.5913 0008163 156.7700 203.3907 15.23815594 52136
FLOCK 3P-56             
1 42042U 17008CY  18023.86102036  .00002418  00000-0  10169-3 0  9993
2 42042  97.4687  89.6975 0008076 155.6605 204.5015 15.24354143 51935
FLOCK 3P-81             
1 42043U 17008CZ  18023.15973073  .00001238  00000-0  54253-4 0  9995
2 42043  97.4718  88.9325 0009388 140.1436 220.0492 15.23885386 51209
FLOCK 3P-87             
1 42044U 17008DA  18022.90901477  .00001710  00000-0  73922-4 0  9996
2 42044  97.4714  88.6371 0009574 138.5810 221.6154 15.23813398 51316
FLOCK 3P-29             
1 42045U 17008DB  18023.76409612  .00001563  00000-0  67758-4 0  9992
2 42045  97.4696  89.4041 0009374 133.1359 227.0664 15.23846774 51293
FLOCK 3P-82             
1 42046U 17008DC  18022.90238524  .00002583  00000-0  10943-3 0  9996
2 42046  97.4711  88.6542 0009547 139.3266 220.8686 15.24026989 51212
FLOCK 3P-78             
1 42047U 17008DD  18023.69554687  .00001362  00000-0  59449-4 0  9994
2 42047  97.4716  89.4368 0009542 136.0252 224.1746 15.23838635 51264
FLOCK 3P-74             
1 42048U 17008DE  18023.70611984  .00002326  00000-0  99431-4 0  9997
2 42048  97.4716  89.4342 0009863 137.0125 223.1885 15.23821380 51265
FLOCK 3P-31             
1 42049U 17008DF  18023.70751445  .00001431  00000-0  62331-4 0  9990
2 42049  97.4696  89.3286 0009442 134.4690 225.7321 15.23822426 50725
FLOCK 3P-83             
1 42050U 17008DG  18022.92074304  .00002691  00000-0  11461-3 0  9993
2 42050  97.4712  88.6299 0009659 140.0900 220.1049 15.23817188 51871
FLOCK 3P-72             
1 42051U 17008DH  18023.69064734  .00000708  00000-0  32527-4 0  9999
2 42051  97.4724  89.4633 0009332 136.7547 223.4424 15.23652338 49585
LEMUR-2-REDFERN-GOES    
1 42059U 98067LA  18023.17763811  .00026349  00000-0  24083-3 0  9992
2 42059  51.6370   6.3103 0006774  44.5662 315.5878 15.67617944 50404
LEMUR-2-TRUTNA          
1 42067U 98067LC  18023.77218803  .00053393  00000-0  27150-3 0  9990
2 42067  51.6425 352.2098 0005335  61.7423 298.4117 15.80888948 50479
LEMUR-2-AUSTINTACIOUS   
1 42068U 98067LD  18023.17931874  .00031442  00000-0  26082-3 0  9999
2 42068  51.6378   4.0683 0006265  39.2816 320.8635 15.69891338 50365
LEMUR-2-TRUTNAHD        
1 42069U 98067LE  18023.16836140  .00028338  00000-0  25001-3 0  9999
2 42069  51.6380   5.5229 0006135  44.0200 316.1285 15.68449984 50395
HAVELSAT                
1 42700U 98067LH  18023.81218603  .00019011  00000-0  20018-3 0  9992
2 42700  51.6386   9.0783 0005771  67.3627 292.7978 15.64297067 39375
SOMP 2                  
1 42701U 98067LJ  18023.35061764  .00021790  00000-0  23360-3 0  9996
2 42701  51.6383  11.9954 0005733  65.5286 294.6306 15.63737313 39282
COLUMBIA                
1 42702U 98067LK  18023.73820919  .00145595  00000-0  60367-3 0  9992
2 42702  51.6306 357.9463 0006560  81.4241 278.7505 15.84820962 39430
SGSAT                   
1 42703U 98067LL  18023.20904671  .00068560  00000-0  46359-3 0  9994
2 42703  51.6341   5.7209 0003502  44.7616 315.3665 15.74395272 39274
CXBN-2                  
1 42704U 98067LM  18022.58333964  .00021478  00000-0  22931-3 0  9993
2 42704  51.6389  15.8781 0002421  22.6549 337.4552 15.63865611 39090
ICECUBE                 
1 42705U 98067LN  18023.36363811  .00039888  00000-0  37084-3 0  9994
2 42705  51.6423   9.8779 0002699  29.1755 330.9391 15.66996032 39306
PHOENIX                 
1 42706U 98067LP  18023.33841784  .00019071  00000-0  20614-3 0  9995
2 42706  51.6385  11.9174 0001873  43.1421 316.9720 15.63637202 39203
X-CUBESAT               
1 42707U 98067LQ  18023.37341276  .00025758  00000-0  26840-3 0  9997
2 42707  51.6366  11.3770 0002128  43.1168 316.9994 15.64366476 39207
QBEE50-LTU-OC           
1 42708U 98067LR  18023.32987674  .00023611  00000-0  24991-3 0  9992
2 42708  51.6381  11.8465 0002105  42.7544 317.3614 15.64022965 39159
ALTAIR PATHFINDER       
1 42711U 98067LS  18023.58287878  .00011281  00000-0  13931-3 0  9995
2 42711  51.6385  13.5432 0004217  10.5090 349.5991 15.60676468 38866
SHARC                   
1 42712U 98067LT  18023.82722252  .00009946  00000-0  12779-3 0  9997
2 42712  51.6401  12.9517 0002652  24.4977 335.6142 15.59787787 39132
ZA-AEROSAT              
1 42713U 98067LU  18023.32220247  .00019512  00000-0  21983-3 0  9997
2 42713  51.6379  13.3040 0002511  12.6972 347.4085 15.62551400 38840
LINK                    
1 42714U 98067LV  18023.58157588  .00028511  00000-0  26714-3 0  9999
2 42714  51.6353   9.0004 0002821  23.5409 336.5716 15.66975581 39031
CSUNSAT 1               
1 42715U 98067LW  18023.82418592  .00016894  00000-0  18938-3 0  9992
2 42715  51.6389  10.6607 0004229   4.8034 355.3000 15.62792964 38928
UPSAT                   
1 42716U 98067LX  18022.96723587  .00026701  00000-0  26159-3 0  9992
2 42716  51.6378  12.4279 0004350  65.3784 294.7664 15.65896036 38954
SPACECUBE               
1 42717U 98067LY  18023.79740932  .00018393  00000-0  19669-3 0  9994
2 42717  51.6376   9.7228 0004341  68.2459 291.8998 15.63935339 38302
HOOPOE                  
1 42718U 98067LZ  18023.79557605  .00021196  00000-0  21687-3 0  9996
2 42718  51.6383   8.9617 0004325  66.0899 294.0549 15.64952038 38314
CHALLENGER              
1 42721U 98067MA  18023.48667696  .00040752  00000-0  35315-3 0  9990
2 42721  51.6364   8.3653 0006638  51.7367 308.4226 15.68695311 37998
NJUST-1                 
1 42722U 98067MB  18023.82376352  .00014814  00000-0  17207-3 0  9995
2 42722  51.6385  11.4055 0007003  52.2125 307.9502 15.61976198 37986
UNSW-ECO                
1 42723U 98067MC  18023.57431537  .00023133  00000-0  23524-3 0  9998
2 42723  51.6392  10.4945 0006603  50.6536 309.5043 15.65034658 37950
DUTHSAT                 
1 42724U 98067MD  18023.78539848  .00033127  00000-0  29568-3 0  9994
2 42724  51.6369   7.3793 0005923  54.5184 305.6365 15.68079283 37935
LILACSAT-1              
1 42725U 98067ME  18023.83363808  .00019099  00000-0  21084-3 0  9999
2 42725  51.6386  10.7229 0006051  54.2329 305.9227 15.63080903 37899
NSIGHT-1                
1 42726U 98067MF  18023.37769842  .00009949  00000-0  13101-3 0  9991
2 42726  51.6400  15.9443 0006445  54.9794 305.1803 15.59120402 37797
SNUSAT-1                
1 42727U 98067MG  18023.83713150  .00018591  00000-0  20586-3 0  9992
2 42727  51.6372  10.7205 0007335  20.0223 340.1058 15.63014382 37868
QBITO                   
1 42728U 98067MH  18023.38263276  .00025668  00000-0  27248-3 0  9997
2 42728  51.6403  12.2366 0003835  57.7093 302.4272 15.63890968 37649
AALTO-2                 
1 42729U 98067MJ  18023.50614732  .00022033  00000-0  23393-3 0  9999
2 42729  51.6385  11.5389 0003777  57.4230 302.7129 15.63986434 37672
SUSAT                   
1 42730U 98067MK  18023.47554092  .00019889  00000-0  21617-3 0  9991
2 42730  51.6380  12.0758 0003825  55.6094 304.5261 15.63460269 37655
I-INSPIRE II            
1 42731U 98067ML  18023.80403523  .00025562  00000-0  25546-3 0  9991
2 42731  51.6375   8.9957 0006330  10.1921 349.9202 15.65410959 37778
POLYITAN-2-SAU          
1 42732U 98067MM  18023.80983646  .00020567  00000-0  21679-3 0  9994
2 42732  51.6380   9.7945 0006397   8.3357 351.7743 15.64207157 37769
SNUSAT-1B               
1 42733U 98067MN  18023.79646107  .00018077  00000-0  19699-3 0  9993
2 42733  51.6381  10.4606 0006526   9.8934 350.2188 15.63453983 37750
EXALTA-1                
1 42734U 98067MP  18023.36281245  .00031195  00000-0  31032-3 0  9996
2 42734  51.6366  11.2995 0007874  29.3096 330.8340 15.65398983 37650
AOXIANG-1               
1 42735U 98067MQ  18023.87456233  .00015176  00000-0  17495-3 0  9992
2 42735  51.6380  10.9844 0007467  49.5792 310.5852 15.62147026 39125
BEEAGLESAT              
1 42736U 98067MR  18023.32481977  .00020579  00000-0  22890-3 0  9994
2 42736  51.6378  13.3107 0007321  46.5884 313.5719 15.62820568 37739
ATLANTIS                
1 42737U 98067MS  18023.83137534  .00105117  00000-0  57038-3 0  9992
2 42737  51.6295   0.8296 0006898  59.0178 301.1500 15.79179954 37837
LEMUR-2-ANGELA          
1 42752U 17019B   18023.47284440  .00000928  00000-0  45651-4 0  9999
2 42752  51.6418  64.6281 0010941  51.8891 308.3074 15.28534168 34972
LEMUR-2-JENNYBARNA      
1 42753U 17019C   18023.70415946  .00002488  00000-0  99701-4 0  9991
2 42753  51.6415  63.1809 0010635  52.2569 307.9373 15.28945590 34968
LEMUR-2-ROBMOORE        
1 42754U 17019D   18023.74549820  .00000662  00000-0  36306-4 0  9999
2 42754  51.6421  63.4430 0010938  54.8003 305.3999 15.28457854 34996
LEMUR-2-SPIROVISION     
1 42755U 17019E   18023.58767875  .00002795  00000-0  11080-3 0  9994
2 42755  51.6398  63.8927 0010650  54.7568 305.4407 15.28841086 34866
UCLSAT                  
1 42765U 17036A   18023.79975171  .00001217  00000-0  57181-4 0  9998
2 42765  97.4220  85.8519 0011003 216.3473 143.7017 15.21454913 32752
LITUANICASAT-2          
1 42768U 17036D   18023.40567836  .00002174  00000-0  10165-3 0  9997
2 42768  97.4226  85.1687 0015374 208.0146 152.0263 15.20749839 32557
LEMUR-2-SHAINAJOHL      
1 42771U 17036G   18023.79332959  .00001383  00000-0  66031-4 0  9994
2 42771  97.4223  85.5619 0014539 205.9279 154.1229 15.20635326 32552
LEMUR-2-XUENITERENCE    
1 42772U 17036H   18023.85287650  .00001426  00000-0  67930-4 0  9996
2 42772  97.4222  85.6340 0014184 205.2024 154.8521 15.20680478 32562
LEMUR-2-LUCYBRYCE       
1 42773U 17036J   18022.84688818  .00001890  00000-0  88433-4 0  9992
2 42773  97.4229  84.6919 0013965 208.2527 151.7952 15.20907265 32412
LEMUR-2-KUNGFOO         
1 42774U 17036K   18022.92209443  .00001505  00000-0  71365-4 0  9994
2 42774  97.4225  84.7463 0013868 208.1900 151.8586 15.20748744 32419
AALTO-1                 
1 42775U 17036L   18023.39352488  .00000876  00000-0  43200-4 0  9992
2 42775  97.4218  85.1752 0013617 205.4679 154.5887 15.20478353 32491
URSA MAIOR              
1 42776U 17036M   18022.92605981  .00000913  00000-0  44807-4 0  9996
2 42776  97.4222  84.7395 0013442 207.2764 152.7767 15.20541100 32427
COMPASS 2               
1 42777U 17036N   18022.92774335  .00001652  00000-0  77003-4 0  9992
2 42777  97.4237  84.9201 0012389 210.9930 149.0576 15.21223616 32424
LEMUR-2-LYNSEY-SYMO     
1 42779U 17036Q   18022.69560483  .00001913  00000-0  87960-4 0  9998
2 42779  97.4233  84.7507 0011779 218.2889 141.7512 15.21524404 32388
LEMUR-2-LISASAURUS      
1 42780U 17036R   18023.16345325  .00001566  00000-0  72827-4 0  9999
2 42780  97.4226  85.1844 0011687 216.7320 143.3116 15.21392633 32466
LEMUR-2-SAM-AMELIA      
1 42781U 17036S   18023.74213107  .00001720  00000-0  79303-4 0  9994
2 42781  97.4229  85.7859 0011696 214.8291 145.2181 15.21562152 32545
LEMUR-2-MCPEAKE         
1 42782U 17036T   18022.75129615  .00001679  00000-0  77418-4 0  9993
2 42782  97.4231  84.8246 0011456 217.6495 142.3940 15.21588620 32392
DIAMOND RED             
1 42783U 17036U   18023.10716099  .00001049  00000-0  50184-4 0  9994
2 42783  97.4221  85.1008 0011551 218.9322 141.1083 15.21145650 32455
PEGASUS                 
1 42784U 17036V   18023.75446463  .00001238  00000-0  58412-4 0  9993
2 42784  97.4222  85.7666 0011518 216.5661 143.4790 15.21289055 32555
DIAMOND GREEN           
1 42785U 17036W   18023.10631393  .00001053  00000-0  50345-4 0  9993
2 42785  97.4224  85.1084 0011431 219.4990 140.5413 15.21144825 32440
DIAMOND BLUE            
1 42786U 17036X   18023.10530155  .00001034  00000-0  49524-4 0  9994
2 42786  97.4224  85.1084 0011267 219.7422 140.2990 15.21140176 32443
NUDTSAT                 
1 42787U 17036Y   18023.65363749  .00001576  00000-0  72640-4 0  9994
2 42787  97.4249  85.7516 0010502 223.2157 136.8179 15.21702259 32382
SUCHAI                  
1 42788U 17036Z   18022.74761664  .00001413  00000-0  65828-4 0  9992
2 42788  97.4223  84.8189 0011070 220.3370 139.7046 15.21493993 32474
SKCUBE                  
1 42789U 17036AA  18022.74487855  .00001345  00000-0  62832-4 0  9996
2 42789  97.4222  84.8196 0010912 220.2962 139.7466 15.21485810 32398
VZLUSAT-1               
1 42790U 17036AB  18022.92215475  .00001743  00000-0  79931-4 0  9995
2 42790  97.4222  85.0376 0010621 219.7864 140.2595 15.21732574 32420
ROBUSTA-1B              
1 42792U 17036AD  18023.77893579  .00001266  00000-0  59096-4 0  9998
2 42792  97.4219  85.8743 0010548 217.2088 142.8418 15.21622947 32562
CICERO 6                
1 42793U 17036AE  18023.17277387  .00000836  00000-0  40099-4 0  9991
2 42793  97.4215  85.3036 0009551 220.0871 139.9661 15.21600692 32541
D-SAT                   
1 42794U 17036AF  18022.79870527  .00000242  00000-0  26489-4 0  9992
2 42794  97.6138  82.7870 0128338  46.4301 314.7487 14.90767056 32067
TOKI                    
1 42820U 98067MU  18023.18824202  .00017999  00000-0  20729-3 0  9995
2 42820  51.6379  15.4001 0003040 358.1193   1.9789 15.62044431 31151
GHANASAT-1              
1 42821U 98067MV  18023.20526544  .00016804  00000-0  19589-3 0  9993
2 42821  51.6379  15.5140 0003073   1.4666 358.6336 15.61785695 31137
MAZAALAI (NUMSAT-1)     
1 42822U 98067MW  18023.20187129  .00017588  00000-0  20398-3 0  9996
2 42822  51.6380  15.4931 0003138   3.2322 356.8691 15.61881041 31134
BRAC ONNESHA            
1 42823U 98067MX  18023.20336753  .00017896  00000-0  20720-3 0  9997
2 42823  51.6386  15.5118 0006180  13.2044 346.9111 15.61898865 31130
NIGERIAEDUSAT-1         
1 42824U 98067MY  18023.21357822  .00017326  00000-0  20168-3 0  9993
2 42824  51.6392  15.5871 0006046  13.8819 346.2340 15.61786336 31126
LEMUR-2-GREENBERG       
1 42837U 17042N   18023.79819945  .00000525  00000-0  58072-4 0  9992
2 42837  97.6081 291.6281 0012467 324.2388  35.7995 14.91301298 28833
LEMUR-2-ANDIS           
1 42838U 17042P   18023.52711876  .00000555  00000-0  61060-4 0  9992
2 42838  97.6080 291.3720 0012581 325.0556  34.9836 14.91323509 28790
LEMUR-2-MONSON          
1 42839U 17042Q   18023.18348491  .00000256  00000-0  31048-4 0  9995
2 42839  97.6080 291.0575 0012270 325.5774  34.4649 14.91330663 28749
LEMUR-2-FURIAUS         
1 42840U 17042R   18023.71100702  .00000469  00000-0  52276-4 0  9999
2 42840  97.6079 291.5854 0012348 324.0358  36.0029 14.91456745 28810
LEMUR-2-PETERG          
1 42841U 17042S   18023.29149261  .00000791  00000-0  84143-4 0  9992
2 42841  97.6080 291.2212 0012011 323.9649  36.0759 14.91588207 28769
LEMUR-2-DEMBITZ         
1 42842U 17042T   18023.28870872  .00000798  00000-0  84816-4 0  9995
2 42842  97.6078 291.2213 0012041 324.4583  35.5833 14.91608591 28760
LEMUR-2-ZACHARY         
1 42845U 17042W   18022.79238316  .00000517  00000-0  56579-4 0  9998
2 42845  97.6029 290.6773 0012538 330.9843  29.0678 14.91804648 28682
FLOCK 2K-03             
1 42850U 17042AB  18022.78734029  .00008823  00000-0  25791-3 0  9994
2 42850  96.9927 286.6889 0009321 284.1311  75.8898 15.35459426 29319
FLOCK 2K-04             
1 42851U 17042AC  18023.24670784  .00009240  00000-0  26996-3 0  9996
2 42851  96.9929 287.1244 0009139 284.8585  75.1647 15.35460870 29387
FLOCK 2K-01             
1 42852U 17042AD  18022.78896437  .00008926  00000-0  26098-3 0  9993
2 42852  96.9925 286.6872 0008981 285.0179  75.0071 15.35449914 29310
FLOCK 2K-02             
1 42853U 17042AE  18023.16446154  .00001802  00000-0  57908-4 0  9995
2 42853  96.9943 286.8087 0010040 283.7307  76.2819 15.33452079 29359
FLOCK 2K-47             
1 42854U 17042AF  18023.24175244  .00008557  00000-0  25012-3 0  9998
2 42854  96.9925 287.1223 0008733 280.1852  79.8407 15.35472661 29384
FLOCK 2K-48             
1 42855U 17042AG  18022.78424070  .00002897  00000-0  86232-4 0  9994
2 42855  96.9930 286.6976 0008715 283.2013  76.8259 15.35436743 29319
FLOCK 2K-45             
1 42856U 17042AH  18023.17346658  .00008967  00000-0  26206-3 0  9992
2 42856  96.9924 287.0658 0008704 279.6100  80.4161 15.35464435 29377
FLOCK 2K-24             
1 42857U 17042AJ  18023.17876828  .00001579  00000-0  48509-4 0  9993
2 42857  96.9935 287.0603 0009087 276.4180  83.6029 15.35074369 29379
FLOCK 2K-46             
1 42858U 17042AK  18023.23716010  .00009092  00000-0  26572-3 0  9990
2 42858  96.9930 287.1404 0008736 279.5898  80.4360 15.35459304 29385
FLOCK 2K-23             
1 42859U 17042AL  18023.23540712  .00009251  00000-0  27035-3 0  9997
2 42859  96.9929 287.1390 0008768 280.9010  79.1248 15.35458636 29382
FLOCK 2K-21             
1 42860U 17042AM  18022.77779017  .00008305  00000-0  24291-3 0  9999
2 42860  96.9928 286.7064 0008839 282.5791  77.4464 15.35461250 29319
FLOCK 2K-22             
1 42861U 17042AN  18023.70509718  .00007093  00000-0  20761-3 0  9994
2 42861  96.9932 287.5616 0008902 276.8808  83.1423 15.35489375 29455
FLOCK 2K-07             
1 42862U 17042AP  18022.77588325  .00008358  00000-0  24451-3 0  9997
2 42862  96.9933 286.7134 0009134 283.1850  76.8376 15.35451993 29326
FLOCK 2K-08             
1 42863U 17042AQ  18023.68532627  .00007498  00000-0  21943-3 0  9990
2 42863  96.9928 287.5750 0009141 279.9291  80.0922 15.35473069 29450
FLOCK 2K-05             
1 42864U 17042AR  18022.77445919  .00008739  00000-0  25551-3 0  9995
2 42864  96.9934 286.7146 0009132 282.5739  77.4484 15.35454905 29311
FLOCK 2K-40             
1 42865U 17042AS  18022.77129204  .00009078  00000-0  26528-3 0  9994
2 42865  96.9933 286.7191 0009238 283.7488  76.2728 15.35461948 29315
FLOCK 2K-39             
1 42866U 17042AT  18023.16053548  .00008775  00000-0  25647-3 0  9990
2 42866  96.9930 287.0868 0009279 280.8310  79.1890 15.35465663 29371
FLOCK 2K-37             
1 42867U 17042AU  18023.68026737  .00007653  00000-0  22396-3 0  9990
2 42867  96.9930 287.5869 0009309 278.5526  81.4663 15.35467519 29450
FLOCK 2K-38             
1 42868U 17042AV  18023.67701249  .00005973  00000-0  17527-3 0  9991
2 42868  96.9929 287.5894 0009228 277.2151  82.8044 15.35470660 29456
FLOCK 2K-31             
1 42869U 17042AW  18023.67549439  .00003618  00000-0  10729-3 0  9994
2 42869  96.9929 287.5880 0009374 275.1731  84.8443 15.35397861 29451
FLOCK 2K-32             
1 42870U 17042AX  18023.80408899  .00008056  00000-0  23562-3 0  9995
2 42870  96.9926 287.7139 0009204 275.0788  84.9406 15.35469794 29479
FLOCK 2K-29             
1 42871U 17042AY  18023.54190887  .00008647  00000-0  25273-3 0  9999
2 42871  96.9928 287.4725 0009298 275.5066  84.5118 15.35468909 29436
FLOCK 2K-30             
1 42872U 17042AZ  18023.21423528  .00008905  00000-0  26043-3 0  9998
2 42872  96.9929 287.1624 0009334 277.8916  82.1269 15.35440610 29376
FLOCK 2K-44             
1 42873U 17042BA  18023.21272122  .00008767  00000-0  25608-3 0  9993
2 42873  96.9929 287.1678 0010153 264.6494  95.3592 15.35473996 29381
FLOCK 2K-43             
1 42874U 17042BB  18023.48703759  .00001767  00000-0  55779-4 0  9994
2 42874  96.9940 287.2582 0010973 266.2507  93.7482 15.34035599 29419
FLOCK 2K-41             
1 42875U 17042BC  18023.66030624  .00001786  00000-0  53536-4 0  9999
2 42875  96.9935 287.6083 0010582 265.6737  94.3299 15.35678170 29454
FLOCK 2K-36             
1 42876U 17042BD  18023.21483102  .00001564  00000-0  48021-4 0  9991
2 42876  96.9941 287.1701 0010851 267.6618  92.3384 15.35095622 29383
FLOCK 2K-35             
1 42877U 17042BE  18023.66604978  .00005616  00000-0  16525-3 0  9992
2 42877  96.9933 287.6060 0010543 264.6774  95.3268 15.35399348 29450
FLOCK 2K-34             
1 42878U 17042BF  18023.20884437  .00008531  00000-0  24975-3 0  9990
2 42878  96.9931 287.1695 0010598 268.2166  91.7864 15.35409253 29384
FLOCK 2K-33             
1 42879U 17042BG  18023.79217828  .00004900  00000-0  14443-3 0  9994
2 42879  96.9931 287.7306 0010806 265.1077  94.8934 15.35401244 29473
FLOCK 2K-28             
1 42880U 17042BH  18023.22260399  .00001815  00000-0  57254-4 0  9995
2 42880  96.9941 287.0187 0011017 267.3873  92.6110 15.34035374 29376
LEMUR-2-ARTFISCHER      
1 42881U 17042BJ  18023.17646473  .00003518  00000-0  10619-3 0  9996
2 42881  96.9958 287.1357 0011497 269.9146  90.0781 15.34834275 29360
FLOCK 2K-27             
1 42882U 17042BK  18022.68398779  .00001458  00000-0  44710-4 0  9996
2 42882  96.9941 286.6860 0011207 270.7876  89.2084 15.35245625 29301
FLOCK 2K-26             
1 42883U 17042BL  18023.52699211  .00002303  00000-0  68975-4 0  9995
2 42883  96.9930 287.4896 0010895 264.9446  95.0555 15.35429533 29432
FLOCK 2K-25             
1 42884U 17042BM  18023.20733230  .00009124  00000-0  26682-3 0  9997
2 42884  96.9930 287.1685 0010677 267.7539  92.2483 15.35420953 29388
FLOCK 2K-20             
1 42885U 17042BN  18022.67864889  .00008464  00000-0  24746-3 0  9998
2 42885  96.9932 286.6912 0010809 267.9836  92.0171 15.35449125 29303
FLOCK 2K-19             
1 42886U 17042BP  18022.68169019  .00002514  00000-0  75151-4 0  9990
2 42886  96.9937 286.6897 0011033 269.4345  90.5636 15.35398436 29300
FLOCK 2K-18             
1 42887U 17042BQ  18023.71276904  .00007453  00000-0  21814-3 0  9991
2 42887  96.9929 287.6889 0010897 263.7392  96.2611 15.35456471 29467
FLOCK 2K-17             
1 42888U 17042BR  18023.19653237  .00008847  00000-0  25841-3 0  9994
2 42888  96.9925 287.1763 0010808 264.2335  95.7677 15.35465968 29383
FLOCK 2K-16             
1 42889U 17042BS  18023.71926610  .00007196  00000-0  21079-3 0  9996
2 42889  96.9930 287.6834 0010482 261.7394  98.2662 15.35444465 29469
FLOCK 2K-15             
1 42890U 17042BT  18023.77661185  .00006737  00000-0  19739-3 0  9997
2 42890  96.9936 287.7658 0010786 262.9823  97.0195 15.35456700 29473
FLOCK 2K-13             
1 42891U 17042BU  18023.20393624  .00001332  00000-0  41261-4 0  9998
2 42891  96.9938 287.1777 0011464 260.6438  99.3510 15.35060309 29385
FLOCK 2K-14             
1 42892U 17042BV  18023.19312672  .00006536  00000-0  19163-3 0  9997
2 42892  96.9924 287.1825 0010737 263.6533  96.3489 15.35449501 29383
FLOCK 2K-12             
1 42893U 17042BW  18022.79584166  .00008995  00000-0  26277-3 0  9997
2 42893  96.9935 286.8353 0010978 267.9681  92.0307 15.35454551 29323
FLOCK 2K-11             
1 42894U 17042BX  18023.78120858  .00007055  00000-0  20663-3 0  9991
2 42894  96.9930 287.7510 0010807 258.1255 101.8777 15.35452527 29471
FLOCK 2K-10             
1 42895U 17042BY  18023.70971826  .00005244  00000-0  15413-3 0  9998
2 42895  96.9928 287.6868 0010939 261.4956  98.5049 15.35462077 29469
FLOCK 2K-09             
1 42896U 17042BZ  18023.51104155  .00006741  00000-0  19749-3 0  9990
2 42896  96.9933 287.5160 0010912 261.8667  98.1339 15.35460910 29602
FLOCK 2K-06             
1 42897U 17042CA  18023.15724265  .00009225  00000-0  26947-3 0  9999
2 42897  96.9931 287.0948 0009383 279.1482  80.8701 15.35465002 29379
SILU-1 (SILKROAD 1)     
1 42903U 17021F   18023.74292434  .00018165  00000-0  17831-3 0  9992
2 42903  42.7799 119.0909 0009811 357.9139 137.7594 15.65657034 27246
FLOCK 3M-1              
1 42995U 17068J   18023.85377928  .00002611  00000-0  13071-3 0  9999
2 42995  97.3442 140.5846 0016197 293.9755  65.9783 15.18164230 12734
FLOCK 3M-3              
1 42996U 17068K   18023.84508633  .00002452  00000-0  12251-3 0  9990
2 42996  97.3398 140.5454 0015557 294.8758  65.0859 15.18297313 12736
FLOCK 3M-4              
1 42997U 17068L   18023.83880962  .00002400  00000-0  11936-3 0  9990
2 42997  97.3611 140.7968 0015386 295.9588  64.0061 15.18485617 12730
FLOCK 3M-2              
1 42998U 17068M   18023.88990230  .00000851  00000-0  44223-4 0  9990
2 42998  97.3515 140.7658 0013557 291.4358  68.5430 15.18669907 12740
ECAMSAT                 
1 43019U 98067NG  18023.80388796  .00005125  00000-0  80571-4 0  9998
2 43019  51.6409  18.0319 0005313   3.6201 356.4828 15.55499643 96068
ASTERIA                 
1 43020U 98067NH  18023.53529116  .00011822  00000-0  17291-3 0  9992
2 43020  51.6409  19.2412 0002679   7.6628 352.4404 15.56072331  9945
DELLINGR (RBLE)         
1 43021U 98067NJ  18023.54667585  .00006704  00000-0  10294-3 0  9996
2 43021  51.6409  19.3158 0002432   7.9271 352.1759 15.55576164  9940
TECHEDSAT 6             
1 43026U 98067NK  18023.53947079  .00066014  00000-0  74182-3 0  9995
2 43026  51.6383  17.7641 0004140  53.8816 306.2561 15.61976439  9866
OSIRIS-3U               
1 43027U 98067NL  18023.37439616  .00024013  00000-0  32674-3 0  9994
2 43027  51.6406  19.6668 0003443 350.3903   9.7023 15.57429589  9806
LEMUR-2-KEVIN           
1 43041U 17071E   18022.91566472  .00004328  00000-0  12248-3 0  9998
2 43041  51.6401  28.5325 0000951  38.9586 321.1466 15.38451147  9539
AEROCUBE 7B             
1 43042U 17071F   18022.86590421  .00003153  00000-0  93784-4 0  9994
2 43042  51.6402  28.9456 0005962  97.5626 262.6035 15.37860433  7230
AEROCUBE 7C             
1 43043U 17071G   18023.19059151  .00002879  00000-0  86535-4 0  9992
2 43043  51.6402  27.3641 0005941  98.6114 261.5543 15.37870188  7253
2017-071H               
1 43044U 17071H   18023.83699927  .00004787  00000-0  13594-3 0  9999
2 43044  51.6402  24.1814 0005859  97.1015 263.0635 15.38089380  7350
LEMUR-2-YONGLIN         
1 43045U 17071J   18023.17648414  .00004537  00000-0  12798-3 0  9990
2 43045  51.6400  27.2732 0005191  85.8759 274.2818 15.38438986  7290
LEMUR-2-ROCKETJONAH     
1 43046U 17071K   18023.17513558  .00004315  00000-0  12212-3 0  9996
2 43046  51.6411  27.2691 0004938  83.8578 276.2968 15.38467084  7303
LEMUR-2-BRIANDAVIE      
1 43047U 17071L   18023.83692752  .00004180  00000-0  12002-3 0  9991
2 43047  51.6405  24.1822 0003749 122.2013 237.9335 15.38094236  7396
LEMUR-2-ROMACOSTE       
1 43048U 17071M   18022.86283764  .00004913  00000-0  13941-3 0  9990
2 43048  51.6407  28.9289 0003717 119.8058 240.3296 15.38052915  7240
2017-071N               
1 43049U 17071N   18023.83503360  .00002333  00000-0  71703-4 0  9991
2 43049  51.6403  24.1687 0003229 114.3813 245.7508 15.38037019  7348
2017-071P               
1 43050U 17071P   18023.83340585  .00003924  00000-0  11313-3 0  9998
2 43050  51.6404  24.1596 0003231 109.5960 250.5373 15.38144162  7344
LEMUR-2-MCCULLAGH       
1 43051U 17071Q   18023.57584936  .00003981  00000-0  11467-3 0  9993
2 43051  51.6403  25.4386 0000538 236.7547 123.3386 15.38122272  7301
2017-071R               
1 43052U 17071R   18023.18347990  .00002852  00000-0  85157-4 0  9992
2 43052  51.6405  27.3199 0003192 109.0424 251.0906 15.38104139  7244
LEMUR-2-DUNLOP          
1 43053U 17071S   18022.86218735  .00004636  00000-0  13214-3 0  9997
2 43053  51.6404  28.9231 0000648 233.7189 126.3735 15.38043059  7207
LEMUR-2-LIU-POU-CHUN    
1 43054U 17071T   18023.43640465  .00004895  00000-0  13738-3 0  9999
2 43054  51.6403  26.0097 0000886  41.1971 318.9080 15.38402446  7290
