CUTE-1 (CO-55)          
1 27844U 03031E   18184.56262437  .00000024  00000-0  30511-4 0  9999
2 27844  98.6859 192.9771 0009125 331.1480  28.9192 14.22120831778484
CUBESAT XI-IV (CO-57)   
1 27848U 03031J   18184.80802762  .00000020  00000-0  28950-4 0  9991
2 27848  98.6946 193.6223 0009224 341.3872  18.6967 14.21724140778425
CUBESAT XI 5            
1 28895U 05043F   18184.41109083  .00000069  00000-0  22091-4 0  9995
2 28895  97.9114 335.2109 0017282  22.9836 337.2136 14.63558750676017
CUTE-1.7+APD II (CO-65) 
1 32785U 08021C   18184.85771553  .00000117  00000-0  18363-4 0  9993
2 32785  97.5464 196.2397 0012753 350.4043   9.6929 14.88139591551652
AAUSAT-II               
1 32788U 08021F   18184.62720466  .00000532  00000-0  54498-4 0  9998
2 32788  97.5205 210.4476 0010311 297.5669  62.4504 14.94379365552635
DELFI-C3 (DO-64)        
1 32789U 08021G   18184.18996530  .00000426  00000-0  33276-4 0  9990
2 32789  97.5104 238.5940 0010978 238.9549 121.0601 15.06126908554196
SEEDS II (CO-66)        
1 32791U 08021J   18184.85203480  .00000273  00000-0  33249-4 0  9992
2 32791  97.5352 201.6307 0012496 329.4138  30.6351 14.90578188551994
SWISSCUBE               
1 35932U 09051B   18184.37805872  .00000095  00000-0  32470-4 0  9993
2 35932  98.5476 335.9291 0008260 152.6441 207.5192 14.56172088465759
BEESAT                  
1 35933U 09051C   18184.47284393  .00000076  00000-0  28195-4 0  9992
2 35933  98.5516 337.5843 0006208 162.0137 198.1281 14.56274586465911
ITUPSAT 1               
1 35935U 09051E   18184.46807806  .00000048  00000-0  22052-4 0  9998
2 35935  98.5627 337.8319 0008583 160.8609 199.2912 14.55450413465697
M-CUBED & EXP-1 PRIME   
1 37855U 11061F   18184.83354854  .00000518  00000-0  34523-4 0  9994
2 37855 101.7150 255.8804 0176347  33.0362 328.1720 15.04511626364155
STRAND-1                
1 39090U 13009E   18184.56496932 -.00000004  00000-0  13974-4 0  9993
2 39090  98.5204  30.7354 0008054 246.2920 113.7421 14.35031193280150
AIST-2 (RS-43)          
1 39133U 13015D   18184.79903863 -.00000001  00000-0  12465-4 0  9990
2 39133  64.8723 159.2765 0020887 220.5336 139.4229 15.04568521285701
SOMP                    
1 39134U 13015E   18184.13052970  .00000749  00000-0  44850-4 0  9994
2 39134  64.8645  75.3348 0010957 215.8857 144.1535 15.19225182287324
BEESAT 3                
1 39135U 13015F   18184.83802250  .00000557  00000-0  38195-4 0  9998
2 39135  64.8699  86.6177 0019060 237.6547 122.2734 15.16727033287171
BEESAT-2                
1 39136U 13015G   18184.21996536  .00000540  00000-0  37879-4 0  9992
2 39136  64.8704  91.4399 0021424 234.5432 125.3695 15.16191647286631
NEE-01 PEGASUS          
1 39151U 13018B   18184.79908403  .00000101  00000-0  20428-4 0  9996
2 39151  97.9758 278.7479 0015721 253.4095 106.5390 14.79913297279974
ESTCUBE 1               
1 39161U 13021C   18184.81673646  .00000138  00000-0  29846-4 0  9995
2 39161  98.0093 270.4251 0009910  12.3225 347.8227 14.72078205276897
POPACS 1                
1 39268U 13055D   18184.38814875  .00004823  00000-0  13540-3 0  9991
2 39268  81.0042 329.2868 0637396 178.5176 181.8117 14.34381689245300
POPACS 2                
1 39269U 13055E   18184.44955398  .00001336  00000-0  39064-4 0  9991
2 39269  81.0153 351.5055 0690702 236.1767 117.1824 14.22179154245459
POPACS 3                
1 39270U 13055F   18184.23242496  .00000548  00000-0  17188-4 0  9995
2 39270  81.0168   4.1495 0718028 273.5199  78.4185 14.14705635223929
ZACUBE-1 (TSHEPISOSAT)  
1 39417U 13066B   18184.59816329  .00000095  00000-0  18371-4 0  9993
2 39417  97.5858 212.3601 0060721 101.1981 259.6066 14.80948640249227
WNISAT-1                
1 39423U 13066H   18184.45927497  .00000005  00000-0  11078-4 0  9992
2 39423  97.7269 147.2840 0175254 326.9599  32.0726 14.52961334244598
GOMX 1                  
1 39430U 13066Q   18184.89903359  .00000115  00000-0  30362-4 0  9998
2 39430  97.6984 160.5703 0149996 277.9440  80.4761 14.59093326245589
CUBEBUG-2 (LO-74)       
1 39440U 13066AA  18184.61779580  .00000109  00000-0  22056-4 0  9990
2 39440  97.6004 198.8783 0081504 141.3127 219.3960 14.75686305247142
NEE-02 KRYSAOR          
1 39441U 13066AB  18184.57786312  .00000078  00000-0  18188-4 0  9993
2 39441  97.6007 197.0158 0082828 146.6027 214.0446 14.74787756247030
FUNCUBE-1 (AO-73)       
1 39444U 13066AE  18184.58545118  .00000165  00000-0  26601-4 0  9990
2 39444  97.5866 213.8940 0059864  96.6826 264.1205 14.81732282247497
UWE-3                   
1 39446U 13066AG  18184.61240671  .00000129  00000-0  23714-4 0  9994
2 39446  97.5916 205.2207 0071614 121.5936 239.2292 14.78220875246958
BRITE-TORONTO           
1 40020U 14033L   18184.86818153  .00000059  00000-0  18493-4 0  9992
2 40020  97.7844  42.3425 0087205 190.8850 169.0470 14.66502307216022
DUCHIFAT-1              
1 40021U 14033M   18184.30660950  .00000268  00000-0  33442-4 0  9995
2 40021  97.9157 103.0550 0014190 121.3985 238.8622 14.90329186219359
NANOSATC-BR1            
1 40024U 14033Q   18184.28849773  .00000153  00000-0  21986-4 0  9990
2 40024  97.9091 101.2481 0013470 123.4577 236.7930 14.89589289219272
QB50P1                  
1 40025U 14033R   18184.54736950  .00000136  00000-0  20511-4 0  9996
2 40025  97.9048  99.9127 0013613 126.9723 233.2743 14.88731101218718
QB50P2                  
1 40032U 14033Y   18184.57529211  .00000168  00000-0  24240-4 0  9995
2 40032  97.9001  98.6178 0013054 122.7025 237.5452 14.88275678218643
PERSEUS-M2              
1 40037U 14033AD  18184.57552353  .00000028  00000-0  94380-5 0  9991
2 40037  97.8985  96.1044 0015454 132.0650 228.1883 14.86365007218465
PERSEUS-M1              
1 40039U 14033AF  18184.33533703  .00000070  00000-0  14229-4 0  9995
2 40039  97.8983  95.2169 0015334 129.7349 230.5220 14.85986705218878
POLYITAN-1              
1 40042U 14033AJ  18184.33851329  .00000176  00000-0  25022-4 0  9996
2 40042  97.9123  99.8397 0015993 118.0142 242.2695 14.88414151218606
TIGRISAT                
1 40043U 14033AK  18184.59719149  .00000076  00000-0  18684-4 0  9993
2 40043  97.8066  61.3154 0060853 144.8210 215.7040 14.74150430216727
AEROCUBE 6A             
1 40045U 14033AM  18184.58800878  .00000199  00000-0  36029-4 0  9993
2 40045  97.8236  63.6630 0058841 138.8680 221.6988 14.75164560216705
AEROCUBE 6B             
1 40046U 14033AN  18184.58931305  .00000186  00000-0  34158-4 0  9991
2 40046  97.8203  63.5102 0058179 138.3666 222.1995 14.75156504216709
UKUBE-1                 
1 40074U 14037F   18184.87537906  .00000266  00000-0  39251-4 0  9995
2 40074  98.3896 322.9778 0003414 262.3106  97.7721 14.83818215215776
BRITE-PL 2              
1 40119U 14049B   18184.25244521  .00000060  00000-0  13734-4 0  9998
2 40119  97.9183 272.7349 0016078 286.8282  73.1168 14.84300550209687
FIREBIRD 4              
1 40378U 15003C   18184.72823737  .00000793  00000-0  36514-4 0  9994
2 40378  99.0857  89.8145 0131305 175.0865 185.1687 15.17295548188833
GRIFEX                  
1 40379U 15003D   18184.72856017  .00000500  00000-0  26463-4 0  9990
2 40379  99.0882  85.8768 0138052 188.0118 171.8905 15.14387291188604
EXOCUBE                 
1 40380U 15003E   18184.60308208  .00000410  00000-0  23467-4 0  9994
2 40380  99.0927  83.5560 0142365 195.7897 163.8868 15.12586392188422
TIANWANG 1C (TW-1C)     
1 40926U 15051B   18184.80587249  .00005330  00000-0  98975-4 0  9991
2 40926  97.1812 227.0716 0008907 205.2350 244.7455 15.49321921155882
TIANWANG 1A (TW-1A)     
1 40928U 15051D   18184.46614638  .00001634  00000-0  44650-4 0  9992
2 40928  97.1835 218.1324 0009991 262.5013 203.2368 15.38800095155280
EXACTVIEW 9             
1 40936U 15052G   18181.19167963  .00001065  00000-0  60321-4 0  9994
2 40936   6.0013  61.3545 0009115 186.8465 173.1821 14.76396954148899
ATHENOXAT 1             
1 41168U 15077C   18184.84744215  .00001387  00000-0  38892-4 0  9990
2 41168  14.9884 258.3741 0011470 271.3141 218.6158 15.12824980140903
GALASSIA                
1 41170U 15077E   18184.56857196  .00001297  00000-0  33316-4 0  9991
2 41170  14.9884 254.9071 0013187 289.8377  70.0522 15.13205475140915
VELOX 2                 
1 41171U 15077F   18184.35296528  .00001132  00000-0  27411-4 0  9992
2 41171  14.9916 278.7378 0008951 225.2652 134.6939 15.10686157140689
HORYU-IV                
1 41340U 16012D   18184.41299137  .00000276  00000-0  14291-4 0  9996
2 41340  31.0039 203.6996 0014065 254.1617 105.7468 15.01004234130338
E-ST@R-II               
1 41459U 16025D   18184.40782766  .00000892  00000-0  50315-4 0  9996
2 41459  98.1347 247.9575 0172111  94.1049 267.9859 15.04457714119865
AAUSAT 4                
1 41460U 16025E   18184.83595121  .00001813  00000-0  96458-4 0  9994
2 41460  98.1290 248.9337 0163290  88.5496 273.4374 15.05931266119990
DIWATA-1                
1 41463U 98067HT  18184.66758196  .00006014  00000-0  52293-4 0  9994
2 41463  51.6382 248.3732 0000941 117.4003 317.4116 15.70683604124598
BEESAT-4                
1 41619U 16040W   18184.17496677  .00000924  00000-0  43237-4 0  9999
2 41619  97.4139 247.1003 0011984 166.3213 193.8350 15.22173739100525
CANX-7                  
1 41788U 16059F   18184.86434903  .00009032  00000-0  15102-2 0  9993
2 41788  98.2117 251.4637 0032084  51.3840 309.0203 14.69743467 94555
ALSAT 1N                
1 41789U 16059G   18184.70114817  .00000101  00000-0  28279-4 0  9995
2 41789  98.1179 247.2496 0029165  37.9326 322.3921 14.64163904 94433
RAVAN                   
1 41849U 16067B   18184.24800995  .00000554  00000-0  52343-4 0  9990
2 41849  97.9251 273.2373 0009928 110.5221 249.7067 14.97797150 89538
CELTEE 1                
1 41850U 16067C   18184.20285850  .00000536  00000-0  52047-4 0  9996
2 41850  97.9248 272.6180 0010518 107.6177 252.6194 14.96830826 89495
OPTICUBE 04             
1 41851U 16067D   18184.23651612 -.00000106  00000-0 -40093-5 0  9997
2 41851  97.9234 272.5624 0010110 110.0258 250.2052 14.96675947 89497
AEROCUBE 8D             
1 41852U 16067E   18184.47582423  .00000148  00000-0  18390-4 0  9995
2 41852  97.9257 272.6468 0011257 108.0045 252.2403 14.96510775 89516
AEROCUBE 8C             
1 41853U 16067F   18184.49035756 -.00000371  00000-0 -27342-4 0  9997
2 41853  97.9252 272.6234 0011335 109.5740 250.6706 14.96471728 89510
PROMETHEUS 2-1          
1 41854U 16067G   18184.49565406 -.00000160  00000-0 -87525-5 0  9994
2 41854  97.9256 272.6416 0011600 109.8542 250.3930 14.96580444 89517
PROMETHEUS 2-3          
1 41855U 16067H   18184.83261213 -.00000026  00000-0  30344-5 0  9999
2 41855  97.9256 272.9877 0011782 109.5148 250.7346 14.96577854 89563
ITF-2                   
1 41932U 98067KU  18184.46392527  .00021837  00000-0  13252-3 0  9996
2 41932  51.6302 256.8878 0003923 298.9104  61.1503 15.77454157 83331
WASEDA-SAT3             
1 41933U 98067KV  18184.42862971  .00041697  00000-0  17441-3 0  9998
2 41933  51.6322 248.9847 0004307 324.1792  35.8922 15.85167522 83434
AOBA-VELOX 3            
1 41935U 98067KX  18184.43538308  .00031371  00000-0  15317-3 0  9993
2 41935  51.6342 252.1349 0004088 313.1451  46.9209 15.82031773 83490
INS-1B                  
1 41954U 17008G   18184.61433892  .00000761  00000-0  35322-4 0  9990
2 41954  97.4449 248.4412 0007882 301.1697  58.8767 15.23054739 76507
BGUSAT                  
1 41999U 17008BD  18184.17640562  .00001351  00000-0  57594-4 0  9995
2 41999  97.4495 249.1127 0007234 324.4565  35.6190 15.24664321 75867
DIDO-2                  
1 42000U 17008BE  18184.61980625  .00000565  00000-0  26852-4 0  9994
2 42000  97.4467 248.8867 0007525 323.8661  36.2067 15.23232716 75903
PEASSS                  
1 42015U 17008BV  18184.12985830  .00000750  00000-0  33868-4 0  9990
2 42015  97.4464 248.8761 0005672 337.8333  22.2658 15.24049678 76345
AL-FARABI 1             
1 42016U 17008BW  18184.18375949  .00000959  00000-0  41963-4 0  9997
2 42016  97.4473 249.1390 0005536 338.1248  21.9752 15.24473512 76480
NAYIF-1 (EO-88)         
1 42017U 17008BX  18184.11212156  .00000939  00000-0  41124-4 0  9998
2 42017  97.4470 249.0746 0005521 338.6725  21.4281 15.24497450 76491
HAVELSAT                
1 42700U 98067LH  18184.48916753  .00016712  00000-0  12880-3 0  9997
2 42700  51.6344 271.3499 0004697 320.3829  39.6826 15.72109889 64583
CXBN-2                  
1 42704U 98067LM  18184.45158523  .00016852  00000-0  13230-3 0  9996
2 42704  51.6355 272.6181 0001844 287.3376  72.7420 15.71667147 64483
ICECUBE                 
1 42705U 98067LN  18184.44201745  .00047890  00000-0  23159-3 0  9998
2 42705  51.6444 263.6282 0003561 333.0625  27.0192 15.82033319 64668
PHOENIX                 
1 42706U 98067LP  18184.85232807  .00011430  00000-0  98373-4 0  9999
2 42706  51.6349 271.5414 0001273 293.1195  66.9668 15.69847244 64524
X-CUBESAT               
1 42707U 98067LQ  18184.46396585  .00019327  00000-0  14437-3 0  9992
2 42707  51.6309 271.1085 0001908 306.0075  54.0746 15.72737731 64480
QBEE50-LTU-OC           
1 42708U 98067LR  18184.86523628  .00016112  00000-0  12584-3 0  9997
2 42708  51.6357 270.1085 0001767 308.8304  51.2537 15.71830330 64497
ALTAIR PATHFINDER       
1 42711U 98067LS  18184.86240560  .00007535  00000-0  81132-4 0  9997
2 42711  51.6360 279.1312 0003281 250.7033 109.3608 15.64847540 64086
SHARC                   
1 42712U 98067LT  18184.86532154  .00012386  00000-0  12890-3 0  9995
2 42712  51.6374 280.7106 0002433 274.9932  85.0786 15.65009369 64307
ZA-AEROSAT              
1 42713U 98067LU  18184.51294800  .00010973  00000-0  99973-4 0  9999
2 42713  51.6344 276.0144 0001820 256.3820 103.6974 15.68497670 64095
LINK                    
1 42714U 98067LV  18184.43924163  .00050881  00000-0  23815-3 0  9996
2 42714  51.6236 263.2902 0003759 325.4281  34.6477 15.82706195 64360
CSUNSAT 1               
1 42715U 98067LW  18184.46187056  .00013039  00000-0  11465-3 0  9994
2 42715  51.6353 275.6944 0003156 250.9269 109.1386 15.69168274 64095
SPACECUBE               
1 42717U 98067LY  18184.51097147  .00017263  00000-0  13519-3 0  9998
2 42717  51.6327 272.2149 0003533 321.6544  38.4202 15.71702809 63517
HOOPOE                  
1 42718U 98067LZ  18184.45095188  .00023476  00000-0  16058-3 0  9999
2 42718  51.6330 269.5645 0003937 323.2447  36.8282 15.74657124 63545
CHALLENGER              
1 42721U 98067MA  18184.44707669  .00114908  16101-4  34496-3 0  9996
2 42721  51.6252 257.2862 0008957 338.8168  21.2467 15.92064681 63404
NJUST-1                 
1 42722U 98067MB  18184.83876267  .00010388  00000-0  98763-4 0  9993
2 42722  51.6352 275.9647 0005402 300.2304  59.8157 15.67502822 63196
UNSW-ECO                
1 42723U 98067MC  18184.82406595  .00025497  00000-0  16750-3 0  9998
2 42723  51.6369 267.5945 0005563 313.3549  46.6987 15.75528568 63286
LILACSAT-1              
1 42725U 98067ME  18184.47147447  .00015010  00000-0  12599-3 0  9996
2 42725  51.6354 275.0003 0004673 303.9621  56.0932 15.70153352 63070
NSIGHT-1                
1 42726U 98067MF  18184.50362852  .00004388  00000-0  55715-4 0  9994
2 42726  51.6390 285.0480 0004937 297.6383  62.4110 15.61767071 62952
SNUSAT-1                
1 42727U 98067MG  18184.54716346  .00014265  00000-0  12014-3 0  9999
2 42727  51.6334 274.6996 0005656 269.7317  90.3032 15.70117783 63057
I-INSPIRE II            
1 42731U 98067ML  18184.81075077  .00025647  00000-0  16415-3 0  9998
2 42731  51.6351 266.6723 0004545 276.4929  83.5553 15.76129370 63075
POLYITAN-2-SAU          
1 42732U 98067MM  18184.85289535  .00018708  00000-0  14104-3 0  9992
2 42732  51.6338 269.9969 0004743 263.4791  96.5667 15.72537794 63037
SNUSAT-1B               
1 42733U 98067MN  18184.51117163  .00016677  00000-0  13523-3 0  9990
2 42733  51.6344 273.7367 0005007 261.8942  98.1488 15.70890371 62954
EXALTA-1                
1 42734U 98067MP  18184.46866929  .00030528  00000-0  18763-3 0  9998
2 42734  51.6276 268.0964 0006429 297.0992  62.9352 15.76935703 62970
BEEAGLESAT              
1 42736U 98067MR  18184.52281679  .00013060  00000-0  11375-3 0  9994
2 42736  51.6345 275.3161 0005669 298.7245  61.3182 15.69390574 62992
UCLSAT                  
1 42765U 17036A   18184.84392829  .00000693  00000-0  33450-4 0  9995
2 42765  97.3996 244.4237 0012445  26.3276 333.8590 15.21896287 57245
LITUANICASAT-2          
1 42768U 17036D   18184.70898646  .00001178  00000-0  55387-4 0  9993
2 42768  97.4013 243.8834 0015972  15.1452 345.0259 15.21443645 57079
AALTO-1                 
1 42775U 17036L   18184.61425932  .00000470  00000-0  24410-4 0  9992
2 42775  97.3989 243.6578 0014507  14.1879 345.9761 15.20780018 56990
URSA MAIOR              
1 42776U 17036M   18184.59997801  .00000526  00000-0  26897-4 0  9992
2 42776  97.3996 243.6982 0014354  14.4725 345.6918 15.20860999 56999
COMPASS 2               
1 42777U 17036N   18184.38481138  .00001018  00000-0  47859-4 0  9999
2 42777  97.4018 243.9002 0013344  19.1156 341.0578 15.21790530 56974
DIAMOND RED             
1 42783U 17036U   18184.64988566  .00000607  00000-0  30005-4 0  9990
2 42783  97.3997 244.0800 0013062  26.5283 333.6619 15.21497401 57014
PEGASUS                 
1 42784U 17036V   18184.16012226  .00000732  00000-0  35347-4 0  9992
2 42784  97.3998 243.6731 0013037  28.2430 331.9510 15.21703552 56948
DIAMOND GREEN           
1 42785U 17036W   18184.12261478  .00000662  00000-0  32458-4 0  9996
2 42785  97.3999 243.5751 0013019  28.9206 331.2748 15.21499350 57001
DIAMOND BLUE            
1 42786U 17036X   18184.64789281  .00000615  00000-0  30368-4 0  9997
2 42786  97.3999 244.0918 0012815  27.5533 332.6379 15.21499300 57004
NUDTSAT                 
1 42787U 17036Y   18184.53242571  .00001071  00000-0  49444-4 0  9994
2 42787  97.4007 244.2564 0012509  27.0406 333.1480 15.22296733 56856
SUCHAI                  
1 42788U 17036Z   18184.11452964  .00000882  00000-0  41663-4 0  9992
2 42788  97.4000 243.7334 0012636  28.5042 331.6883 15.21978758 57014
SKCUBE                  
1 42789U 17036AA  18184.11435596  .00000812  00000-0  38607-4 0  9992
2 42789  97.3998 243.7265 0012483  28.5555 331.6363 15.21938068 56935
VZLUSAT-1               
1 42790U 17036AB  18184.12712241  .00001057  00000-0  48841-4 0  9993
2 42790  97.4004 243.8650 0012121  28.9598 331.2308 15.22316251 56946
ROBUSTA-1B              
1 42792U 17036AD  18184.60746665  .00000805  00000-0  38171-4 0  9990
2 42792  97.3997 244.2774 0012046  28.1634 332.0251 15.22082986 57020
CICERO 6                
1 42793U 17036AE  18184.60351720  .00000577  00000-0  28360-4 0  9990
2 42793  97.3990 244.2641 0011253  29.8511 330.3364 15.21910713 57098
D-SAT                   
1 42794U 17036AF  18184.68837451  .00000265  00000-0  28828-4 0  9992
2 42794  97.5901 238.7222 0125899 226.8628 132.2010 14.90880986 56185
TOKI                    
1 42820U 98067MU  18184.47503057  .00013240  00000-0  11956-3 0  9994
2 42820  51.6345 278.0060 0002243 245.0761 115.0003 15.68495424 56437
MAZAALAI (NUMSAT-1)     
1 42822U 98067MW  18184.51160439  .00012724  00000-0  11650-3 0  9991
2 42822  51.6347 278.2567 0002328 249.8634 110.2112 15.68196853 56410
BRAC ONNESHA            
1 42823U 98067MX  18184.50659354  .00012920  00000-0  11770-3 0  9991
2 42823  51.6354 278.2420 0004727 262.0484  97.9976 15.68300479 56412
NIGERIAEDUSAT-1         
1 42824U 98067MY  18184.53297327  .00012527  00000-0  11530-3 0  9990
2 42824  51.6359 278.4355 0004655 262.4900  97.5568 15.68080172 56388
CORVUS BC2              
1 42846U 17042X   18184.30412131 -.00000037  00000-0  16520-5 0  9995
2 42846  97.5959  86.5956 0010636 135.8800 224.3269 14.91827696 52772
CORVUS BC1              
1 42847U 17042Y   18184.61607409  .00000233  00000-0  28331-4 0  9993
2 42847  97.5959  86.9479 0010280 134.4984 225.7077 14.91926514 52816
SILU-1 (SILKROAD 1)     
1 42903U 17021F   18184.84355324  .00013971  00000-0  10461-3 0  9991
2 42903  42.7763 227.2583 0011814  53.7129 291.0031 15.72415704 52548
MIRATA                  
1 43015U 17073C   18184.40275944  .00000406  00000-0  37977-4 0  9995
2 43015  97.7044 114.7416 0256977 218.5074 139.7559 14.78167656 33537
MAKERSAT 0              
1 43016U 17073D   18184.79366541  .00000208  00000-0  22288-4 0  9991
2 43016  97.7073 115.2385 0258424 217.2810 141.0221 14.78171264 33581
ASTERIA                 
1 43020U 98067NH  18184.54922354  .00006900  00000-0  90912-4 0  9995
2 43020  51.6417 292.1318 0002010 233.6687 126.4121 15.59700269 35042
DELLINGR (RBLE)         
1 43021U 98067NJ  18184.55446889  .00003586  00000-0  53961-4 0  9991
2 43021  51.6400 293.6380 0001963 220.2004 139.8843 15.57760488 35025
OSIRIS-3U               
1 43027U 98067NL  18184.56395687  .00016813  00000-0  17108-3 0  9996
2 43027  51.6377 287.6832 0002512 237.0810 122.9944 15.65277523 34982
AEROCUBE 7B             
1 43042U 17071F   18184.87429427  .00001539  00000-0  49457-4 0  9995
2 43042  51.6411 320.2169 0004764 329.2070  30.8634 15.38957993 32176
AEROCUBE 7C             
1 43043U 17071G   18184.61451329  .00001573  00000-0  50325-4 0  9998
2 43043  51.6414 321.4866 0004811 330.6433  29.4280 15.38962689 32101
CHEFSAT                 
1 43044U 17071H   18184.61363328  .00002473  00000-0  71104-4 0  9998
2 43044  51.6410 320.7529 0004768 329.7847  30.2862 15.39919826 32118
ASGARDIA 1              
1 43049U 17071N   18184.59386076  .00001676  00000-0  52716-4 0  9997
2 43049  51.6404 321.3554 0002449 357.0163   3.0806 15.39092914 32105
ISARA                   
1 43050U 17071P   18184.61718831  .00002128  00000-0  62883-4 0  9999
2 43050  51.6403 320.7724 0002300 351.5105   8.5840 15.39755382 32113
FAUNA                   
1 43052U 17071R   18184.58092534  .00001801  00000-0  55635-4 0  9996
2 43052  51.6403 321.2775 0002318 353.5063   6.5891 15.39231897 32092
CORVUS BC3              
1 43118U 18004H   18184.83829691  .00000467  00000-0  23403-4 0  9991
2 43118  97.5319 247.4606 0011710  43.8707 316.3457 15.22278218 26242
MICROMAS-2A             
1 43131U 18004W   18184.39796403  .00001167  00000-0  52861-4 0  9999
2 43131  97.5329 247.1403 0010967  48.8440 311.3740 15.22863282 26186
GOMX4-B                 
1 43196U 18015E   18184.43145939  .00009454  00000-0  39431-3 0  9993
2 43196  97.3491 313.0233 0020999 103.8621 256.4909 15.23688782 23003
GOMX4-A                 
1 43197U 18015F   18184.71011063  .00000318  00000-0  16097-4 0  9999
2 43197  97.3496 313.3045 0021074  99.1632   7.8139 15.23677432 23055
UBAKUSAT                
1 43466U 98067NP  18184.61661207  .00005624  00000-0  86186-4 0  9994
2 43466  51.6401 296.2977 0000194 146.5890 213.5114 15.55986841  8266
1KUNS-PF                
1 43467U 98067NQ  18184.61774944  .00004390  00000-0  69214-4 0  9990
2 43467  51.6405 296.3065 0002467 187.7923 172.3030 15.55826231  8264
BATSU-CS1 (IRAZU)       
1 43468U 98067NR  18184.61264557  .00006702  00000-0  10062-3 0  9990
2 43468  51.6401 296.2713 0000133  94.0490 266.0517 15.56189786108245
