EYESAT-1 (AO-27)        
1 22825U 93061C   17281.47343635  .00000011  00000-0  21991-4 0  9990
2 22825  98.8267 248.5255 0008579   8.4603 351.6722 14.30008827253326
CUTE-1 (CO-55)          
1 27844U 03031E   17281.49656234  .00000071  00000-0  51712-4 0  9998
2 27844  98.6906 288.8582 0010232  25.8641 334.3046 14.22065127740385
CUBESAT XI-IV (CO-57)   
1 27848U 03031J   17281.45676891  .00000062  00000-0  48151-4 0  9992
2 27848  98.6997 289.1249 0010281  35.2428 324.9427 14.21676270740266
CUBESAT XI 5            
1 28895U 05043F   17281.40093415  .00000242  00000-0  55418-4 0  9994
2 28895  97.8784  78.5671 0017710 142.1706 218.0745 14.63450104636817
CUTE-1.7+APD II (CO-65) 
1 32785U 08021C   17281.49054928  .00000364  00000-0  45245-4 0  9993
2 32785  97.5612 300.5591 0013955 147.5180 212.6898 14.87970595511748
COMPASS-1               
1 32787U 08021E   17281.50729821  .00000852  00000-0  87600-4 0  9991
2 32787  97.5514 310.1348 0013997 117.3477 242.9169 14.92748600512405
AAUSAT-II               
1 32788U 08021F   17281.56175803  .00001010  00000-0  99605-4 0  9998
2 32788  97.5495 313.2242 0013472 109.6948 250.5727 14.94035466512503
DELFI-C3 (DO-64)        
1 32789U 08021G   17281.38141896  .00002889  00000-0  20589-3 0  9993
2 32789  97.5466 337.1808 0013874  78.8742 281.4044 15.05295466513798
CANX-2                  
1 32790U 08021H   17281.49133948  .00000314  00000-0  40137-4 0  9999
2 32790  97.5597 298.8619 0014600 149.4344 210.7727 14.87689096511683
SEEDS II (CO-66)        
1 32791U 08021J   17281.51491190  .00000455  00000-0  52156-4 0  9999
2 32791  97.5562 305.2901 0014652 132.1929 228.0536 14.90338623512028
SWISSCUBE               
1 35932U 09051B   17281.38635250  .00000236  00000-0  64376-4 0  9999
2 35932  98.5122  62.0240 0006536 261.4076  98.6381 14.56064060426796
BEESAT                  
1 35933U 09051C   17281.36358588  .00000191  00000-0  54068-4 0  9991
2 35933  98.5161  63.3851 0004694 277.5874  82.4790 14.56177884426816
ITUPSAT 1               
1 35935U 09051E   17281.34573009  .00000179  00000-0  52197-4 0  9995
2 35935  98.5273  63.6214 0007001 270.4572  89.5823 14.55366672426662
TISAT 1                 
1 36799U 10035E   17281.33329269  .00000641  00000-0  71599-4 0  9995
2 36799  98.0756  46.4492 0011424 320.1655  39.8723 14.90535498392637
M-CUBED & EXP-1 PRIME   
1 37855U 11061F   17281.54693528  .00002520  00000-0  13778-3 0  9996
2 37855 101.7066 210.5337 0179534 106.4794 255.6228 15.03451675323355
HORYU 2                 
1 38340U 12025D   17281.48252742  .00000326  00000-0  56161-4 0  9995
2 38340  98.3783 289.4110 0010452 294.5757  65.4361 14.75414421289999
STRAND-1                
1 39090U 13009E   17281.53851612  .00000053  00000-0  33971-4 0  9999
2 39090  98.5433 125.8601 0008699 330.8587  29.2112 14.34987342241711
BRITE-AUSTRIA           
1 39091U 13009F   17281.54810388  .00000017  00000-0  21405-4 0  9995
2 39091  98.5400 125.2205 0010083 337.9009  22.1741 14.35043767241756
UNIBRITE                
1 39092U 13009G   17281.48763870  .00000027  00000-0  24781-4 0  9993
2 39092  98.5409 124.8411 0008869 331.9508  28.1198 14.34917956241714
AIST-2                  
1 39133U 13015D   17281.58288118  .00000363  00000-0  38217-4 0  9996
2 39133  64.8724 287.1728 0038038 262.9830  96.6963 15.04381785244965
SOMP                    
1 39134U 13015E   17281.26996670  .00002875  00000-0  14693-3 0  9992
2 39134  64.8663 221.3302 0037732 246.4177 113.2985 15.18276841246263
BEESAT-3                
1 39135U 13015F   17281.28663865  .00002203  00000-0  12299-3 0  9997
2 39135  64.8707 231.4562 0033593 265.9960  93.7325 15.15955352246066
BEESAT-2                
1 39136U 13015G   17281.36817676  .00002245  00000-0  12691-3 0  9990
2 39136  64.8706 233.3191 0033349 266.9835  92.7474 15.15454723246033
NEE-01 PEGASUS          
1 39151U 13018B   17281.50147424  .00000297  00000-0  46457-4 0  9996
2 39151  97.9825  12.3030 0018059  47.0452 313.2271 14.79781268240294
CUBEBUG-1 (CAPITAN BETO)
1 39153U 13018D   17281.25308951  .00000364  00000-0  54767-4 0  9992
2 39153  97.9852  12.9481 0017941  45.9558 314.3128 14.80251975240310
ESTCUBE 1               
1 39161U 13021C   17281.45241212  .00000306  00000-0  56696-4 0  9992
2 39161  98.0250   5.9602 0010662 135.6876 224.5195 14.71954337237418
POPACS 1                
1 39268U 13055D   17281.59558716  .00004190  00000-0  12132-3 0  9993
2 39268  81.0032 249.7453 0645379 246.7461 106.4545 14.32127910206948
POPACS 2                
1 39269U 13055E   17281.27450657  .00004565  00000-0  13625-3 0  9998
2 39269  81.0145 267.0288 0696309 291.9305  60.9278 14.20787605207354
POPACS 3                
1 39270U 13055F   17281.31189087  .00004545  00000-0  14556-3 0  9993
2 39270  81.0142 276.3061 0722179 319.9366  35.0595 14.13771218186051
FIREFLY                 
1 39404U 13064AA  17281.45508915  .00246921  30302-4  56636-3 0  9995
2 39404  40.4905 300.4636 0008514 159.2669 200.8513 15.96425619219214
ZACUBE-1 (TSHEPISOSAT)  
1 39417U 13066B   17281.55125707  .00000343  00000-0  50005-4 0  9995
2 39417  97.6185 318.2312 0057792 258.7695 100.7019 14.80786307209557
WNISAT-1                
1 39423U 13066H   17281.56400211  .00000169  00000-0  42563-4 0  9995
2 39423  97.6937 260.6139 0177318  83.6121 278.5230 14.52878120205696
TRITON-1                
1 39427U 13066M   17281.51364354  .00000382  00000-0  69347-4 0  9997
2 39427  97.6372 289.2734 0113904 346.4852  13.3309 14.67530846207660
GOMX 1                  
1 39430U 13066Q   17281.54514295  .00000428  00000-0  86343-4 0  9991
2 39430  97.6727 271.9823 0152921  45.4439 315.9131 14.58936967206278
BRITE-PL                
1 39431U 13066R   17281.46606022  .00000075  00000-0  25601-4 0  9991
2 39431  97.7204 249.2531 0203743 124.8677 237.1861 14.46872932204630
HUMSAT-D                
1 39433U 13066T   17281.16428865  .00000774  00000-0  82020-4 0  9991
2 39433  97.6408 340.8821 0030733 198.7862 161.2226 14.91579841209674
EAGLE 2                 
1 39436U 13066W   17281.53221105  .00051510  00000-0  11115-2 0  9992
2 39436  97.7137  33.4931 0007618  33.2047 326.9677 15.44360745212942
CUBEBUG-2 (LO-74)       
1 39440U 13066AA  17281.49716654  .00000317  00000-0  51572-4 0  9992
2 39440  97.6211 306.4847 0079295 293.1385  66.1484 14.75527123208807
NEE-02 KRYSAOR          
1 39441U 13066AB  17281.50128981  .00000212  00000-0  37571-4 0  9992
2 39441  97.6193 305.0316 0080713 297.2018  62.0982 14.74673583207525
FUNCUBE-1 (AO-73)       
1 39444U 13066AE  17281.54188685  .00000420  00000-0  58643-4 0  9990
2 39444  97.6200 319.4223 0056980 255.0321 104.4580 14.81535107207804
UWE-3                   
1 39446U 13066AG  17281.54473157  .00000321  00000-0  49805-4 0  9993
2 39446  97.6184 312.0585 0068870 276.2858  83.0512 14.78059367207350
BRITE-TORONTO           
1 40020U 14033L   17281.57904314  .00000160  00000-0  35983-4 0  9998
2 40020  97.8179 147.1643 0086893 327.0186  32.5616 14.66428846176596
DUCHIFAT-1              
1 40021U 14033M   17281.32506273  .00000808  00000-0  89590-4 0  9996
2 40021  97.9130 194.6257 0011760 292.1295  67.8673 14.90032023179443
FLOCK 1C-10             
1 40023U 14033P   17281.31111557  .00001071  00000-0  12000-3 0  9998
2 40023  97.9155 193.5372 0011928 301.2554  58.7489 14.88904557179333
NANOSATC-BR1            
1 40024U 14033Q   17281.58048681  .00000702  00000-0  79910-4 0  9999
2 40024  97.9082 193.5858 0011051 292.8830  67.1219 14.89337355178905
QB50P1                  
1 40025U 14033R   17281.48676183  .00000553  00000-0  65520-4 0  9999
2 40025  97.9058 192.3616 0011266 296.7209  63.2854 14.88521134178832
FLOCK 1C-7              
1 40026U 14033S   17281.33925546  .00001547  00000-0  16771-3 0  9991
2 40026  97.9170 194.4398 0010292 297.1822  62.8314 14.89646457179397
FLOCK 1C-1              
1 40027U 14033T   17281.34157351  .00001506  00000-0  16612-3 0  9993
2 40027  97.9177 193.8278 0011855 297.1403  62.8598 14.88971578179350
POPSAT-HIP-1            
1 40028U 14033U   17281.46110510  .00000645  00000-0  75624-4 0  9995
2 40028  97.9095 192.6435 0012558 295.3595  64.6333 14.88385887179321
FLOCK 1C-2              
1 40029U 14033V   17281.30199040  .00001395  00000-0  15417-3 0  9990
2 40029  97.9157 193.6364 0013453 293.9582  66.0182 14.88987803179333
FLOCK 1C-4              
1 40031U 14033X   17281.53141990  .00001433  00000-0  15877-3 0  9992
2 40031  97.9155 193.8265 0013308 290.6500  69.3335 14.88835723179350
QB50P2                  
1 40032U 14033Y   17281.50070609  .00000525  00000-0  63173-4 0  9992
2 40032  97.9026 191.3750 0010612 291.3148  68.6935 14.88074344179296
FLOCK 1C-11             
1 40033U 14033Z   17281.54356872  .00000968  00000-0  10552-3 0  9999
2 40033  97.9178 195.5222 0011102 283.3628  76.6327 14.90291769179473
ANTELSAT                
1 40034U 14033AA  17281.60253377  .00000364  00000-0  62094-4 0  9992
2 40034  97.8418 161.9210 0057720 288.7597  70.7355 14.73772969177093
FLOCK 1C-9              
1 40035U 14033AB  17281.35366039  .00001463  00000-0  16127-3 0  9991
2 40035  97.9181 194.1003 0011218 287.9982  72.0005 14.89044380179344
FLOCK 1C-6              
1 40036U 14033AC  17281.56820963  .00001052  00000-0  11732-3 0  9997
2 40036  97.9191 194.5553 0011105 287.1190  72.8789 14.89146621179391
PERSEUS-M2              
1 40037U 14033AD  17281.43455572  .00000187  00000-0  27527-4 0  9992
2 40037  97.9039 189.5754 0013177 297.7077  62.2801 14.86270814178635
FLOCK 1C-5              
1 40038U 14033AE  17281.50950216  .00000922  00000-0  10363-3 0  9992
2 40038  97.9184 194.2812 0013345 285.9195  74.0562 14.89120829179372
PERSEUS-M1              
1 40039U 14033AF  17281.53028916  .00000227  00000-0  32365-4 0  9994
2 40039  97.9043 189.1761 0012978 293.2470  66.7378 14.85894617179105
FLOCK 1C-8              
1 40040U 14033AG  17281.35219623  .00001388  00000-0  14578-3 0  9997
2 40040  97.9224 196.6109 0011578 272.7249  87.2595 14.91084080179491
FLOCK 1C-3              
1 40041U 14033AH  17281.29243905  .00001254  00000-0  13979-3 0  9997
2 40041  97.9187 193.8060 0012284 285.3920  74.5909 14.88828698179312
POLYITAN-1              
1 40042U 14033AJ  17281.55441602  .00000620  00000-0  73370-4 0  9999
2 40042  97.9132 192.4530 0013388 283.2482  76.7241 14.88168167178776
TIGRISAT                
1 40043U 14033AK  17281.60925279  .00000242  00000-0  43548-4 0  9997
2 40043  97.8398 162.5859 0058881 289.8666  69.6203 14.74032918177244
LEMUR-1                 
1 40044U 14033AL  17281.60394831  .00000260  00000-0  46509-4 0  9992
2 40044  97.8394 162.2923 0058048 291.1233  68.3777 14.73858083177128
AEROCUBE 6A             
1 40045U 14033AM  17281.36788933  .00000552  00000-0  87821-4 0  9992
2 40045  97.8529 163.8202 0057076 286.0486  73.4442 14.74928430177401
AEROCUBE 6B             
1 40046U 14033AN  17281.36784428  .00000555  00000-0  88221-4 0  9996
2 40046  97.8516 163.7429 0056081 285.3124  74.1892 14.74930513177541
UKUBE-1                 
1 40074U 14037F   17281.46889555  .00000654  00000-0  86482-4 0  9996
2 40074  98.3581  41.5538 0005643  55.8497 304.3244 14.83604869175971
BRITE-PL 2              
1 40119U 14049B   17281.47921265  .00000269  00000-0  38543-4 0  9992
2 40119  97.9324   6.7624 0018929  80.8175 279.5180 14.84191926169872
FIREBIRD 4              
1 40378U 15003C   17281.55474410  .00002822  00000-0  12124-3 0  9997
2 40378  99.1165 128.2060 0134613 346.9618  12.8141 15.16022272148186
GRIFEX                  
1 40379U 15003D   17281.52826921  .00002079  00000-0  95979-4 0  9997
2 40379  99.1197 125.4722 0140944 356.0576   3.9527 15.13429456148029
EXOCUBE                 
1 40380U 15003E   17281.42909700  .00001651  00000-0  79966-4 0  9998
2 40380  99.1251 123.8510 0144925   1.2339 358.9215 15.11840875147899
DEORBITSAIL             
1 40719U 15032E   17281.25768495  .00000659  00000-0  10254-3 0  9992
2 40719  97.9660 173.5231 0017185 135.3842 224.8754 14.76180533121004
TIANWANG 1C (TW-1C)     
1 40926U 15051B   17281.39721152  .00012816  00000-0  27559-3 0  9991
2 40926  97.2190 320.1366 0012953 114.1215  11.7434 15.44694230114382
TIANWANG 1B (TW-1B)     
1 40927U 15051C   17281.48128593  .00012516  00000-0  27975-3 0  9991
2 40927  97.2278 320.1877 0012664 123.1683 344.4549 15.43558158114330
TIANWANG 1A (TW-1A)     
1 40928U 15051D   17281.54902699  .00005838  00000-0  16296-3 0  9999
2 40928  97.2169 315.3195 0013250 142.6993  14.5187 15.37025786114108
LEMUR-2-JOEL            
1 40932U 15052C   17281.28691689  .00000935  00000-0  39594-4 0  9990
2 40932   6.0033 140.2129 0013288  57.3629 302.8217 14.77543443109763
LEMUR-2-CHRIS           
1 40933U 15052D   17281.34582024  .00001316  00000-0  91175-4 0  9997
2 40933   6.0039 138.4789 0013649  61.3634 298.8573 14.77688964109782
LEMUR-2-JEROEN          
1 40934U 15052E   17281.23217643  .00001288  00000-0  89547-4 0  9996
2 40934   6.0015 145.3350 0010400  42.0173 318.0679 14.77056908109682
LEMUR-2-PETER           
1 40935U 15052F   17281.33692857  .00001292  00000-0  90810-4 0  9992
2 40935   5.9979 146.2805 0010734  37.6000 322.4831 14.76810336109696
EXACTVIEW 9             
1 40936U 15052G   17281.10563261  .00000948  00000-0  43966-4 0  9991
2 40936   6.0014 150.8873 0010390  22.5782 337.4648 14.76300796109655
ATHENOXAT 1             
1 41168U 15077C   17281.48508480  .00004039  00000-0  18972-3 0  9992
2 41168  14.9906  61.5567 0012096 147.2750 262.1093 15.12002687100214
GALASSIA                
1 41170U 15077E   17281.55786127  .00003162  00000-0  13817-3 0  9998
2 41170  14.9890  56.7478 0013310 166.8153 193.2517 15.12455725100265
VELOX 2                 
1 41171U 15077F   17281.57110425  .00002467  00000-0  10742-3 0  9994
2 41171  14.9909  71.5391 0009065 119.0048 241.1181 15.10145224100135
AGGIESAT 4              
1 41313U 98067HP  17281.01756264  .00053979  00000-0  26664-3 0  9992
2 41313  51.6368 140.8889 0003891 206.4159 153.6645 15.81521565 96733
HORYU-IV                
1 41340U 16012D   17281.59677833  .00000954  00000-0  66716-4 0  9997
2 41340  31.0047 107.6179 0013973 118.7822 241.4218 15.00735936 90068
OUFTI-1                 
1 41458U 16025C   17281.59186288  .00002876  00000-0  15652-3 0  9997
2 41458  98.1749 325.6344 0171217 270.5302  87.6302 15.03708752 79625
E-ST@R-II               
1 41459U 16025D   17281.55930812  .00001516  00000-0  85044-4 0  9997
2 41459  98.1749 325.5280 0172455 270.8513  87.2949 15.03497765 79606
AAUSAT 4                
1 41460U 16025E   17281.55076542  .00002968  00000-0  16118-3 0  9997
2 41460  98.1652 325.7002 0164536 268.8386  89.3996 15.04572608 79630
DIWATA-1                
1 41463U 98067HT  17281.48533565  .00015010  00000-0  15748-3 0  9991
2 41463  51.6418 172.7759 0001555 156.9904 204.6959 15.64604153 82520
NODES 2                 
1 41477U 98067HX  17262.38431888  .17021661  12538-4  46079-3 0  9990
2 41477  51.6074 225.8859 0003017 249.6794 110.5489 16.45625800 77086
NODES 1                 
1 41478U 98067HY  17266.27255257  .13534231  12598-4  22876-3 0  9990
2 41478  51.6086 206.1528 0005980 262.1280  97.9071 16.47641774 77698
FLOCK 2E'-1             
1 41479U 98067HZ  17281.21590021  .00045301  00000-0  29532-3 0  9991
2 41479  51.6333 158.0093 0001159 175.3380 184.7631 15.75416850 79634
FLOCK 2E'-3             
1 41480U 98067JA  17281.26035071  .00038396  00000-0  25806-3 0  9993
2 41480  51.6310 157.5776 0001289 148.5550 211.5526 15.74789605 79630
FLOCK 2E'-2             
1 41481U 98067JB  17281.57941666  .00135948  00000-0  77183-3 0  9990
2 41481  51.6296 153.6311 0002841 211.3989 148.6843 15.78087456 79705
FLOCK 2E'-4             
1 41482U 98067JC  17281.46627030  .00193779  00000-0  85747-3 0  9996
2 41482  51.6246 150.5651 0004386 210.6135 149.4612 15.83326764 79735
FLOCK 2E-1              
1 41483U 98067JD  17281.18753081  .00034575  00000-0  25417-3 0  9998
2 41483  51.6337 160.1639 0002843 137.9970 222.1247 15.72745775 79451
FLOCK 2E-2              
1 41484U 98067JE  17281.23124346  .00039971  00000-0  26010-3 0  9996
2 41484  51.6327 156.7174 0002946 156.4945 203.6190 15.75512980 79508
FLOCK 2E-3              
1 41486U 98067JG  17281.56044308  .00032030  00000-0  22374-3 0  9991
2 41486  51.6319 159.6363 0003161 169.1695 190.9372 15.73982726 79514
FLOCK 2E-4              
1 41487U 98067JH  17281.55492325  .00028928  00000-0  21257-3 0  9997
2 41487  51.6329 158.0797 0003738 168.0083 192.1005 15.72849014 79539
FLOCK 2E-6              
1 41563U 98067JM  17281.29104199  .00066856  00000-0  51753-3 0  9998
2 41563  51.6330 163.0728 0001151 215.4825 144.6097 15.71231360 77511
FLOCK 2E-5              
1 41564U 98067JN  17281.30819094  .00026898  00000-0  21751-3 0  9995
2 41564  51.6330 163.1988 0000647 193.8764 166.2216 15.70614860 77502
FLOCK 2E-7              
1 41565U 98067JP  17281.48125063  .00038307  00000-0  24779-3 0  9992
2 41565  51.6297 155.2765 0004178 186.0509 174.0441 15.75665297 77528
FLOCK 2E'-5             
1 41567U 98067JR  17281.24087697  .00024859  00000-0  21052-3 0  9996
2 41567  51.6346 165.7817 0004119 190.2345 169.8569 15.69540345 77330
FLOCK 2E'-6             
1 41568U 98067JS  17281.25884232  .00033744  00000-0  25322-3 0  9995
2 41568  51.6331 161.3275 0003940 188.5389 171.5542 15.72267326 77424
FLOCK 2E'-8             
1 41569U 98067JT  17281.23806704  .00041731  00000-0  26353-3 0  9992
2 41569  51.6331 155.9013 0002680 161.2541 198.8558 15.76179975 77371
FLOCK 2E'-7             
1 41570U 98067JU  17276.23066052  .07821693  11956-4  21580-2 0  9994
2 41570  51.6314 172.6072 0011089 233.3572 126.6600 16.26996484 76726
FLOCK 2E-9              
1 41571U 98067JV  17281.54860527  .00043222  00000-0  25845-3 0  9994
2 41571  51.6340 152.7382 0003231 177.4029 182.6989 15.77400241 77420
FLOCK 2E-10             
1 41572U 98067JW  17281.21826361  .00041196  00000-0  27586-3 0  9999
2 41572  51.6331 158.0591 0004474 183.8019 176.2947 15.74831863 77329
FLOCK 2E-12             
1 41573U 98067JX  17281.20647155  .00046336  00000-0  28916-3 0  9990
2 41573  51.6336 156.4476 0003892 189.9269 170.1654 15.76398368 77346
FLOCK 2E-11             
1 41574U 98067JY  17281.06638176  .00047038  00000-0  29478-3 0  9992
2 41574  51.6283 156.1972 0004499 200.7390 159.3428 15.76292821 77331
FLOCK 2E'-9             
1 41575U 98067JZ  17281.22067702  .00049759  00000-0  28494-3 0  9991
2 41575  51.6306 153.4427 0004398 206.0660 154.0120 15.78303744 77374
FLOCK 2E'-10            
1 41576U 98067KA  17281.05244227  .00052577  00000-0  31633-3 0  9993
2 41576  51.6324 156.9547 0004455 207.6424 152.4340 15.77169878 77211
FLOCK 2E'-11            
1 41577U 98067KB  17281.21209783  .00042314  00000-0  27689-3 0  9994
2 41577  51.6338 157.2913 0004639 187.1244 172.9690 15.75350308 77048
FLOCK 2E'-12            
1 41578U 98067KC  17281.27223007  .00055196  00000-0  31406-3 0  9990
2 41578  51.6281 154.5687 0005634 190.9114 169.1765 15.78394533 77084
FLOCK 2P-6              
1 41606U 16040H   17281.60576737  .00005148  00000-0  22206-3 0  9991
2 41606  97.4475 343.3930 0011768  44.7585 315.4599 15.22924857 71960
FLOCK 2P-11             
1 41608U 16040K   17281.60983997  .00004026  00000-0  17414-3 0  9992
2 41608  97.4471 343.3641 0011625  44.6166 315.6005 15.22964799 71900
FLOCK 2P-2              
1 41609U 16040L   17281.23346876  .00005571  00000-0  24008-3 0  9994
2 41609  97.4476 342.9810 0011689  45.8257 314.3938 15.22920482 71826
FLOCK 2P-9              
1 41610U 16040M   17281.44162250  .00005915  00000-0  25477-3 0  9994
2 41610  97.4472 343.1442 0011976  45.1382 315.0825 15.22907770 71737
FLOCK 2P-4              
1 41611U 16040N   17281.60036313  .00005648  00000-0  24323-3 0  9995
2 41611  97.4498 343.5425 0012256  53.0691 307.1667 15.22933607 71929
FLOCK 2P-10             
1 41612U 16040P   17281.11844517  .00006678  00000-0  28700-3 0  9992
2 41612  97.4505 343.1444 0012053  54.4844 305.7515 15.22934209 71853
FLOCK 2P-8              
1 41613U 16040Q   17281.59481667  .00005111  00000-0  22039-3 0  9998
2 41613  97.4499 343.5553 0012140  52.2375 307.9960 15.22938022 71926
FLOCK 2P-12             
1 41614U 16040R   17281.49075128  .00005231  00000-0  22553-3 0  9993
2 41614  97.4509 343.6018 0011878  53.0007 307.2315 15.22933685 71910
FLOCK 2P-7              
1 41615U 16040S   17281.14003832  .00009074  00000-0  38874-3 0  9991
2 41615  97.4500 343.1009 0012340  55.5260   3.4658 15.22931255 71859
FLOCK 2P-5              
1 41616U 16040T   17281.23898040  .00005694  00000-0  24530-3 0  9993
2 41616  97.4509 343.3257 0011880  53.1712 307.0612 15.22921695 71850
FLOCK 2P-1              
1 41617U 16040U   17281.49006509  .00002032  00000-0  89531-4 0  9999
2 41617  97.4514 343.6048 0011525  53.1747 307.0544 15.22921538 71919
FLOCK 2P-3              
1 41618U 16040V   17281.12396145  .00008514  00000-0  36484-3 0  9997
2 41618  97.4512 343.1677 0011776  54.1143 306.1185 15.22949834 71853
BEESAT-4                
1 41619U 16040W   17281.41715551  .00002596  00000-0  11922-3 0  9990
2 41619  97.4504 342.6657 0012789  39.2318 320.9842 15.21233058 59808
3CAT-2                  
1 41732U 16051B   17281.57258308  .00002539  00000-0  10356-3 0  9994
2 41732  97.3722 196.8709 0012190 229.6894 254.7364 15.25290175 63818
FLOCK 2E'-13            
1 41761U 98067KH  17281.08421377  .00024146  00000-0  26069-3 0  9993
2 41761  51.6368 181.3314 0004875 331.9103  28.1628 15.63492724 60551
FLOCK 2E'-14            
1 41762U 98067KJ  17281.30716736  .00018673  00000-0  19991-3 0  9999
2 41762  51.6381 179.8561 0004545 335.4918  24.5860 15.63893035 60592
FLOCK 2E'-16            
1 41763U 98067KK  17281.30514388  .00021694  00000-0  22555-3 0  9996
2 41763  51.6379 179.0898 0004046 350.5050   9.5868 15.64530451 60565
FLOCK 2E'-15            
1 41764U 98067KL  17281.42245290  .00017366  00000-0  19017-3 0  9993
2 41764  51.6374 179.8707 0004646 342.3113  17.7719 15.63371727 60567
FLOCK 2E'-18            
1 41769U 98067KM  17281.27685347  .00016962  00000-0  18556-3 0  9990
2 41769  51.6379 180.3910 0004142  11.6230 348.4859 15.63419568 60540
FLOCK 2E'-17            
1 41776U 98067KN  17281.32678084  .00023392  00000-0  25170-3 0  9999
2 41776  51.6386 180.0031 0004373  11.8227 348.2869 15.63602012 60548
FLOCK 2E'-19            
1 41777U 98067KP  17281.29398577  .00030663  00000-0  28267-3 0  9991
2 41777  51.6358 175.2100 0003206  16.9404 343.1698 15.67337612 60569
FLOCK 2E'-20            
1 41782U 98067KQ  17281.54646878  .00027568  00000-0  26596-3 0  9998
2 41782  51.6368 175.4388 0002919  16.3731 343.7359 15.66267006 60459
CANX-7                  
1 41788U 16059F   17281.50398711  .00010898  00000-0  19780-2 0  9995
2 41788  98.1860 342.6870 0036623 170.9815 189.2045 14.65950491 55185
ALSAT 1N                
1 41789U 16059G   17281.39501059  .00000170  00000-0  41484-4 0  9994
2 41789  98.1556 342.2457 0028846 156.6208 203.6313 14.64084707 55175
RAVAN                   
1 41849U 16067B   17281.44698269  .00002079  00000-0  18476-3 0  9990
2 41849  97.9430   1.3659 0006783 284.0762  75.9705 14.97254494 49451
CELTEE 1                
1 41850U 16067C   17281.18935999  .00000422  00000-0  42311-4 0  9993
2 41850  97.9424   0.9176 0007318 285.9657  74.0757 14.96647614 49404
OPTICUBE 04             
1 41851U 16067D   17281.46826311 -.00000256  00000-0 -17146-4 0  9997
2 41851  97.9418   1.1725 0007680 286.3068  73.7308 14.96550536 49442
AEROCUBE 8D             
1 41852U 16067E   17281.46990691 -.00000013  00000-0  42589-5 0  9991
2 41852  97.9429   1.0583 0008480 284.8714  75.1567 14.96298919 49432
AEROCUBE 8C             
1 41853U 16067F   17281.21052452  .00000163  00000-0  19865-4 0  9994
2 41853  97.9426   0.7743 0008906 286.4083  73.6158 14.96260258 49393
PROMETHEUS 2-1          
1 41854U 16067G   17281.22698386  .00000992  00000-0  93205-4 0  9998
2 41854  97.9429   0.7599 0009077 284.9746  75.0470 14.96262797 49398
PROMETHEUS 2-3          
1 41855U 16067H   17281.22895429  .00001084  00000-0  10136-3 0  9990
2 41855  97.9431   0.7617 0009199 285.3503  74.6700 14.96256559 49394
LEMUR-2-XIAOQING        
1 41871U 16062C   17281.43081020  .00002757  00000-0  12975-3 0  9991
2 41871  51.6404 268.8901 0004130 275.7824 245.7068 15.22970574 48196
LEMUR-2-SOKOLSKY        
1 41872U 16062D   17281.53302294  .00005281  00000-0  23484-3 0  9994
2 41872  51.6680 268.1972 0004437 295.5564 151.5336 15.23072379 48206
LEMUR-2-ANUBHAVTHAKUR   
1 41873U 16062E   17281.53235163  .00002669  00000-0  13014-3 0  9990
2 41873  51.6436 269.5754 0004404 287.6313 160.7681 15.21838640 48177
LEMUR-2-WINGO           
1 41874U 16062F   17281.46086215  .00004259  00000-0  19474-3 0  9998
2 41874  51.6316 268.9934 0005503 248.6459 247.5258 15.22608831 48180
STARS-C                 
1 41895U 98067KR  17281.57044668  .00061343  00000-0  49791-3 0  9996
2 41895  51.6349 179.3171 0002735  77.6782 282.4522 15.70127636 45743
TANCREDO-1              
1 41931U 98067KT  17281.10690471  .00596658  16494-3  12512-2 0  9994
2 41931  51.6247 169.2970 0006146 223.3761 136.6765 15.98329278 41407
ITF-2                   
1 41932U 98067KU  17281.15299185  .00029398  00000-0  31927-3 0  9994
2 41932  51.6393 186.3459 0003336 342.7954  17.2927 15.63230546 41180
WASEDA-SAT3             
1 41933U 98067KV  17281.58264081  .00029792  00000-0  30771-3 0  9993
2 41933  51.6371 183.1798 0002971 349.1036  10.9894 15.64504633 41268
AOBA-VELOX 3            
1 41935U 98067KX  17281.17188167  .00031167  00000-0  32782-3 0  9993
2 41935  51.6388 185.7119 0002658 351.7845   8.3106 15.64018026 41298
OSNSAT                  
1 41939U 98067KZ  17281.30554127  .00083099  00000-0  56391-3 0  9998
2 41939  51.6355 177.5242 0001022 349.9989  10.0990 15.74240797 40679
FLOCK 3P-8              
1 41951U 17008D   17281.59225538  .00002407  00000-0  10455-3 0  9995
2 41951  97.4837 342.5693 0009424 146.5572 213.6262 15.23248282 35794
FLOCK 3P-51             
1 41952U 17008E   17281.56260605  .00003785  00000-0  16274-3 0  9992
2 41952  97.4841 342.6278 0008922 163.3459 196.8072 15.23241412 35792
FLOCK 3P-37             
1 41953U 17008F   17281.77204690  .00004759  00000-0  20119-3 0  9993
2 41953  97.4845 342.9520 0008079 165.8234 194.3200 15.23687406 35828
INS-1B                  
1 41954U 17008G   17281.55585056  .00002537  00000-0  11353-3 0  9990
2 41954  97.4813 342.2463 0010556 147.8820 212.3061 15.22169959 35718
FLOCK 3P-19             
1 41955U 17008H   17281.60762251  .00003948  00000-0  16951-3 0  9997
2 41955  97.4832 342.5366 0010249 146.9677 213.2202 15.23249765 35716
FLOCK 3P-24             
1 41956U 17008J   17281.60453541  .00005175  00000-0  22104-3 0  9998
2 41956  97.4829 342.5398 0010184 144.7424 215.4488 15.23272953 35795
FLOCK 3P-18             
1 41957U 17008K   17281.60523239  .00002355  00000-0  10223-3 0  9997
2 41957  97.4831 342.5424 0010177 146.1824 214.0064 15.23289942 35635
FLOCK 3P-22             
1 41958U 17008L   17281.61157514  .00002188  00000-0  95230-4 0  9994
2 41958  97.4833 342.5361 0009988 146.2148 213.9727 15.23279304 35620
FLOCK 3P-21             
1 41959U 17008M   17281.60017613  .00002304  00000-0  10026-3 0  9998
2 41959  97.4839 342.5647 0009797 147.8105 212.3732 15.23227819 35636
FLOCK 3P-28             
1 41960U 17008N   17281.59850041  .00005693  00000-0  24321-3 0  9995
2 41960  97.4835 342.5618 0009723 145.9977 214.1885 15.23230534 35713
FLOCK 3P-26             
1 41961U 17008P   17281.60719426  .00005656  00000-0  24137-3 0  9993
2 41961  97.4834 342.5480 0009947 145.3281 214.8606 15.23269104 35634
FLOCK 3P-17             
1 41962U 17008Q   17281.58799123  .00004751  00000-0  20344-3 0  9994
2 41962  97.4835 342.5746 0009680 147.9531 212.2296 15.23234505 35589
FLOCK 3P-27             
1 41963U 17008R   17281.55012938  .00003640  00000-0  15655-3 0  9999
2 41963  97.4835 342.4736 0010085 146.2599 213.9281 15.23243690 35627
FLOCK 3P-25             
1 41964U 17008S   17281.60113784  .00003267  00000-0  14088-3 0  9991
2 41964  97.4835 342.5521 0009701 146.0226 214.1634 15.23236444 35612
FLOCK 3P-4              
1 41965U 17008T   17281.59547102  .00005805  00000-0  24788-3 0  9993
2 41965  97.4835 342.5678 0009587 147.1058 213.0778 15.23235949 35710
FLOCK 3P-2              
1 41966U 17008U   17281.59644157  .00004706  00000-0  20156-3 0  9996
2 41966  97.4837 342.5714 0009541 145.5898 214.5958 15.23237385 35631
FLOCK 3P-1              
1 41967U 17008V   17281.54836107  .00004126  00000-0  17833-3 0  9994
2 41967  97.4841 342.4872 0009601 147.6440 212.5387 15.23000122 35624
FLOCK 3P-3              
1 41968U 17008W   17281.59921344  .00002279  00000-0  99189-4 0  9990
2 41968  97.4836 342.5611 0009601 146.0240 214.1613 15.23236683 35715
FLOCK 3P-6              
1 41969U 17008X   17281.59393696  .00004482  00000-0  19206-3 0  9993
2 41969  97.4837 342.5755 0009433 145.4615 214.7236 15.23244669 35628
FLOCK 3P-7              
1 41970U 17008Y   17281.51002708  .00003379  00000-0  14556-3 0  9995
2 41970  97.4840 342.5355 0009411 148.6034 211.5766 15.23242363 35617
FLOCK 3P-5              
1 41971U 17008Z   17281.59092063  .00002149  00000-0  93745-4 0  9999
2 41971  97.4842 342.5852 0009418 148.1846 211.9962 15.23222250 35564
FLOCK 3P-12             
1 41972U 17008AA  17281.58951246  .00005992  00000-0  25605-3 0  9994
2 41972  97.4839 342.5856 0009229 148.1688 212.0108 15.23202163 35711
FLOCK 3P-9              
1 41973U 17008AB  17281.59293895  .00005695  00000-0  24324-3 0  9992
2 41973  97.4840 342.5852 0009433 146.4110 213.7727 15.23236823 35713
FLOCK 3P-10             
1 41974U 17008AC  17281.51685010  .00006315  00000-0  26897-3 0  9996
2 41974  97.4842 342.5366 0009202 147.9903 212.1894 15.23290661 35590
FLOCK 3P-11             
1 41975U 17008AD  17281.59484708  .00005862  00000-0  25008-3 0  9995
2 41975  97.4839 342.5826 0009519 146.9583 213.2251 15.23264109 35601
FLOCK 3P-60             
1 41976U 17008AE  17281.57108814  .00002402  00000-0  10436-3 0  9991
2 41976  97.4844 342.6188 0009098 148.8135 211.3643 15.23243878 34968
FLOCK 3P-58             
1 41977U 17008AF  17281.58980965  .00006101  00000-0  26064-3 0  9992
2 41977  97.4840 342.5871 0009204 147.7445 212.4357 15.23204426 35796
FLOCK 3P-57             
1 41978U 17008AG  17281.51782245  .00006262  00000-0  26688-3 0  9997
2 41978  97.4840 342.5309 0009286 146.9692 213.2126 15.23270571 35627
FLOCK 3P-75             
1 41979U 17008AH  17281.58220092  .00006132  00000-0  26166-3 0  9999
2 41979  97.4861 342.6706 0009429 149.7704 210.4078 15.23240775 35782
FLOCK 3P-70             
1 41980U 17008AJ  17281.51552325  .00004901  00000-0  20953-3 0  9991
2 41980  97.4862 342.6086 0009363 149.2921 210.8865 15.23279022 35627
FLOCK 3P-73             
1 41981U 17008AK  17281.58904657  .00005963  00000-0  25452-3 0  9996
2 41981  97.4862 342.6645 0009621 150.2515 209.9271 15.23239132 35760
FLOCK 3P-88             
1 41982U 17008AL  17281.57795962  .00003212  00000-0  13856-3 0  9993
2 41982  97.4862 342.6700 0009406 149.5596 210.6189 15.23233141 34731
FLOCK 3P-85             
1 41983U 17008AM  17281.56529717  .00003662  00000-0  15744-3 0  9993
2 41983  97.4863 342.6927 0009328 152.9124 207.2601 15.23258731 35635
FLOCK 3P-79             
1 41984U 17008AN  17281.56631195  .00005784  00000-0  24689-3 0  9993
2 41984  97.4862 342.6910 0008965 152.1685 208.0033 15.23259718 35631
FLOCK 3P-86             
1 41985U 17008AP  17281.56695206  .00003051  00000-0  13173-3 0  9998
2 41985  97.4863 342.6855 0008968 151.4567 208.7162 15.23247755 35622
FLOCK 3P-36             
1 41986U 17008AQ  17281.56919583  .00002137  00000-0  93134-4 0  9996
2 41986  97.4847 342.6254 0008738 149.2327 210.9424 15.23261507 35113
FLOCK 3P-30             
1 41987U 17008AR  17281.56040959  .00003252  00000-0  14023-3 0  9997
2 41987  97.4847 342.6384 0008622 150.1170 210.0560 15.23245190 35580
FLOCK 3P-34             
1 41988U 17008AS  17281.57267730  .00006211  00000-0  26510-3 0  9999
2 41988  97.4840 342.6101 0008900 146.9877 213.1917 15.23227321 35112
FLOCK 3P-35             
1 41989U 17008AT  17281.57488622  .00004437  00000-0  19019-3 0  9999
2 41989  97.4840 342.6063 0009032 147.1965 212.9834 15.23246435 35110
FLOCK 3P-33             
1 41990U 17008AU  17281.57008435  .00005315  00000-0  22733-3 0  9994
2 41990  97.4841 342.6172 0008652 147.6864 212.4905 15.23230963 35117
LEMUR-2-SATCHMO         
1 41991U 17008AV  17281.55237880  .00002160  00000-0  95996-4 0  9998
2 41991  97.4837 342.4821 0008734 150.4412 209.7319 15.22590864 35109
LEMUR-2-MIA-GRACE       
1 41992U 17008AW  17281.59026808  .00003314  00000-0  14419-3 0  9991
2 41992  97.4840 342.5916 0008698 150.5787 209.5941 15.22924895 35110
LEMUR-2-SMITA-SHARAD    
1 41993U 17008AX  17281.60329638  .00002449  00000-0  10793-3 0  9990
2 41993  97.4838 342.5690 0008676 150.0262 210.1472 15.22741200 35110
LEMUR-2-SPIRE-MINIONS   
1 41994U 17008AY  17281.59669819  .00003297  00000-0  14365-3 0  9998
2 41994  97.4836 342.5776 0008762 149.8511 210.3231 15.22883510 35119
LEMUR-2-RDEATON         
1 41995U 17008AZ  17281.59877080  .00002831  00000-0  12409-3 0  9990
2 41995  97.4839 342.5776 0009426 163.3746 196.7801 15.22790282 35799
LEMUR-2-NOGUECORREIG    
1 41996U 17008BA  17281.51865532  .00002454  00000-0  10750-3 0  9990
2 41996  97.4842 342.5347 0009381 164.1641 195.9890 15.22939164 35008
LEMUR-2-JOBANPUTRA      
1 41997U 17008BB  17281.56910088  .00003610  00000-0  15607-3 0  9994
2 41997  97.4842 342.6215 0009353 164.0639 196.0894 15.23074640 35106
LEMUR-2-TACHIKOMA       
1 41998U 17008BC  17281.46978842  .00002359  00000-0  10422-3 0  9995
2 41998  97.4838 342.4421 0009296 164.3350 195.8175 15.22697002 35019
BGUSAT                  
1 41999U 17008BD  17281.55715035  .00003864  00000-0  16591-3 0  9994
2 41999  97.4847 342.6490 0009296 165.0884 195.0629 15.23269721 35108
DIDO-2                  
1 42000U 17008BE  17281.60984639  .00001916  00000-0  85558-4 0  9998
2 42000  97.4835 342.5588 0009261 164.4226 195.7297 15.22559980 35118
FLOCK 3P-49             
1 42001U 17008BF  17281.55681672  .00005559  00000-0  23736-3 0  9990
2 42001  97.4843 342.6375 0008900 164.9428 195.2075 15.23263677 35633
FLOCK 3P-67             
1 42002U 17008BG  17281.56209117  .00002677  00000-0  11587-3 0  9991
2 42002  97.4842 342.6259 0008902 164.4355 195.7157 15.23282834 35799
FLOCK 3P-68             
1 42003U 17008BH  17281.56421064  .00004429  00000-0  18995-3 0  9996
2 42003  97.4839 342.6194 0009021 163.0828 197.0711 15.23227661 35436
FLOCK 3P-41             
1 42004U 17008BJ  17281.55164083  .00003370  00000-0  14517-3 0  9991
2 42004  97.4841 342.6298 0008635 165.2181 194.9310 15.23255553 35635
FLOCK 3P-45             
1 42005U 17008BK  17281.55760633  .00004004  00000-0  17181-3 0  9990
2 42005  97.4842 342.6309 0008729 165.3587 194.7904 15.23272520 35792
FLOCK 3P-48             
1 42006U 17008BL  17281.55507714  .00002184  00000-0  95126-4 0  9993
2 42006  97.4845 342.6386 0008582 165.6169 194.5313 15.23266617 35575
FLOCK 3P-43             
1 42007U 17008BM  17281.55317538  .00004956  00000-0  21198-3 0  9993
2 42007  97.4840 342.6326 0008448 165.6325 194.5153 15.23263244 35799
FLOCK 3P-42             
1 42008U 17008BN  17281.55244383  .00003173  00000-0  13688-3 0  9996
2 42008  97.4839 342.6290 0008608 165.2342 194.9148 15.23253692 35717
FLOCK 3P-61             
1 42009U 17008BP  17281.55084871  .00004351  00000-0  18657-3 0  9991
2 42009  97.4841 342.6352 0008432 167.1260 193.0193 15.23245488 35764
FLOCK 3P-40             
1 42010U 17008BQ  17281.61044067  .00005856  00000-0  24995-3 0  9996
2 42010  97.4834 342.6927 0008316 167.3017 192.8430 15.23259895 35037
FLOCK 3P-16             
1 42011U 17008BR  17281.59700281  .00002542  00000-0  11034-3 0  9990
2 42011  97.4836 342.7134 0007988 167.3974 192.7464 15.23236628 34974
FLOCK 3P-14             
1 42012U 17008BS  17281.60238246  .00003885  00000-0  16681-3 0  9994
2 42012  97.4841 342.7158 0008293 169.7929 190.3477 15.23268760 35592
FLOCK 3P-53             
1 42013U 17008BT  17281.60653297  .00002277  00000-0  98968-4 0  9995
2 42013  97.4833 342.6881 0008018 167.7730 192.3702 15.23296294 35595
FLOCK 3P-54             
1 42014U 17008BU  17281.60405140  .00006007  00000-0  25624-3 0  9991
2 42014  97.4836 342.7031 0007929 168.4437 191.6983 15.23271655 35800
PEASSS                  
1 42015U 17008BV  17281.51497642  .00002314  00000-0  10071-3 0  9997
2 42015  97.4827 342.6522 0006928 169.6035 190.5346 15.23240324 35596
AL-FARABI 1             
1 42016U 17008BW  17281.56201298  .00002929  00000-0  12584-3 0  9996
2 42016  97.4831 342.7508 0006841 169.9860 190.1514 15.23469322 35729
NAYIF-1 (EO-88)         
1 42017U 17008BX  17281.55969059  .00002829  00000-0  12156-3 0  9996
2 42017  97.4830 342.7522 0006805 170.1919 189.9452 15.23486515 35746
FLOCK 3P-23             
1 42018U 17008BY  17281.60236423  .00003900  00000-0  16759-3 0  9999
2 42018  97.4833 342.5460 0009835 145.4977 214.6900 15.23234157 34560
FLOCK 3P-76             
1 42019U 17008BZ  17281.57331895  .00004464  00000-0  19131-3 0  9998
2 42019  97.4864 342.6895 0009373 151.1085 209.0673 15.23249006 35621
FLOCK 3P-69             
1 42020U 17008CA  17281.57151058  .00004170  00000-0  17894-3 0  9999
2 42020  97.4865 342.6911 0009290 149.9151 210.2621 15.23239626 34511
FLOCK 3P-84             
1 42021U 17008CB  17281.57977476  .00004191  00000-0  17977-3 0  9995
2 42021  97.4859 342.6675 0009656 149.9929 210.1863 15.23252984 35634
FLOCK 3P-59             
1 42022U 17008CC  17281.45070511  .00004357  00000-0  18702-3 0  9998
2 42022  97.4842 342.4688 0009105 150.5391 209.6360 15.23206034 34638
FLOCK 3P-32             
1 42023U 17008CD  17281.51859080  .00006063  00000-0  25868-3 0  9999
2 42023  97.4841 342.5338 0009138 146.4784 213.7033 15.23250870 35784
FLOCK 3P-71             
1 42024U 17008CE  17281.59688818  .00005256  00000-0  22597-3 0  9996
2 42024  97.4869 342.6611 0009514 150.4728 209.7047 15.23054789 34668
FLOCK 3P-77             
1 42025U 17008CF  17281.57436589  .00006079  00000-0  25918-3 0  9995
2 42025  97.4862 342.6798 0009301 151.4194 208.7555 15.23273970 35636
FLOCK 3P-80             
1 42026U 17008CG  17281.16472535  .00004613  00000-0  19754-3 0  9995
2 42026  97.4861 342.3037 0008876 152.5731 207.5976 15.23256145 33710
FLOCK 3P-66             
1 42027U 17008CH  17281.56350074  .00002748  00000-0  11896-3 0  9999
2 42027  97.4844 342.6289 0009046 162.4430 197.7121 15.23245408 35747
FLOCK 3P-65             
1 42028U 17008CJ  17281.56136643  .00004433  00000-0  19014-3 0  9997
2 42028  97.4843 342.6311 0008898 162.6606 197.4936 15.23228511 35640
FLOCK 3P-50             
1 42029U 17008CK  17281.55833934  .00004235  00000-0  18170-3 0  9996
2 42029  97.4845 342.6412 0008673 164.7799 195.3700 15.23246793 34964
FLOCK 3P-52             
1 42030U 17008CL  17281.55986987  .00003458  00000-0  14891-3 0  9997
2 42030  97.4842 342.6291 0008794 163.7853 196.3667 15.23249127 35735
FLOCK 3P-46             
1 42031U 17008CM  17281.55429787  .00004431  00000-0  18981-3 0  9994
2 42031  97.4839 342.6308 0008683 164.7459 195.4041 15.23267621 35792
FLOCK 3P-47             
1 42032U 17008CN  17281.55589199  .00005465  00000-0  23344-3 0  9996
2 42032  97.4838 342.6280 0008583 165.2058 194.9431 15.23259816 35616
FLOCK 3P-44             
1 42033U 17008CP  17281.54927987  .00007233  00000-0  30775-3 0  9998
2 42033  97.4842 342.6428 0008526 167.6393 192.5054 15.23278452 34364
FLOCK 3P-64             
1 42034U 17008CQ  17281.54853643  .00003544  00000-0  15250-3 0  9998
2 42034  97.4839 342.6317 0008420 166.7422 193.4037 15.23258750 35781
FLOCK 3P-63             
1 42035U 17008CR  17281.54718932  .00004122  00000-0  17668-3 0  9998
2 42035  97.4837 342.6298 0008422 166.7832 193.3627 15.23291798 33753
FLOCK 3P-62             
1 42036U 17008CS  17281.53511602  .00003790  00000-0  16245-3 0  9993
2 42036  97.4839 342.6506 0008449 168.9466 191.1958 15.23346430 34954
FLOCK 3P-38             
1 42037U 17008CT  17281.61125889  .00005554  00000-0  23701-3 0  9996
2 42037  97.4837 342.6984 0008118 166.8573 193.2876 15.23292221 35740
FLOCK 3P-39             
1 42038U 17008CU  17281.60954703  .00002457  00000-0  10659-3 0  9998
2 42038  97.4835 342.6906 0008331 167.2418 192.9031 15.23282456 35695
FLOCK 3P-15             
1 42039U 17008CV  17281.54795783  .00005582  00000-0  23823-3 0  9992
2 42039  97.4836 342.6295 0008219 167.1322 193.0126 15.23283781 34964
FLOCK 3P-13             
1 42040U 17008CW  17281.60840136  .00005381  00000-0  22990-3 0  9995
2 42040  97.4839 342.7069 0008124 168.2893 191.8534 15.23263239 34964
FLOCK 3P-55             
1 42041U 17008CX  17281.52032488  .00004861  00000-0  20785-3 0  9992
2 42041  97.4838 342.6672 0007815 171.4542 188.6829 15.23292079 35793
FLOCK 3P-56             
1 42042U 17008CY  17281.57634790  .00004472  00000-0  18971-3 0  9994
2 42042  97.4834 342.7352 0007815 170.9424 189.1956 15.23599596 35598
FLOCK 3P-81             
1 42043U 17008CZ  17281.30580020  .00004496  00000-0  19260-3 0  9990
2 42043  97.4863 342.4263 0009200 153.2390 206.9323 15.23255428 34931
FLOCK 3P-87             
1 42044U 17008DA  17281.44600832  .00003455  00000-0  14874-3 0  9990
2 42044  97.4858 342.5340 0009419 150.1767 210.0008 15.23249289 35103
FLOCK 3P-29             
1 42045U 17008DB  17281.25051634  .00005078  00000-0  21725-3 0  9996
2 42045  97.4842 342.2775 0009180 147.6469 212.5332 15.23236371 34925
FLOCK 3P-82             
1 42046U 17008DC  17281.44889402  .00004720  00000-0  20188-3 0  9995
2 42046  97.4860 342.5364 0009463 151.2834 208.8926 15.23284216 35002
FLOCK 3P-78             
1 42047U 17008DD  17281.18236331  .00005936  00000-0  25345-3 0  9994
2 42047  97.4861 342.2816 0009360 150.6639 209.5125 15.23231665 34890
FLOCK 3P-74             
1 42048U 17008DE  17281.45385431  .00006048  00000-0  25799-3 0  9999
2 42048  97.4863 342.5399 0009615 150.7966 209.3810 15.23257216 34933
FLOCK 3P-31             
1 42049U 17008DF  17281.58632910  .00004867  00000-0  20844-3 0  9994
2 42049  97.4841 342.5979 0009287 147.7804 212.4001 15.23221236 34419
FLOCK 3P-83             
1 42050U 17008DG  17281.58754145  .00006034  00000-0  25762-3 0  9993
2 42050  97.4859 342.6576 0009532 151.1918 208.9847 15.23228517 35689
FLOCK 3P-72             
1 42051U 17008DH  17281.56729964  .00002039  00000-0  89006-4 0  9996
2 42051  97.4866 342.6984 0009060 150.0454 210.1302 15.23264834 33276
LEMUR-2-REDFERN-GOES    
1 42059U 98067LA  17281.54605210  .00026456  00000-0  29918-3 0  9997
2 42059  51.6374 186.6902 0005936  12.8438 347.2706 15.62238101 33700
LEMUR-2-TRUTNA          
1 42067U 98067LC  17281.58006950  .00053851  00000-0  47303-3 0  9993
2 42067  51.6363 183.1539 0003906  26.4237 333.6958 15.68258183 33580
LEMUR-2-AUSTINTACIOUS   
1 42068U 98067LD  17281.55151115  .00029953  00000-0  31828-3 0  9996
2 42068  51.6380 185.9779 0005129   6.4032 353.7027 15.63770197 33642
LEMUR-2-TRUTNAHD        
1 42069U 98067LE  17281.58420746  .00026277  00000-0  29118-3 0  9994
2 42069  51.6385 186.2104 0005147  13.5093 346.6039 15.62770217 33691
HAVELSAT                
1 42700U 98067LH  17281.21116709  .00024287  00000-0  30439-3 0  9994
2 42700  51.6390 191.9586 0005764  41.6427 318.5004 15.59603912 22550
SOMP 2                  
1 42701U 98067LJ  17281.54810803  .00022143  00000-0  28224-3 0  9995
2 42701  51.6385 190.4613 0005682  42.8394 317.3040 15.59217654 22590
COLUMBIA                
1 42702U 98067LK  17281.55739487  .00064097  00000-0  64079-3 0  9997
2 42702  51.6368 188.2649 0004225  58.2120 301.9286 15.64970431 22558
SGSAT                   
1 42703U 98067LL  17281.56004053  .00045618  00000-0  49769-3 0  9990
2 42703  51.6364 189.0296 0000636  73.2087 286.8977 15.62901784 22532
CXBN-2                  
1 42704U 98067LM  17281.17031927  .00027689  00000-0  35056-3 0  9990
2 42704  51.6390 192.4383 0000892  29.6569 330.4474 15.59270651 22469
ICECUBE                 
1 42705U 98067LN  17281.58643326  .00033252  00000-0  40013-3 0  9990
2 42705  51.6406 189.9791 0000989 355.2213   4.8771 15.60510589 22598
PHOENIX                 
1 42706U 98067LP  17281.22036596  .00025260  00000-0  31873-3 0  9991
2 42706  51.6387 192.0250 0001342  63.8694 296.2437 15.59413849 22462
X-CUBESAT               
1 42707U 98067LQ  17281.21887921  .00025158  00000-0  31608-3 0  9999
2 42707  51.6377 192.0080 0001427  65.8565 294.2577 15.59530012 22450
QBEE50-LTU-OC           
1 42708U 98067LR  17281.22349381  .00024804  00000-0  31301-3 0  9991
2 42708  51.6376 192.0390 0001390  63.8827 296.2309 15.59422816 22415
ALTAIR PATHFINDER       
1 42711U 98067LS  17281.55822144  .00015948  00000-0  21680-3 0  9992
2 42711  51.6386 191.2732 0003105 332.2764  27.8062 15.57758451 22161
SHARC                   
1 42712U 98067LT  17281.56312881  .00017023  00000-0  23425-3 0  9991
2 42712  51.6394 191.3140 0001570 353.9153   6.1820 15.57377558 22405
ZA-AEROSAT              
1 42713U 98067LU  17281.58224750  .00018826  00000-0  24741-3 0  9995
2 42713  51.6387 190.6883 0000898 346.7157  13.3812 15.58531936 22178
LINK                    
1 42714U 98067LV  17281.34787409  .00031462  00000-0  38305-3 0  9997
2 42714  51.6376 191.3658 0000585  18.2049 341.8965 15.60231921 22250
CSUNSAT 1               
1 42715U 98067LW  17281.58640325  .00019967  00000-0  26019-3 0  9994
2 42715  51.6390 190.7120 0002807 318.2081  41.8697 15.58713978 22176
UPSAT                   
1 42716U 98067LX  17281.14114422  .00030830  00000-0  37729-3 0  9993
2 42716  51.6388 192.2416 0004297  52.1372 308.0009 15.60100779 22246
SPACECUBE               
1 42717U 98067LY  17281.55611585  .00023616  00000-0  29986-3 0  9991
2 42717  51.6385 190.5122 0004271  51.2529 308.8845 15.59284135 21540
HOOPOE                  
1 42718U 98067LZ  17281.60471396  .00025747  00000-0  32094-3 0  9993
2 42718  51.6383 190.0874 0004207  50.9534 309.1833 15.59718959 21557
CHALLENGER              
1 42721U 98067MA  17281.20546319  .00035940  00000-0  42610-3 0  9992
2 42721  51.6377 191.9122 0005916  24.1166 336.0103 15.60843864 21197
NJUST-1                 
1 42722U 98067MB  17281.35235212  .00018831  00000-0  24940-3 0  9992
2 42722  51.6388 192.1491 0006697  20.5624 339.5637 15.58307540 21203
UNSW-ECO                
1 42723U 98067MC  17281.31502740  .00026575  00000-0  33356-3 0  9997
2 42723  51.6388 191.9027 0006106  22.7972 337.3291 15.59507202 21188
DUTHSAT                 
1 42724U 98067MD  17281.28287811  .00035445  00000-0  42439-3 0  9991
2 42724  51.6386 191.6859 0005212  29.9174 330.2117 15.60597367 21101
LILACSAT-1              
1 42725U 98067ME  17281.28476393  .00022462  00000-0  29234-3 0  9990
2 42725  51.6389 192.4504 0005653  26.2929 333.8350 15.58653959 21091
NSIGHT-1                
1 42726U 98067MF  17281.59310331  .00010626  00000-0  15086-3 0  9993
2 42726  51.6397 191.5116 0006240  25.4375 334.6923 15.57002101 21146
SNUSAT-1                
1 42727U 98067MG  17281.21799213  .00021211  00000-0  27662-3 0  9998
2 42727  51.6378 192.7443 0006174 339.5391  20.5353 15.58635630 21053
QBITO                   
1 42728U 98067MH  17281.19716621  .00023622  00000-0  30188-3 0  9993
2 42728  51.6403 192.6229 0003420  45.0374 315.0896 15.59115303 20891
AALTO-2                 
1 42729U 98067MJ  17281.38934180  .00022972  00000-0  29356-3 0  9999
2 42729  51.6391 191.6501 0003327  45.9608 314.1659 15.59135297 20931
SUSAT                   
1 42730U 98067MK  17281.20483434  .00023056  00000-0  29718-3 0  9999
2 42730  51.6387 192.6651 0003354  40.9737 319.1508 15.58904235 20891
I-INSPIRE II            
1 42731U 98067ML  17281.30757254  .00031079  00000-0  38528-3 0  9998
2 42731  51.6376 191.8404 0004981 322.9486  37.1163 15.59752981 20960
POLYITAN-2-SAU          
1 42732U 98067MM  17281.25655071  .00024570  00000-0  31203-3 0  9998
2 42732  51.6380 192.2508 0005258 321.9950  38.0671 15.59249056 20956
SNUSAT-1B               
1 42733U 98067MN  17281.39703667  .00021768  00000-0  28057-3 0  9998
2 42733  51.6384 191.6908 0005367 325.5870  34.4775 15.58935420 20973
EXALTA-1                
1 42734U 98067MP  17281.18140774  .00027303  00000-0  34108-3 0  9995
2 42734  51.6378 192.5007 0006927 351.7660   8.3219 15.59610306 20896
AOXIANG-1               
1 42735U 98067MQ  17281.60481936  .00019445  00000-0  25630-3 0  9999
2 42735  51.6382 190.8332 0007140  17.2793 342.8441 15.58408521 22374
BEEAGLESAT              
1 42736U 98067MR  17281.34241172  .00021104  00000-0  27508-3 0  9998
2 42736  51.6382 192.0805 0006954  15.9179 344.2031 15.58648010 21020
ATLANTIS                
1 42737U 98067MS  17281.13128168  .00064098  00000-0  67899-3 0  9991
2 42737  51.6361 191.4089 0004817  23.2296 336.8916 15.63500266 20904
LEMUR-2-ANGELA          
1 42752U 17019B   17281.42942111  .00004571  00000-0  17762-3 0  9994
2 42752  51.6412 217.7839 0011056  30.2134 329.9481 15.27969976 18606
LEMUR-2-JENNYBARNA      
1 42753U 17019C   17281.35646689  .00005283  00000-0  20190-3 0  9998
2 42753  51.6418 218.0494 0011067  30.1402 330.0213 15.28194673 18547
LEMUR-2-ROBMOORE        
1 42754U 17019D   17281.43510415  .00004517  00000-0  17613-3 0  9990
2 42754  51.6404 217.8192 0011017  32.8616 327.3046 15.27885324 18582
LEMUR-2-SPIROVISION     
1 42755U 17019E   17281.42927779  .00005290  00000-0  20285-3 0  9993
2 42755  51.6410 217.7802 0011029  32.9437 327.2228 15.28079755 18475
UCLSAT                  
1 42765U 17036A   17281.45304645  .00002200  00000-0  10211-3 0  9993
2 42765  97.4375 339.9365 0010741 233.3179 126.7071 15.21052564 17025
LITUANICASAT-2          
1 42768U 17036D   17281.59459631  .00003570  00000-0  16794-3 0  9990
2 42768  97.4378 339.9027 0015259 222.1995 137.8066 15.20119847 16323
LEMUR-2-SHAINAJOHL      
1 42771U 17036G   17281.58476207  .00002643  00000-0  12498-3 0  9998
2 42771  97.4378 339.9161 0014303 221.4314 138.5837 15.20176792 16261
LEMUR-2-XUENITERENCE    
1 42772U 17036H   17281.18638813  .00002645  00000-0  12500-3 0  9994
2 42772  97.4378 339.5304 0013929 222.4453 137.5706 15.20212403 16203
LEMUR-2-LUCYBRYCE       
1 42773U 17036J   17281.11523882  .00003964  00000-0  18491-3 0  9997
2 42773  97.4377 339.4733 0013797 221.8216 138.1966 15.20354735 16199
LEMUR-2-KUNGFOO         
1 42774U 17036K   17281.18177493  .00003236  00000-0  15187-3 0  9999
2 42774  97.4379 339.5403 0013714 222.0340 137.9843 15.20283954 16192
AALTO-1                 
1 42775U 17036L   17281.17917922  .00001742  00000-0  83471-4 0  9990
2 42775  97.4379 339.5407 0013345 221.2214 138.8015 15.20202111 16207
URSA MAIOR              
1 42776U 17036M   17281.30805057  .00001694  00000-0  81118-4 0  9993
2 42776  97.4382 339.6777 0013209 220.9433 139.0811 15.20247481 16229
COMPASS 2               
1 42777U 17036N   17281.15345759  .00003289  00000-0  15250-3 0  9990
2 42777  97.4389 339.5919 0012213 225.5020 134.5218 15.20711433 16191
LEMUR-2-LYNSEY-SYMO     
1 42779U 17036Q   17281.59905248  .00003291  00000-0  15148-3 0  9994
2 42779  97.4381 340.0546 0011650 230.3539 129.6669 15.20965481 16257
LEMUR-2-LISASAURUS      
1 42780U 17036R   17281.59918335  .00002790  00000-0  12914-3 0  9998
2 42780  97.4379 340.0506 0011523 230.6168 129.4048 15.20903427 16264
LEMUR-2-SAM-AMELIA      
1 42781U 17036S   17281.59577702  .00003305  00000-0  15198-3 0  9998
2 42781  97.4377 340.0538 0011494 230.7126 129.3091 15.21002723 16256
LEMUR-2-MCPEAKE         
1 42782U 17036T   17281.46217321  .00003423  00000-0  15711-3 0  9995
2 42782  97.4379 339.9293 0011327 230.6769 129.3464 15.21035906 16232
DIAMOND RED             
1 42783U 17036U   17281.39958992  .00001530  00000-0  72404-4 0  9994
2 42783  97.4381 339.8567 0011350 233.7200 126.2988 15.20828679 16232
PEGASUS                 
1 42784U 17036V   17281.59416531  .00002208  00000-0  10284-3 0  9995
2 42784  97.4378 340.0573 0011299 232.9731 127.0471 15.20911032 16267
DIAMOND GREEN           
1 42785U 17036W   17281.59593930  .00001976  00000-0  92618-4 0  9998
2 42785  97.4379 340.0563 0011239 233.1290 126.8916 15.20824171 16331
DIAMOND BLUE            
1 42786U 17036X   17281.39636771  .00001245  00000-0  59561-4 0  9997
2 42786  97.4382 339.8631 0011080 234.4497 125.5706 15.20801998 16307
NUDTSAT                 
1 42787U 17036Y   17281.58339588  .00003290  00000-0  15062-3 0  9994
2 42787  97.4378 340.0713 0010953 232.8991 127.1244 15.21163333 16105
SUCHAI                  
1 42788U 17036Z   17281.58657928  .00002545  00000-0  11758-3 0  9996
2 42788  97.4378 340.0658 0010936 232.9790 127.0446 15.21055824 16336
SKCUBE                  
1 42789U 17036AA  17281.58410770  .00002430  00000-0  11236-3 0  9993
2 42789  97.4376 340.0678 0010766 232.9043 127.1210 15.21075209 16259
VZLUSAT-1               
1 42790U 17036AB  17281.11733385  .00003444  00000-0  15736-3 0  9999
2 42790  97.4376 339.6185 0010460 235.0985 124.9268 15.21203076 16183
ROBUSTA-1B              
1 42792U 17036AD  17281.11482918  .00002793  00000-0  12820-3 0  9991
2 42792  97.4374 339.6207 0010283 235.9050 124.1210 15.21206284 16197
CICERO 6                
1 42793U 17036AE  17281.30036744  .00001901  00000-0  88039-4 0  9991
2 42793  97.4372 339.8300 0009333 236.0675 123.9674 15.21306672 16295
D-SAT                   
1 42794U 17036AF  17281.60956117  .00000423  00000-0  42371-4 0  9997
2 42794  97.6300 340.2492 0128445  39.5005 321.5489 14.90660644 16248
TOKI                    
1 42820U 98067MU  17281.21899831  .00021154  00000-0  28322-3 0  9999
2 42820  51.6384 193.5063 0001483 310.4221  49.6642 15.57950693 14456
GHANASAT-1              
1 42821U 98067MV  17281.22292781  .00020841  00000-0  28037-3 0  9997
2 42821  51.6384 193.5325 0001557 315.6461  44.4407 15.57832446 14438
MAZAALAI (NUMSAT-1)     
1 42822U 98067MW  17281.22359006  .00021268  00000-0  28577-3 0  9995
2 42822  51.6385 193.5371 0001559 319.6818  40.4059 15.57850804 14452
BRAC ONNESHA            
1 42823U 98067MX  17281.22558553  .00021665  00000-0  29093-3 0  9999
2 42823  51.6389 193.5528 0005022 335.3095  24.7656 15.57844210 14454
NIGERIAEDUSAT-1         
1 42824U 98067MY  17281.16509877  .00024880  00000-0  33398-3 0  9993
2 42824  51.6391 193.8989 0004873 336.6611  23.4159 15.57765208 14445
LEMUR-2-GREENBERG       
1 42837U 17042N   17281.57085954  .00001134  00000-0  11976-3 0  9996
2 42837  97.6077 188.2110 0012483 321.2105  38.8216 14.91107758 12852
LEMUR-2-ANDIS           
1 42838U 17042P   17281.56955827  .00001020  00000-0  10816-3 0  9997
2 42838  97.6077 188.2121 0012548 321.1695  38.8621 14.91125873 12858
LEMUR-2-MONSON          
1 42839U 17042Q   17281.56409957  .00000818  00000-0  87723-4 0  9992
2 42839  97.6076 188.2186 0012227 320.1750  39.8571 14.91199021 12855
LEMUR-2-FURIAUS         
1 42840U 17042R   17281.62901160  .00001182  00000-0  12412-3 0  9991
2 42840  97.6076 188.2854 0012349 320.5789  39.4531 14.91263117 12850
LEMUR-2-PETERG          
1 42841U 17042S   17281.62139251  .00001195  00000-0  12505-3 0  9993
2 42841  97.6077 188.2960 0011965 319.2785  40.7538 14.91392569 12861
LEMUR-2-DEMBITZ         
1 42842U 17042T   17281.62011128  .00001202  00000-0  12564-3 0  9990
2 42842  97.6076 188.2961 0011982 319.8699  40.1634 14.91415816 12863
LEMUR-2-ZACHARY         
1 42845U 17042W   17281.60731090  .00000760  00000-0  81007-4 0  9995
2 42845  97.6026 188.2546 0012410 324.9463  35.0938 14.91615776 12859
FLOCK 2K-03             
1 42850U 17042AB  17281.25158013  .00011571  00000-0  35619-3 0  9999
2 42850  96.9949 185.6360 0010346 314.6866  45.3534 15.33740040 12974
FLOCK 2K-04             
1 42851U 17042AC  17281.51505600  .00012330  00000-0  38010-3 0  9999
2 42851  96.9950 185.8825 0010083 315.5905  44.4529 15.33681167 13011
FLOCK 2K-01             
1 42852U 17042AD  17281.25282831  .00012420  00000-0  38289-3 0  9997
2 42852  96.9952 185.6363 0010037 315.8646  44.1796 15.33677754 12977
FLOCK 2K-02             
1 42853U 17042AE  17281.58735667  .00002963  00000-0  95264-4 0  9992
2 42853  96.9957 185.9392 0010436 311.6700  48.3649 15.32941423 13022
FLOCK 2K-47             
1 42854U 17042AF  17281.51109120  .00012390  00000-0  38126-3 0  9993
2 42854  96.9949 185.8848 0009807 313.2051  46.8373 15.33740372 13013
FLOCK 2K-48             
1 42855U 17042AG  17281.51033668  .00012117  00000-0  37232-3 0  9991
2 42855  96.9951 185.8892 0009781 313.7014  46.3418 15.33791278 13017
FLOCK 2K-45             
1 42856U 17042AH  17281.44351352  .00012598  00000-0  38696-3 0  9995
2 42856  96.9950 185.8277 0009851 312.7952  47.2463 15.33792122 13000
FLOCK 2K-24             
1 42857U 17042AJ  17281.50771454  .00013308  00000-0  40868-3 0  9996
2 42857  96.9950 185.8891 0009607 311.6959  48.3462 15.33790382 13015
FLOCK 2K-46             
1 42858U 17042AK  17281.37605666  .00008581  00000-0  26400-3 0  9996
2 42858  96.9954 185.7717 0009790 312.3767  47.6647 15.33844337 12997
FLOCK 2K-23             
1 42859U 17042AL  17281.24471373  .00012493  00000-0  38322-3 0  9992
2 42859  96.9951 185.6479 0009975 313.5141  46.5273 15.33836363 12974
FLOCK 2K-21             
1 42860U 17042AM  17281.43855750  .00009427  00000-0  28975-3 0  9996
2 42860  96.9950 185.8353 0009807 311.0183  49.0212 15.33847391 13000
FLOCK 2K-22             
1 42861U 17042AN  17281.24971123  .00012333  00000-0  38252-3 0  9998
2 42861  96.9955 185.6431 0009970 310.4631  49.5743 15.33487298 12978
FLOCK 2K-07             
1 42862U 17042AP  17281.24118617  .00012383  00000-0  37947-3 0  9995
2 42862  96.9956 185.6520 0009968 312.2434  47.7963 15.33871073 12980
FLOCK 2K-08             
1 42863U 17042AQ  17281.43457244  .00012875  00000-0  39391-3 0  9990
2 42863  96.9948 185.8371 0009890 311.1973  48.8417 15.33912173 13005
FLOCK 2K-05             
1 42864U 17042AR  17281.23996464  .00009683  00000-0  29779-3 0  9993
2 42864  96.9952 185.6530 0010019 311.1480  48.8898 15.33817524 12976
FLOCK 2K-40             
1 42865U 17042AS  17281.23671588  .00012533  00000-0  38333-3 0  9995
2 42865  96.9949 185.6563 0009947 311.4236  48.6153 15.33929185 12978
FLOCK 2K-39             
1 42866U 17042AT  17281.43326614  .00012572  00000-0  38478-3 0  9998
2 42866  96.9951 185.8422 0009888 311.0645  48.9744 15.33906753 13002
FLOCK 2K-37             
1 42867U 17042AU  17281.23511770  .00012906  00000-0  39405-3 0  9998
2 42867  96.9949 185.6592 0010001 311.8428  48.1961 15.33975669 12972
FLOCK 2K-38             
1 42868U 17042AV  17281.29802172  .00009112  00000-0  27847-3 0  9996
2 42868  96.9950 185.7241 0010049 311.3824  48.6555 15.34034169 12981
FLOCK 2K-31             
1 42869U 17042AW  17281.42654703  .00009142  00000-0  27972-3 0  9999
2 42869  96.9951 185.8488 0010154 309.6078  50.4269 15.33994482 13004
FLOCK 2K-32             
1 42870U 17042AX  17281.29531944  .00009064  00000-0  27694-3 0  9991
2 42870  96.9953 185.7270 0010244 310.6172  49.4180 15.34041882 12987
FLOCK 2K-29             
1 42871U 17042AY  17281.29416682  .00009300  00000-0  28416-3 0  9999
2 42871  96.9953 185.7298 0010356 309.8527  50.1805 15.34030963 12987
FLOCK 2K-30             
1 42872U 17042AZ  17281.61985560  .00008365  00000-0  25505-3 0  9998
2 42872  96.9952 186.0373 0010274 309.9770  50.0571 15.34130885 13024
FLOCK 2K-44             
1 42873U 17042BA  17281.55150570  .00012238  00000-0  37328-3 0  9997
2 42873  96.9953 185.9818 0010879 296.3162  63.6964 15.34011467 13023
FLOCK 2K-43             
1 42874U 17042BB  17281.42754895  .00003150  00000-0  99400-4 0  9997
2 42874  96.9953 185.8487 0011319 296.0811  63.9267 15.33494427 13000
FLOCK 2K-41             
1 42875U 17042BC  17281.28922733  .00005101  00000-0  15682-3 0  9997
2 42875  96.9951 185.7333 0010943 298.6194  61.3948 15.34050771 12987
FLOCK 2K-36             
1 42876U 17042BD  17281.61227536  .00010136  00000-0  30918-3 0  9997
2 42876  96.9952 186.0489 0011072 296.7952  63.2159 15.34056463 13036
FLOCK 2K-35             
1 42877U 17042BE  17281.54894344  .00013026  00000-0  39708-3 0  9994
2 42877  96.9952 185.9842 0011060 297.0928  62.9187 15.34015001 13021
FLOCK 2K-34             
1 42878U 17042BF  17281.48061220  .00008381  00000-0  25611-3 0  9993
2 42878  96.9949 185.9225 0011130 297.2433  62.7677 15.34050510 13019
FLOCK 2K-33             
1 42879U 17042BG  17281.47781807  .00005439  00000-0  16708-3 0  9991
2 42879  96.9949 185.9264 0011251 297.1170  62.8925 15.34043818 13014
FLOCK 2K-28             
1 42880U 17042BH  17281.48980218  .00002913  00000-0  92032-4 0  9990
2 42880  96.9955 185.9157 0011386 296.2915  63.7158 15.33515276 13019
LEMUR-2-ARTFISCHER      
1 42881U 17042BJ  17281.54963811  .00006187  00000-0  19106-3 0  9995
2 42881  96.9980 186.0091 0011861 299.3710  60.6349 15.33813510 13012
FLOCK 2K-27             
1 42882U 17042BK  17281.28009153  .00011179  00000-0  34010-3 0  9995
2 42882  96.9953 185.7470 0011278 298.1251  61.8852 15.34111714 12984
FLOCK 2K-26             
1 42883U 17042BL  17280.29884579  .00004608  00000-0  14175-3 0  9998
2 42883  96.9955 184.8216 0011462 301.5483  58.4641 15.34075213 12831
FLOCK 2K-25             
1 42884U 17042BM  17281.28301052  .00010814  00000-0  32984-3 0  9993
2 42884  96.9946 185.7385 0011165 297.4116  62.5991 15.34040206 12989
FLOCK 2K-20             
1 42885U 17042BN  17281.40641994  .00003266  00000-0  10098-3 0  9995
2 42885  96.9953 185.8757 0011377 296.6740  63.3339 15.34120309 13003
FLOCK 2K-19             
1 42886U 17042BP  17281.27876212  .00005115  00000-0  15727-3 0  9993
2 42886  96.9953 185.7492 0011392 297.2930  62.7153 15.34041281 12988
FLOCK 2K-18             
1 42887U 17042BQ  17281.33572038  .00006538  00000-0  19869-3 0  9991
2 42887  96.9954 185.8190 0011653 295.6410  64.3630 15.34304023 12996
FLOCK 2K-17             
1 42888U 17042BR  17281.40309198  .00003263  00000-0  10064-3 0  9995
2 42888  96.9949 185.8743 0011552 295.5161  64.4888 15.34198689 13003
FLOCK 2K-16             
1 42889U 17042BS  17281.53629116  .00006201  00000-0  18911-3 0  9999
2 42889  96.9952 186.0009 0011255 294.6736  65.3336 15.34218765 13022
FLOCK 2K-15             
1 42890U 17042BT  17281.33501183  .00010809  00000-0  32640-3 0  9996
2 42890  96.9957 185.8252 0011466 294.8624  65.1427 15.34353464 12998
FLOCK 2K-13             
1 42891U 17042BU  17281.53552440  .00013111  00000-0  39828-3 0  9995
2 42891  96.9952 185.9996 0011430 291.7637  68.2390 15.34120124 13024
FLOCK 2K-14             
1 42892U 17042BV  17281.40171811  .00010531  00000-0  31869-3 0  9991
2 42892  96.9950 185.8763 0011479 294.3186  65.6859 15.34293550 13008
FLOCK 2K-12             
1 42893U 17042BW  17281.52945062  .00003563  00000-0  10898-3 0  9998
2 42893  96.9954 186.0088 0011483 293.3210  66.6825 15.34400677 13024
FLOCK 2K-11             
1 42894U 17042BX  17281.53270202  .00013471  00000-0  40819-3 0  9992
2 42894  96.9955 186.0057 0011486 291.3642  68.6375 15.34192614 13023
FLOCK 2K-10             
1 42895U 17042BY  17281.52850707  .00003170  00000-0  97532-4 0  9996
2 42895  96.9950 186.0048 0011506 292.0541  67.9480 15.34290297 13023
FLOCK 2K-09             
1 42896U 17042BZ  17281.46057626  .00003495  00000-0  10713-3 0  9994
2 42896  96.9953 185.9502 0011181 290.8848  69.1198 15.34345625 13188
FLOCK 2K-06             
1 42897U 17042CA  17281.29920637  .00008971  00000-0  27468-3 0  9996
2 42897  96.9952 185.7232 0010154 310.6416  49.3944 15.33977626 12984
SILU-1 (SILKROAD 1)     
1 42903U 17021F   17281.43195994  .00025285  00000-0  29138-3 0  9990
2 42903  42.7807  41.4256 0007761 325.3305 148.8495 15.61409127 10446
