CUTE-1 (CO-55)          
1 27844U 03031E   19325.48639045  .00000058  00000-0  45781-4 0  9993
2 27844  98.6844 331.3732 0008940 303.7672  56.2654 14.22206465850437
CUBESAT XI-IV (CO-57)   
1 27848U 03031J   19325.52303730  .00000045  00000-0  40095-4 0  9990
2 27848  98.6916 331.9397 0008959 316.7887  43.2587 14.21797897850283
CUBESAT XI-V            
1 28895U 05043F   19325.37258249  .00000144  00000-0  36495-4 0  9994
2 28895  97.9813 102.9821 0016078 216.6641 143.3462 14.63712681750253
CUTE-1.7+APD II (CO-65) 
1 32785U 08021C   19325.25702165  .00000261  00000-0  33685-4 0  9992
2 32785  97.5583 317.7058 0014539 105.3838 254.8987 14.88376857626829
AAUSAT-II               
1 32788U 08021F   19325.01942722  .00000302  00000-0  32644-4 0  9994
2 32788  97.4936 333.8609 0012723  44.2889 315.9348 14.94860741628126
DELFI-C3 (DO-64)        
1 32789U 08021G   19325.71207627  .00000904  00000-0  63875-4 0  9998
2 32789  97.4466  10.5392 0010894 316.6401  43.3970 15.07269287630462
SEEDS II (CO-66)        
1 32791U 08021J   19325.01254615  .00000473  00000-0  53248-4 0  9997
2 32791  97.5323 323.5741 0014854  81.4363 278.8538 14.90914244627256
SWISSCUBE               
1 35932U 09051B   19325.01225525  .00000142  00000-0  43090-4 0  9996
2 35932  98.5995 135.6775 0008435  54.6013 305.5971 14.56331298539382
BEESAT-1                
1 35933U 09051C   19325.14341553  .00000113  00000-0  36461-4 0  9993
2 35933  98.6009 137.6324 0006790  66.6701 293.5209 14.56414511539516
ITUPSAT1                
1 35935U 09051E   19325.15353966  .00000127  00000-0  40280-4 0  9996
2 35935  98.6118 137.8679 0009073  63.8074 296.4055 14.55568526539250
TISAT 1                 
1 36799U 10035E   19325.02651069  .00000224  00000-0  28671-4 0  9998
2 36799  98.1737 122.5356 0011093 299.4960  60.5150 14.91206836507917
M-CUBED & EXP-1 PRIME   
1 37855U 11061F   19325.50567020  .00001826  00000-0  98120-4 0  9993
2 37855 101.7231 301.1494 0172563 334.8665  24.4220 15.05802062440221
AEROCUBE 4.5A           
1 38767U 12048K   19325.57896790  .00000414  00000-0  46023-4 0  9995
2 38767  64.6639 169.3834 0167650 203.3596 155.9838 14.92064249 10634
AEROCUBE 4.5B           
1 38768U 12048L   19324.95894365  .00000933  00000-0  79622-4 0  9990
2 38768  64.6643 143.5341 0156809 200.5690 158.9067 14.95654357 10540
STRAND-1                
1 39090U 13009E   19325.26590567  .00000031  00000-0  25850-4 0  9992
2 39090  98.4714 168.5070 0009043 179.9432 180.1756 14.35105915352703
SOMP                    
1 39134U 13015E   19325.78674965  .00001299  00000-0  67551-4 0  9991
2 39134  64.8631 234.5983 0038013 277.5056  82.1754 15.20516915364321
BEESAT-3                
1 39135U 13015F   19325.26386270  .00001008  00000-0  58757-4 0  9990
2 39135  64.8670 256.8022 0040594 282.3353  77.3230 15.17743274363855
BEESAT-2                
1 39136U 13015G   19325.82175305  .00001122  00000-0  65722-4 0  9995
2 39136  64.8690 259.2832 0030373 287.3939  72.3866 15.17159883363850
NEE-01 PEGASO           
1 39151U 13018B   19325.71241657  .00000150  00000-0  26752-4 0  9997
2 39151  97.9743  61.0262 0018164  59.4572 300.8429 14.80097833354808
ESTCUBE 1               
1 39161U 13021C   19325.70338337  .00000150  00000-0  31580-4 0  9998
2 39161  97.9794  47.7888 0009394 180.0491 180.0700 14.72251898351324
POPACS 1                
1 39268U 13055D   19325.51096774  .00004237  00000-0  11499-3 0  9994
2 39268  81.0000 156.8158 0622925 122.1794 244.1382 14.38030370319427
POPACS 2                
1 39269U 13055E   19325.62388861  .00002310  00000-0  66484-4 0  9993
2 39269  81.0146 189.8998 0680819 207.8448 148.4701 14.24628812317462
POPACS 3                
1 39270U 13055F   19325.12439810  .00001337  00000-0  42133-4 0  9994
2 39270  81.0183 209.2415 0711287 263.7392  88.2372 14.16310836316198
ZACUBE-1 (TSHEPISOSAT)  
1 39417U 13066B   19325.01822118  .00000208  00000-0  32543-4 0  9994
2 39417  97.5617 329.7863 0057581 244.0886 115.4386 14.81180521324038
WNISAT-1                
1 39423U 13066H   19325.74235352 -.00000002  00000-0  93184-5 0  9991
2 39423  97.7896 256.5767 0175213 186.0688 173.8390 14.53073811318111
TRITON-1                
1 39427U 13066M   19325.14917481  .00000247  00000-0  47114-4 0  9990
2 39427  97.6971 293.0884 0114511  28.4123 332.3262 14.67908352321140
GOMX-1                  
1 39430U 13066Q   19325.75262713  .00000170  00000-0  39379-4 0  9991
2 39430  97.7661 272.1768 0152016 121.8790 239.7318 14.59310745319367
CUBEBUG-2 (LO-74)       
1 39440U 13066AA  19325.21065446  .00000234  00000-0  39674-4 0  9996
2 39440  97.6127 314.5487 0078947 300.3497  58.9923 14.75919296322913
NEE-02 KRYSAOR          
1 39441U 13066AB  19325.21891866  .00000147  00000-0  28207-4 0  9993
2 39441  97.6182 312.2123 0080585 308.1880  51.2090 14.74952334322729
FUNCUBE-1 (AO-73)       
1 39444U 13066AE  19325.67513826  .00000279  00000-0  40693-4 0  9992
2 39444  97.5583 332.4943 0056812 234.9149 124.6731 14.82013256323032
UWE-3                   
1 39446U 13066AG  19325.42219362  .00000215  00000-0  35327-4 0  9993
2 39446  97.5865 321.9093 0068501 271.9685  87.3683 14.78453510322272
AEROCUBE 5A             
1 39465U 13072D   19325.25853077  .00003210  00000-0  28664-3 0  9992
2 39465 120.4959 126.6711 0276149  32.9208 328.8723 14.74414063 10497
AEROCUBE 5B             
1 39466U 13072E   19325.23861136  .00003334  00000-0  25482-3 0  9998
2 39466 120.4929 152.4072 0252048  39.0471 322.8496 14.83396742 10500
BRITE-CA1 (TORONTO)     
1 40020U 14033L   19325.50780475  .00000064  00000-0  19164-4 0  9998
2 40020  97.7342 160.6250 0087928  20.3766 340.0912 14.66602838290136
DUCHIFAT-1              
1 40021U 14033M   19325.74365836  .00000537  00000-0  60490-4 0  9998
2 40021  97.9294 250.8789 0011501 255.0537 104.9408 14.90741571294799
NANOSATC-BR1            
1 40024U 14033Q   19325.24899160  .00000302  00000-0  37288-4 0  9997
2 40024  97.9170 247.3926 0010761 261.1384  98.8615 14.89937751294600
QB50P1                  
1 40025U 14033R   19325.00270849  .00000301  00000-0  38002-4 0  9993
2 40025  97.9074 244.4281 0011023 269.2165  90.7789 14.89023199294430
QB50P2                  
1 40032U 14033Y   19325.25466983  .00000277  00000-0  35789-4 0  9995
2 40032  97.8985 242.5688 0010414 264.5419  95.4610 14.88554299294389
PERSEUS-M2              
1 40037U 14033AD  19325.18961330  .00000075  00000-0  14690-4 0  9992
2 40037  97.8882 238.0839 0012994 279.9523  80.0225 14.86493999294074
PERSEUS-M1              
1 40039U 14033AF  19325.28040065  .00000114  00000-0  19224-4 0  9990
2 40039  97.8858 237.1485 0012824 277.0226  82.9530 14.86114361294014
POLYITAN-1              
1 40042U 14033AJ  19325.23058974  .00000287  00000-0  36785-4 0  9999
2 40042  97.9156 245.0526 0013191 257.7049 102.2691 14.88744078294379
TIGRISAT                
1 40043U 14033AK  19325.18401465  .00000125  00000-0  25955-4 0  9999
2 40043  97.7333 186.2023 0059029 315.9138  43.7373 14.74313764291517
AEROCUBE 6A             
1 40045U 14033AM  19325.61613216  .00000297  00000-0  50016-4 0  9994
2 40045  97.7573 191.0934 0056951 306.7143  52.8843 14.75467665291553
AEROCUBE 6B             
1 40046U 14033AN  19325.69116226  .00000295  00000-0  49753-4 0  9996
2 40046  97.7498 190.6554 0056034 305.6272  53.9726 14.75446889291700
UKUBE-1                 
1 40074U 14037F   19325.71190928  .00000203  00000-0  31497-4 0  9990
2 40074  98.4493 136.6858 0005867  74.9293 285.2565 14.84137499290791
BRITE-PL2 (HEWELIUSZ)   
1 40119U 14049B   19325.22952700  .00000126  00000-0  21368-4 0  9993
2 40119  97.9025  54.4820 0018785  74.5349 285.7939 14.84445001284742
FIREBIRD 4              
1 40378U 15003C   19325.65777450  .00002226  00000-0  90248-4 0  9991
2 40378  99.1190 338.0460 0124914 290.8683  67.9209 15.19331266265603
GRIFEX                  
1 40379U 15003D   19325.66557804  .00001782  00000-0  79149-4 0  9995
2 40379  99.1222 331.1680 0133511 312.0764  46.9168 15.15864455265213
EXOCUBE (CP10)          
1 40380U 15003E   19325.58930411  .00001826  00000-0  84561-4 0  9990
2 40380  99.1267 327.3277 0138640 324.8471  34.3666 15.13859635264953
AEROCUBE 8A             
1 40659U 15025J   19325.75790669  .00010912  00000-0  13604-3 0  9996
2 40659  55.0172 175.1408 0120172 356.9247   3.1035 15.52323811 11095
AEROCUBE 8B             
1 40660U 15025K   19325.06899168  .00011635  00000-0  14356-3 0  9994
2 40660  55.0146 176.7497 0119568 356.7408   3.2834 15.52571000 10998
TIANWANG 1C (TW-1C)     
1 40926U 15051B   19325.74533771  .00011933  00000-0  15425-3 0  9997
2 40926  97.1163  11.8609 0008532 140.8641 314.6080 15.59045154234445
TIANWANG 1A (TW-1A)     
1 40928U 15051D   19325.78437376  .00002131  00000-0  52652-4 0  9991
2 40928  97.1314 353.5837 0009554 220.4184 256.2394 15.41547424233217
EXACTVIEW 9             
1 40936U 15052G   19324.10010381  .00000767  00000-0  18155-4 0  9992
2 40936   6.0045  40.1682 0010318 170.3808 189.6517 14.76526239224088
AEROCUBE 5C             
1 40965U 15058B   19325.25891512  .00000126  00000-0  34252-4 0  9995
2 40965  64.7793  57.4414 0178421 150.8509 210.2700 14.74443259 10464
AEROCUBE 7              
1 40966U 15058C   19325.75530875  .00000197  00000-0  42360-4 0  9990
2 40966  64.7795  54.7046 0177264 150.4616 210.6648 14.74726864 10536
ATHENOXAT 1             
1 41168U 15077C   19325.74097397  .00001969  00000-0  68430-4 0  9996
2 41168  14.9872 152.2311 0011289 104.3736 255.7839 15.13928299217663
GALASSIA                
1 41170U 15077E   19324.71225652  .00001935  00000-0  65813-4 0  9997
2 41170  14.9875 152.3518 0012706 115.4841 244.6795 15.14246278217573
VELOX-II                
1 41171U 15077F   19324.80000116  .00001457  00000-0  45270-4 0  9998
2 41171  14.9900 189.3121 0008786  24.1314 335.9417 15.11405933217259
HORYU-4                 
1 41340U 16012D   19325.81519705  .00000439  00000-0  26507-4 0  9998
2 41340  31.0043 220.3268 0014154 238.3765 121.5490 15.01361943206493
E-ST@R-II               
1 41459U 16025D   19325.71849882  .00001456  00000-0  77805-4 0  9991
2 41459  98.1009  60.0751 0166700 193.3920 166.2810 15.05824345196027
AAUSAT 4                
1 41460U 16025E   19325.69228058  .00002617  00000-0  13296-3 0  9999
2 41460  98.0963  61.7035 0156343 184.7680 175.2093 15.07861718196175
DIWATA-1                
1 41463U 98067HT  19325.79036381  .00037979  00000-0  12302-3 0  9991
2 41463  51.6263 151.8941 0001512 165.7568 316.4764 15.90410405204533
BEESAT-4                
1 41619U 16040W   19325.59469120  .00001449  00000-0  63605-4 0  9990
2 41619  97.3497  24.7818 0011028 186.8428 173.2660 15.23476877177595
CANX-7                  
1 41788U 16059F   19325.71023267  .00005268  00000-0  77473-3 0  9999
2 41788  98.2459  43.8350 0029491 230.1531 129.7143 14.75588279169009
RAVAN                   
1 41849U 16067B   19325.26606760 -.00000168  00000-0 -88869-5 0  9990
2 41849  97.9263  66.7598 0007578 217.5316 142.5377 14.98369363165291
CELTEE 1                
1 41850U 16067C   19325.20850926  .00000055  00000-0  10074-4 0  9996
2 41850  97.9210  65.0107 0008116 219.6980 140.3647 14.97076622165199
OPTICUBE 04             
1 41851U 16067D   19325.17192168  .00000583  00000-0  56103-4 0  9999
2 41851  97.9212  64.6975 0007770 218.7509 141.3155 14.96856886165172
AEROCUBE 8D             
1 41852U 16067E   19325.24961271  .00000048  00000-0  94896-5 0  9995
2 41852  97.9222  64.6030 0008529 220.8203 139.2380 14.96797386165168
AEROCUBE 8C             
1 41853U 16067F   19325.27623805  .00000169  00000-0  20079-4 0  9992
2 41853  97.9209  64.5532 0009279 223.1050 136.9445 14.96754308165162
PROMETHEUS 2-1          
1 41854U 16067G   19325.21930262  .00000633  00000-0  60238-4 0  9992
2 41854  97.9218  64.7034 0009580 221.3937 138.6559 14.97011476165169
PROMETHEUS 2-3          
1 41855U 16067H   19325.22103661  .00000710  00000-0  66954-4 0  9996
2 41855  97.9221  64.7274 0009723 221.7282 138.3198 14.97018641165163
INS-1B                  
1 41954U 17008G   19325.42641186  .00001306  00000-0  56363-4 0  9998
2 41954  97.3829  28.2993 0008055 326.3271  33.7454 15.24278106153526
BGUSAT                  
1 41999U 17008BD  19325.63918961  .00002269  00000-0  89254-4 0  9992
2 41999  97.3919  31.5726 0007220 339.5887  20.5062 15.26662304153087
DIDO-2                  
1 42000U 17008BE  19325.22780996  .00000886  00000-0  39312-4 0  9999
2 42000  97.3840  28.6536 0007951 348.4126  11.6927 15.24133893152899
PEASSS                  
1 42015U 17008BV  19325.22194485  .00001140  00000-0  48324-4 0  9994
2 42015  97.3855  29.8569 0006017 357.4468   2.6738 15.25159506153454
AL-FARABI 1             
1 42016U 17008BW  19325.21835669  .00001485  00000-0  60807-4 0  9992
2 42016  97.3873  30.5843 0005871 356.7546   3.3653 15.25872692153615
NAYIF-1 (EO-88)         
1 42017U 17008BX  19325.66137754  .00001583  00000-0  64537-4 0  9995
2 42017  97.3869  31.0331 0005793 355.3153   4.8030 15.25911032153708
ALTAIR PATHFINDER       
1 42711U 98067LS  19325.78378899  .00330919  62657-4  40947-3 0  9996
2 42711  51.6245 190.5686 0004383 203.3702 156.7112 16.07255878143909
NSIGHT                  
1 42726U 98067MF  19325.20981055  .00040516  00000-0  22174-3 0  9996
2 42726  51.6323 229.4509 0005032  87.7192 272.4385 15.79399628142320
UCLSAT                  
1 42765U 17036A   19325.19840882  .00001255  00000-0  56148-4 0  9992
2 42765  97.3322  19.7403 0012600  49.0910 311.1416 15.23049068134135
LITUANICASAT-2          
1 42768U 17036D   19325.22892728  .00002005  00000-0  87239-4 0  9994
2 42768  97.3364  19.4821 0015789  38.7410 321.4956 15.23294204133985
AALTO-1                 
1 42775U 17036L   19325.60329642  .00000797  00000-0  38309-4 0  9994
2 42775  97.3301  18.5105 0014886  39.0758 321.1550 15.21539427133912
URSA MAIOR              
1 42776U 17036M   19325.22090731  .00000829  00000-0  39594-4 0  9990
2 42776  97.3313  18.3392 0014732  40.2605 319.9720 15.21689833133862
COMPASS 2               
1 42777U 17036N   19325.24156576  .00001616  00000-0  70919-4 0  9994
2 42777  97.3359  19.9593 0013379  40.6980 319.5254 15.23295593133944
DIAMOND RED             
1 42783U 17036U   19325.62991829  .00001013  00000-0  46674-4 0  9993
2 42783  97.3321  19.6311 0013272  48.8410 311.3969 15.22450979133971
PEGASUS                 
1 42784U 17036V   19325.24905371  .00001121  00000-0  50863-4 0  9994
2 42784  97.3326  19.5581 0013171  49.3045 310.9334 15.22777462133939
DIAMOND GREEN           
1 42785U 17036W   19325.62876963  .00001035  00000-0  47613-4 0  9994
2 42785  97.3324  19.6587 0013191  49.4270 310.8112 15.22451210133964
DIAMOND BLUE            
1 42786U 17036X   19325.23357552  .00000990  00000-0  45688-4 0  9999
2 42786  97.3323  19.2701 0013055  50.9388 309.3008 15.22450126133900
NUDTSAT                 
1 42787U 17036Y   19325.40548497  .00001500  00000-0  64926-4 0  9993
2 42787  97.3359  20.6670 0013108  42.7955 317.4300 15.23878979133859
SUCHAI                  
1 42788U 17036Z   19325.21159151  .00001335  00000-0  59206-4 0  9999
2 42788  97.3332  19.9321 0012699  48.6780 311.5548 15.23244270134020
SKCUBE                  
1 42789U 17036AA  19324.84431543  .00001256  00000-0  56052-4 0  9994
2 42789  97.3328  19.4830 0012610  50.0337 310.2005 15.23121437133880
VZLUSAT-1               
1 42790U 17036AB  19324.86759869  .00001709  00000-0  73615-4 0  9999
2 42790  97.3347  20.1370 0012099  48.9324 311.2956 15.23868022133923
ROBUSTA-1B              
1 42792U 17036AD  19325.21744566  .00001260  00000-0  55959-4 0  9992
2 42792  97.3329  20.0364 0012158  49.6350 310.5946 15.23300950133966
CICERO 6                
1 42793U 17036AE  19325.25670658  .00000862  00000-0  39787-4 0  9995
2 42793  97.3309  19.7221 0011511  51.5952 308.6317 15.22800022134026
D-SAT                   
1 42794U 17036AF  19325.08843847  .00000175  00000-0  20724-4 0  9997
2 42794  97.5211   2.7992 0125914 344.2924  15.4403 14.91171348131496
CORVUS BC2              
1 42846U 17042X   19325.13791684  .00000006  00000-0  58889-5 0  9996
2 42846  97.5462 212.7672 0008095 254.8783 105.1541 14.92027356128192
CORVUS BC1              
1 42847U 17042Y   19325.21482322  .00000018  00000-0  70345-5 0  9996
2 42847  97.5464 212.9732 0007735 253.6173 106.4197 14.92127722128205
MIRATA                  
1 43015U 17073C   19324.80728112  .00001685  00000-0  13559-3 0  9995
2 43015  97.7195 239.9843 0255097  12.5393 348.2007 14.79241314108225
MAKERSAT 0              
1 43016U 17073D   19325.25618850  .00001210  00000-0  98956-4 0  9992
2 43016  97.7231 240.6188 0257395  11.6854 349.0179 14.78925067108270
ASTERIA                 
1 43020U 98067NH  19325.24061655  .00042031  00000-0  23580-3 0  9999
2 43020  51.6398 241.2508 0001602  76.8050 283.3129 15.78845655114356
DELLINGR (RBLE)         
1 43021U 98067NJ  19325.85040152  .00012028  00000-0  12186-3 0  9999
2 43021  51.6371 261.7395 0001784  17.1506 342.9550 15.65724182114137
AEROCUBE 7B (OCSD B)    
1 43042U 17071F   19325.21637106  .00003525  00000-0  90545-4 0  9997
2 43042  51.6393  12.1083 0004711   7.4449 352.6606 15.42099565110071
AEROCUBE 7C (OCSD C)    
1 43043U 17071G   19325.34622527  .00003244  00000-0  84137-4 0  9991
2 43043  51.6392  11.4902 0004984  11.8507 348.2595 15.42082406110062
CHEFSAT                 
1 43044U 17071H   19325.23673171  .00005837  00000-0  12872-3 0  9997
2 43044  51.6400   3.4354 0004931  11.5415 348.5684 15.45416476110166
ASGARDIA 1              
1 43049U 17071N   19325.67484418  .00003567  00000-0  91184-4 0  9996
2 43049  51.6403   9.2311 0002725  32.5968 327.5186 15.42206766110111
ISARA                   
1 43050U 17071P   19325.24016856  .00005288  00000-0  11978-3 0  9992
2 43050  51.6383   4.8900 0002644  27.6959 332.4168 15.44827328110132
PROPCUBE 2 (FAUNA)      
1 43052U 17071R   19325.52024243  .00003607  00000-0  91087-4 0  9997
2 43052  51.6398   8.9682 0002651  29.2125 330.9008 15.42545736110104
CORVUS BC3              
1 43118U 18004H   19325.26048249  .00000791  00000-0  36573-4 0  9990
2 43118  97.4705  31.9736 0011925  70.3730 289.8793 15.23051081103150
MICROMAS-2A             
1 43131U 18004W   19325.25755860  .00001813  00000-0  76478-4 0  9992
2 43131  97.4739  33.0438 0010799  71.3469 288.8939 15.24565458103219
SPACEBEE-4              
1 43139U 18004AE  19325.18583914  .00002902  00000-0  11707-3 0  9994
2 43139  97.4763  33.7082 0010196  74.0377 286.1983 15.25581313103236
SPACEBEE-3              
1 43140U 18004AF  19325.23643834  .00003145  00000-0  12417-3 0  9999
2 43140  97.4774  34.1598 0009925  73.6911 286.5418 15.26240422103279
SPACEBEE-2              
1 43141U 18004AG  19324.85891918  .00003616  00000-0  14139-3 0  9991
2 43141  97.4785  33.9231 0009887  74.3334 285.8995 15.26466172103226
SPACEBEE-1              
1 43142U 18004AH  19325.26162628  .00003628  00000-0  14075-3 0  9999
2 43142  97.4786  34.4809 0009811  73.2244 287.0071 15.26724161103280
CICERO 7                
1 43143U 18004AJ  19325.26893314  .00001749  00000-0  73691-4 0  9995
2 43143  97.4723  33.2658 0009078  79.7810 280.4451 15.24670044103238
GOMX-4B                 
1 43196U 18015E   19325.38139317  .00000468  00000-0  22153-4 0  9998
2 43196  97.4116  90.9390 0020031 118.0440 242.2823 15.24070879100059
GOMX-4A                 
1 43197U 18015F   19325.70103624  .00000348  00000-0  17175-4 0  9992
2 43197  97.4124  91.2951 0020682 117.4208 354.0559 15.24195891100110
1KUNS-PF                
1 43466U 98067NP  19325.83057675  .00037447  00000-0  26950-3 0  9994
2 43466  51.6347 258.5164 0002613  91.4057 268.7241 15.73205984 87436
UBAKUSAT                
1 43467U 98067NQ  19325.27804558  .00015731  00000-0  15185-3 0  9993
2 43467  51.6354 270.6192 0000992   4.7901 355.3104 15.66664991 87232
BATSU-CS1 (IRAZU)       
1 43468U 98067NR  19325.83557524  .00075041  00000-0  38807-3 0  9990
2 43468  51.6350 250.2140 0003421 113.9821 246.1540 15.80394986187535
CUBERRT                 
1 43546U 98067NU  19325.25346526  .00011993  00000-0  11205-3 0  9990
2 43546  51.6364 269.7070 0004263  21.8172 338.3005 15.67759587 77372
TEMPEST-D               
1 43547U 98067NV  19325.26780521  .00004972  00000-0  67535-4 0  9996
2 43547  51.6379 285.5867 0005512 357.4743   2.6221 15.59606965 76843
RAINCUBE                
1 43548U 98067NW  19325.15185173  .00018707  00000-0  18915-3 0  9995
2 43548  51.6354 277.2612 0005199  21.1440 338.9769 15.65341580 77392
HALOSAT                 
1 43549U 98067NX  19325.35716271  .00016602  00000-0  16943-3 0  9998
2 43549  51.6366 276.4117 0005065  23.3928 336.7297 15.65208012 76982
ENDUROSAT ONE           
1 43551U 98067NZ  19325.11972950  .00023753  00000-0  21601-3 0  9995
2 43551  51.6354 273.3111 0005626  34.7062 325.4301 15.67815887 77416
EQUISAT                 
1 43552U 98067PA  19325.26194590  .00015665  00000-0  15809-3 0  9994
2 43552  51.6372 275.8126 0005905  28.2163 331.9152 15.65537770 77359
AEROCUBE 12A            
1 43556U 18046C   19325.61120122  .00001040  00000-0  48735-4 0  9993
2 43556  51.6435  28.5171 0007782 267.4964  92.5125 15.29137475 75410
AEROCUBE 12B            
1 43557U 18046D   19325.64014835  .00001310  00000-0  58435-4 0  9998
2 43557  51.6440  28.7038 0007882 267.9969  92.0108 15.28957965 75365
UITMSAT-1               
1 43589U 98067PD  19325.29734902  .00018797  00000-0  18372-3 0  9991
2 43589  51.6342 275.9516 0005590  38.5310 321.6083 15.66190465 73091
MAYA-1                  
1 43590U 98067PE  19324.90798346  .00018712  00000-0  18294-3 0  9992
2 43590  51.6346 277.8587 0005546  38.2242 321.9146 15.66186985 72968
BHUTAN-1                
1 43591U 98067PF  19325.27553603  .00017923  00000-0  17491-3 0  9990
2 43591  51.6352 275.8510 0005861  38.7566 321.3849 15.66265623 73023
SIRIUSSAT-1             
1 43595U 98067PG  19325.29027951  .00016721  00000-0  17107-3 0  9997
2 43595  51.6347 278.1647 0002956  13.2708 346.8365 15.65144489 72171
SIRIUSSAT-2             
1 43596U 98067PH  19325.27311685  .00016402  00000-0  16903-3 0  9995
2 43596  51.6358 278.8533 0003387   8.4784 351.6268 15.64976782 72167
TANUSHA-3               
1 43597U 98067PJ  19325.25593167  .00024519  00000-0  22163-3 0  9994
2 43597  51.6335 274.8907 0003524  34.5421 325.5804 15.67954440 72217
SURFSAT                 
1 43614U 18070B   19325.70664020  .00002985  00000-0  79162-4 0  9992
2 43614  93.0382  68.1657 0018126  68.1633 292.1547 15.38218356 66388
CP7 (DAVE)              
1 43615U 18070C   19325.26622557  .00002514  00000-0  66929-4 0  9998
2 43615  93.0384  67.9813 0018287  69.1299 291.1911 15.38112092 66316
ELFIN-B                 
1 43616U 18070D   19325.71926839  .00003754  00000-0  96855-4 0  9997
2 43616  93.0345  68.0760 0018882  70.2427 290.0861 15.39030497 66405
ELFIN-A                 
1 43617U 18070E   19325.70687827  .00004263  00000-0  10969-3 0  9995
2 43617  93.0400  68.4085 0018048  67.5093 292.8069 15.39127444 66403
CUBEBEL-1 (BSUSAT-1)    
1 43666U 18083E   19325.68747380  .00000809  00000-0  43254-4 0  9997
2 43666  97.5091 349.0328 0015467  12.6092 120.6500 15.17839976 58946
DEBRISSAT-2             
1 43680U 98067PR  19325.22589156  .00034812  00000-0  28119-3 0  9991
2 43680  51.6340 273.2327 0004095  55.5404 304.5980 15.70493489 80961
CICERO 10               
1 43690U 18088A   19325.21661784  .00001083  00000-0  48474-4 0  9995
2 43690  85.0412 216.1161 0015289   6.4205 353.7229 15.19888189 56958
IRVINE01                
1 43693U 18088D   19325.21057824  .00002259  00000-0  96944-4 0  9993
2 43693  85.0382 215.3839 0017913 348.6240  11.4594 15.21965951 57013
PROXIMA I               
1 43694U 18088E   19325.64416010  .00001010  00000-0  42786-4 0  9996
2 43694  85.0354 214.8906 0018540 337.8737  22.1702 15.21620022 57084
PROXIMA II              
1 43696U 18088G   19324.85366798  .00001011  00000-0  42820-4 0  9997
2 43696  85.0356 215.4144 0018688 340.8164  19.2372 15.21622893 56964
FACSAT-1                
1 43721U 18096C   19325.75212143  .00001388  00000-0  55489-4 0  9991
2 43721  97.4450  35.2616 0019033 136.1990 224.0762 15.26669831 54544
CENTAURI-2              
1 43722U 18096D   19325.24733324  .00002124  00000-0  82608-4 0  9997
2 43722  97.4455  34.8716 0019051 138.4218 221.8473 15.27000086 54461
INNOSAT-2               
1 43738U 18096V   19325.80348817  .00003002  00000-0  10736-3 0  9993
2 43738  97.4464  36.5862 0025071 146.6440 213.6386 15.29314698 54636
SIRION PATHFINDER-2     
1 43759U 18099B   19325.78590510 -.00000171  00000-0 -10338-4 0  9990
2 43759  97.7306  35.7338 0014912 155.0127 205.1818 14.95191430 52749
CORVUS-BC 4             
1 43767U 18099K   19325.18066006 -.00000230  00000-0 -15937-4 0  9997
2 43767  97.7292  34.7713 0012315 159.2135 200.9589 14.94633438 52643
MOVE-II                 
1 43780U 18099Y   19325.20565023  .00000814  00000-0  79185-4 0  9999
2 43780  97.7303  35.0626 0014133 167.8068 192.3497 14.95194450 52647
SPACEBEE-7              
1 43816U 18099BL  19325.18815174  .00000067  00000-0  11284-4 0  9997
2 43816  97.7318  35.3028 0014149 153.4604 206.7344 14.95521208 52215
SPACEBEE-5              
1 43817U 18099BM  19325.14386556  .00001496  00000-0  13864-3 0  9993
2 43817  97.7349  35.4345 0014271 154.2957 205.8976 14.95898863 52214
SPACEBEE-6              
1 43818U 18099BN  19324.63824566  .00000362  00000-0  37690-4 0  9990
2 43818  97.7331  34.8159 0014121 154.6743 205.5173 14.95643741 52289
SHIELDS 1               
1 43850U 18104B   19324.70076077  .00000042  00000-0  00000-0 0  9993
2 43850  85.0244 313.9976 0017206 116.6721 243.6340 15.21198853 51587
STF-1                   
1 43852U 18104D   19325.27513832  .00000042  00000-0  00000+0 0  9992
2 43852  85.0285 313.9950 0016076 125.1416 235.1345 15.20855987 51652
ZACUBE-2                
1 43907U 18111AH  19325.78703762  .00000626  00000-0  28260-4 0  9991
2 43907  97.2786 226.6293 0022229 156.3568 203.8697 15.24348269 50223
LUME 1                  
1 43908U 18111AJ  19325.23470486  .00001001  00000-0  43186-4 0  9998
2 43908  97.2786 226.1523 0021978 158.1624 202.0556 15.24613347 50146
AOBA VELOX-IV           
1 43940U 19003J   19325.68846206  .00001487  00000-0  63363-4 0  9998
2 43940  97.2582  18.8603 0022810 239.1090 220.3736 15.24281365 46840
CATSAT-2                
1 44029U 98067PV  19325.25216029  .00013087  00000-0  16850-3 0  9998
2 44029  51.6388 291.5098 0005198  23.5007 336.6223 15.59398756 45828
DELPHINI                
1 44030U 98067PW  19325.16258610  .00014512  00000-0  18392-3 0  9999
2 44030  51.6363 291.6244 0004981  23.7701 336.3521 15.59713448 45781
UNITE                   
1 44031U 98067PX  19325.46211542  .00007928  00000-0  11153-3 0  9997
2 44031  51.6382 292.1442 0003665  22.0377 338.0772 15.57683676 45805
TECHEDSAT 8             
1 44032U 98067PY  19325.15189296  .00048595  00000-0  42401-3 0  9999
2 44032  51.6351 284.0405 0004712  53.2570 306.8858 15.68461773 45864
CATSAT-1                
1 44033U 98067PZ  19325.76476967  .00017035  00000-0  21733-3 0  9991
2 44033  51.6388 288.9354 0005052  26.6511 333.4740 15.59394668 45817
RAAVANA-1               
1 44329U 98067QE  19325.32339639  .00008011  00000-0  12830-3 0  9997
2 44329  51.6399 299.4835 0006185 310.0339  50.0108 15.54082670 24442
UGUISU                  
1 44330U 98067QF  19325.19888015  .00007897  00000-0  12680-3 0  9995
2 44330  51.6402 300.1511 0006136 307.7971  52.2464 15.54033653 24403
NEPALISAT-1             
1 44331U 98067QG  19325.77002388  .00009404  00000-0  14909-3 0  9993
2 44331  51.6402 297.2170 0006225 312.8204  47.2262 15.54125828 24503
SPOOQY-1                
1 44332U 98067QH  19325.76714666  .00009079  00000-0  14420-3 0  9998
2 44332  51.6401 297.1951 0005135 316.7604  43.2983 15.54127093 24462
SPACEBEE-9              
1 44370U 19037F   19325.67006059  .00004381  00000-0  11370-3 0  9992
2 44370  45.0172 200.4393 0013966  35.4302 324.7501 15.40527285 22377
SPACEBEE-8              
1 44371U 19037G   19325.09012421  .00010060  00000-0  23795-3 0  9994
2 44371  45.0182 202.8788 0012176  37.7551 322.4195 15.42033741 22281
IOD-1 GEMS              
1 44385U 98067QK  19325.47411879  .00012298  00000-0  19042-3 0  9996
2 44385  51.6412 299.0075 0002090 276.4398  83.6355 15.54460069 21921
MOVE-IIB                
1 44398U 19038N   19325.83528596  .00000879  00000-0  54792-4 0  9990
2 44398  97.5076 285.1707 0025871 123.0154 237.3419 15.11853645 21059
SONATE                  
1 44400U 19038Q   19325.24086359  .00000594  00000-0  38347-4 0  9997
2 44400  97.5105 284.6007 0026678 124.2074 236.1690 15.11744648 20962
LUCKY-7                 
1 44406U 19038W   19325.15699134  .00000630  00000-0  40268-4 0  9990
2 44406  97.5102 284.5568 0026101 124.4193 235.9510 15.11954352 20942
BEESAT 9                
1 44412U 19038AC  19325.42518517  .00000838  00000-0  52357-4 0  9994
2 44412  97.5097 284.8082 0024124 128.8154 231.5235 15.11946249 20687
JAISAT-1                
1 44419U 19038F   19325.11527740  .00000840  00000-0  51817-4 0  9998
2 44419  97.5101 284.6099 0022974 129.3615 230.9655 15.12433538 20957
SWIATOWID               
1 44426U 98067QL  19325.81249321  .00012038  00000-0  18622-3 0  9996
2 44426  51.6446 297.3588 0002203 267.1212 163.8155 15.54508869 21999
KRAKSAT                 
1 44427U 98067QM  19325.20684067  .00006302  00000-0  10620-3 0  9997
2 44427  51.6416 300.9670 0002920 258.7357 101.3306 15.53090376 21939
VCC A                   
1 44428U 98067QN  19325.24268516  .00007259  00000-0  11897-3 0  9998
2 44428  51.6416 300.4587 0002216 288.7054  71.3696 15.53606384 21948
ENTRYSAT                
1 44429U 98067QP  19325.48771409  .00009575  00000-0  15287-3 0  9995
2 44429  51.6408 299.0925 0001885 279.3055  80.7723 15.53913072 21981
VCC C                   
1 44430U 98067QQ  19325.29188110  .00010534  00000-0  16633-3 0  9990
2 44430  51.6411 300.0366 0002067 296.9116  63.1663 15.54097691 20770
VCC B                   
1 44431U 98067QR  19325.24445581  .00007274  00000-0  11923-3 0  9998
2 44431  51.6415 300.4688 0002348 287.6248  72.4486 15.53600623 21884
