CUTE-1 (CO-55)          
1 27844U 03031E   19351.79838269  .00000033  00000-0  34628-4 0  9996
2 27844  98.6835 357.2852 0009179 219.6638 140.3869 14.22211185854172
CUBESAT XI-IV (CO-57)   
1 27848U 03031J   19351.98332865  .00000019  00000-0  28521-4 0  9991
2 27848  98.6909 358.0021 0008919 231.8602 128.1772 14.21801935854043
CUBESAT XI-V            
1 28895U 05043F   19352.16980661  .00000105  00000-0  28918-4 0  9999
2 28895  97.9836 128.9425 0017801 133.2142 227.0551 14.63721326754171
CUTE-1.7+APD II (CO-65) 
1 32785U 08021C   19352.14843743  .00000163  00000-0  23126-4 0  9998
2 32785  97.5594 343.3555 0013617  24.0804 336.1048 14.88389949630827
AAUSAT-II               
1 32788U 08021F   19351.99496703  .00000275  00000-0  30216-4 0  9995
2 32788  97.4926 359.6278 0010576 313.8514  46.1833 14.94890793632157
DELFI-C3 (DO-64)        
1 32789U 08021G   19352.13358522  .00001092  00000-0  76203-4 0  9993
2 32789  97.4431  36.1036 0011403 214.5920 145.4567 15.07329213634446
SEEDS II (CO-66)        
1 32791U 08021J   19351.99239880  .00000211  00000-0  26683-4 0  9993
2 32791  97.5326 349.3206 0013179 357.4326   2.6823 14.90933502631270
SWISSCUBE               
1 35932U 09051B   19352.08225490  .00000095  00000-0  32448-4 0  9996
2 35932  98.5996 163.5871 0007041 333.5165  26.5671 14.56340300543329
BEESAT-1                
1 35933U 09051C   19351.73097291  .00000074  00000-0  27799-4 0  9994
2 35933  98.6009 165.0524 0005520 351.2969   8.8132 14.56422411543382
ITUPSAT1                
1 35935U 09051E   19352.03150675  .00000073  00000-0  27985-4 0  9992
2 35935  98.6117 165.5846 0007747 345.2678  14.8291 14.55575363543162
TISAT 1                 
1 36799U 10035E   19352.00082849  .00000401  00000-0  46415-4 0  9993
2 36799  98.1749 150.4790 0011806 202.8964 157.1728 14.91227539511930
M-CUBED & EXP-1 PRIME   
1 37855U 11061F   19351.95018961  .00000512  00000-0  33669-4 0  9994
2 37855 101.7257 341.2310 0172126 256.4127 101.7862 15.05882513444200
AEROCUBE 4.5A           
1 38767U 12048K   19351.98656186  .00000473  00000-0  50878-4 0  9990
2 38767  64.6664  86.8219 0164246 195.5345 164.0695 14.92106020 14577
AEROCUBE 4.5B           
1 38768U 12048L   19352.17217118  .00000528  00000-0  51768-4 0  9991
2 38768  64.6673  57.9833 0153137 192.4783 167.2523 14.95714089 14611
STRAND-1                
1 39090U 13009E   19352.52694636  .00000019  00000-0  21589-4 0  9994
2 39090  98.4688 195.2629 0010227 103.9077 256.3246 14.35110408356615
SOMP                    
1 39134U 13015E   19352.16062014  .00000885  00000-0  49016-4 0  9995
2 39134  64.8618 149.0991 0037970 273.2259  86.4525 15.20579309368338
BEESAT-3                
1 39135U 13015F   19351.88368903  .00000547  00000-0  36422-4 0  9992
2 39135  64.8647 170.8863 0042917 276.2785  83.3454 15.17791763367898
BEESAT-2                
1 39136U 13015G   19351.85852745  .00000681  00000-0  43811-4 0  9991
2 39136  64.8687 175.3344 0030743 282.5296  77.2391 15.17215148367416
NEE-01 PEGASO           
1 39151U 13018B   19352.55113714  .00000123  00000-0  23174-4 0  9996
2 39151  97.9739  87.6785 0016294 333.7975  26.2411 14.80107901358772
ESTCUBE 1               
1 39161U 13021C   19352.48119734  .00000150  00000-0  31571-4 0  9991
2 39161  97.9792  74.0724 0010944 100.7954 259.4492 14.72261898355267
POPACS 1                
1 39268U 13055D   19352.08846749  .00001642  00000-0  43706-4 0  9995
2 39268  81.0013 128.7801 0622277  43.4899 321.3655 14.38170429323241
POPACS 2                
1 39269U 13055E   19352.17280056  .00002345  00000-0  65792-4 0  9999
2 39269  81.0127 162.4904 0681449 130.7061 235.5407 14.24768683321243
POPACS 3                
1 39270U 13055F   19352.25312190  .00002598  00000-0  80719-4 0  9991
2 39270  81.0146 181.5917 0711882 185.8123 173.4469 14.16384991320038
ZACUBE-1 (TSHEPISOSAT)  
1 39417U 13066B   19351.97281454  .00000149  00000-0  24991-4 0  9992
2 39417  97.5611 355.2179 0059536 155.0359 205.3755 14.81193216328021
WNISAT-1                
1 39423U 13066H   19352.46066209  .00000077  00000-0  24490-4 0  9997
2 39423  97.7945 281.4384 0176595 102.9862 259.1118 14.53079993321996
TRITON-1                
1 39427U 13066M   19352.00591265  .00000122  00000-0  27714-4 0  9999
2 39427  97.7007 318.3576 0112584 302.2778  56.7559 14.67920120325087
GOMX-1                  
1 39430U 13066Q   19352.42483077  .00000222  00000-0  48944-4 0  9999
2 39430  97.7711 297.1620 0152031  38.5074 322.6860 14.59325214323257
CUBEBUG-2 (LO-74)       
1 39440U 13066AA  19352.46451426  .00000151  00000-0  28026-4 0  9997
2 39440  97.6144 340.2282 0079405 210.3933 149.2662 14.75931538326939
NEE-02 KRYSAOR          
1 39441U 13066AB  19351.94790863  .00000071  00000-0  17308-4 0  9993
2 39441  97.6202 337.3776 0080749 220.0690 139.4547 14.74960767326669
FUNCUBE-1 (AO-73)       
1 39444U 13066AE  19352.00692507  .00000209  00000-0  31848-4 0  9998
2 39444  97.5574 357.3592 0058799 148.0556 212.4245 14.82028319326935
UWE-3                   
1 39446U 13066AG  19351.81731450  .00000147  00000-0  26100-4 0  9995
2 39446  97.5872 346.7913 0069832 184.5615 175.4969 14.78465359326179
AEROCUBE 5A             
1 39465U 13072D   19352.10992574  .00002721  00000-0  24265-3 0  9991
2 39465 120.4942 223.6339 0279435  59.5291 303.3051 14.74608714 14451
AEROCUBE 5B             
1 39466U 13072E   19351.99388502  .00004831  00000-0  34908-3 0  9997
2 39466 120.4906 250.3727 0255239  65.7986 296.9526 14.83674580 14476
BRITE-CA1 (TORONTO)     
1 40020U 14033L   19352.52500529  .00000044  00000-0  16101-4 0  9996
2 40020  97.7322 186.1094 0086152 293.6813  65.5369 14.66609642294093
DUCHIFAT-1              
1 40021U 14033M   19352.05528196  .00000224  00000-0  28663-4 0  9991
2 40021  97.9327 277.3066 0013083 162.8429 197.3233 14.90764006298716
NANOSATC-BR1            
1 40024U 14033Q   19351.77631092  .00000183  00000-0  24878-4 0  9990
2 40024  97.9201 273.9617 0012297 167.3077 192.8453 14.89956343298550
QB50P1                  
1 40025U 14033R   19351.74793482  .00000189  00000-0  26015-4 0  9991
2 40025  97.9100 271.1448 0012403 174.2407 185.8955 14.89038447297907
QB50P2                  
1 40032U 14033Y   19351.87388335  .00000194  00000-0  26808-4 0  9996
2 40032  97.9008 269.1097 0011911 170.0769 190.0685 14.88569108298346
PERSEUS-M2              
1 40037U 14033AD  19352.04770645  .00000047  00000-0  11554-4 0  9999
2 40037  97.8901 264.7417 0014148 184.8791 175.2289 14.86501259298067
PERSEUS-M1              
1 40039U 14033AF  19351.80870252  .00000084  00000-0  15856-4 0  9999
2 40039  97.8875 263.4552 0014039 183.3237 176.7887 14.86121268297958
POLYITAN-1              
1 40042U 14033AJ  19352.04801592  .00000260  00000-0  33810-4 0  9997
2 40042  97.9184 271.8574 0014740 164.5241 195.6429 14.88762932298367
TIGRISAT                
1 40043U 14033AK  19352.53531901  .00000077  00000-0  18877-4 0  9998
2 40043  97.7303 212.3118 0058881 225.6485 133.9892 14.74322632295546
AEROCUBE 6A             
1 40045U 14033AM  19352.13221243  .00000189  00000-0  34521-4 0  9999
2 40045  97.7548 216.5303 0056746 219.1860 140.5235 14.75483811295468
AEROCUBE 6B             
1 40046U 14033AN  19352.13980578  .00000203  00000-0  36570-4 0  9996
2 40046  97.7470 216.0021 0056087 218.1576 141.5657 14.75463107295607
UKUBE-1                 
1 40074U 14037F   19352.40994100  .00000262  00000-0  38550-4 0  9992
2 40074  98.4494 164.9522 0004767   3.6214 356.5035 14.84157066294750
BRITE-PL2 (HEWELIUSZ)   
1 40119U 14049B   19351.85495324  .00000078  00000-0  15680-4 0  9991
2 40119  97.9016  80.8640 0017081 350.5472   9.5419 14.84453420288605
FIREBIRD 4              
1 40378U 15003C   19352.32976035  .00001296  00000-0  54231-4 0  9993
2 40378  99.1169  10.2180 0125366 201.3071 158.2912 15.19422039269650
GRIFEX                  
1 40379U 15003D   19352.33252120  .00000960  00000-0  44845-4 0  9994
2 40379  99.1210   3.1772 0133420 222.9897 136.0846 15.15938343269253
EXOCUBE (CP10)          
1 40380U 15003E   19352.02706874  .00000748  00000-0  37694-4 0  9990
2 40380  99.1260 358.9815 0138141 236.8224 121.9691 15.13930611268957
AEROCUBE 8A             
1 40659U 15025J   19351.83183534  .00005486  00000-0  70233-4 0  9993
2 40659  55.0184  55.3104 0122017  63.2187 298.1269 15.52774602 15144
AEROCUBE 8B             
1 40660U 15025K   19351.78231891  .00006549  00000-0  81812-4 0  9995
2 40660  55.0155  53.9252 0121347  64.6684 296.6861 15.53039435 15144
TIANWANG 1C (TW-1C)     
1 40926U 15051B   19352.50569604  .00011446  00000-0  14421-3 0  9999
2 40926  97.1120  38.6470 0008546  58.8302  46.7714 15.59737961238612
TIANWANG 1A (TW-1A)     
1 40928U 15051D   19352.53439689  .00002135  00000-0  52465-4 0  9999
2 40928  97.1276  19.7086 0012259 123.1393  34.1209 15.41676946237335
EXACTVIEW 9             
1 40936U 15052G   19352.40221289  .00000718  00000-0  11264-4 0  9997
2 40936   6.0015 198.3779 0010991 210.0676 149.8821 14.76531775228272
AEROCUBE 5C             
1 40965U 15058B   19352.45726450 -.00000026  00000-0  16681-4 0  9991
2 40965  64.7784 335.0741 0175399 141.2188 220.1661 14.74453937 14475
AEROCUBE 7              
1 40966U 15058C   19352.20246372 -.00000014  00000-0  18082-4 0  9999
2 40966  64.7785 334.5771 0174289 141.0812 220.2992 14.74739164 14436
ATHENOXAT 1             
1 41168U 15077C   19352.16041945  .00001510  00000-0  43785-4 0  9998
2 41168  14.9891 318.5212 0011533 111.5186 248.6364 15.13984187221670
GALASSIA                
1 41170U 15077E   19351.25789015  .00001505  00000-0  42922-4 0  9993
2 41170  14.9893 317.6208 0012830 124.5065 235.6469 15.14300542221604
VELOX-II                
1 41171U 15077F   19352.12181776  .00001250  00000-0  33304-4 0  9992
2 41171  14.9925 349.7650 0008822  43.7306 316.3712 15.11443000221392
HORYU-4                 
1 41340U 16012D   19352.47521470  .00000402  00000-0  23763-4 0  9993
2 41340  31.0060  50.5787 0013837 142.4758 217.6846 15.01378278210503
E-ST@R-II               
1 41459U 16025D   19352.36442939  .00001017  00000-0  55189-4 0  9998
2 41459  98.0988  88.0697 0167591 104.2504 257.7402 15.05916002200031
AAUSAT 4                
1 41460U 16025E   19352.50069749  .00001594  00000-0  81975-4 0  9992
2 41460  98.0964  89.9480 0157195  94.5730 267.3475 15.08001806200215
DIWATA-1                
1 41463U 98067HT  19352.47715168  .00043053  11913-4  13014-3 0  9993
2 41463  51.6266  11.1908 0002415  48.9638  97.9483 15.92928683208784
BEESAT-4                
1 41619U 16040W   19352.39212395  .00001094  00000-0  48641-4 0  9997
2 41619  97.3459  51.0198 0012902 100.2119 260.0574 15.23545183181676
CANX-7                  
1 41788U 16059F   19352.35642076  .00005695  00000-0  82914-3 0  9994
2 41788  98.2487  71.0133 0032451 158.1116 202.1484 14.75922896172937
RAVAN                   
1 41849U 16067B   19351.84455574  .00001034  00000-0  91790-4 0  9995
2 41849  97.9274  93.7557 0010238 126.6865 233.5299 14.98401742169278
CELTEE 1                
1 41850U 16067C   19351.80992837 -.00000032  00000-0  25386-5 0  9998
2 41850  97.9215  91.9621 0009672 132.7664 227.4372 14.97090525169177
OPTICUBE 04             
1 41851U 16067D   19351.84423834  .00000377  00000-0  38179-4 0  9993
2 41851  97.9215  91.7081 0010103 131.5903 228.6186 14.96867385169160
AEROCUBE 8D             
1 41852U 16067E   19352.05665282 -.00000287  00000-0 -19782-4 0  9994
2 41852  97.9222  91.7508 0010582 132.4009 227.8109 14.96811986169174
AEROCUBE 8C             
1 41853U 16067F   19351.81652050  .00000241  00000-0  26371-4 0  9997
2 41853  97.9211  91.4286 0011016 136.2534 223.9562 14.96769962169133
PROMETHEUS 2-1          
1 41854U 16067G   19352.15598652  .00000554  00000-0  53332-4 0  9997
2 41854  97.9220  91.9943 0011482 134.6098 225.6061 14.97035791169199
PROMETHEUS 2-3          
1 41855U 16067H   19351.82338873  .00000612  00000-0  58348-4 0  9995
2 41855  97.9223  91.6808 0011661 135.9642 224.2510 14.97043681169144
INS-1B                  
1 41954U 17008G   19352.14413714  .00000845  00000-0  37432-4 0  9994
2 41954  97.3794  54.6102 0008167 214.8874 145.1829 15.24339895157594
BGUSAT                  
1 41999U 17008BD  19352.11820869  .00001495  00000-0  59573-4 0  9995
2 41999  97.3886  57.7765 0006927 226.0224 134.0445 15.26765407157124
DIDO-2                  
1 42000U 17008BE  19352.14517204  .00000581  00000-0  26753-4 0  9997
2 42000  97.3805  55.1590 0007097 235.8505 124.2060 15.24178388156998
PEASSS                  
1 42015U 17008BV  19352.12109568  .00000770  00000-0  33503-4 0  9992
2 42015  97.3820  56.3912 0004913 238.9572 121.1184 15.25216847157554
AL-FARABI 1             
1 42016U 17008BW  19352.43268073  .00001230  00000-0  50721-4 0  9997
2 42016  97.3841  57.4661 0004828 236.1966 123.8813 15.25947572157760
NAYIF-1 (EO-88)         
1 42017U 17008BX  19352.15371554  .00001018  00000-0  42409-4 0  9994
2 42017  97.3837  57.2021 0004814 237.4935 122.5838 15.25982589157747
NSIGHT                  
1 42726U 98067MF  19352.52301236  .00038338  00000-0  18905-3 0  9994
2 42726  51.6321  87.8059 0002017 185.8993 174.1986 15.81719051146646
UCLSAT                  
1 42765U 17036A   19352.13477538  .00000820  00000-0  37684-4 0  9991
2 42765  97.3283  46.0343 0010083 314.0105  46.0300 15.23109173138236
LITUANICASAT-2          
1 42768U 17036D   19352.16063378  .00001301  00000-0  57549-4 0  9997
2 42768  97.3327  45.7980 0013420 301.2506  58.7416 15.23387849138081
AALTO-1                 
1 42775U 17036L   19352.10623424  .00000491  00000-0  24791-4 0  9995
2 42775  97.3261  44.3140 0012472 303.9962  56.0089 15.21576346137941
URSA MAIOR              
1 42776U 17036M   19352.11572954  .00000535  00000-0  26587-4 0  9992
2 42776  97.3273  44.5342 0012292 303.8419  56.1646 15.21730983137957
COMPASS 2               
1 42777U 17036N   19352.10771896  .00001088  00000-0  48638-4 0  9993
2 42777  97.3321  46.2084 0010939 303.6025  56.4168 15.23373035138036
DIAMOND RED             
1 42783U 17036U   19352.37980636  .00000764  00000-0  35901-4 0  9992
2 42783  97.3283  45.7186 0010788 314.3045  45.7306 15.22498728138042
PEGASUS                 
1 42784U 17036V   19351.79602194  .00000760  00000-0  35419-4 0  9998
2 42784  97.3287  45.4626 0010678 315.8967  44.1417 15.22830741137972
DIAMOND GREEN           
1 42785U 17036W   19352.11575692  .00000638  00000-0  30461-4 0  9994
2 42785  97.3285  45.4906 0010726 316.0798  43.9586 15.22498189137993
DIAMOND BLUE            
1 42786U 17036X   19351.91775187  .00000639  00000-0  30531-4 0  9992
2 42786  97.3285  45.2943 0010575 317.2395  42.8018 15.22497369137965
NUDTSAT                 
1 42787U 17036Y   19351.93301573  .00001375  00000-0  59665-4 0  9996
2 42787  97.3321  46.6014 0010892 315.3201  44.7157 15.23961263137895
SUCHAI                  
1 42788U 17036Z   19352.14447353  .00000887  00000-0  40260-4 0  9996
2 42788  97.3294  46.2342 0010190 313.2144  46.8242 15.23308306138127
SKCUBE                  
1 42789U 17036AA  19351.71371495  .00000861  00000-0  39338-4 0  9998
2 42789  97.3289  45.7167 0010085 315.3983  44.6441 15.23181207137976
VZLUSAT-1               
1 42790U 17036AB  19351.78933687  .00001153  00000-0  50538-4 0  9994
2 42790  97.3310  46.4594 0009595 313.4646  46.5793 15.23946264138024
ROBUSTA-1B              
1 42792U 17036AD  19351.68956445  .00000872  00000-0  39584-4 0  9997
2 42792  97.3291  45.8898 0009668 316.2858  43.7613 15.23359985137994
CICERO 6                
1 42793U 17036AE  19352.46048600  .00000662  00000-0  31223-4 0  9999
2 42793  97.3270  46.2618 0008987 316.2904  43.7621 15.22842884138165
D-SAT                   
1 42794U 17036AF  19351.86223102  .00000283  00000-0  30212-4 0  9991
2 42794  97.5173  28.3242 0124949 254.1042 104.6377 14.91186672135482
CORVUS BC2              
1 42846U 17042X   19351.76247227  .00000226  00000-0  27550-4 0  9997
2 42846  97.5449 238.2698 0009982 159.2933 200.8692 14.92037876132169
CORVUS BC1              
1 42847U 17042Y   19351.83758451  .00000310  00000-0  35660-4 0  9997
2 42847  97.5451 238.4787 0009655 158.1277 202.0356 14.92138717132178
MIRATA                  
1 43015U 17073C   19352.33680513  .00000972  00000-0  81636-4 0  9996
2 43015  97.7217 266.4626 0253045 282.6155  74.6871 14.79318369112297
MAKERSAT 0              
1 43016U 17073D   19352.25057062  .00000675  00000-0  58505-4 0  9994
2 43016  97.7253 266.5814 0255461 283.5410  73.7462 14.78979547112269
ASTERIA                 
1 43020U 98067NH  19352.50177635  .00036590  00000-0  18812-3 0  9999
2 43020  51.6403 100.0367 0000715  51.0278 309.0787 15.80836068118664
DELLINGR (RBLE)         
1 43021U 98067NJ  19352.46067235  .00009099  00000-0  91547-4 0  9990
2 43021  51.6365 126.7015 0002034  87.8679 272.2550 15.66271138118300
AEROCUBE 7B (OCSD B)    
1 43042U 17071F   19352.49711637  .00002885  00000-0  75393-4 0  9991
2 43042  51.6373 238.5280 0005353 100.1586 260.0004 15.42290850114289
AEROCUBE 7C (OCSD C)    
1 43043U 17071G   19352.49771395  .00002924  00000-0  76323-4 0  9997
2 43043  51.6373 238.5467 0005569 103.8546 256.3059 15.42269747114258
CHEFSAT                 
1 43044U 17071H   19352.19846721  .00004275  00000-0  95494-4 0  9992
2 43044  51.6377 230.7372 0005511 105.3078 254.8519 15.45785817114333
ASGARDIA 1              
1 43049U 17071N   19352.11150390  .00002074  00000-0  56697-4 0  9996
2 43049  51.6385 239.7680 0003118 113.9927 246.1386 15.42379139114190
ISARA                   
1 43050U 17071P   19352.14818445  .00003918  00000-0  90182-4 0  9998
2 43050  51.6362 232.5771 0003145 113.5360 246.5958 15.45132513114292
PROPCUBE 2 (FAUNA)      
1 43052U 17071R   19351.95096268  .00002171  00000-0  58239-4 0  9996
2 43052  51.6379 239.4653 0003099 111.0098 249.1220 15.42731879114182
CORVUS BC3              
1 43118U 18004H   19352.13126110  .00000498  00000-0  24145-4 0  9996
2 43118  97.4673  58.6974 0009692 341.0488  19.0386 15.23090091107249
MICROMAS-2A             
1 43131U 18004W   19351.77305265  .00001311  00000-0  56020-4 0  9992
2 43131  97.4709  59.4886 0008624 343.6129  16.4828 15.24653142107255
SPACEBEE-4              
1 43139U 18004AE  19352.47043172  .00002006  00000-0  81575-4 0  9999
2 43139  97.4732  60.9718 0007914 343.2690  16.8286 15.25703407107398
SPACEBEE-3              
1 43140U 18004AF  19351.78784903  .00002182  00000-0  86721-4 0  9991
2 43140  97.4741  60.7220 0007610 344.9292  15.1719 15.26387993107320
SPACEBEE-2              
1 43141U 18004AG  19352.25845179  .00002689  00000-0  10545-3 0  9990
2 43141  97.4752  61.3473 0007519 342.6042  17.4938 15.26624964107405
SPACEBEE-1              
1 43142U 18004AH  19352.13212481  .00002349  00000-0  91742-4 0  9994
2 43142  97.4753  61.3875 0007523 342.8921  17.2063 15.26892436107381
CICERO 7                
1 43143U 18004AJ  19352.11080820  .00001174  00000-0  50331-4 0  9997
2 43143  97.4690  60.0341 0007059 354.8863   5.2301 15.24752059107328
GOMX-4B                 
1 43196U 18015E   19352.16875406  .00000356  00000-0  17534-4 0  9993
2 43196  97.4149 117.4315 0019873  29.7281 330.5084 15.24092867104134
GOMX-4A                 
1 43197U 18015F   19352.47766708  .00000610  00000-0  27844-4 0  9990
2 43197  97.4146 117.7823 0019916  29.5571  35.8029 15.24233712104193
1KUNS-PF                
1 43466U 98067NP  19352.36697728  .00032032  00000-0  21439-3 0  9993
2 43466  51.6329 122.2111 0000878 224.5542 135.5387 15.74978801 91617
UBAKUSAT                
1 43467U 98067NQ  19352.12476667  .00013664  00000-0  12831-3 0  9991
2 43467  51.6348 134.1542 0001359  61.3062 298.8071 15.67491754 91441
BATSU-CS1 (IRAZU)       
1 43468U 98067NR  19352.48774084  .00067678  00000-0  29461-3 0  9996
2 43468  51.6339 111.6577 0002154 290.2947  69.7825 15.84135174191756
CUBERRT                 
1 43546U 98067NU  19351.89312549  .00008181  00000-0  76548-4 0  9994
2 43546  51.6359 134.1104 0004223 110.9618 249.1831 15.68265742 81557
TEMPEST-D               
1 43547U 98067NV  19352.17589132  .00003734  00000-0  51646-4 0  9992
2 43547  51.6369 150.2924 0005940  92.1046 268.0627 15.59957665 81040
RAINCUBE                
1 43548U 98067NW  19352.14852674  .00013346  00000-0  13206-3 0  9993
2 43548  51.6346 140.2982 0004862 113.3085 246.8423 15.66200036 81623
HALOSAT                 
1 43549U 98067NX  19351.90924717  .00010374  00000-0  10466-3 0  9998
2 43549  51.6361 141.7342 0004737 113.5722 246.5772 15.66012149 81145
ENDUROSAT ONE           
1 43551U 98067NZ  19352.13490957  .00017646  00000-0  15448-3 0  9995
2 43551  51.6347 135.7188 0004762 127.6864 232.4565 15.68978983 81653
EQUISAT                 
1 43552U 98067PA  19351.80870490  .00013997  00000-0  13718-3 0  9996
2 43552  51.6366 141.1012 0005423 120.4429 239.7104 15.66389744 81518
AEROCUBE 12A            
1 43556U 18046C   19352.14411067  .00000746  00000-0  38433-4 0  9998
2 43556  51.6427 261.1505 0008511   7.7921 352.3190 15.29225780 79472
AEROCUBE 12B            
1 43557U 18046D   19352.24174069  .00001108  00000-0  51301-4 0  9990
2 43557  51.6423 261.0458 0008425   8.0601 352.0513 15.29025841 79436
UITMSAT-1               
1 43589U 98067PD  19352.15056278  .00015967  00000-0  15075-3 0  9992
2 43589  51.6336 139.5270 0004823 132.2492 227.8914 15.67198758 77309
MAYA-1                  
1 43590U 98067PE  19351.82504313  .00017043  00000-0  16054-3 0  9990
2 43590  51.6338 141.1104 0004962 131.1815 228.9610 15.67198117 77189
BHUTAN-1                
1 43591U 98067PF  19352.12743682  .00015837  00000-0  14910-3 0  9997
2 43591  51.6348 139.4215 0005038 132.9710 227.1709 15.67276025 77233
SIRIUSSAT-1             
1 43595U 98067PG  19351.84331573  .00014361  00000-0  14265-3 0  9995
2 43595  51.6339 143.4875 0002791  96.7146 263.4167 15.66033056 76332
SIRIUSSAT-2             
1 43596U 98067PH  19352.14800328  .00014362  00000-0  14347-3 0  9991
2 43596  51.6349 142.5789 0003234  94.5300 265.6065 15.65889177 76376
TANUSHA-3               
1 43597U 98067PJ  19352.13951163  .00020715  00000-0  17805-3 0  9996
2 43597  51.6329 137.9133 0002611 120.4120 239.7135 15.69308143 76433
SURFSAT                 
1 43614U 18070B   19352.18314089  .00001780  00000-0  47236-4 0  9990
2 43614  93.0385  79.1543 0014062 330.4967  29.5492 15.38336961 70454
CP7 (DAVE)              
1 43615U 18070C   19351.80962092  .00001746  00000-0  46493-4 0  9998
2 43615  93.0387  78.9971 0014212 331.3599  28.6873 15.38228762 70392
ELFIN-B                 
1 43616U 18070D   19351.79135409  .00002639  00000-0  67973-4 0  9999
2 43616  93.0345  78.8971 0014860 334.2554  25.7959 15.39191850 70412
ELFIN-A                 
1 43617U 18070E   19351.90717896  .00002769  00000-0  71091-4 0  9999
2 43617  93.0399  79.3045 0013972 330.4939  29.5525 15.39304380 70435
CUBEBEL-1 (BSUSAT-1)    
1 43666U 18083E   19352.38639639  .00000965  00000-0  50920-4 0  9992
2 43666  97.5054  15.5094 0013520 275.4609 216.8442 15.17897217 62996
DEBRISSAT-2             
1 43680U 98067PR  19351.80666689  .00034110  00000-0  25440-3 0  9996
2 43680  51.6332 137.2293 0002437 150.6222 209.4913 15.72412320 85147
CICERO 10               
1 43690U 18088A   19352.07825371  .00000574  00000-0  24850-4 0  9999
2 43690  85.0385 198.4378 0012821 257.6918 102.2888 15.19930933 61037
IRVINE01                
1 43693U 18088D   19352.36369145  .00001995  00000-0  85202-4 0  9992
2 43693  85.0359 197.4460 0016221 238.5246 121.4411 15.22077035 61148
PROXIMA I               
1 43694U 18088E   19351.81767517  .00000713  00000-0  29659-4 0  9998
2 43694  85.0327 197.5994 0017529 231.1528 128.8150 15.21661159 61068
PROXIMA II              
1 43696U 18088G   19352.01356061  .00000690  00000-0  28633-4 0  9996
2 43696  85.0328 197.4720 0017586 230.2998 129.6694 15.21665266 61099
FACSAT-1                
1 43721U 18096C   19352.49350497  .00001032  00000-0  41897-4 0  9991
2 43721  97.4420  61.9139 0018946  49.1084 311.1792 15.26737525 58626
CENTAURI-2              
1 43722U 18096D   19352.17924156  .00001256  00000-0  49873-4 0  9996
2 43722  97.4425  61.7303 0019009  50.4893 309.8023 15.27094818 58574
INNOSAT-2               
1 43738U 18096V   19352.49809000  .00002098  00000-0  75535-4 0  9997
2 43738  97.4432  63.3058 0025204  57.4735 302.8935 15.29441615 58714
SIRION PATHFINDER-2     
1 43759U 18099B   19352.48790497  .00000472  00000-0  48132-4 0  9998
2 43759  97.7277  62.0530 0015784  73.1383 287.1567 14.95205646 56734
CORVUS-BC 4             
1 43767U 18099K   19351.82569003  .00000259  00000-0  29102-4 0  9990
2 43767  97.7262  61.0065 0013318  78.6324 281.6392 14.94646155 56621
MOVE-II                 
1 43780U 18099Y   19352.17509701  .00000025  00000-0  74754-5 0  9998
2 43780  97.7277  61.6460 0014986  84.6115 275.6815 14.95226286 56672
SPACEBEE-7              
1 43816U 18099BL  19352.15178814  .00000712  00000-0  69351-4 0  9992
2 43816  97.7291  61.8983 0014822  71.2516 289.0312 14.95545959 56241
SPACEBEE-5              
1 43817U 18099BM  19352.16726249  .00000710  00000-0  68480-4 0  9995
2 43817  97.7327  62.1171 0014511  71.8581 288.4219 14.95957547 56258
SPACEBEE-6              
1 43818U 18099BN  19351.73343243  .00000513  00000-0  51258-4 0  9993
2 43818  97.7297  61.5499 0014578  72.6020 287.6794 14.95672856 56336
SHIELDS 1               
1 43850U 18104B   19352.32879369  .00000041  00000-0  00000+0 0  9995
2 43850  85.0307 295.7289 0016333  26.4024 333.8069 15.21223750 55786
STF-1                   
1 43852U 18104D   19352.31695436  .00000041  00000-0  00000+0 0  9997
2 43852  85.0327 296.1353 0016147  41.5749 318.6727 15.20908927 55767
ZACUBE-2                
1 43907U 18111AH  19352.50389587  .00000543  00000-0  24869-4 0  9995
2 43907  97.2789 252.5828 0023249  67.8804 292.4899 15.24380490 54291
LUME 1                  
1 43908U 18111AJ  19352.47176737  .00000937  00000-0  40489-4 0  9996
2 43908  97.2788 252.6224 0023105  67.8428 292.5259 15.24667527 54295
AOBA VELOX-IV           
1 43940U 19003J   19352.42261574  .00001488  00000-0  63075-4 0  9990
2 43940  97.2550  44.7466 0025357 143.7568  47.5156 15.24374144 50915
CATSAT-2                
1 44029U 98067PV  19351.84123394  .00006008  00000-0  79141-4 0  9992
2 44029  51.6379 157.8386 0005160 117.5111 242.6407 15.59987964 49976
DELPHINI                
1 44030U 98067PW  19351.68199325  .00011103  00000-0  13872-3 0  9993
2 44030  51.6352 158.2310 0004795 116.2339 243.9148 15.60386134 49927
UNITE                   
1 44031U 98067PX  19351.76203017  .00006090  00000-0  85968-4 0  9992
2 44031  51.6368 160.2898 0003776 110.4881 249.6517 15.58082945 49906
TECHEDSAT 8             
1 44032U 98067PY  19351.82576215  .00043757  00000-0  34538-3 0  9990
2 44032  51.6338 147.9154 0002890 159.2332 200.8784 15.70942293 50057
CATSAT-1                
1 44033U 98067PZ  19351.90511109  .00005694  00000-0  75313-4 0  9996
2 44033  51.6381 157.5179 0005038 116.4625 243.6886 15.59997647 49895
RAAVANA-1               
1 44329U 98067QE  19351.87690713  .00005505  00000-0  89126-4 0  9997
2 44329  51.6387 167.0765 0006723  47.6915 312.4644 15.54507178 28575
UGUISU                  
1 44330U 98067QF  19351.88184627  .00005646  00000-0  91384-4 0  9997
2 44330  51.6387 167.1081 0006682  46.5951 313.5596 15.54456332 28552
NEPALISAT-1             
1 44331U 98067QG  19352.51569706  .00006204  00000-0  99367-4 0  9994
2 44331  51.6388 163.8433 0006791  50.9381 309.2213 15.54549641 28661
SPOOQY-1                
1 44332U 98067QH  19352.12721448  .00005324  00000-0  86364-4 0  9990
2 44332  51.6387 165.7459 0005696  53.2513 306.9000 15.54532763 28560
SPACEBEE-9              
1 44370U 19037F   19352.18861126  .00004745  00000-0  12127-3 0  9997
2 44370  45.0151  52.7888 0013859 201.0353 158.9967 15.40816750 26464
SPACEBEE-8              
1 44371U 19037G   19351.64468875  .00010577  00000-0  24469-3 0  9994
2 44371  45.0150  54.6498 0012544 203.7566 156.2747 15.42643375 26388
IOD-1 GEMS              
1 44385U 98067QK  19352.08379634  .00008797  00000-0  13537-3 0  9997
2 44385  51.6399 166.2296 0002605  21.6295 338.4806 15.55058918 26062
MOVE-IIB                
1 44398U 19038N   19352.17665369  .00001047  00000-0  64472-4 0  9991
2 44398  97.5128 311.0661 0026561  38.1201 322.1901 15.11915759 25037
SONATE                  
1 44400U 19038Q   19352.11397564  .00000487  00000-0  32126-4 0  9996
2 44400  97.5149 311.0210 0026356  36.8146 323.4887 15.11773216 25025
LUCKY-7                 
1 44406U 19038W   19351.89397469  .00000538  00000-0  34931-4 0  9993
2 44406  97.5145 310.8507 0025825  37.4152 322.8870 15.11987701 24982
BEESAT 9                
1 44412U 19038AC  19352.16221936  .00000720  00000-0  45469-4 0  9997
2 44412  97.5141 311.1008 0024070  42.3203 317.9879 15.11990112 24724
JAISAT-1                
1 44419U 19038F   19352.17451674  .00000690  00000-0  43205-4 0  9991
2 44419  97.5143 311.2399 0022925  42.0911 318.2076 15.12476008 25040
SWIATOWID               
1 44426U 98067QL  19352.54376986  .00010615  00000-0  16116-3 0  9999
2 44426  51.6420 163.9572 0003089  14.8003  25.4536 15.55175695 26157
KRAKSAT                 
1 44427U 98067QM  19352.29293633  .00004618  00000-0  78903-4 0  9998
2 44427  51.6427 166.1164 0003262  14.3985 345.7091 15.53419873 26144
VCC A                   
1 44428U 98067QN  19352.06174713  .00005390  00000-0  88957-4 0  9999
2 44428  51.6405 166.8286 0002812  32.2299 327.8863 15.54015132 26116
ENTRYSAT                
1 44429U 98067QP  19352.49374621  .00007780  00000-0  12348-3 0  9992
2 44429  51.6393 164.4593 0002456  25.3809 334.7302 15.54388757 26180
VCC C                   
1 44430U 98067QQ  19352.48659578  .00009211  00000-0  14334-3 0  9998
2 44430  51.6394 164.4145 0002588  36.7807 323.3361 15.54679216 25008
VCC B                   
1 44431U 98067QR  19352.51370784  .00006249  00000-0  10195-3 0  9991
2 44431  51.6399 164.5944 0002990  31.5320 328.5850 15.54022216 26128
