EYESAT-1 (AO-27)        
1 22825U 93061C   17287.98057318  .00000034  00000-0  30752-4 0  9992
2 22825  98.8280 255.1237 0008223 349.4802  10.6206 14.30009673254522
CUTE-1 (CO-55)          
1 27844U 03031E   17287.47715421  .00000098  00000-0  64118-4 0  9999
2 27844  98.6906 294.7517 0009911   9.1499 350.9857 14.22066582741232
CUBESAT XI-IV (CO-57)   
1 27848U 03031J   17287.50937453  .00000076  00000-0  54310-4 0  9997
2 27848  98.6997 295.0918 0009977  18.6007 341.5533 14.21677495741155
CUBESAT XI 5            
1 28895U 05043F   17287.41773561  .00000285  00000-0  63572-4 0  9995
2 28895  97.8789  84.3179 0017983 124.2455 236.0455 14.63453628637693
CUTE-1.7+APD II (CO-65) 
1 32785U 08021C   17288.21526835  .00000425  00000-0  51922-4 0  9998
2 32785  97.5607 306.9717 0014381 126.9417 233.3120 14.87976382512749
COMPASS-1               
1 32787U 08021E   17287.54017767  .00000728  00000-0  75529-4 0  9999
2 32787  97.5509 315.9233 0014146  99.3968 260.8851 14.92757963513259
AAUSAT-II               
1 32788U 08021F   17288.05825430  .00000886  00000-0  87987-4 0  9997
2 32788  97.5488 319.4685 0013530  90.1609 270.1162 14.94049367513571
DELFI-C3 (DO-64)        
1 32789U 08021G   17287.76283852  .00003275  00000-0  23256-3 0  9994
2 32789  97.5477 343.4206 0013852  59.6749 300.5845 15.05332989514753
CANX-2                  
1 32790U 08021H   17288.01555287  .00000374  00000-0  46697-4 0  9991
2 32790  97.5594 305.0795 0015012 129.3419 230.9131 14.87694070512653
SEEDS II (CO-66)        
1 32791U 08021J   17288.02752821  .00000688  00000-0  76050-4 0  9990
2 32791  97.5556 311.5194 0014904 112.6027 247.6770 14.90346905512992
SWISSCUBE               
1 35932U 09051B   17287.84589179  .00000234  00000-0  63933-4 0  9990
2 35932  98.5130  68.6132 0006720 238.5137 121.5403 14.56067532427693
BEESAT                  
1 35933U 09051C   17288.16618466  .00000202  00000-0  56700-4 0  9998
2 35933  98.5169  70.3284 0004771 251.6103 108.4576 14.56181158427884
ITUPSAT 1               
1 35935U 09051E   17287.60210777  .00000188  00000-0  54267-4 0  9990
2 35935  98.5280  70.0073 0007130 248.3982 111.6455 14.55369324427573
TISAT 1                 
1 36799U 10035E   17287.57645628  .00000898  00000-0  97935-4 0  9993
2 36799  98.0763  52.8313 0011186 297.5046  62.5034 14.90545938393363
M-CUBED & EXP-1 PRIME   
1 37855U 11061F   17287.53638818  .00003249  00000-0  17489-3 0  9994
2 37855 101.7068 219.5662 0179741  88.8062 273.3734 15.03483839324726
HORYU 2                 
1 38340U 12025D   17287.99305921  .00000367  00000-0  62091-4 0  9999
2 38340  98.3783 296.1523 0010363 271.3539  88.6481 14.75419473290954
STRAND-1                
1 39090U 13009E   17287.81394449  .00000070  00000-0  40131-4 0  9991
2 39090  98.5424 132.0700 0008390 310.8923  49.1535 14.34988601242610
BRITE-AUSTRIA           
1 39091U 13009F   17287.54438928  .00000023  00000-0  23455-4 0  9991
2 39091  98.5390 131.1526 0009779 319.2441  40.8012 14.35044388242602
UNIBRITE                
1 39092U 13009G   17287.83310129  .00000041  00000-0  29744-4 0  9993
2 39092  98.5400 131.1179 0008554 311.7181  48.3272 14.34918911242621
AIST-2                  
1 39133U 13015D   17288.09761806  .00000473  00000-0  45951-4 0  9994
2 39133  64.8725 266.5798 0037900 261.9023  97.7796 15.04389538246337
SOMP                    
1 39134U 13015E   17288.18609979  .00002857  00000-0  14600-3 0  9991
2 39134  64.8666 198.9886 0036769 245.5997 114.1290 15.18316249247695
BEESAT-3                
1 39135U 13015F   17287.81757007  .00002744  00000-0  15055-3 0  9997
2 39135  64.8703 210.4377 0033025 265.6722  94.0629 15.15985909247441
BEESAT-2                
1 39136U 13015G   17287.57131144  .00002863  00000-0  15886-3 0  9993
2 39136  64.8709 213.3713 0033139 266.5624  93.1711 15.15485086246971
NEE-01 PEGASUS          
1 39151U 13018B   17288.19569700  .00000311  00000-0  48226-4 0  9996
2 39151  97.9825  18.9542 0017614  26.3167 333.8936 14.79786004241282
CUBEBUG-1 (CAPITAN BETO)
1 39153U 13018D   17288.21556982  .00000364  00000-0  54796-4 0  9996
2 39153  97.9850  19.8729 0017473  24.3331 335.8702 14.80257814241347
ESTCUBE 1               
1 39161U 13021C   17288.18221431  .00000245  00000-0  46982-4 0  9999
2 39161  98.0231  12.5991 0011224 119.1076 241.1302 14.71958317238403
POPACS 1                
1 39268U 13055D   17288.16312089  .00005837  00000-0  16868-3 0  9993
2 39268  81.0032 242.8769 0645322 227.4149 127.0858 14.32187815209353
POPACS 2                
1 39269U 13055E   17287.33068301  .00004958  00000-0  14813-3 0  9998
2 39269  81.0150 260.8102 0696001 274.4016  77.8014 14.20836188206995
POPACS 3                
1 39270U 13055F   17287.39790453  .00004440  00000-0  14249-3 0  9995
2 39270  81.0164 270.1257 0721847 302.5272  50.8112 14.13819254207618
FIREFLY                 
1 39404U 13064AA  17288.14055332  .00405513  76073-4  73127-3 0  9991
2 39404  40.4885 256.8126 0010257 208.9774 151.0494 16.00596645220283
ZACUBE-1 (TSHEPISOSAT)  
1 39417U 13066B   17287.56527511  .00000406  00000-0  57916-4 0  9999
2 39417  97.6177 323.9448 0058016 238.6169 120.9361 14.80791293210448
WNISAT-1                
1 39423U 13066H   17288.10660872  .00000412  00000-0  90620-4 0  9991
2 39423  97.6961 266.6242 0177098  63.4880 298.4343 14.52881745206646
TRITON-1                
1 39427U 13066M   17287.58184553  .00000420  00000-0  75409-4 0  9990
2 39427  97.6373 294.9344 0113440 326.9350  32.4797 14.67536108208360
GOMX 1                  
1 39430U 13066Q   17288.19770658  .00000463  00000-0  92826-4 0  9998
2 39430  97.6734 278.1338 0152491  24.5578 336.2787 14.58943263207439
BRITE-PL                
1 39431U 13066R   17287.96675113  .00000171  00000-0  45933-4 0  9996
2 39431  97.7217 255.1875 0203931 104.8777 257.5100 14.46875299205776
HUMSAT-D                
1 39433U 13066T   17288.14108283  .00000806  00000-0  85106-4 0  9999
2 39433  97.6397 347.6423 0031342 175.5894 184.5607 14.91592231211895
EAGLE 2                 
1 39436U 13066W   17287.36263862  .00081228  00000-0  17093-2 0  9995
2 39436  97.7123  39.6785 0007403  10.3434 349.7965 15.44972743213840
CUBEBUG-2 (LO-74)       
1 39440U 13066AA  17288.14289618  .00000374  00000-0  59536-4 0  9997
2 39440  97.6204 312.7490 0079188 271.1592  88.0546 14.75532332209788
NEE-02 KRYSAOR          
1 39441U 13066AB  17288.01515573  .00000256  00000-0  43831-4 0  9996
2 39441  97.6186 311.1622 0080577 275.7055  83.4971 14.74677266209647
FUNCUBE-1 (AO-73)       
1 39444U 13066AE  17287.55286824  .00000501  00000-0  68674-4 0  9996
2 39444  97.6192 325.1410 0057243 234.8855 124.6986 14.81541084208699
UWE-3                   
1 39446U 13066AG  17288.04370774  .00000387  00000-0  58559-4 0  9994
2 39446  97.6177 318.2068 0068955 254.6530 104.7054 14.78064608208905
BRITE-TORONTO           
1 40020U 14033L   17288.06122063  .00000159  00000-0  35879-4 0  9994
2 40020  97.8168 153.3428 0086492 306.1817  53.1409 14.66431388177650
DUCHIFAT-1              
1 40021U 14033M   17288.17473444  .00000905  00000-0  99555-4 0  9999
2 40021  97.9132 201.4829 0011573 266.9447  93.0446 14.90043486180465
FLOCK 1C-10             
1 40023U 14033P   17288.16595010  .00001532  00000-0  16905-3 0  9998
2 40023  97.9133 200.3922 0011785 274.9443  85.0421 14.88921305180354
NANOSATC-BR1            
1 40024U 14033Q   17287.96306061  .00000747  00000-0  84685-4 0  9990
2 40024  97.9084 199.9648 0010856 269.2155  90.7818 14.89346789180376
QB50P1                  
1 40025U 14033R   17288.20894475  .00000543  00000-0  64419-4 0  9997
2 40025  97.9059 199.0691 0011070 271.7899  88.2049 14.88529034180340
FLOCK 1C-7              
1 40026U 14033S   17287.98919337  .00002539  00000-0  27128-3 0  9999
2 40026  97.9205 201.1025 0009904 273.4277  86.5811 14.89662088180382
FLOCK 1C-1              
1 40027U 14033T   17288.19612554  .00001873  00000-0  20498-3 0  9998
2 40027  97.9206 200.6876 0011428 273.6667  86.3245 14.88987261180371
POPSAT-HIP-1            
1 40028U 14033U   17288.18390023  .00001286  00000-0  14466-3 0  9998
2 40028  97.9095 199.3550 0012226 270.1732  89.8094 14.88395211180326
FLOCK 1C-2              
1 40029U 14033V   17287.95485655  .00001162  00000-0  12939-3 0  9995
2 40029  97.9149 200.2918 0012530 271.2782  88.7051 14.89001960180329
FLOCK 1C-4              
1 40031U 14033X   17288.18497107  .00001928  00000-0  21154-3 0  9998
2 40031  97.9187 200.4816 0012996 267.2893  92.6860 14.88850890180344
QB50P2                  
1 40032U 14033Y   17287.55248828  .00000573  00000-0  68400-4 0  9994
2 40032  97.9026 197.4070 0010461 268.8233  91.1785 14.88081541179677
FLOCK 1C-11             
1 40033U 14033Z   17288.19064484  .00001330  00000-0  14273-3 0  9990
2 40033  97.9215 202.1869 0010863 259.4389 100.5635 14.90300051180463
ANTELSAT                
1 40034U 14033AA  17288.12036261  .00000394  00000-0  66481-4 0  9994
2 40034  97.8409 168.2246 0057575 267.2750  92.1867 14.73778475178582
FLOCK 1C-9              
1 40035U 14033AB  17288.20788015  .00001906  00000-0  20814-3 0  9994
2 40035  97.9159 200.9597 0010542 261.6959  98.3089 14.89060050180364
FLOCK 1C-6              
1 40036U 14033AC  17288.22035941  .00001078  00000-0  12011-3 0  9990
2 40036  97.9174 201.2161 0010825 260.9084  99.0937 14.89161514180387
PERSEUS-M2              
1 40037U 14033AD  17288.16691610  .00000205  00000-0  29589-4 0  9995
2 40037  97.9038 196.2678 0012992 273.3783  86.5946 14.86274498180131
FLOCK 1C-5              
1 40038U 14033AE  17287.82579032  .00000731  00000-0  83363-4 0  9995
2 40038  97.9155 200.6020 0012976 262.2787  97.6934 14.89134147180315
PERSEUS-M1              
1 40039U 14033AF  17288.19701352  .00000225  00000-0  32117-4 0  9998
2 40039  97.9043 195.7998 0012846 269.0829  90.8915 14.85898042180094
FLOCK 1C-8              
1 40040U 14033AG  17288.19705340  .00002297  00000-0  23734-3 0  9996
2 40040  97.9249 203.4869 0011360 246.4192 113.5878 14.91100477180513
FLOCK 1C-3              
1 40041U 14033AH  17288.21485190  .00000352  00000-0  43582-4 0  9992
2 40041  97.9162 200.7332 0011690 258.0994 101.8931 14.88840014180343
POLYITAN-1              
1 40042U 14033AJ  17288.21095389  .00000626  00000-0  73998-4 0  9998
2 40042  97.9132 199.0976 0013289 258.9340 101.0382 14.88176932180270
TIGRISAT                
1 40043U 14033AK  17287.65076108  .00000260  00000-0  46238-4 0  9995
2 40043  97.8387 168.4300 0058740 269.9518  89.4960 14.74036447178137
LEMUR-1                 
1 40044U 14033AL  17288.12140210  .00000281  00000-0  49595-4 0  9997
2 40044  97.8385 168.5946 0057907 269.6358  89.8216 14.73862239178487
AEROCUBE 6A             
1 40045U 14033AM  17288.15197537  .00000599  00000-0  94646-4 0  9994
2 40045  97.8520 170.4027 0056861 263.6720  95.8011 14.74936712178407
AEROCUBE 6B             
1 40046U 14033AN  17288.15192199  .00000579  00000-0  91697-4 0  9995
2 40046  97.8506 170.3243 0055955 262.8942  96.5903 14.74938511178543
UKUBE-1                 
1 40074U 14037F   17288.14584417  .00000395  00000-0  54972-4 0  9998
2 40074  98.3598  48.5456 0005163  43.2399 316.9214 14.83610558176962
BRITE-PL 2              
1 40119U 14049B   17288.22098900  .00000270  00000-0  38736-4 0  9999
2 40119  97.9320  13.4649 0018710  60.3292 299.9782 14.84195968170967
FIREBIRD 4              
1 40378U 15003C   17288.15478169  .00003562  00000-0  15184-3 0  9996
2 40378  99.1160 136.1271 0134070 325.0253  34.2222 15.16066285149184
GRIFEX                  
1 40379U 15003D   17288.00739145  .00002865  00000-0  13046-3 0  9995
2 40379  99.1194 133.2201 0140468 334.6347  24.8027 15.13461205149008
EXOCUBE                 
1 40380U 15003E   17287.98121143  .00001980  00000-0  95016-4 0  9991
2 40380  99.1242 131.6711 0144445 339.6448  19.9055 15.11865202148893
DEORBITSAIL             
1 40719U 15032E   17288.17158464  .00000700  00000-0  10844-3 0  9991
2 40719  97.9654 180.3406 0017578 114.3441 245.9606 14.76190202122022
TIANWANG 1C (TW-1C)     
1 40926U 15051B   17288.18935631  .00015519  00000-0  33133-3 0  9992
2 40926  97.2191 326.8856 0013163  93.0026 340.2261 15.44859113115437
TIANWANG 1B (TW-1B)     
1 40927U 15051C   17288.08878322  .00015160  00000-0  33650-3 0  9991
2 40927  97.2272 326.7483 0013081 103.5499 338.1990 15.43713770115356
TIANWANG 1A (TW-1A)     
1 40928U 15051D   17288.16841248  .00007442  00000-0  20650-3 0  9998
2 40928  97.2171 321.8192 0014054 121.4868 279.5888 15.37098996115126
LEMUR-2-JOEL            
1 40932U 15052C   17287.42940798  .00002140  00000-0  20403-3 0  9998
2 40932   6.0091  96.3082 0013403 149.7969 210.3407 14.77555163110676
LEMUR-2-CHRIS           
1 40933U 15052D   17287.48770147  .00000965  00000-0  43306-4 0  9995
2 40933   6.0076  94.6191 0013995 156.7640 203.2953 14.77694697110697
LEMUR-2-JEROEN          
1 40934U 15052E   17287.30920349  .00001414  00000-0  10696-3 0  9993
2 40934   6.0045 101.9329 0010191 134.3448 225.7884 14.77063086110573
LEMUR-2-PETER           
1 40935U 15052F   17287.00976935  .00001660  00000-0  14206-3 0  9997
2 40935   6.0010 105.8407 0009205 125.5372 234.5558 14.76818858110534
EXACTVIEW 9             
1 40936U 15052G   17287.99647267  .00001204  00000-0  80010-4 0  9990
2 40936   6.0017 101.6903 0009806 132.4896 227.6135 14.76305197110678
ATHENOXAT 1             
1 41168U 15077C   17287.58229167  .00003235  00000-0  14425-3 0  9997
2 41168  14.9879  16.9454 0011795 231.7284 330.8277 15.12029115101132
GALASSIA                
1 41170U 15077E   17287.55919115  .00003681  00000-0  16691-3 0  9998
2 41170  14.9899  12.8480 0013358 250.4141 109.4737 15.12484336101173
VELOX 2                 
1 41171U 15077F   17287.51561797  .00002701  00000-0  12120-3 0  9999
2 41171  14.9920  28.2100 0009027 201.4036 158.5907 15.10166999101035
AGGIESAT 4              
1 41313U 98067HP  17287.96659368  .00069678  00000-0  33028-3 0  9994
2 41313  51.6371 104.7866 0003835 245.3692 114.6911 15.82308104 97831
HORYU-IV                
1 41340U 16012D   17287.78233738  .00001082  00000-0  76492-4 0  9991
2 41340  31.0055  68.2713 0014030 180.4830 179.5794 15.00747176 90994
OUFTI-1                 
1 41458U 16025C   17288.17962445  .00002759  00000-0  15043-3 0  9999
2 41458  98.1750 332.5974 0170788 248.1439 110.1569 15.03737785 80602
E-ST@R-II               
1 41459U 16025D   17288.08144533  .00003080  00000-0  16704-3 0  9993
2 41459  98.1708 332.4172 0172939 248.9780 109.2911 15.03526276 80580
AAUSAT 4                
1 41460U 16025E   17288.06819129  .00005289  00000-0  28262-3 0  9998
2 41460  98.1677 332.5919 0164623 246.6081 111.7790 15.04628550 80613
DIWATA-1                
1 41463U 98067HT  17288.14272316  .00016354  00000-0  16985-3 0  9991
2 41463  51.6410 139.0612 0001072 175.3397 271.5279 15.64783305 83561
NODES 2                 
1 41477U 98067HX  17262.38431888  .17021661  12538-4  46079-3 0  9990
2 41477  51.6074 225.8859 0003017 249.6794 110.5489 16.45625800 77086
NODES 1                 
1 41478U 98067HY  17266.27255257  .13534231  12598-4  22876-3 0  9990
2 41478  51.6086 206.1528 0005980 262.1280  97.9071 16.47641774 77698
FLOCK 2E'-1             
1 41479U 98067HZ  17288.12879515  .00056574  00000-0  35734-3 0  9991
2 41479  51.6337 122.4188 0001087 222.9028 137.1887 15.76045483 80724
FLOCK 2E'-3             
1 41480U 98067JA  17288.11272111  .00047377  00000-0  30977-3 0  9996
2 41480  51.6300 122.3311 0001016 201.7200 158.3756 15.75329048 80712
FLOCK 2E'-2             
1 41481U 98067JB  17287.59238935  .00220051  00000-0  11372-2 0  9993
2 41481  51.6290 122.5252 0003559 254.0905 105.9704 15.79907666 80650
FLOCK 2E'-4             
1 41482U 98067JC  17287.96111515  .00355358  00000-0  13073-2 0  9998
2 41482  51.6235 116.6666 0005615 257.8362 102.2013 15.86746792 80760
FLOCK 2E-1              
1 41483U 98067JD  17288.11255761  .00033067  00000-0  23898-3 0  9996
2 41483  51.6343 124.6570 0002220 165.7943 194.3118 15.73170863 80545
FLOCK 2E-2              
1 41484U 98067JE  17287.95362376  .00047527  00000-0  30123-3 0  9994
2 41484  51.6324 122.1035 0002877 193.9266 166.1655 15.76037779 80569
FLOCK 2E-3              
1 41486U 98067JG  17287.97219961  .00040108  00000-0  27388-3 0  9996
2 41486  51.6321 126.6981 0003116 201.0947 158.9925 15.74397345 80522
FLOCK 2E-4              
1 41487U 98067JH  17288.16184681  .00038174  00000-0  27374-3 0  9994
2 41487  51.6332 124.1966 0003466 201.3609 158.7245 15.73278645 80575
FLOCK 2E-6              
1 41563U 98067JM  17287.58607228  .00088327  00000-0  65632-3 0  9995
2 41563  51.6325 130.8596 0001483 256.9392 103.1441 15.72090037 78505
FLOCK 2E-5              
1 41564U 98067JN  17288.11553524  .00031346  00000-0  24888-3 0  9992
2 41564  51.6333 128.4054 0000825 244.4093 115.6820 15.70967997 78578
FLOCK 2E-7              
1 41565U 98067JP  17287.56891404  .00051266  00000-0  32238-3 0  9994
2 41565  51.6292 123.9230 0004241 217.1873 142.8834 15.76179001 78482
FLOCK 2E'-5             
1 41567U 98067JR  17288.11657465  .00029379  00000-0  24438-3 0  9998
2 41567  51.6344 130.6962 0004203 220.2929 139.7758 15.69874046 78410
FLOCK 2E'-6             
1 41568U 98067JS  17286.97865343  .00040629  00000-0  29949-3 0  9990
2 41568  51.6335 132.0211 0004041 215.1581 144.9151 15.72597583 78328
FLOCK 2E'-8             
1 41569U 98067JT  17287.95746338  .00058526  00000-0  35737-3 0  9999
2 41569  51.6336 121.2672 0002663 197.1567 162.9344 15.76798444 78431
FLOCK 2E'-7             
1 41570U 98067JU  17276.23066052  .07821693  11956-4  21580-2 0  9994
2 41570  51.6314 172.6072 0011089 233.3572 126.6600 16.26996484 76726
FLOCK 2E-9              
1 41571U 98067JV  17287.56601535  .00066352  00000-0  38250-3 0  9997
2 41571  51.6340 121.6679 0003190 209.8068 150.2751 15.78042148 78373
FLOCK 2E-10             
1 41572U 98067JW  17287.11889855  .00053936  00000-0  35230-3 0  9991
2 41572  51.6332 127.7084 0004323 213.0536 147.0194 15.75287382 78258
FLOCK 2E-12             
1 41573U 98067JX  17287.54472400  .00054354  00000-0  32977-3 0  9993
2 41573  51.6337 123.7699 0004087 220.7548 139.3147 15.76968708 78348
FLOCK 2E-11             
1 41574U 98067JY  17288.16560662  .00053534  00000-0  32577-3 0  9996
2 41574  51.6267 119.5955 0004715 236.8137 123.2411 15.76903612 78450
FLOCK 2E'-9             
1 41575U 98067JZ  17287.55112138  .00062202  00000-0  34442-3 0  9995
2 41575  51.6303 120.7080 0004920 237.4011 122.6515 15.78956580 78374
FLOCK 2E'-10            
1 41576U 98067KA  17287.95757686  .00063863  00000-0  37154-3 0  9990
2 41576  51.6332 121.3105 0004640 239.2059 120.8486 15.77844988 78300
FLOCK 2E'-11            
1 41577U 98067KB  17287.61808147  .00050217  00000-0  32016-3 0  9994
2 41577  51.6346 124.3158 0004576 215.9218 144.1475 15.75871511 78052
FLOCK 2E'-12            
1 41578U 98067KC  17288.04520170  .00067795  00000-0  37143-3 0  9995
2 41578  51.6289 119.5366 0005693 222.7921 137.2637 15.79151382 78159
FLOCK 2P-6              
1 41606U 16040H   17288.17614611  .00007022  00000-0  30117-3 0  9997
2 41606  97.4475 349.9074 0011107  23.2495 336.9242 15.22995021 72965
FLOCK 2P-11             
1 41608U 16040K   17287.98296670  .00006327  00000-0  27148-3 0  9995
2 41608  97.4470 349.6827 0011008  23.8835 336.2910 15.23022023 72878
FLOCK 2P-2              
1 41609U 16040L   17288.13234967  .00008782  00000-0  37567-3 0  9998
2 41609  97.4474 349.8209 0010981  23.2223 336.9508 15.23009425 72874
FLOCK 2P-9              
1 41610U 16040M   17288.14345536  .00007647  00000-0  32770-3 0  9996
2 41610  97.4471 349.7884 0011319  23.1719 337.0025 15.22991533 72758
FLOCK 2P-4              
1 41611U 16040N   17288.10501113  .00004044  00000-0  17480-3 0  9997
2 41611  97.4497 349.9936 0011664  32.0869 328.1075 15.22989404 72913
FLOCK 2P-10             
1 41612U 16040P   17288.14872980  .00004479  00000-0  19326-3 0  9998
2 41612  97.4504 350.1174 0011430  31.8962 328.2964 15.22990646 72922
FLOCK 2P-8              
1 41613U 16040Q   17288.16517263  .00002776  00000-0  12098-3 0  9998
2 41613  97.4497 350.0716 0011541  31.0632 329.1285 15.22981917 72921
FLOCK 2P-12             
1 41614U 16040R   17288.12681989  .00005830  00000-0  25062-3 0  9991
2 41614  97.4510 350.1842 0011284  31.8065 328.3850 15.22989777 72922
FLOCK 2P-7              
1 41615U 16040S   17288.15954377  .00002945  00000-0  12807-3 0  9996
2 41615  97.4496 350.0623 0011355  31.6557 328.5361 15.23007659 72925
FLOCK 2P-5              
1 41616U 16040T   17288.20356902  .00007122  00000-0  30529-3 0  9996
2 41616  97.4510 350.2341 0011235  30.8207 329.3687 15.23004728 72915
FLOCK 2P-1              
1 41617U 16040U   17288.12613378  .00009313  00000-0  39818-3 0  9995
2 41617  97.4513 350.1876 0010936  31.8146 328.3749 15.23008751 72920
FLOCK 2P-3              
1 41618U 16040V   17288.15419144  .00004303  00000-0  18577-3 0  9997
2 41618  97.4510 350.1413 0011148  31.7192 328.4714 15.22999068 72923
BEESAT-4                
1 41619U 16040W   17288.12644800  .00003467  00000-0  15799-3 0  9997
2 41619  97.4500 349.3028 0012146  16.9608 343.2031 15.21270503 60829
3CAT-2                  
1 41732U 16051B   17288.20080878  .00003193  00000-0  12938-3 0  9991
2 41732  97.3713 203.4034 0012734 203.5887 293.6548 15.25321691 64827
FLOCK 2E'-13            
1 41761U 98067KH  17287.98670774  .00020884  00000-0  22415-3 0  9991
2 41761  51.6365 146.4285 0005146 356.3743   3.7214 15.63740354 61635
FLOCK 2E'-14            
1 41762U 98067KJ  17288.01620236  .00022984  00000-0  24223-3 0  9997
2 41762  51.6376 145.9128 0004579 357.2141   2.8827 15.64143461 61647
FLOCK 2E'-16            
1 41763U 98067KK  17288.07526148  .00024545  00000-0  25158-3 0  9994
2 41763  51.6378 144.8041 0004077  12.7456 347.3642 15.64810203 61622
FLOCK 2E'-15            
1 41764U 98067KL  17288.00594863  .00020962  00000-0  22623-3 0  9990
2 41764  51.6375 146.5881 0004758   5.0573 355.0469 15.63598514 61598
FLOCK 2E'-18            
1 41769U 98067KM  17287.98793098  .00020107  00000-0  21678-3 0  9992
2 41769  51.6374 146.4606 0004028  33.9663 326.1589 15.63658194 61599
FLOCK 2E'-17            
1 41776U 98067KN  17287.97315279  .00022173  00000-0  23661-3 0  9999
2 41776  51.6383 146.3915 0004300  33.7241 326.4026 15.63851117 61580
FLOCK 2E'-19            
1 41777U 98067KP  17287.98812512  .00030112  00000-0  27403-3 0  9993
2 41777  51.6355 141.1641 0002825  37.6604 322.4590 15.67667577 61610
FLOCK 2E'-20            
1 41782U 98067KQ  17288.18133624  .00027937  00000-0  26579-3 0  9996
2 41782  51.6366 141.7488 0002887  37.0400 323.0794 15.66607040 61496
CANX-7                  
1 41788U 16059F   17287.98816223  .00010362  00000-0  18776-2 0  9996
2 41788  98.1866 349.1504 0036218 153.5265 206.8145 14.66049596 56132
ALSAT 1N                
1 41789U 16059G   17288.16096068  .00000338  00000-0  73288-4 0  9998
2 41789  98.1529 348.9450 0029644 136.0153 224.3419 14.64087646 56161
RAVAN                   
1 41849U 16067B   17288.19677371  .00001256  00000-0  11366-3 0  9997
2 41849  97.9426   8.2240 0007122 258.6114 101.4307 14.97276893 50467
CELTEE 1                
1 41850U 16067C   17288.20936562  .00000038  00000-0  86339-5 0  9992
2 41850  97.9410   8.0424 0007672 257.9201 102.1161 14.96649327 50453
OPTICUBE 04             
1 41851U 16067D   17288.22128925  .00000288  00000-0  30658-4 0  9990
2 41851  97.9406   8.0247 0007738 258.1516 101.8837 14.96551367 50459
AEROCUBE 8D             
1 41852U 16067E   17287.28784200  .00000612  00000-0  59540-4 0  9992
2 41852  97.9419   6.9603 0008498 261.1737  98.8522 14.96303001 50300
AEROCUBE 8C             
1 41853U 16067F   17288.16546990  .00000932  00000-0  87860-4 0  9994
2 41853  97.9421   7.8293 0008697 258.5258 101.4986 14.96268548 50433
PROMETHEUS 2-1          
1 41854U 16067G   17287.64690056  .00001357  00000-0  12550-3 0  9995
2 41854  97.9431   7.2731 0008879 260.8798  99.1418 14.96279222 50358
PROMETHEUS 2-3          
1 41855U 16067H   17287.18077748  .00001374  00000-0  12701-3 0  9999
2 41855  97.9433   6.8002 0009027 263.2153  96.8041 14.96272268 50286
LEMUR-2-XIAOQING        
1 41871U 16062C   17287.90456938  .00004105  00000-0  18604-3 0  9997
2 41871  51.6364 238.1096 0004654 307.3172  91.1403 15.23014609 49180
LEMUR-2-SOKOLSKY        
1 41872U 16062D   17288.09012152  .00005226  00000-0  23214-3 0  9993
2 41872  51.6687 237.0359 0004649 322.9834 100.8729 15.23134797 49204
LEMUR-2-ANUBHAVTHAKUR   
1 41873U 16062E   17288.09459813  .00002938  00000-0  14169-3 0  9999
2 41873  51.6442 238.4233 0004701 320.8378 103.1640 15.21874782 49176
LEMUR-2-WINGO           
1 41874U 16062F   17288.07627750  .00004713  00000-0  21361-3 0  9990
2 41874  51.6340 237.5427 0004744 286.5876 135.2899 15.22666411 49190
STARS-C                 
1 41895U 98067KR  17287.23381644  .00097463  00000-0  76172-3 0  9998
2 41895  51.6345 150.3856 0002098 103.0157 257.1075 15.70846708 46639
TANCREDO-1              
1 41931U 98067KT  17288.14848430  .02021129  38725-2  18462-2 0  9993
2 41931  51.6222 131.5188 0008889 267.1944  92.7849 16.12660122 42531
ITF-2                   
1 41932U 98067KU  17287.67296339  .00030147  00000-0  32303-3 0  9998
2 41932  51.6389 153.3893 0003366   4.0271 356.0750 15.63560864 42205
WASEDA-SAT3             
1 41933U 98067KV  17287.77787278  .00038157  00000-0  38628-3 0  9992
2 41933  51.6369 151.8037 0002974   7.3631 352.7407 15.64885138 42237
AOBA-VELOX 3            
1 41935U 98067KX  17288.07176221  .00034661  00000-0  35803-3 0  9996
2 41935  51.6385 150.7932 0002694  11.4418 348.6638 15.64423128 42379
OSNSAT                  
1 41939U 98067KZ  17287.65149369  .00108373  00000-0  69691-3 0  9990
2 41939  51.6345 144.9004 0001247 331.4366  28.6565 15.75370851 41665
FLOCK 3P-8              
1 41951U 17008D   17287.83282312  .00002891  00000-0  12479-3 0  9996
2 41951  97.4834 348.7896 0009822 127.6774 232.5355 15.23294524 36738
FLOCK 3P-51             
1 41952U 17008E   17287.67182532  .00007859  00000-0  33378-3 0  9992
2 41952  97.4841 348.7173 0009476 144.0934 216.0941 15.23303177 36723
FLOCK 3P-37             
1 41953U 17008F   17287.68246783  .00006364  00000-0  26748-3 0  9996
2 41953  97.4840 348.8476 0008636 148.0424 212.1338 15.23743468 36734
INS-1B                  
1 41954U 17008G   17287.66940653  .00003436  00000-0  15249-3 0  9993
2 41954  97.4811 348.3278 0011004 128.7372 231.4849 15.22202224 36648
FLOCK 3P-19             
1 41955U 17008H   17288.11089527  .00009235  00000-0  39112-3 0  9997
2 41955  97.4831 349.0181 0010676 127.0668 233.1546 15.23336222 36703
FLOCK 3P-24             
1 41956U 17008J   17287.64792067  .00008017  00000-0  33996-3 0  9996
2 41956  97.4830 348.5630 0010527 126.3011 233.9199 15.23340669 36718
FLOCK 3P-18             
1 41957U 17008K   17287.64858573  .00006693  00000-0  28435-3 0  9992
2 41957  97.4828 348.5658 0010575 127.6282 232.5916 15.23341670 36550
FLOCK 3P-22             
1 41958U 17008L   17287.58927042  .00003027  00000-0  13037-3 0  9994
2 41958  97.4830 348.4942 0010357 127.9821 232.2353 15.23324288 36535
FLOCK 3P-21             
1 41959U 17008M   17287.64377985  .00006890  00000-0  29325-3 0  9995
2 41959  97.4837 348.5884 0010186 129.3746 230.8394 15.23274479 36558
FLOCK 3P-28             
1 41960U 17008N   17288.16757268  .00003118  00000-0  13438-3 0  9999
2 41960  97.4834 349.1093 0010133 126.1363 234.0813 15.23288544 36716
FLOCK 3P-26             
1 41961U 17008P   17288.17608793  .00008068  00000-0  34208-3 0  9996
2 41961  97.4835 349.0954 0010362 125.4153 234.8053 15.23344541 36631
FLOCK 3P-17             
1 41962U 17008Q   17288.22278603  .00002627  00000-0  11375-3 0  9991
2 41962  97.4833 349.1874 0010120 127.7980 232.4174 15.23274179 36599
FLOCK 3P-27             
1 41963U 17008R   17287.85638044  .00005491  00000-0  23406-3 0  9999
2 41963  97.4834 348.7590 0010511 127.0214 233.1986 15.23311441 36580
FLOCK 3P-25             
1 41964U 17008S   17288.17020716  .00007825  00000-0  33235-3 0  9991
2 41964  97.4834 349.0994 0010119 126.0889 234.1286 15.23298897 36611
FLOCK 3P-4              
1 41965U 17008T   17287.77039584  .00002922  00000-0  12615-3 0  9992
2 41965  97.4834 348.7224 0009992 128.4299 231.7836 15.23282177 36654
FLOCK 3P-2              
1 41966U 17008U   17287.77135516  .00003144  00000-0  13546-3 0  9996
2 41966  97.4836 348.7262 0009910 126.9073 233.3073 15.23291937 36578
FLOCK 3P-1              
1 41967U 17008V   17287.85564958  .00006359  00000-0  27262-3 0  9993
2 41967  97.4840 348.7717 0010018 128.4820 231.7317 15.23057367 36588
FLOCK 3P-3              
1 41968U 17008W   17287.64277629  .00002919  00000-0  12605-3 0  9990
2 41968  97.4833 348.5847 0009992 127.7004 232.5140 15.23276618 36639
FLOCK 3P-6              
1 41969U 17008X   17287.76883142  .00006073  00000-0  25869-3 0  9998
2 41969  97.4838 348.7302 0009817 126.8522 233.3616 15.23298540 36561
FLOCK 3P-7              
1 41970U 17008Y   17288.14474206  .00004807  00000-0  20539-3 0  9992
2 41970  97.4838 349.1488 0009858 128.4131 231.7992 15.23305654 36623
FLOCK 3P-5              
1 41971U 17008Z   17287.83159724  .00002865  00000-0  12381-3 0  9991
2 41971  97.4839 348.8057 0009829 129.2690 230.9420 15.23267408 36519
FLOCK 3P-12             
1 41972U 17008AA  17288.22438707  .00006207  00000-0  26450-3 0  9993
2 41972  97.4839 349.1986 0009677 128.1737 232.0373 15.23279700 36727
FLOCK 3P-9              
1 41973U 17008AB  17287.83356432  .00002843  00000-0  12285-3 0  9997
2 41973  97.4839 348.8056 0009840 127.5792 232.6339 15.23276758 36669
FLOCK 3P-10             
1 41974U 17008AC  17288.15137508  .00002955  00000-0  12731-3 0  9995
2 41974  97.4840 349.1503 0009629 127.9651 232.2457 15.23342603 36598
FLOCK 3P-11             
1 41975U 17008AD  17287.83534088  .00002794  00000-0  12061-3 0  9991
2 41975  97.4839 348.8032 0009923 128.0897 232.1236 15.23316832 36556
FLOCK 3P-60             
1 41976U 17008AE  17288.14008464  .00008547  00000-0  36246-3 0  9994
2 41976  97.4843 349.1670 0009520 128.8822 231.3265 15.23327031 35963
FLOCK 3P-58             
1 41977U 17008AF  17287.76487471  .00002928  00000-0  12653-3 0  9994
2 41977  97.4838 348.7419 0009606 129.1167 231.0925 15.23244699 36739
FLOCK 3P-57             
1 41978U 17008AG  17288.21811200  .00003704  00000-0  15887-3 0  9992
2 41978  97.4839 349.2098 0009703 126.7324 233.4805 15.23325075 36647
FLOCK 3P-75             
1 41979U 17008AH  17287.75710429  .00003004  00000-0  12955-3 0  9998
2 41979  97.4860 348.8274 0009843 130.9742 229.2348 15.23290985 36724
FLOCK 3P-70             
1 41980U 17008AJ  17288.15008829  .00006664  00000-0  28318-3 0  9994
2 41980  97.4863 349.2240 0009813 129.1501 231.0609 15.23344774 36623
FLOCK 3P-73             
1 41981U 17008AK  17288.09238890  .00002896  00000-0  12498-3 0  9996
2 41981  97.4861 349.1489 0010057 130.4823 229.7292 15.23297089 36752
FLOCK 3P-88             
1 41982U 17008AL  17288.14704801  .00002903  00000-0  12533-3 0  9992
2 41982  97.4859 349.2198 0009864 129.5915 230.6194 15.23281432 35737
FLOCK 3P-85             
1 41983U 17008AM  17287.67443061  .00008008  00000-0  33982-3 0  9991
2 41983  97.4863 348.7842 0009772 134.1460 226.0582 15.23325507 36562
FLOCK 3P-79             
1 41984U 17008AN  17287.67543963  .00008214  00000-0  34844-3 0  9991
2 41984  97.4862 348.7824 0009402 133.6215 226.5803 15.23328515 36567
FLOCK 3P-86             
1 41985U 17008AP  17287.67612095  .00008042  00000-0  34134-3 0  9996
2 41985  97.4861 348.7769 0009415 132.8649 227.3380 15.23319139 36551
FLOCK 3P-36             
1 41986U 17008AQ  17287.61266761  .00005741  00000-0  24469-3 0  9999
2 41986  97.4845 348.6499 0009148 130.9383 229.2647 15.23311429 36034
FLOCK 3P-30             
1 41987U 17008AR  17287.66958229  .00008575  00000-0  36373-3 0  9997
2 41987  97.4845 348.7284 0009077 131.7975 228.4038 15.23319987 36510
FLOCK 3P-34             
1 41988U 17008AS  17287.68191670  .00008210  00000-0  34855-3 0  9998
2 41988  97.4841 348.6996 0009305 128.6719 231.5352 15.23304858 36044
FLOCK 3P-35             
1 41989U 17008AT  17287.68409037  .00008094  00000-0  34366-3 0  9995
2 41989  97.4840 348.6957 0009452 128.7783 231.4299 15.23305114 36041
FLOCK 3P-33             
1 41990U 17008AU  17287.61363427  .00007769  00000-0  33007-3 0  9991
2 41990  97.4842 348.6413 0009078 129.6859 230.5179 15.23300515 36036
LEMUR-2-SATCHMO         
1 41991U 17008AV  17287.86140614  .00003231  00000-0  14191-3 0  9993
2 41991  97.4833 348.7640 0009206 131.0836 229.1197 15.22621921 36068
LEMUR-2-MIA-GRACE       
1 41992U 17008AW  17288.16070513  .00004229  00000-0  18289-3 0  9998
2 41992  97.4838 349.1375 0009139 130.6941 229.5091 15.22969181 36117
LEMUR-2-SMITA-SHARAD    
1 41993U 17008AX  17287.64885211  .00003390  00000-0  14807-3 0  9990
2 41993  97.4834 348.5900 0009115 131.4867 228.7153 15.22771555 36038
LEMUR-2-SPIRE-MINIONS   
1 41994U 17008AY  17287.64167049  .00004578  00000-0  19799-3 0  9997
2 41994  97.4835 348.5993 0009183 131.5617 228.6408 15.22924690 36033
LEMUR-2-RDEATON         
1 41995U 17008AZ  17288.16980032  .00003763  00000-0  16374-3 0  9992
2 41995  97.4836 349.1225 0009975 142.6164 217.5768 15.22829057 36799
LEMUR-2-NOGUECORREIG    
1 41996U 17008BA  17288.22043283  .00002476  00000-0  10829-3 0  9997
2 41996  97.4839 349.2118 0009948 143.0505 217.1418 15.22979466 36023
LEMUR-2-JOBANPUTRA      
1 41997U 17008BB  17288.20461867  .00003254  00000-0  14084-3 0  9990
2 41997  97.4841 349.2339 0009931 142.7958 217.3969 15.23105042 36117
LEMUR-2-TACHIKOMA       
1 41998U 17008BC  17287.64694749  .00003321  00000-0  14527-3 0  9992
2 41998  97.4834 348.5938 0009839 144.5595 215.6297 15.22727988 35955
BGUSAT                  
1 41999U 17008BD  17287.86333371  .00005593  00000-0  23835-3 0  9993
2 41999  97.4847 348.9356 0009852 145.0313 215.1573 15.23321006 36064
DIDO-2                  
1 42000U 17008BE  17287.59041034  .00002750  00000-0  12136-3 0  9993
2 42000  97.4832 348.5132 0009797 145.2031 214.9848 15.22585028 36020
FLOCK 3P-49             
1 42001U 17008BF  17287.86299979  .00005508  00000-0  23477-3 0  9991
2 42001  97.4843 348.9237 0009448 144.9237 215.2624 15.23322552 36590
FLOCK 3P-67             
1 42002U 17008BG  17287.60547991  .00006466  00000-0  27500-3 0  9999
2 42002  97.4841 348.6502 0009425 145.2438 214.9416 15.23332089 36718
FLOCK 3P-68             
1 42003U 17008BH  17288.13328759  .00008526  00000-0  36176-3 0  9996
2 42003  97.4839 349.1671 0009556 142.4732 217.7173 15.23307905 36439
FLOCK 3P-41             
1 42004U 17008BJ  17287.59511403  .00003077  00000-0  13264-3 0  9995
2 42004  97.4838 348.6539 0009191 146.0881 214.0945 15.23299311 36557
FLOCK 3P-45             
1 42005U 17008BK  17287.66670117  .00006275  00000-0  26699-3 0  9991
2 42005  97.4841 348.7206 0009247 145.9031 214.2801 15.23328481 36713
FLOCK 3P-48             
1 42006U 17008BL  17288.18970595  .00004012  00000-0  17187-3 0  9992
2 42006  97.4843 349.2525 0009189 144.6175 215.5673 15.23320163 36581
FLOCK 3P-43             
1 42007U 17008BM  17288.18782934  .00002759  00000-0  11919-3 0  9994
2 42007  97.4839 349.2460 0009025 144.8427 215.3407 15.23308999 36795
FLOCK 3P-42             
1 42008U 17008BN  17288.18710472  .00006561  00000-0  27907-3 0  9992
2 42008  97.4838 349.2422 0009173 144.3883 215.7968 15.23323750 36729
FLOCK 3P-61             
1 42009U 17008BP  17288.18554102  .00004660  00000-0  19920-3 0  9993
2 42009  97.4840 349.2486 0009017 146.1114 214.0701 15.23314492 36772
FLOCK 3P-40             
1 42010U 17008BQ  17288.11367999  .00005100  00000-0  21757-3 0  9995
2 42010  97.4834 349.1746 0008900 146.7683 213.4115 15.23332186 36022
FLOCK 3P-16             
1 42011U 17008BR  17287.64056739  .00003335  00000-0  14361-3 0  9991
2 42011  97.4833 348.7371 0008524 148.3909 211.7841 15.23278073 35897
FLOCK 3P-14             
1 42012U 17008BS  17287.58012811  .00006121  00000-0  26063-3 0  9996
2 42012  97.4840 348.6744 0008827 151.0893 209.0834 15.23317854 36500
FLOCK 3P-53             
1 42013U 17008BT  17287.58416544  .00006378  00000-0  27115-3 0  9991
2 42013  97.4830 348.6461 0008571 148.8551 211.3196 15.23352927 36504
FLOCK 3P-54             
1 42014U 17008BU  17287.64746877  .00003021  00000-0  13023-3 0  9999
2 42014  97.4835 348.7269 0008493 149.3472 210.8262 15.23313052 36681
PEASSS                  
1 42015U 17008BV  17287.82131450  .00003067  00000-0  13234-3 0  9999
2 42015  97.4824 348.9369 0007499 149.6659 210.5013 15.23271044 36559
AL-FARABI 1             
1 42016U 17008BW  17288.19579215  .00003509  00000-0  14996-3 0  9993
2 42016  97.4829 349.3647 0007473 148.9276 211.2404 15.23508687 36736
NAYIF-1 (EO-88)         
1 42017U 17008BX  17288.12771487  .00004005  00000-0  17063-3 0  9992
2 42017  97.4828 349.3005 0007424 149.2557 210.9116 15.23526744 36747
FLOCK 3P-23             
1 42018U 17008BY  17287.64589203  .00006165  00000-0  26250-3 0  9999
2 42018  97.4831 348.5693 0010212 127.2535 232.9634 15.23300161 35489
FLOCK 3P-76             
1 42019U 17008BZ  17287.74818480  .00007394  00000-0  31409-3 0  9990
2 42019  97.4865 348.8464 0009842 132.1555 228.0519 15.23316862 36563
FLOCK 3P-69             
1 42020U 17008CA  17288.14056128  .00004809  00000-0  20550-3 0  9993
2 42020  97.4865 349.2412 0009733 129.7654 230.4441 15.23302222 35514
FLOCK 3P-84             
1 42021U 17008CB  17288.14876850  .00002782  00000-0  12015-3 0  9991
2 42021  97.4858 349.2171 0010105 129.9552 230.2574 15.23305641 36630
FLOCK 3P-59             
1 42022U 17008CC  17287.82282976  .00005814  00000-0  24809-3 0  9999
2 42022  97.4841 348.8200 0009507 131.1739 229.0319 15.23263517 35601
FLOCK 3P-32             
1 42023U 17008CD  17288.21898331  .00006334  00000-0  26965-3 0  9995
2 42023  97.4841 349.2126 0009583 126.3020 233.9103 15.23305480 36801
FLOCK 3P-71             
1 42024U 17008CE  17287.64117267  .00006118  00000-0  26207-3 0  9993
2 42024  97.4869 348.6864 0009920 132.0669 228.1413 15.23105925 35588
FLOCK 3P-77             
1 42025U 17008CF  17287.68345894  .00003106  00000-0  13376-3 0  9994
2 42025  97.4862 348.7711 0009747 132.7681 227.4377 15.23320169 36561
FLOCK 3P-80             
1 42026U 17008CG  17288.25927069  .00005838  00000-0  24875-3 0  9999
2 42026  97.4798 349.3624 0009294 130.7396 229.4353 15.23310883 34799
FLOCK 3P-66             
1 42027U 17008CH  17288.13254372  .00008616  00000-0  36553-3 0  9990
2 42027  97.4843 349.1770 0009570 141.7772 218.4145 15.23310815 36747
FLOCK 3P-65             
1 42028U 17008CJ  17287.67061650  .00008388  00000-0  35606-3 0  9998
2 42028  97.4843 348.7207 0009413 143.4348 216.7533 15.23301321 36577
FLOCK 3P-50             
1 42029U 17008CK  17288.12732927  .00009047  00000-0  38347-3 0  9990
2 42029  97.4845 349.1895 0009223 144.0485 216.1374 15.23329103 35963
FLOCK 3P-52             
1 42030U 17008CL  17287.60335356  .00005895  00000-0  25116-3 0  9996
2 42030  97.4841 348.6533 0009300 144.6645 215.5210 15.23307886 36657
FLOCK 3P-46             
1 42031U 17008CM  17287.86051933  .00006931  00000-0  29473-3 0  9993
2 42031  97.4839 348.9166 0009245 144.8107 215.3741 15.23309703 36751
FLOCK 3P-47             
1 42032U 17008CN  17287.86209189  .00002860  00000-0  12345-3 0  9999
2 42032  97.4837 348.9139 0009159 145.3018 214.8818 15.23314242 36574
FLOCK 3P-44             
1 42033U 17008CP  17288.11818284  .00003682  00000-0  15798-3 0  9999
2 42033  97.4841 349.1908 0009095 146.8929 213.2878 15.23324073 35361
FLOCK 3P-64             
1 42034U 17008CQ  17288.11752221  .00005153  00000-0  21994-3 0  9998
2 42034  97.4837 349.1794 0009021 145.8977 214.2841 15.23309476 36789
FLOCK 3P-63             
1 42035U 17008CR  17288.11601336  .00007036  00000-0  29874-3 0  9996
2 42035  97.4836 349.1776 0009029 146.0080 214.1737 15.23355056 34758
FLOCK 3P-62             
1 42036U 17008CS  17288.16939402  .00006212  00000-0  26372-3 0  9995
2 42036  97.4838 349.2644 0009042 148.0698 212.1089 15.23408849 35969
FLOCK 3P-38             
1 42037U 17008CT  17287.85163693  .00005057  00000-0  21564-3 0  9996
2 42037  97.4836 348.9188 0008696 147.1412 213.0367 15.23354790 36690
FLOCK 3P-39             
1 42038U 17008CU  17288.11272036  .00003920  00000-0  16795-3 0  9996
2 42038  97.4832 349.1726 0008934 146.6260 213.5541 15.23338476 36689
FLOCK 3P-15             
1 42039U 17008CV  17287.52563199  .00005935  00000-0  25268-3 0  9997
2 42039  97.4835 348.5877 0008789 148.2384 211.9385 15.23335197 35871
FLOCK 3P-13             
1 42040U 17008CW  17288.11163815  .00011546  00000-0  48812-3 0  9991
2 42040  97.4841 349.1892 0008652 147.7208 212.4560 15.23353380 35956
FLOCK 3P-55             
1 42041U 17008CX  17288.22056575  .00002655  00000-0  11478-3 0  9997
2 42041  97.4837 349.3461 0008430 150.2746 209.8971 15.23326765 36815
FLOCK 3P-56             
1 42042U 17008CY  17288.14384412  .00005962  00000-0  25141-3 0  9999
2 42042  97.4835 349.2846 0008371 150.0700 210.1017 15.23662278 36595
FLOCK 3P-81             
1 42043U 17008CZ  17287.74343160  .00007224  00000-0  30701-3 0  9991
2 42043  97.4862 348.8450 0009684 133.4882 226.7162 15.23310186 35913
FLOCK 3P-87             
1 42044U 17008DA  17288.14640312  .00007843  00000-0  33292-3 0  9991
2 42044  97.4858 349.2144 0009893 129.6961 230.5150 15.23320109 36121
FLOCK 3P-29             
1 42045U 17008DB  17288.14798908  .00007977  00000-0  33856-3 0  9991
2 42045  97.4841 349.1529 0009617 126.8752 233.3368 15.23319840 35975
FLOCK 3P-82             
1 42046U 17008DC  17287.75499813  .00006262  00000-0  26629-3 0  9997
2 42046  97.4859 348.8241 0009876 131.9122 228.2958 15.23345104 35966
FLOCK 3P-78             
1 42047U 17008DD  17287.62008237  .00003871  00000-0  16612-3 0  9994
2 42047  97.4860 348.7004 0009814 131.0461 229.1625 15.23279152 35874
FLOCK 3P-74             
1 42048U 17008DE  17287.62868898  .00004533  00000-0  19383-3 0  9996
2 42048  97.4862 348.6967 0010062 131.9880 228.2216 15.23308940 35879
FLOCK 3P-31             
1 42049U 17008DF  17288.15546379  .00005207  00000-0  22243-3 0  9991
2 42049  97.4841 349.1456 0009688 127.9025 232.3089 15.23276289 35418
FLOCK 3P-83             
1 42050U 17008DG  17287.82816264  .00006030  00000-0  25688-3 0  9990
2 42050  97.4859 348.8794 0009969 132.1549 228.0537 15.23296127 36639
FLOCK 3P-72             
1 42051U 17008DH  17287.21659671  .00004798  00000-0  20498-3 0  9994
2 42051  97.4863 348.3315 0009411 132.8911 227.3117 15.23313754 34136
LEMUR-2-REDFERN-GOES    
1 42059U 98067LA  17287.75034365  .00031894  00000-0  35449-3 0  9991
2 42059  51.6373 155.3751 0005904  34.2170 325.9203 15.62579285 34673
LEMUR-2-TRUTNA          
1 42067U 98067LC  17288.01469290  .00068340  00000-0  58038-3 0  9994
2 42067  51.6362 150.3745 0003477  46.0987 314.0296 15.68985613 34592
LEMUR-2-AUSTINTACIOUS   
1 42068U 98067LD  17287.74962639  .00036090  00000-0  37626-3 0  9996
2 42068  51.6378 154.6218 0005058  27.4410 332.6851 15.64158241 34614
LEMUR-2-TRUTNAHD        
1 42069U 98067LE  17288.10601540  .00037287  00000-0  40408-3 0  9990
2 42069  51.6382 153.2670 0005040  35.4795 324.6534 15.63155099 34710
HAVELSAT                
1 42700U 98067LH  17287.61820137  .00030575  00000-0  37673-3 0  9995
2 42700  51.6386 159.7485 0005597  64.5198 295.6374 15.59919339 23557
SOMP 2                  
1 42701U 98067LJ  17288.08492599  .00028380  00000-0  35550-3 0  9998
2 42701  51.6385 157.6188 0005591  65.2110 294.9464 15.59525940 23610
COLUMBIA                
1 42702U 98067LK  17288.06910965  .00082252  00000-0  79085-3 0  9998
2 42702  51.6365 155.2518 0003560  84.2969 275.8432 15.65847925 23572
SGSAT                   
1 42703U 98067LL  17288.20863317  .00046633  00000-0  49577-3 0  9999
2 42703  51.6362 155.4308 0000274 125.7574 234.3446 15.63553484 23578
CXBN-2                  
1 42704U 98067LM  17288.02728133  .00029353  00000-0  36655-3 0  9999
2 42704  51.6387 157.9843 0000972  40.3944 319.7121 15.59602019 23533
ICECUBE                 
1 42705U 98067LN  17288.18155314  .00039138  00000-0  46135-3 0  9998
2 42705  51.6405 156.7770 0001130   6.3931 353.7076 15.60969473 23625
PHOENIX                 
1 42706U 98067LP  17288.07668596  .00029704  00000-0  36878-3 0  9999
2 42706  51.6383 157.5662 0001222  84.4267 275.6865 15.59748900 23537
X-CUBESAT               
1 42707U 98067LQ  17288.13874077  .00030241  00000-0  37352-3 0  9996
2 42707  51.6371 157.2227 0001249  88.5831 271.5305 15.59875092 23537
QBEE50-LTU-OC           
1 42708U 98067LR  17288.07976316  .00029537  00000-0  36657-3 0  9992
2 42708  51.6375 157.5789 0001219  84.0802 276.0330 15.59762106 23487
ALTAIR PATHFINDER       
1 42711U 98067LS  17288.16548613  .00019466  00000-0  26095-3 0  9996
2 42711  51.6382 158.1507 0003243 355.7066   4.3898 15.57973605 23198
SHARC                   
1 42712U 98067LT  17288.04372591  .00016117  00000-0  22066-3 0  9998
2 42712  51.6393 158.8460 0001672  13.8720 346.2318 15.57560522 23419
ZA-AEROSAT              
1 42713U 98067LU  17288.12200183  .00026266  00000-0  33880-3 0  9997
2 42713  51.6384 157.8655 0001044   2.6843 357.4155 15.58807070 23191
LINK                    
1 42714U 98067LV  17288.20037511  .00034219  00000-0  40888-3 0  9993
2 42714  51.6369 156.8802 0000462  20.1752 339.9260 15.60679600 23321
CSUNSAT 1               
1 42715U 98067LW  17288.06127149  .00027038  00000-0  34604-3 0  9995
2 42715  51.6389 158.2061 0002960 341.2496  18.8387 15.58995061 23180
UPSAT                   
1 42716U 98067LX  17288.18642800  .00031631  00000-0  38083-3 0  9994
2 42716  51.6383 156.7947 0004026  76.8522 283.2921 15.60516295 23348
SPACECUBE               
1 42717U 98067LY  17288.22078535  .00023169  00000-0  29077-3 0  9998
2 42717  51.6381 157.0234 0004141  73.5888 286.5560 15.59605845 22585
HOOPOE                  
1 42718U 98067LZ  17288.20341482  .00027144  00000-0  33356-3 0  9993
2 42718  51.6379 156.9072 0004051  74.0580 286.0860 15.60064308 22589
CHALLENGER              
1 42721U 98067MA  17288.11913473  .00047343  00000-0  54739-3 0  9993
2 42721  51.6371 157.0855 0005552  47.8859 312.2606 15.61371902 22278
NJUST-1                 
1 42722U 98067MB  17288.21366813  .00019006  00000-0  24909-3 0  9996
2 42722  51.6386 157.7235 0006627  44.6335 315.5190 15.58581993 22275
UNSW-ECO                
1 42723U 98067MC  17288.17082388  .00035790  00000-0  43981-3 0  9993
2 42723  51.6387 157.4397 0005971  46.6955 313.4536 15.59905925 22259
DUTHSAT                 
1 42724U 98067MD  17288.13367864  .00043416  00000-0  50818-3 0  9996
2 42724  51.6380 157.1897 0004899  53.7163 306.4283 15.61095313 22179
LILACSAT-1              
1 42725U 98067ME  17288.20856213  .00022492  00000-0  28920-3 0  9996
2 42725  51.6385 157.6923 0005529  50.5886 309.5595 15.58976820 22175
NSIGHT-1                
1 42726U 98067MF  17288.07534494  .00013644  00000-0  19066-3 0  9996
2 42726  51.6397 159.0549 0006324  47.9135 312.2394 15.57151018 22159
SNUSAT-1                
1 42727U 98067MG  17288.20603989  .00020801  00000-0  26843-3 0  9992
2 42727  51.6372 157.6641 0006273   4.2612 355.8432 15.58929648 22147
QBITO                   
1 42728U 98067MH  17288.11887757  .00030925  00000-0  38782-3 0  9993
2 42728  51.6397 157.8517 0003240  68.3159 291.8179 15.59458812 21975
AALTO-2                 
1 42729U 98067MJ  17288.18277790  .00031013  00000-0  38855-3 0  9991
2 42729  51.6386 157.5216 0003169  69.0448 291.0884 15.59482678 21990
SUSAT                   
1 42730U 98067MK  17288.19158876  .00025062  00000-0  31833-3 0  9993
2 42730  51.6385 157.5773 0003216  64.1528 295.9797 15.59241290 21985
I-INSPIRE II            
1 42731U 98067ML  17288.16225936  .00033232  00000-0  40517-3 0  9990
2 42731  51.6374 157.3696 0005052 346.7104  13.3755 15.60155812 22034
POLYITAN-2-SAU          
1 42732U 98067MM  17288.04947277  .00032323  00000-0  40262-3 0  9994
2 42732  51.6378 158.1174 0005353 346.0009  14.0835 15.59604779 22014
SNUSAT-1B               
1 42733U 98067MN  17288.06321232  .00029745  00000-0  37610-3 0  9991
2 42733  51.6384 158.2123 0005468 349.2239  10.8636 15.59252500 22018
EXALTA-1                
1 42734U 98067MP  17288.16487185  .00033621  00000-0  41193-3 0  9992
2 42734  51.6377 157.3893 0006840  16.3119 343.8093 15.60009561 21989
AOXIANG-1               
1 42735U 98067MQ  17287.63218873  .00024463  00000-0  31763-3 0  9996
2 42735  51.6379 160.5874 0007098  38.8886 321.2616 15.58651887 23314
BEEAGLESAT              
1 42736U 98067MR  17288.07395414  .00027923  00000-0  35744-3 0  9990
2 42736  51.6375 158.2880 0006860  39.3225 320.8264 15.58952638 22075
ATLANTIS                
1 42737U 98067MS  17287.77707736  .00071305  00000-0  73105-3 0  9997
2 42737  51.6356 157.7918 0004315  43.5828 316.5507 15.64289184 21943
LEMUR-2-ANGELA          
1 42752U 17019B   17287.83891013  .00003364  00000-0  13395-3 0  9996
2 42752  51.6411 187.0721 0011454  52.5545 307.6474 15.28018855 19584
LEMUR-2-JENNYBARNA      
1 42753U 17019C   17287.56882506  .00004856  00000-0  18630-3 0  9998
2 42753  51.6400 188.2724 0011426  52.1808 308.0204 15.28249898 19495
LEMUR-2-ROBMOORE        
1 42754U 17019D   17287.32169598  .00004676  00000-0  18158-3 0  9997
2 42754  51.6415 189.6162 0011369  53.1566 307.0454 15.27936895 19485
LEMUR-2-SPIROVISION     
1 42755U 17019E   17288.16525305  .00004869  00000-0  18734-3 0  9997
2 42755  51.6405 185.4978 0011451  56.5001 303.7072 15.28150917 19503
UCLSAT                  
1 42765U 17036A   17287.24217280  .00003443  00000-0  15784-3 0  9994
2 42765  97.4372 345.6522 0011197 211.3657 148.6912 15.21081656 17902
LITUANICASAT-2          
1 42768U 17036D   17287.84802088  .00005492  00000-0  25612-3 0  9996
2 42768  97.4377 346.0682 0015818 199.4252 160.6382 15.20169475 17273
LEMUR-2-SHAINAJOHL      
1 42771U 17036G   17288.03544178  .00003893  00000-0  18233-3 0  9999
2 42771  97.4374 346.2763 0014908 197.8855 162.1858 15.20214654 17248
LEMUR-2-XUENITERENCE    
1 42772U 17036H   17287.83438128  .00003881  00000-0  18163-3 0  9993
2 42772  97.4374 346.0857 0014537 198.0984 161.9735 15.20250354 17210
LEMUR-2-LUCYBRYCE       
1 42773U 17036J   17288.22329482  .00003942  00000-0  18363-3 0  9990
2 42773  97.4375 346.4838 0014480 196.0582 164.0196 15.20403787 17275
LEMUR-2-KUNGFOO         
1 42774U 17036K   17287.63200404  .00003782  00000-0  17671-3 0  9990
2 42774  97.4375 345.9015 0014316 198.3308 161.7413 15.20320167 17171
AALTO-1                 
1 42775U 17036L   17287.76142291  .00001869  00000-0  89201-4 0  9997
2 42775  97.4370 346.0313 0013913 196.8799 163.1975 15.20224302 17206
URSA MAIOR              
1 42776U 17036M   17288.15337183  .00001986  00000-0  94496-4 0  9990
2 42776  97.4372 346.4284 0013822 195.6726 164.4084 15.20272663 17260
COMPASS 2               
1 42777U 17036N   17287.60186790  .00003989  00000-0  18402-3 0  9993
2 42777  97.4388 345.9563 0012797 201.4421 158.6280 15.20750375 17174
LEMUR-2-LYNSEY-SYMO     
1 42779U 17036Q   17287.58585644  .00004967  00000-0  22667-3 0  9998
2 42779  97.4381 345.9652 0012164 207.9313 152.1271 15.21008248 17161
LEMUR-2-LISASAURUS      
1 42780U 17036R   17288.17835994  .00004115  00000-0  18870-3 0  9998
2 42780  97.4377 346.5450 0012085 205.7742 154.2892 15.20943990 17269
LEMUR-2-SAM-AMELIA      
1 42781U 17036S   17288.17451027  .00004931  00000-0  22477-3 0  9994
2 42781  97.4377 346.5487 0012074 206.0560 154.0069 15.21051145 17256
LEMUR-2-MCPEAKE         
1 42782U 17036T   17287.38291547  .00005512  00000-0  25068-3 0  9991
2 42782  97.4379 345.7751 0011825 208.4708 151.5883 15.21078838 17138
DIAMOND RED             
1 42783U 17036U   17287.58433916  .00002768  00000-0  12832-3 0  9997
2 42783  97.4373 345.9612 0011824 209.8638 150.1924 15.20855972 17173
PEGASUS                 
1 42784U 17036V   17288.17332511  .00003010  00000-0  13892-3 0  9991
2 42784  97.4374 346.5517 0011826 208.0651 151.9948 15.20942277 17264
DIAMOND GREEN           
1 42785U 17036W   17288.10968529  .00002669  00000-0  12384-3 0  9993
2 42785  97.4375 346.4854 0011767 208.3162 151.7435 15.20851916 17249
DIAMOND BLUE            
1 42786U 17036X   17288.10759064  .00002697  00000-0  12521-3 0  9990
2 42786  97.4375 346.4871 0011596 208.6943 151.3655 15.20831855 17249
NUDTSAT                 
1 42787U 17036Y   17287.63520453  .00004669  00000-0  21211-3 0  9993
2 42787  97.4377 346.0473 0011476 210.0099 150.0480 15.21204308 17028
SUCHAI                  
1 42788U 17036Z   17287.63882825  .00003560  00000-0  16305-3 0  9995
2 42788  97.4374 346.0414 0011433 209.9530 150.1052 15.21088667 17250
SKCUBE                  
1 42789U 17036AA  17287.83363396  .00003241  00000-0  14863-3 0  9998
2 42789  97.4373 346.2383 0011273 209.1134 150.9474 15.21107046 17205
VZLUSAT-1               
1 42790U 17036AB  17287.62943425  .00004310  00000-0  19583-3 0  9996
2 42790  97.4373 346.0492 0011005 210.2694 149.7907 15.21244637 17174
ROBUSTA-1B              
1 42792U 17036AD  17288.15315477  .00003168  00000-0  14483-3 0  9991
2 42792  97.4371 346.5713 0010845 209.0734 150.9899 15.21242189 17261
CICERO 6                
1 42793U 17036AE  17288.07514636  .00002062  00000-0  95112-4 0  9992
2 42793  97.4366 346.5209 0009847 209.8226 150.2450 15.21332578 17325
D-SAT                   
1 42794U 17036AF  17287.85217174  .00000611  00000-0  58873-4 0  9996
2 42794  97.6290 346.2825 0127941  18.8537 341.7356 14.90668118 17176
TOKI                    
1 42820U 98067MU  17288.01770588  .00026598  00000-0  35027-3 0  9998
2 42820  51.6379 159.4122 0001625 332.0113  28.0792 15.58246842 15515
GHANASAT-1              
1 42821U 98067MV  17287.70148177  .00025636  00000-0  33970-3 0  9994
2 42821  51.6381 161.0499 0001611 336.6017  23.4902 15.58103244 15467
MAZAALAI (NUMSAT-1)     
1 42822U 98067MW  17288.08687655  .00025703  00000-0  34001-3 0  9997
2 42822  51.6382 159.1247 0001701 342.7939  17.2996 15.58146767 15505
BRAC ONNESHA            
1 42823U 98067MX  17288.08889462  .00026315  00000-0  34781-3 0  9993
2 42823  51.6386 159.1408 0005093 359.3950   0.7035 15.58145272 15505
NIGERIAEDUSAT-1         
1 42824U 98067MY  17287.83634371  .00026134  00000-0  34669-3 0  9997
2 42824  51.6389 160.4541 0004925 359.9238   0.1753 15.58052539 15458
LEMUR-2-GREENBERG       
1 42837U 17042N   17288.21429812  .00001234  00000-0  12981-3 0  9997
2 42837  97.6077 194.6173 0011993 297.3301  62.6697 14.91122755 13840
LEMUR-2-ANDIS           
1 42838U 17042P   17288.21291876  .00001086  00000-0  11477-3 0  9999
2 42838  97.6076 194.6185 0012072 297.2027  62.7961 14.91139363 13844
LEMUR-2-MONSON          
1 42839U 17042Q   17287.87163444  .00000770  00000-0  82874-4 0  9999
2 42839  97.6076 194.3017 0011768 297.4155  62.5866 14.91208950 13796
LEMUR-2-FURIAUS         
1 42840U 17042R   17287.86916850  .00001114  00000-0  11726-3 0  9997
2 42840  97.6075 194.3041 0011869 298.1577  61.8443 14.91277234 13785
LEMUR-2-PETERG          
1 42841U 17042S   17287.86100673  .00001050  00000-0  11050-3 0  9995
2 42841  97.6076 194.3155 0011515 296.6579  63.3460 14.91407132 13795
LEMUR-2-DEMBITZ         
1 42842U 17042T   17287.85963212  .00001068  00000-0  11222-3 0  9991
2 42842  97.6075 194.3156 0011532 297.2390  62.7654 14.91429313 13796
LEMUR-2-ZACHARY         
1 42845U 17042W   17287.84600060  .00000792  00000-0  84185-4 0  9994
2 42845  97.6024 194.2713 0011983 302.3335  57.6724 14.91626665 13787
FLOCK 2K-03             
1 42850U 17042AB  17287.18841136  .00018815  00000-0  57465-3 0  9993
2 42850  96.9944 191.2603 0009770 290.2024  69.8168 15.33888739 13889
FLOCK 2K-04             
1 42851U 17042AC  17288.16974283  .00016140  00000-0  49421-3 0  9995
2 42851  96.9947 192.1863 0009492 288.1512  71.8698 15.33841744 14034
FLOCK 2K-01             
1 42852U 17042AD  17287.45084598  .00019815  00000-0  60595-3 0  9995
2 42852  96.9946 191.5074 0009354 290.0654  69.9583 15.33842674 13928
FLOCK 2K-02             
1 42853U 17042AE  17287.72329126  .00003896  00000-0  12442-3 0  9995
2 42853  96.9954 191.7449 0010052 286.0740  73.9397 15.32979908 13966
FLOCK 2K-47             
1 42854U 17042AF  17287.44790142  .00020952  00000-0  63925-3 0  9999
2 42854  96.9945 191.5090 0009238 288.3829  71.6410 15.33905940 13927
FLOCK 2K-48             
1 42855U 17042AG  17287.77312159  .00018025  00000-0  54948-3 0  9997
2 42855  96.9949 191.8229 0009192 287.5595  72.4644 15.33962920 13973
FLOCK 2K-45             
1 42856U 17042AH  17287.77152676  .00018268  00000-0  55677-3 0  9993
2 42856  96.9947 191.8228 0009253 286.0526  73.9699 15.33966803 13977
FLOCK 2K-24             
1 42857U 17042AJ  17287.77052178  .00019291  00000-0  58791-3 0  9997
2 42857  96.9947 191.8225 0009079 284.4139  75.6097 15.33960279 13975
FLOCK 2K-46             
1 42858U 17042AK  17287.50829720  .00019980  00000-0  60855-3 0  9993
2 42858  96.9950 191.5819 0009306 286.3265  73.6955 15.33969606 13930
FLOCK 2K-23             
1 42859U 17042AL  17287.31164996  .00021602  00000-0  65712-3 0  9991
2 42859  96.9947 191.3963 0009449 287.6343  72.3869 15.33993281 13907
FLOCK 2K-21             
1 42860U 17042AM  17287.50546914  .00021275  00000-0  64708-3 0  9998
2 42860  96.9947 191.5834 0009297 285.2612  74.7604 15.34001958 13930
FLOCK 2K-22             
1 42861U 17042AN  17287.77473473  .00018170  00000-0  55914-3 0  9996
2 42861  96.9952 191.8225 0009373 282.8483  77.1713 15.33661854 13976
FLOCK 2K-07             
1 42862U 17042AP  17287.30795565  .00020712  00000-0  62938-3 0  9994
2 42862  96.9948 191.4009 0009451 286.1643  73.8560 15.34035122 13911
FLOCK 2K-08             
1 42863U 17042AQ  17288.15356373  .00016349  00000-0  49718-3 0  9991
2 42863  96.9946 192.2038 0009381 282.3846  77.6348 15.34057834 14030
FLOCK 2K-05             
1 42864U 17042AR  17287.50269724  .00021091  00000-0  64200-3 0  9996
2 42864  96.9949 191.5867 0009506 284.6876  75.3313 15.33976076 13935
FLOCK 2K-40             
1 42865U 17042AS  17288.21740887  .00010597  00000-0  32316-3 0  9992
2 42865  96.9948 192.2709 0009312 282.3577  77.6624 15.34070202 14046
FLOCK 2K-39             
1 42866U 17042AT  17287.17282085  .00014191  00000-0  43188-3 0  9991
2 42866  96.9945 191.2814 0009452 286.2053  73.8150 15.34063778 13880
FLOCK 2K-37             
1 42867U 17042AU  17287.49724064  .00014298  00000-0  43457-3 0  9992
2 42867  96.9947 191.5935 0009476 285.4386  74.5811 15.34102291 13938
FLOCK 2K-38             
1 42868U 17042AV  17287.42949133  .00017358  00000-0  52621-3 0  9995
2 42868  96.9946 191.5349 0009501 285.5962  74.4233 15.34144025 13924
FLOCK 2K-31             
1 42869U 17042AW  17287.36240150  .00021208  00000-0  64198-3 0  9993
2 42869  96.9949 191.4745 0009721 284.6670  75.3496 15.34149213 13911
FLOCK 2K-32             
1 42870U 17042AX  17288.20948400  .00015813  00000-0  47931-3 0  9993
2 42870  96.9948 192.2796 0009666 281.3660  78.6498 15.34167158 14049
FLOCK 2K-29             
1 42871U 17042AY  17287.16470736  .00021065  00000-0  63728-3 0  9998
2 42871  96.9949 191.2936 0009863 285.1380  74.8772 15.34167398 13886
FLOCK 2K-30             
1 42872U 17042AZ  17287.49012954  .00015793  00000-0  47810-3 0  9994
2 42872  96.9947 191.6016 0009799 285.0803  74.9356 15.34206057 13925
FLOCK 2K-44             
1 42873U 17042BA  17287.55262335  .00017408  00000-0  52798-3 0  9998
2 42873  96.9949 191.6692 0010569 270.6181  89.3852 15.34118007 13944
FLOCK 2K-43             
1 42874U 17042BB  17287.43076983  .00004466  00000-0  13981-3 0  9999
2 42874  96.9950 191.5334 0011029 270.8728  89.1251 15.33533547 13928
FLOCK 2K-41             
1 42875U 17042BC  17287.42069638  .00011147  00000-0  33909-3 0  9994
2 42875  96.9948 191.5442 0010663 272.5663  87.4360 15.34122798 13921
FLOCK 2K-36             
1 42876U 17042BD  17287.28705948  .00008691  00000-0  26469-3 0  9993
2 42876  96.9950 191.4275 0010783 272.5485  87.4524 15.34151994 13903
FLOCK 2K-35             
1 42877U 17042BE  17287.81089199  .00019223  00000-0  58186-3 0  9990
2 42877  96.9948 191.9189 0010741 270.4705  89.5308 15.34160230 13980
FLOCK 2K-34             
1 42878U 17042BF  17287.67715238  .00012296  00000-0  37288-3 0  9998
2 42878  96.9943 191.7952 0010749 270.4299  89.5713 15.34197420 13967
FLOCK 2K-33             
1 42879U 17042BG  17287.67436644  .00011067  00000-0  33597-3 0  9994
2 42879  96.9944 191.7997 0010922 270.2681  89.7311 15.34185600 13967
FLOCK 2K-28             
1 42880U 17042BH  17288.21070057  .00003441  00000-0  10817-3 0  9996
2 42880  96.9952 192.2802 0011080 268.0119  91.9855 15.33556527 14043
LEMUR-2-ARTFISCHER      
1 42881U 17042BJ  17287.61678588  .00008346  00000-0  25631-3 0  9992
2 42881  96.9977 191.7594 0011603 273.7461  86.2456 15.33888831 13945
FLOCK 2K-27             
1 42882U 17042BK  17288.19405492  .00011044  00000-0  33531-3 0  9996
2 42882  96.9950 192.3005 0011030 268.9655  91.0326 15.34182259 14040
FLOCK 2K-26             
1 42883U 17042BL  17288.19125300  .00009952  00000-0  30248-3 0  9991
2 42883  96.9948 192.3021 0011017 267.9293  92.0689 15.34173169 14041
FLOCK 2K-25             
1 42884U 17042BM  17288.19715935  .00008782  00000-0  26734-3 0  9996
2 42884  96.9946 192.2912 0010830 268.0568  91.9436 15.34162497 14047
FLOCK 2K-20             
1 42885U 17042BN  17288.18989240  .00003711  00000-0  11429-3 0  9990
2 42885  96.9950 192.3055 0011082 268.1831  91.8143 15.34164025 14049
FLOCK 2K-19             
1 42886U 17042BP  17287.80155825  .00008709  00000-0  26536-3 0  9990
2 42886  96.9950 191.9316 0011132 269.8975  90.0993 15.34133809 13980
FLOCK 2K-18             
1 42887U 17042BQ  17287.72700971  .00007819  00000-0  23652-3 0  9997
2 42887  96.9948 191.8787 0011338 268.2422  91.7523 15.34393292 13977
FLOCK 2K-17             
1 42888U 17042BR  17287.72964184  .00008383  00000-0  25441-3 0  9991
2 42888  96.9944 191.8715 0011283 268.7955  91.1996 15.34268550 13976
FLOCK 2K-16             
1 42889U 17042BS  17287.40620808  .00007041  00000-0  21399-3 0  9997
2 42889  96.9948 191.5657 0010912 270.4475  89.5519 15.34285318 13926
FLOCK 2K-15             
1 42890U 17042BT  17287.72618711  .00004351  00000-0  13264-3 0  9997
2 42890  96.9954 191.8855 0011283 267.9059  92.0893 15.34390385 13979
FLOCK 2K-13             
1 42891U 17042BU  17287.21008727  .00011998  00000-0  36360-3 0  9999
2 42891  96.9946 191.3787 0011179 268.3775  91.6188 15.34217820 13899
FLOCK 2K-14             
1 42892U 17042BV  17287.72792753  .00004146  00000-0  12674-3 0  9994
2 42892  96.9947 191.8739 0011277 267.7586  92.2367 15.34328982 13972
FLOCK 2K-12             
1 42893U 17042BW  17287.72466607  .00004900  00000-0  14868-3 0  9996
2 42893  96.9951 191.8838 0011255 267.1806  92.8150 15.34479908 13974
FLOCK 2K-11             
1 42894U 17042BX  17287.72879259  .00007337  00000-0  22295-3 0  9998
2 42894  96.9951 191.8796 0011266 265.1990  94.7968 15.34272821 13975
FLOCK 2K-10             
1 42895U 17042BY  17287.72426821  .00004316  00000-0  13184-3 0  9993
2 42895  96.9946 191.8785 0011369 265.8058  94.1886 15.34331778 13974
FLOCK 2K-09             
1 42896U 17042BZ  17287.72132186  .00004766  00000-0  14509-3 0  9993
2 42896  96.9950 191.8863 0011058 264.3922  95.6061 15.34391750 14143
FLOCK 2K-06             
1 42897U 17042CA  17287.36563707  .00020978  00000-0  63575-3 0  9991
2 42897  96.9947 191.4722 0009629 284.9817  75.0361 15.34116552 13916
SILU-1 (SILKROAD 1)     
1 42903U 17021F   17288.14218913  .00027013  00000-0  30735-3 0  9998
2 42903  42.7826   1.3882 0006963  10.5825  71.7835 15.61715468 11496
