EYESAT-1 (AO-27)        
1 22825U 93061C   17230.88553238  .00000002  00000-0  18542-4 0  9999
2 22825  98.8181 197.2577 0009001 142.2878 217.8936 14.30003072246093
CUTE-1 (CO-55)          
1 27844U 03031E   17230.90748430  .00000063  00000-0  48344-4 0  9996
2 27844  98.6900 239.0020 0010081 159.3892 200.7694 14.22052851733193
CUBESAT XI-IV (CO-57)   
1 27848U 03031J   17230.92427547  .00000043  00000-0  39460-4 0  9992
2 27848  98.6992 239.3038 0009793 168.6607 191.4793 14.21665747733082
CUBESAT XI 5            
1 28895U 05043F   17230.94128062  .00000146  00000-0  36974-4 0  9993
2 28895  97.8719  30.3646 0015680 308.1334  51.8455 14.63421096629437
CUTE-1.7+APD II (CO-65) 
1 32785U 08021C   17230.78528266  .00000270  00000-0  35091-4 0  9994
2 32785  97.5643 252.1916 0012178 327.1684  32.8776 14.87924298504137
COMPASS-1               
1 32787U 08021E   17231.16456070  .00000804  00000-0  83197-4 0  9995
2 32787  97.5564 261.8120 0011026 290.6463  69.3574 14.92662940504898
AAUSAT-II               
1 32788U 08021F   17230.79333009  .00000500  00000-0  52077-4 0  9996
2 32788  97.5549 264.4065 0010336 283.0229  76.9837 14.93939578505025
DELFI-C3 (DO-64)        
1 32789U 08021G   17230.79021379  .00001327  00000-0  97607-4 0  9997
2 32789  97.5539 287.6918 0011433 245.3986 114.6050 15.05035077506189
CANX-2                  
1 32790U 08021H   17230.77657375  .00000239  00000-0  31900-4 0  9993
2 32790  97.5624 250.5169 0012901 328.6537  31.3909 14.87647684504066
SEEDS II (CO-66)        
1 32791U 08021J   17230.75548862  .00000464  00000-0  53172-4 0  9997
2 32791  97.5604 256.7199 0012161 309.6106  50.4038 14.90272296504382
SWISSCUBE               
1 35932U 09051B   17230.94644574  .00000120  00000-0  38206-4 0  9999
2 35932  98.5043  10.6034 0008708  63.6281 296.5810 14.56036312419417
BEESAT                  
1 35933U 09051C   17230.92767878  .00000120  00000-0  37970-4 0  9998
2 35933  98.5081  11.9357 0007040  76.0413 284.1566 14.56153563419470
ITUPSAT 1               
1 35935U 09051E   17230.95055057  .00000079  00000-0  29271-4 0  9990
2 35935  98.5192  12.2131 0009291  69.4057 290.8135 14.55344938419337
TISAT 1                 
1 36799U 10035E   17230.91637442  .00000416  00000-0  48728-4 0  9996
2 36799  98.0688 354.9404 0013731 118.7443 241.5155 14.90449235384927
M-CUBED & EXP-1 PRIME   
1 37855U 11061F   17231.16389323  .00001006  00000-0  60739-4 0  9992
2 37855 101.7069 134.5781 0180000 255.4757 102.6427 15.03230817316256
HORYU 2                 
1 38340U 12025D   17231.09290430  .00000258  00000-0  46108-4 0  9997
2 38340  98.3775 237.2342 0013049  91.8732 268.3971 14.75370969282569
STRAND-1                
1 39090U 13009E   17230.56789000  .00000012  00000-0  19638-4 0  9996
2 39090  98.5493  75.4048 0010281 112.1996 248.0281 14.34977743234407
BRITE-AUSTRIA           
1 39091U 13009F   17231.13731669  .00000034  00000-0  27399-4 0  9996
2 39091  98.5457  75.3353 0011535 118.1441 242.0911 14.35036523234520
UNIBRITE                
1 39092U 13009G   17230.93298120  .00000023  00000-0  23628-4 0  9993
2 39092  98.5467  74.8177 0010467 112.3847 247.8448 14.34910895234462
AIST-2                  
1 39133U 13015D   17231.19219992  .00000182  00000-0  25559-4 0  9996
2 39133  64.8729  86.4385 0038302 271.5416  88.1316 15.04321792237770
SOMP                    
1 39134U 13015E   17230.87473726  .00001618  00000-0  87773-4 0  9999
2 39134  64.8640  24.0883 0038871 253.5984 106.0868 15.17956947238611
BEESAT-2                
1 39136U 13015G   17230.88051206  .00000976  00000-0  61459-4 0  9996
2 39136  64.8701  35.6421 0033702 273.4848  86.2422 15.15216328238777
NEE-01 PEGASUS          
1 39151U 13018B   17230.98963075  .00000183  00000-0  31310-4 0  9996
2 39151  97.9837 322.1146 0016629 202.5722 157.4760 14.79743029232820
CUBEBUG-1 (CAPITAN BETO)
1 39153U 13018D   17231.23037374  .00000248  00000-0  39625-4 0  9990
2 39153  97.9861 323.1938 0016601 199.8550 160.2018 14.80207782232917
ESTCUBE 1               
1 39161U 13021C   17231.08019676  .00000128  00000-0  28357-4 0  9998
2 39161  98.0269 316.2610 0008263 308.9272  51.1205 14.71920840230000
POPACS 1                
1 39268U 13055D   17230.65413866  .00005392  00000-0  15354-3 0  9994
2 39268  81.0049 302.9940 0649659  36.4648 327.9001 14.31476432199656
POPACS 2                
1 39269U 13055E   17231.19718436  .00004018  00000-0  11659-3 0  9994
2 39269  81.0187 318.4042 0700243  76.5464 291.2722 14.20293455200244
POPACS 3                
1 39270U 13055F   17230.70529798  .00002851  00000-0  88476-4 0  9998
2 39270  81.0202 327.6551 0725256 104.4557 263.8168 14.13420511199609
FIREFLY                 
1 39404U 13064AA  17230.50106136  .00062217  00000-0  29955-3 0  9990
2 39404  40.4956 267.9233 0007743 163.5158 196.5925 15.81615651207513
ZACUBE-1 (TSHEPISOSAT)  
1 39417U 13066B   17231.07356713  .00000274  00000-0  40985-4 0  9999
2 39417  97.6247 270.2501 0060714  65.0135 295.7368 14.80742018202083
WNISAT-1                
1 39423U 13066H   17231.21892789  .00000032  00000-0  16278-4 0  9990
2 39423  97.6869 214.3882 0174342 240.9765 117.3879 14.52859264198381
TRITON-1                
1 39427U 13066M   17230.92121169  .00000193  00000-0  38731-4 0  9994
2 39427  97.6376 242.0749 0115172 147.1684 213.6746 14.67487148200057
GOMX 1                  
1 39430U 13066Q   17230.92878960  .00000207  00000-0  46675-4 0  9998
2 39430  97.6680 225.1935 0151142 204.4065 154.9928 14.58898162199075
BRITE-PL                
1 39431U 13066R   17230.91221234  .00000068  00000-0  25429-4 0  9993
2 39431  97.7121 203.1239 0201230 281.6853  76.1824 14.46859186197322
HUMSAT-D                
1 39433U 13066T   17230.71518163  .00000621  00000-0  67064-4 0  9999
2 39433  97.6476 291.9731 0031337  12.2253 347.9719 14.91493405203338
EAGLE 2                 
1 39436U 13066W   17230.83884776  .00028681  00000-0  73246-3 0  9995
2 39436  97.7112 339.9522 0010265 211.4972 148.5659 15.39392119205139
CUBEBUG-2 (LO-74)       
1 39440U 13066AA  17230.63633247  .00000255  00000-0  42514-4 0  9995
2 39440  97.6255 258.5248 0082319  97.7079 263.3488 14.75481411201308
NEE-02 KRYSAOR          
1 39441U 13066AB  17231.01838800  .00000191  00000-0  34187-4 0  9997
2 39441  97.6237 257.5024 0083683 100.1864 260.8797 14.74640789201248
FUNCUBE-1 (AO-73)       
1 39444U 13066AE  17230.68428217  .00000312  00000-0  45027-4 0  9999
2 39444  97.6264 271.0141 0059854  62.8864 297.8438 14.81481783200863
UWE-3                   
1 39446U 13066AG  17230.63555172  .00000258  00000-0  41030-4 0  9996
2 39446  97.6238 263.8757 0072008  82.3231 278.6150 14.78014769200421
BRITE-TORONTO           
1 40020U 14033L   17230.94929858  .00000149  00000-0  33731-4 0  9999
2 40020  97.8271  98.8827 0088728 126.7412 234.1982 14.66408268169291
DUCHIFAT-1              
1 40021U 14033M   17230.82375591  .00000474  00000-0  55045-4 0  9999
2 40021  97.9147 144.0717 0014625  93.8784 266.4106 14.89942022171923
FLOCK 1C-10             
1 40023U 14033P   17231.17430580  .00000237  00000-0  31333-4 0  9991
2 40023  97.9174 143.4143 0013952  97.0393 263.2399 14.88779629171878
NANOSATC-BR1            
1 40024U 14033Q   17230.71994324  .00000387  00000-0  46767-4 0  9995
2 40024  97.9102 142.7560 0013846  95.4633 264.8163 14.89260050171854
QB50P1                  
1 40025U 14033R   17231.20359507  .00000355  00000-0  44270-4 0  9991
2 40025  97.9081 142.1868 0014074  97.0279 263.2539 14.88457285171862
FLOCK 1C-7              
1 40026U 14033S   17230.75697303  .00000502  00000-0  58538-4 0  9996
2 40026  97.9178 143.8013 0012654  94.8408 265.4252 14.89517325171860
FLOCK 1C-1              
1 40027U 14033T   17231.07245843  .00000806  00000-0  91866-4 0  9999
2 40027  97.9201 143.5585 0014145  94.8937 265.3897 14.88846182171873
POPSAT-HIP-1            
1 40028U 14033U   17231.17343988 -.00000024  00000-0  34618-5 0  9996
2 40028  97.9123 142.4489 0015314  95.0461 265.2513 14.88322138171843
FLOCK 1C-2              
1 40029U 14033V   17231.16780093  .00000285  00000-0  36419-4 0  9996
2 40029  97.9163 143.5031 0015266  91.6593 268.6355 14.88857889171877
FLOCK 1C-4              
1 40031U 14033X   17231.05610700  .00000466  00000-0  55847-4 0  9991
2 40031  97.9199 143.3663 0015842  89.5363 270.7694 14.88707531171844
QB50P2                  
1 40032U 14033Y   17230.73180138  .00000288  00000-0  37459-4 0  9994
2 40032  97.9052 140.7704 0013473  93.9117 266.3640 14.88013281171747
FLOCK 1C-11             
1 40033U 14033Z   17230.98397793  .00000084  00000-0  14600-4 0  9996
2 40033  97.9203 144.8454 0013522  85.3467 274.9316 14.90199797171948
ANTELSAT                
1 40034U 14033AA  17230.68127298  .00000232  00000-0  42178-4 0  9991
2 40034  97.8505 112.6495 0060516  91.7342 269.0799 14.73726605169592
FLOCK 1C-9              
1 40035U 14033AB  17231.22141764  .00000524  00000-0  61722-4 0  9997
2 40035  97.9218 143.9483 0013497  83.1941 277.0759 14.88917143171880
FLOCK 1C-6              
1 40036U 14033AC  17231.17072919  .00000260  00000-0  33611-4 0  9990
2 40036  97.9209 144.1203 0013270  85.0503 275.2198 14.89020179171891
PERSEUS-M2              
1 40037U 14033AD  17230.87400531  .00000118  00000-0  19713-4 0  9991
2 40037  97.9070 139.3095 0015909  99.2273 261.0743 14.86243039171624
FLOCK 1C-5              
1 40038U 14033AE  17231.17853166  .00000200  00000-0  27239-4 0  9996
2 40038  97.9188 143.9250 0015506  85.1591 275.1391 14.89003449171884
PERSEUS-M1              
1 40039U 14033AF  17230.82226834  .00000086  00000-0  16194-4 0  9994
2 40039  97.9076 138.7899 0015767  95.8654 264.4359 14.85867112171065
FLOCK 1C-8              
1 40040U 14033AG  17231.15429302  .00000676  00000-0  74224-4 0  9991
2 40040  97.9243 146.2106 0014450  74.4287 285.8510 14.90958662172010
FLOCK 1C-3              
1 40041U 14033AH  17231.15310546  .00000542  00000-0  63998-4 0  9999
2 40041  97.9220 143.6644 0014806  84.1317 276.1569 14.88709524171857
POLYITAN-1              
1 40042U 14033AJ  17231.19196136  .00000408  00000-0  50382-4 0  9995
2 40042  97.9154 142.1807 0016341  86.4218 273.8867 14.88095785171795
TIGRISAT                
1 40043U 14033AK  17231.10450680  .00000157  00000-0  30694-4 0  9999
2 40043  97.8483 113.7098 0061686  91.6738 269.1538 14.73999607170100
LEMUR-1                 
1 40044U 14033AL  17230.82162129  .00000154  00000-0  30368-4 0  9991
2 40044  97.8481 113.1628 0060832  93.7069 267.1099 14.73823738169642
AEROCUBE 6A             
1 40045U 14033AM  17230.62184252  .00000389  00000-0  63919-4 0  9999
2 40045  97.8607 114.5628 0059883  88.3555 272.4512 14.74863173169920
AEROCUBE 6B             
1 40046U 14033AN  17230.89323042  .00000365  00000-0  60381-4 0  9995
2 40046  97.8600 114.7554 0058967  87.1912 273.6044 14.74866524170108
UKUBE-1                 
1 40074U 14037F   17231.15441360  .00000225  00000-0  34483-4 0  9993
2 40074  98.3529 348.9218 0004062 192.3540 167.7570 14.83538599168513
BRITE-PL 2              
1 40119U 14049B   17230.91512943  .00000105  00000-0  19154-4 0  9990
2 40119  97.9350 316.4830 0016289 242.4489 117.5071 14.84159405162376
FIREBIRD 4              
1 40378U 15003C   17231.18885236  .00003783  00000-0  16177-3 0  9992
2 40378  99.1221  67.7665 0136234 153.1294 207.7075 15.15624428140550
GRIFEX                  
1 40379U 15003D   17231.01147096  .00002851  00000-0  13031-3 0  9991
2 40379  99.1246  65.0680 0142095 162.0699 198.5615 15.13121354140382
EXOCUBE                 
1 40380U 15003E   17230.59562579  .00001770  00000-0  85680-4 0  9991
2 40380  99.1291  63.1822 0145638 167.9028 192.5757 15.11604832140215
DEORBITSAIL             
1 40719U 15032E   17231.16439282  .00000415  00000-0  67464-4 0  9992
2 40719  97.9728 124.1123 0015431 304.7671  55.2086 14.76109665113614
TIANWANG 1C (TW-1C)     
1 40926U 15051B   17231.15763890  .00005751  00000-0  13020-3 0  9993
2 40926  97.2257 270.2452 0009656 305.8862 102.8878 15.43471557106637
TIANWANG 1B (TW-1B)     
1 40927U 15051C   17231.02066753  .00005459  00000-0  12841-3 0  9999
2 40927  97.2337 270.0976 0009907 318.7643 128.6246 15.42347835106551
TIANWANG 1A (TW-1A)     
1 40928U 15051D   17231.13574133  .00002647  00000-0  76454-4 0  9995
2 40928  97.2235 265.8184 0012006 340.6638  98.7429 15.36482243106369
LEMUR-2-JOEL            
1 40932U 15052C   17230.12085833  .00000949  00000-0  41626-4 0  9999
2 40932   6.0049 145.5670 0013102  52.6932 307.4823 14.77497487102188
LEMUR-2-CHRIS           
1 40933U 15052D   17230.11719346  .00001289  00000-0  87639-4 0  9994
2 40933   6.0051 144.4100 0013396  57.1354 303.0382 14.77639614102194
LEMUR-2-JEROEN          
1 40934U 15052E   17228.15811897 -.00384040  00000-0 -58936-1 0  9996
2 40934   6.0100 164.2230 0011287  18.7200 336.6625 14.74732584101822
LEMUR-2-PETER           
1 40935U 15052F   17230.28026598  .00000855  00000-0  30233-4 0  9990
2 40935   6.0023 150.4521 0009684  36.7822 323.2990 14.76754703102136
EXACTVIEW 9             
1 40936U 15052G   17231.18018772  .00001002  00000-0  51958-4 0  9998
2 40936   5.9992 146.5743 0007435  61.3543 298.7839 14.76269058102264
ATHENOXAT 1             
1 41168U 15077C   17230.68743737  .00001978  00000-0  74116-4 0  9996
2 41168  14.9831  72.7982 0011789 164.1915 266.1702 15.11725484 92515
GALASSIA                
1 41170U 15077E   17230.83826125  .00002075  00000-0  78215-4 0  9992
2 41170  14.9894  67.7059 0013521 183.5574 176.4652 15.12216435 92573
VELOX 2                 
1 41171U 15077F   17230.70868696  .00001694  00000-0  61842-4 0  9992
2 41171  14.9916  82.2265 0009074 136.4079 223.6959 15.09963321 92434
AGGIESAT 4              
1 41313U 98067HP  17230.95205993  .00035097  00000-0  21765-3 0  9995
2 41313  51.6404  39.8298 0002674  25.8091 334.3043 15.76678160 88820
HORYU-IV                
1 41340U 16012D   17230.91304685  .00000562  00000-0  36601-4 0  9994
2 41340  31.0059  69.9820 0014248 335.1198  24.8749 15.00646404 82447
OUFTI-1                 
1 41458U 16025C   17230.88105245  .00001355  00000-0  75745-4 0  9998
2 41458  98.1797 272.0449 0174954  80.6090 281.4877 15.03363484 72009
E-ST@R-II               
1 41459U 16025D   17230.90884749  .00001707  00000-0  94149-4 0  9995
2 41459  98.1821 272.0136 0176358  80.6330 281.4797 15.03206336 71998
AAUSAT 4                
1 41460U 16025E   17231.06762220  .00002908  00000-0  15754-3 0  9992
2 41460  98.1735 272.3175 0168066  77.9489 284.0543 15.04158295 72047
DIWATA-1                
1 41463U 98067HT  17231.14716587  .00006941  00000-0  80198-4 0  9991
2 41463  51.6421  67.3881 0001482  77.9280  18.6764 15.63166102 74644
NODES 2                 
1 41477U 98067HX  17230.66834603  .00146469  19264-4  41903-3 0  9998
2 41477  51.6234  36.1011 0003835 300.1654  59.8973 15.92924120 71998
NODES 1                 
1 41478U 98067HY  17230.93017412  .00158065  20431-4  47929-3 0  9997
2 41478  51.6275  35.6624 0003645 301.5637  58.5013 15.91778375 72027
FLOCK 2E'-1             
1 41479U 98067HZ  17231.09539922  .00028183  00000-0  22141-3 0  9993
2 41479  51.6339  55.0827 0001495 123.9202 236.1938 15.71281512 71743
FLOCK 2E'-3             
1 41480U 98067JA  17231.06317165  .00027153  00000-0  21591-3 0  9999
2 41480  51.6339  54.8887 0000866 171.8944 188.2068 15.71013853 71735
FLOCK 2E'-2             
1 41481U 98067JB  17230.98095416  .00026389  00000-0  20215-3 0  9994
2 41481  51.6321  53.5300 0001324 113.1677 246.9461 15.71922646 71733
FLOCK 2E'-4             
1 41482U 98067JC  17231.10878567  .00033519  00000-0  22743-3 0  9997
2 41482  51.6307  50.6028 0001039 253.0090 107.0795 15.74638401 71787
FLOCK 2E-1              
1 41483U 98067JD  17230.68300517  .00017555  00000-0  14921-3 0  9996
2 41483  51.6361  58.4036 0001183 250.3257 109.7612 15.69712409 71511
FLOCK 2E-2              
1 41484U 98067JE  17231.05164287  .00022631  00000-0  17714-3 0  9995
2 41484  51.6369  54.1322 0000891 273.6080  86.4816 15.71508318 71600
FLOCK 2E-3              
1 41486U 98067JG  17231.01971033  .00028214  00000-0  23429-3 0  9991
2 41486  51.6354  58.3920 0000965 285.6356  74.4534 15.69945601 71563
FLOCK 2E-4              
1 41487U 98067JH  17231.11747486  .00018573  00000-0  15696-3 0  9990
2 41487  51.6356  56.0187 0001945 323.9490  36.1376 15.69805423 71601
FLOCK 2E-6              
1 41563U 98067JM  17230.79217512  .00015696  00000-0  14287-3 0  9998
2 41563  51.6350  60.5983 0001859 108.9714 251.1484 15.68128996 69583
FLOCK 2E-5              
1 41564U 98067JN  17231.06160255  .00018045  00000-0  16391-3 0  9990
2 41564  51.6354  59.4070 0001604 115.3451 244.7712 15.68059800 69613
FLOCK 2E-7              
1 41565U 98067JP  17230.99187797  .00026912  00000-0  20736-3 0  9992
2 41565  51.6340  54.3888 0002746   5.1933 354.9093 15.71770626 69570
FLOCK 2E'-5             
1 41567U 98067JR  17231.09048803  .00017466  00000-0  16481-3 0  9996
2 41567  51.6364  61.1234 0003543  24.8765 335.2401 15.67138742 69461
FLOCK 2E'-6             
1 41568U 98067JS  17230.60951995  .00017025  00000-0  14803-3 0  9995
2 41568  51.6350  60.1046 0002839  24.6939 335.4193 15.69182782 69460
FLOCK 2E'-8             
1 41569U 98067JT  17231.01387863  .00028682  00000-0  21763-3 0  9993
2 41569  51.6341  53.7858 0000760 330.9901  29.1055 15.72100042 69460
FLOCK 2E'-7             
1 41570U 98067JU  17231.02648868  .00120881  00000-0  74512-3 0  9995
2 41570  51.6339  49.3623 0002293 294.8893  65.1869 15.76288465 69543
FLOCK 2E-9              
1 41571U 98067JV  17230.72511569  .00025964  00000-0  19032-3 0  9991
2 41571  51.6345  54.1212 0001845  11.9343 348.1699 15.72977165 69418
FLOCK 2E-10             
1 41572U 98067JW  17231.08465322  .00025179  00000-0  19995-3 0  9993
2 41572  51.6347  55.0385 0002831  10.9538 349.1521 15.71089812 69432
FLOCK 2E-12             
1 41573U 98067JX  17230.98644320  .00027381  00000-0  20862-3 0  9991
2 41573  51.6339  54.3607 0002541  26.3325 333.7802 15.72027891 69437
FLOCK 2E-11             
1 41574U 98067JY  17230.97532614  .00030430  00000-0  22924-3 0  9993
2 41574  51.6332  53.4829 0003252  27.8876 332.2296 15.72233779 69440
FLOCK 2E'-9             
1 41575U 98067JZ  17230.60823809  .00028008  00000-0  20024-3 0  9990
2 41575  51.6322  53.9996 0003014  47.4227 312.7025 15.73516280 69393
FLOCK 2E'-10            
1 41576U 98067KA  17231.09881872  .00028274  00000-0  21345-3 0  9991
2 41576  51.6352  53.6426 0003071  43.7066 316.4175 15.72226122 69349
FLOCK 2E'-11            
1 41577U 98067KB  17231.09475598  .00026477  00000-0  20592-3 0  9992
2 41577  51.6353  54.3785 0003158  19.4813 340.6305 15.71557157 69150
FLOCK 2E'-12            
1 41578U 98067KC  17230.71896251  .00028348  00000-0  20504-3 0  9996
2 41578  51.6334  54.7751 0002910   6.0907 354.0126 15.73236024 69113
FLOCK 2P-6              
1 41606U 16040H   17231.13528241  .00002192  00000-0  97757-4 0  9991
2 41606  97.4547 293.3428 0010192 205.6495 154.4237 15.22438285 64286
FLOCK 2P-11             
1 41608U 16040K   17231.20645533  .00003728  00000-0  16399-3 0  9993
2 41608  97.4545 293.3804 0010276 205.3795 154.6938 15.22458930 64231
FLOCK 2P-2              
1 41609U 16040L   17231.15729178  .00005270  00000-0  23061-3 0  9994
2 41609  97.4549 293.3214 0010155 204.8605 155.2143 15.22438959 64202
FLOCK 2P-9              
1 41610U 16040M   17231.16819565  .00004569  00000-0  20031-3 0  9991
2 41610  97.4547 293.2916 0010438 205.3615 154.7110 15.22444304 64086
FLOCK 2P-4              
1 41611U 16040N   17231.12979131  .00002165  00000-0  96573-4 0  9999
2 41611  97.4569 293.4765 0010270 215.5412 144.5141 15.22439877 64245
FLOCK 2P-10             
1 41612U 16040P   17231.10791067  .00001783  00000-0  80083-4 0  9992
2 41612  97.4575 293.5308 0010009 215.5521 144.5049 15.22437944 64248
FLOCK 2P-8              
1 41613U 16040Q   17231.19001039  .00001797  00000-0  80687-4 0  9990
2 41613  97.4571 293.5540 0010155 214.3387 145.7194 15.22436656 64256
FLOCK 2P-12             
1 41614U 16040R   17231.15180033  .00004516  00000-0  19810-3 0  9990
2 41614  97.4584 293.6585 0009880 214.4903 145.5693 15.22440169 64255
FLOCK 2P-7              
1 41615U 16040S   17231.11882445  .00002325  00000-0  10349-3 0  9997
2 41615  97.4567 293.4814 0010038 215.9697 144.0865 15.22440527 64245
FLOCK 2P-5              
1 41616U 16040T   17231.16261133  .00002955  00000-0  13072-3 0  9993
2 41616  97.4583 293.6434 0009912 213.5746 146.4863 15.22437924 64232
FLOCK 2P-1              
1 41617U 16040U   17230.95407225  .00002548  00000-0  11317-3 0  9992
2 41617  97.4586 293.4641 0009680 215.4110 144.6484 15.22435416 64224
FLOCK 2P-3              
1 41618U 16040V   17230.71905342  .00001318  00000-0  60009-4 0  9997
2 41618  97.4581 293.1591 0009707 216.1955 143.8625 15.22430978 64187
BEESAT-4                
1 41619U 16040W   17230.89418654  .00001740  00000-0  81684-4 0  9993
2 41619  97.4576 292.6660 0011435 201.5575 158.5180 15.20929002 52129
3CAT-2                  
1 41732U 16051B   17231.11582209  .00001053  00000-0  44930-4 0  9995
2 41732  97.3731 147.1671 0015568  55.7320  51.2476 15.25025014 56127
FLOCK 2E'-13            
1 41761U 98067KH  17230.81534549  .00011261  00000-0  13343-3 0  9999
2 41761  51.6379  75.1116 0007030 134.4311 225.7259 15.61754503 52691
FLOCK 2E'-14            
1 41762U 98067KJ  17231.11286764  .00013489  00000-0  15715-3 0  9996
2 41762  51.6390  73.3788 0006831 135.7039 224.4503 15.61992434 52740
FLOCK 2E'-16            
1 41763U 98067KK  17231.19270536  .00014516  00000-0  16532-3 0  9995
2 41763  51.6390  72.4086 0006177 144.8507 215.2895 15.62513442 52725
FLOCK 2E'-15            
1 41764U 98067KL  17231.15051678  .00012649  00000-0  14966-3 0  9990
2 41764  51.6388  73.6249 0006463 141.3287 218.8171 15.61660070 52705
FLOCK 2E'-18            
1 41769U 98067KM  17231.13428282  .00012289  00000-0  14534-3 0  9993
2 41769  51.6388  73.5099 0005426 161.7757 198.3432 15.61708333 52705
FLOCK 2E'-17            
1 41776U 98067KN  17231.06005180  .00012533  00000-0  14760-3 0  9994
2 41776  51.6397  73.7876 0005690 162.4587 197.6605 15.61796601 52686
FLOCK 2E'-19            
1 41777U 98067KP  17231.13238126  .00016782  00000-0  17455-3 0  9995
2 41777  51.6372  69.7154 0004632 163.6498 196.4647 15.64717421 52705
FLOCK 2E'-20            
1 41782U 98067KQ  17231.09964154  .00018402  00000-0  19741-3 0  9994
2 41782  51.6387  71.0306 0004762 158.0989 202.0210 15.63851124 52550
CANX-7                  
1 41788U 16059F   17231.04655053  .00003693  00000-0  69304-3 0  9997
2 41788  98.1816 292.4394 0028830 331.4148  28.5508 14.65068016 47793
ALSAT 1N                
1 41789U 16059G   17231.16263259  .00000031  00000-0  15254-4 0  9993
2 41789  98.1624 292.4903 0027601 319.8175  40.0988 14.64064374 47829
RAVAN                   
1 41849U 16067B   17231.18766639  .00000802  00000-0  74752-4 0  9995
2 41849  97.9470 310.2964 0010261  90.4843 269.7553 14.97090618 41936
CELTEE 1                
1 41850U 16067C   17231.17907256  .00000585  00000-0  56728-4 0  9999
2 41850  97.9463 310.1478 0010553  89.7493 270.4937 14.96591778 41921
OPTICUBE 04             
1 41851U 16067D   17231.18767884 -.00000016  00000-0  39183-5 0  9999
2 41851  97.9461 310.1360 0010540  89.8859 270.3569 14.96514968 41929
AEROCUBE 8D             
1 41852U 16067E   17231.18049251  .00000515  00000-0  50996-4 0  9998
2 41852  97.9473 310.0257 0011412  90.1280 270.1248 14.96239524 41912
AEROCUBE 8C             
1 41853U 16067F   17231.18737213  .00000158  00000-0  19434-4 0  9996
2 41853  97.9473 310.0151 0011690  90.7628 269.4932 14.96203163 41917
PROMETHEUS 2-1          
1 41854U 16067G   17231.20338765  .00000157  00000-0  19312-4 0  9993
2 41854  97.9471 309.9994 0011785  90.9748 269.2823 14.96172066 41912
PROMETHEUS 2-3          
1 41855U 16067H   17231.20511857  .00000195  00000-0  22695-4 0  9999
2 41855  97.9472 310.0008 0011943  91.3262 268.9327 14.96163796 41910
LEMUR-2-XIAOQING        
1 41871U 16062C   17231.22532929  .00001791  00000-0  90211-4 0  9999
2 41871  51.6531 147.5183 0005218  85.5554  71.8193 15.22583908 40546
LEMUR-2-SOKOLSKY        
1 41872U 16062D   17231.14554372  .00002715  00000-0  12933-3 0  9998
2 41872  51.6504 147.6568 0005646 106.9720  47.8182 15.22608222 40529
LEMUR-2-ANUBHAVTHAKUR   
1 41873U 16062E   17231.17092664 -.00000469  00000-0 -59819-5 0  9995
2 41873  51.6404 148.6229 0007100 111.8571  30.6663 15.21642056 40504
LEMUR-2-WINGO           
1 41874U 16062F   17231.17938078  .00000474  00000-0  34704-4 0  9993
2 41874  51.6302 147.9561 0007735  88.5122  56.3863 15.22216163 40525
STARS-C                 
1 41895U 98067KR  17230.87109813  .00037983  00000-0  39106-3 0  9999
2 41895  51.6373  76.9880 0004595 185.7651 174.3292 15.64454163 37791
TANCREDO-1              
1 41931U 98067KT  17230.65129451  .00080991  00000-0  55473-3 0  9998
2 41931  51.6338  71.7119 0005219 167.1201 192.9932 15.74020913 33415
ITF-2                   
1 41932U 98067KU  17230.79745798  .00016973  00000-0  20641-3 0  9990
2 41932  51.6406  80.2828 0005835 141.6288 218.5121 15.60658551 33314
WASEDA-SAT3             
1 41933U 98067KV  17230.87577773  .00021102  00000-0  24752-3 0  9993
2 41933  51.6387  79.2825 0005727 145.1269 215.0101 15.61437307 33333
AOBA-VELOX 3            
1 41935U 98067KX  17230.77230386  .00019063  00000-0  22691-3 0  9993
2 41935  51.6400  80.1089 0005257 145.0149 215.1191 15.61131295 33414
TUPOD                   
1 41936U 98067KY  17231.00041139  .00316956  00000-0  11256-2 0  9992
2 41936  51.6279  64.2010 0004962 234.2645 125.7898 15.87563448 33024
OSNSAT                  
1 41939U 98067KZ  17230.77041643  .00040227  00000-0  37502-3 0  9996
2 41939  51.6374  75.5537 0006212 152.2764 207.8565 15.66906436 32727
FLOCK 3P-8              
1 41951U 17008D   17230.93516248  .00005416  00000-0  23507-3 0  9993
2 41951  97.4912 292.0673 0007617 344.5174  15.5828 15.22732337 28084
FLOCK 3P-51             
1 41952U 17008E   17230.90593635  .00003660  00000-0  15960-3 0  9999
2 41952  97.4918 292.1208 0008140   3.8769 356.2529 15.22784763 28086
FLOCK 3P-37             
1 41953U 17008F   17230.93296426  .00003418  00000-0  14751-3 0  9999
2 41953  97.4916 292.2306 0007595   9.3929 350.7448 15.23193749 28096
INS-1B                  
1 41954U 17008G   17231.13013316  .00001632  00000-0  74775-4 0  9997
2 41954  97.4886 292.0634 0008935 341.4169  18.6739 15.21891999 28048
FLOCK 3P-19             
1 41955U 17008H   17230.88475494  .00003587  00000-0  15687-3 0  9995
2 41955  97.4907 291.9719 0008470 343.5987  16.4974 15.22700302 27998
FLOCK 3P-24             
1 41956U 17008J   17231.21123502  .00003471  00000-0  15169-3 0  9991
2 41956  97.4907 292.3021 0008258 339.3877  20.7025 15.22746409 28124
FLOCK 3P-18             
1 41957U 17008K   17230.94977512  .00002462  00000-0  10845-3 0  9994
2 41957  97.4906 292.0418 0008355 340.9867  19.1057 15.22764047 27928
FLOCK 3P-22             
1 41958U 17008L   17230.88851750  .00005246  00000-0  22822-3 0  9994
2 41958  97.4909 291.9711 0008235 342.2275  17.8672 15.22660825 27906
FLOCK 3P-21             
1 41959U 17008M   17230.87736839  .00003227  00000-0  14140-3 0  9995
2 41959  97.4913 291.9955 0008086 345.0341  15.0655 15.22712619 27912
FLOCK 3P-28             
1 41960U 17008N   17230.87542853  .00005024  00000-0  21834-3 0  9993
2 41960  97.4912 291.9943 0007905 343.6065  16.4915 15.22718820 27998
FLOCK 3P-26             
1 41961U 17008P   17230.88428041  .00005206  00000-0  22636-3 0  9990
2 41961  97.4911 291.9808 0008058 342.3793  17.7163 15.22686975 27918
FLOCK 3P-17             
1 41962U 17008Q   17231.12784196  .00002105  00000-0  93245-4 0  9995
2 41962  97.4908 292.2695 0007982 344.6095  15.4897 15.22745020 27903
FLOCK 3P-27             
1 41963U 17008R   17230.89143600  .00005495  00000-0  23924-3 0  9999
2 41963  97.4911 291.9738 0008186 342.4366  17.6586 15.22616536 27915
FLOCK 3P-25             
1 41964U 17008S   17230.94526400  .00005428  00000-0  23558-3 0  9998
2 41964  97.4910 292.0500 0007839 343.6565  16.4417 15.22726307 27909
FLOCK 3P-4              
1 41965U 17008T   17231.20182649  .00005383  00000-0  23347-3 0  9998
2 41965  97.4912 292.3266 0007813 344.0655  16.0335 15.22753201 28045
FLOCK 3P-2              
1 41966U 17008U   17230.87379753  .00003383  00000-0  14808-3 0  9995
2 41966  97.4913 292.0020 0007675 343.5749  16.5238 15.22713523 27911
FLOCK 3P-1              
1 41967U 17008V   17230.94959164  .00003143  00000-0  13856-3 0  9990
2 41967  97.4916 292.0571 0007793 343.6735  16.4249 15.22528456 27924
FLOCK 3P-3              
1 41968U 17008W   17230.87608574  .00003481  00000-0  15231-3 0  9993
2 41968  97.4911 291.9943 0007776 343.6786  16.4199 15.22710439 27993
FLOCK 3P-6              
1 41969U 17008X   17230.87194966  .00005199  00000-0  22568-3 0  9998
2 41969  97.4915 292.0049 0007534 343.8028  16.2966 15.22746006 27900
FLOCK 3P-7              
1 41970U 17008Y   17230.92069557  .00003827  00000-0  16657-3 0  9991
2 41970  97.4915 292.0939 0007725 346.9259  13.1776 15.22820436 27929
FLOCK 3P-5              
1 41971U 17008Z   17231.13013798  .00005327  00000-0  23128-3 0  9990
2 41971  97.4917 292.2776 0007646 345.4216  14.6799 15.22723955 27886
FLOCK 3P-12             
1 41972U 17008AA  17230.86538103  .00001308  00000-0  59163-4 0  9996
2 41972  97.4912 292.0171 0007561 346.7483  13.3553 15.22713370 27991
FLOCK 3P-9              
1 41973U 17008AB  17230.86981694  .00002114  00000-0  93695-4 0  9998
2 41973  97.4913 292.0146 0007660 344.5651  15.5351 15.22711595 27995
FLOCK 3P-10             
1 41974U 17008AC  17230.86108296  .00002950  00000-0  12931-3 0  9999
2 41974  97.4917 292.0283 0007452 346.3435  13.7598 15.22775007 27880
FLOCK 3P-11             
1 41975U 17008AD  17230.87312743  .00005345  00000-0  23200-3 0  9997
2 41975  97.4917 292.0102 0007729 345.5741  14.5273 15.22736045 27887
FLOCK 3P-60             
1 41976U 17008AE  17230.91506487  .00002219  00000-0  97936-4 0  9998
2 41976  97.4915 292.1102 0007465 347.4771  12.6279 15.22810702 27257
FLOCK 3P-58             
1 41977U 17008AF  17230.86555857  .00001751  00000-0  78192-4 0  9991
2 41977  97.4913 292.0183 0007510 346.4468  13.6566 15.22696910 28071
FLOCK 3P-57             
1 41978U 17008AG  17231.05826300  .00001628  00000-0  72785-4 0  9993
2 41978  97.4912 292.2218 0007512 344.1222  15.9777 15.22759866 27941
FLOCK 3P-75             
1 41979U 17008AH  17231.12275886  .00001649  00000-0  73577-4 0  9992
2 41979  97.4934 292.3468 0007842 346.9212  13.1819 15.22793372 28105
FLOCK 3P-70             
1 41980U 17008AJ  17230.92548685  .00002104  00000-0  93090-4 0  9990
2 41980  97.4935 292.1520 0007767 347.3923  12.7118 15.22787027 27921
FLOCK 3P-73             
1 41981U 17008AK  17231.12832393  .00001989  00000-0  88293-4 0  9995
2 41981  97.4935 292.3416 0007993 347.1259  12.9772 15.22724240 28083
FLOCK 3P-88             
1 41982U 17008AL  17230.92218227  .00003338  00000-0  14579-3 0  9992
2 41982  97.4935 292.1497 0007837 347.9660  12.1388 15.22794458 27028
FLOCK 3P-85             
1 41983U 17008AM  17231.10693583  .00002005  00000-0  88812-4 0  9998
2 41983  97.4935 292.3669 0007903 351.1496   8.9600 15.22799191 27951
FLOCK 3P-79             
1 41984U 17008AN  17230.91076293  .00002186  00000-0  96540-4 0  9997
2 41984  97.4935 292.1687 0007558 352.0790   8.0326 15.22795202 27925
FLOCK 3P-86             
1 41985U 17008AP  17230.91128401  .00003378  00000-0  14748-3 0  9990
2 41985  97.4936 292.1643 0007466 351.3727   8.7380 15.22803911 27912
FLOCK 3P-36             
1 41986U 17008AQ  17230.91457609  .00003034  00000-0  13273-3 0  9997
2 41986  97.4919 292.1136 0007026 348.6426  11.4651 15.22822192 27406
FLOCK 3P-30             
1 41987U 17008AR  17230.90522031  .00003403  00000-0  14848-3 0  9998
2 41987  97.4920 292.1275 0007101 350.8121   9.2984 15.22825441 27879
FLOCK 3P-34             
1 41988U 17008AS  17230.91709985  .00001479  00000-0  66273-4 0  9996
2 41988  97.4913 292.1028 0007151 346.2519  13.8521 15.22816332 27409
FLOCK 3P-35             
1 41989U 17008AT  17231.18230430  .00005647  00000-0  24433-3 0  9993
2 41989  97.4916 292.3610 0007202 344.9738  15.1283 15.22820821 27449
FLOCK 3P-33             
1 41990U 17008AU  17230.91415759  .00003496  00000-0  15257-3 0  9998
2 41990  97.4917 292.1092 0006960 348.2178  11.8894 15.22798676 27408
LEMUR-2-SATCHMO         
1 41991U 17008AV  17230.87795735  .00001626  00000-0  73591-4 0  9998
2 41991  97.4910 292.0025 0007403 349.8489  10.2596 15.22324843 27393
LEMUR-2-MIA-GRACE       
1 41992U 17008AW  17230.92538055  .00002060  00000-0  91771-4 0  9998
2 41992  97.4913 292.0967 0007296 350.0955  10.0136 15.22572302 27409
LEMUR-2-SMITA-SHARAD    
1 41993U 17008AX  17230.86798940  .00001769  00000-0  79482-4 0  9993
2 41993  97.4911 292.0170 0007292 350.2317   9.8776 15.22459698 27390
LEMUR-2-SPIRE-MINIONS   
1 41994U 17008AY  17230.86472122  .00002070  00000-0  92305-4 0  9990
2 41994  97.4911 292.0207 0007363 349.4659  10.6422 15.22530221 27390
LEMUR-2-RDEATON         
1 41995U 17008AZ  17230.93034427  .00001802  00000-0  80853-4 0  9998
2 41995  97.4912 292.0889 0008713   1.8297 358.2969 15.22489211 28081
LEMUR-2-NOGUECORREIG    
1 41996U 17008BA  17231.11773411  .00002048  00000-0  91135-4 0  9991
2 41996  97.4913 292.3001 0008652   1.5874 358.5388 15.22613966 27333
LEMUR-2-JOBANPUTRA      
1 41997U 17008BB  17231.10672831  .00002046  00000-0  90666-4 0  9991
2 41997  97.4913 292.3153 0008609   2.0804 358.0467 15.22747768 27424
LEMUR-2-TACHIKOMA       
1 41998U 17008BC  17230.86464497  .00001552  00000-0  70172-4 0  9992
2 41998  97.4911 292.0224 0008731   2.7672 357.3611 15.22434087 27313
BGUSAT                  
1 41999U 17008BD  17231.16525835  .00002946  00000-0  12885-3 0  9995
2 41999  97.4921 292.3985 0008478   3.5686 356.5610 15.22845086 27432
DIDO-2                  
1 42000U 17008BE  17230.86953645  .00001206  00000-0  55363-4 0  9996
2 42000  97.4909 292.0147 0008740   3.3411 356.7882 15.22344527 27397
FLOCK 3P-49             
1 42001U 17008BF  17230.90035386  .00001531  00000-0  68519-4 0  9993
2 42001  97.4916 292.1294 0008214   5.1030 355.0288 15.22809973 27925
FLOCK 3P-67             
1 42002U 17008BG  17230.90625897  .00001432  00000-0  64326-4 0  9998
2 42002  97.4914 292.1181 0008129   3.4054 356.7236 15.22793422 28081
FLOCK 3P-68             
1 42003U 17008BH  17230.90779266  .00001463  00000-0  65637-4 0  9999
2 42003  97.4912 292.1135 0008228   3.1336 356.9951 15.22783285 27721
FLOCK 3P-41             
1 42004U 17008BJ  17230.89640970  .00001415  00000-0  63547-4 0  9992
2 42004  97.4911 292.1231 0008059   6.4483 353.6856 15.22821838 27926
FLOCK 3P-45             
1 42005U 17008BK  17231.16480370  .00003372  00000-0  14728-3 0  9990
2 42005  97.4916 292.3848 0008006   4.4682 355.6624 15.22789167 28114
FLOCK 3P-48             
1 42006U 17008BL  17230.89966079  .00001273  00000-0  57484-4 0  9990
2 42006  97.4915 292.1289 0008006   7.0251 353.1096 15.22801948 27861
FLOCK 3P-43             
1 42007U 17008BM  17230.89750974  .00003472  00000-0  15146-3 0  9997
2 42007  97.4916 292.1253 0007862   6.8590 353.2752 15.22806862 28081
FLOCK 3P-42             
1 42008U 17008BN  17231.15959026  .00005293  00000-0  22906-3 0  9992
2 42008  97.4915 292.3850 0007907   5.7031 354.4294 15.22835681 28045
FLOCK 3P-61             
1 42009U 17008BP  17230.89514207  .00001321  00000-0  59530-4 0  9993
2 42009  97.4913 292.1278 0007964   9.0644 351.0734 15.22800930 28058
FLOCK 3P-40             
1 42010U 17008BQ  17230.88899531  .00001238  00000-0  55966-4 0  9996
2 42010  97.4907 292.1239 0007864   9.6134 350.5251 15.22814284 27312
FLOCK 3P-16             
1 42011U 17008BR  17231.13960173  .00001561  00000-0  69605-4 0  9991
2 42011  97.4907 292.4050 0007564   9.4247 350.7130 15.22910152 27293
FLOCK 3P-14             
1 42012U 17008BS  17230.94746059  .00001375  00000-0  61794-4 0  9999
2 42012  97.4911 292.2084 0007707  11.7860 348.3555 15.22844814 27880
FLOCK 3P-53             
1 42013U 17008BT  17230.95155539  .00001526  00000-0  68258-4 0  9998
2 42013  97.4904 292.1862 0007623  10.7269 349.4129 15.22824544 27882
FLOCK 3P-54             
1 42014U 17008BU  17231.21124702  .00001661  00000-0  74016-4 0  9996
2 42014  97.4908 292.4606 0007537  10.6160 349.5234 15.22831188 28105
PEASSS                  
1 42015U 17008BV  17230.92803771  .00001473  00000-0  65690-4 0  9993
2 42015  97.4900 292.2156 0006877  15.2015 344.9426 15.22986195 27898
AL-FARABI 1             
1 42016U 17008BW  17230.91590169  .00001836  00000-0  80759-4 0  9993
2 42016  97.4903 292.2378 0006775  16.1966 343.9486 15.23153710 28010
NAYIF-1 (EO-88)         
1 42017U 17008BX  17230.91413825  .00001865  00000-0  81921-4 0  9991
2 42017  97.4903 292.2389 0006769  16.5009 343.6446 15.23170071 28032
FLOCK 3P-23             
1 42018U 17008BY  17230.88005306  .00005295  00000-0  22978-3 0  9996
2 42018  97.4909 291.9799 0007963 342.7308  17.3657 15.22742280 26845
FLOCK 3P-76             
1 42019U 17008BZ  17230.91749112  .00003103  00000-0  13574-3 0  9999
2 42019  97.4939 292.1661 0007873 349.7742  10.3332 15.22797609 27916
FLOCK 3P-69             
1 42020U 17008CA  17230.91559446  .00001405  00000-0  63156-4 0  9995
2 42020  97.4937 292.1678 0007704 348.5098  11.5961 15.22796370 26800
FLOCK 3P-84             
1 42021U 17008CB  17230.92432101  .00003432  00000-0  14980-3 0  9997
2 42021  97.4935 292.1469 0008040 347.9472  12.1571 15.22798208 27920
FLOCK 3P-59             
1 42022U 17008CC  17230.92435399  .00003117  00000-0  13665-3 0  9999
2 42022  97.4916 292.0947 0007494 348.4553  11.6510 15.22729002 26942
FLOCK 3P-32             
1 42023U 17008CD  17231.12448211  .00003870  00000-0  16882-3 0  9990
2 42023  97.4918 292.2896 0007296 344.3662  15.7348 15.22739767 28110
FLOCK 3P-71             
1 42024U 17008CE  17231.13193045  .00004101  00000-0  17935-3 0  9992
2 42024  97.4943 292.3404 0007770 347.0938  13.0098 15.22614587 26986
FLOCK 3P-77             
1 42025U 17008CF  17230.91916690  .00001331  00000-0  59963-4 0  9997
2 42025  97.4935 292.1572 0007789 350.0490  10.0591 15.22815845 27929
FLOCK 3P-80             
1 42026U 17008CG  17230.70649460  .00002428  00000-0  10684-3 0  9997
2 42026  97.4938 291.9780 0007497 352.1117   8.0000 15.22822793 26039
FLOCK 3P-66             
1 42027U 17008CH  17230.90733005  .00001646  00000-0  73487-4 0  9991
2 42027  97.4916 292.1206 0008218   2.5762 357.5515 15.22774969 28032
FLOCK 3P-65             
1 42028U 17008CJ  17230.90522311  .00001500  00000-0  67221-4 0  9996
2 42028  97.4915 292.1227 0008113   3.0836 357.0449 15.22785138 27936
FLOCK 3P-50             
1 42029U 17008CK  17230.90252163  .00001389  00000-0  62469-4 0  9996
2 42029  97.4917 292.1309 0008022   5.8840 354.2489 15.22796092 27253
FLOCK 3P-52             
1 42030U 17008CL  17230.90399978  .00003568  00000-0  15563-3 0  9997
2 42030  97.4916 292.1211 0008051   4.7708 355.3603 15.22797639 28023
FLOCK 3P-46             
1 42031U 17008CM  17230.89897255  .00001241  00000-0  56097-4 0  9991
2 42031  97.4912 292.1235 0008027   5.8144 354.3185 15.22823724 28080
FLOCK 3P-47             
1 42032U 17008CN  17230.90029814  .00005475  00000-0  23701-3 0  9990
2 42032  97.4915 292.1215 0007991   6.7641 353.3702 15.22811882 27909
FLOCK 3P-44             
1 42033U 17008CP  17231.15721394  .00001383  00000-0  62169-4 0  9997
2 42033  97.4914 292.3955 0007946   7.5206 352.6148 15.22816311 26691
FLOCK 3P-64             
1 42034U 17008CQ  17231.15625898  .00001373  00000-0  61740-4 0  9993
2 42034  97.4910 292.3876 0007909   7.7922 352.3436 15.22827262 28119
FLOCK 3P-63             
1 42035U 17008CR  17230.89275142  .00002808  00000-0  12305-3 0  9993
2 42035  97.4911 292.1235 0007931   8.9955 351.1422 15.22824561 26043
FLOCK 3P-62             
1 42036U 17008CS  17231.14569566  .00001545  00000-0  68876-4 0  9991
2 42036  97.4910 292.4023 0007994   8.8523 351.2853 15.22930875 27282
FLOCK 3P-38             
1 42037U 17008CT  17230.89071753  .00005554  00000-0  24033-3 0  9999
2 42037  97.4913 292.1265 0007658  10.2190 349.9200 15.22823341 28027
FLOCK 3P-39             
1 42038U 17008CU  17231.15140722  .00001608  00000-0  71768-4 0  9997
2 42038  97.4905 292.3844 0007876   8.3077 351.8288 15.22834807 28014
FLOCK 3P-15             
1 42039U 17008CV  17231.08960943  .00001917  00000-0  84976-4 0  9993
2 42039  97.4909 292.3210 0007765   8.8349 351.3023 15.22818014 27282
FLOCK 3P-13             
1 42040U 17008CW  17230.88704674  .00003216  00000-0  14047-3 0  9994
2 42040  97.4914 292.1348 0007726  10.1891 349.9500 15.22821937 27242
FLOCK 3P-55             
1 42041U 17008CX  17230.86750166  .00001483  00000-0  66149-4 0  9995
2 42041  97.4911 292.1578 0007638  14.7667 345.3791 15.22971100 28081
FLOCK 3P-56             
1 42042U 17008CY  17230.86588299  .00003270  00000-0  14157-3 0  9999
2 42042  97.4910 292.1517 0007527  14.1695 345.9752 15.23115781 27871
FLOCK 3P-81             
1 42043U 17008CZ  17231.17590719  .00001906  00000-0  84535-4 0  9997
2 42043  97.4935 292.4282 0007757 350.1671   9.9413 15.22813762 27305
FLOCK 3P-87             
1 42044U 17008DA  17230.92155412  .00004357  00000-0  18928-3 0  9992
2 42044  97.4933 292.1463 0007814 348.0462  12.0588 15.22810276 27417
FLOCK 3P-29             
1 42045U 17008DB  17230.79181895  .00002128  00000-0  94098-4 0  9999
2 42045  97.4914 291.9661 0007473 345.8414  14.2612 15.22785117 27245
FLOCK 3P-82             
1 42046U 17008DC  17230.92470518  .00001518  00000-0  68033-4 0  9990
2 42046  97.4932 292.1468 0007952 348.3662  11.7389 15.22775916 27316
FLOCK 3P-78             
1 42047U 17008DD  17230.92078283  .00002732  00000-0  11984-3 0  9995
2 42047  97.4936 292.1536 0007734 347.7512  12.3535 15.22812947 27240
FLOCK 3P-74             
1 42048U 17008DE  17230.79685336  .00002586  00000-0  11384-3 0  9995
2 42048  97.4939 292.0187 0008041 348.8272  11.2784 15.22745304 27226
FLOCK 3P-31             
1 42049U 17008DF  17230.86306262  .00001947  00000-0  86488-4 0  9990
2 42049  97.4914 292.0267 0007582 346.4294  13.6737 15.22733943 26696
FLOCK 3P-83             
1 42050U 17008DG  17230.86374560  .00003655  00000-0  15971-3 0  9994
2 42050  97.4936 292.0746 0008021 349.5506  10.5562 15.22716224 27969
FLOCK 3P-72             
1 42051U 17008DH  17230.91181107  .00003971  00000-0  17274-3 0  9993
2 42051  97.4939 292.1743 0007533 348.1006  12.0051 15.22823851 25567
LEMUR-2-REDFERN-GOES    
1 42059U 98067LA  17231.21979331  .00019315  00000-0  24421-3 0  9994
2 42059  51.6390  80.0816 0008197 168.6471 191.4708 15.59511947 25843
LEMUR-2-TRUTNA          
1 42067U 98067LC  17230.82580235  .00033078  00000-0  36441-3 0  9997
2 42067  51.6382  80.4462 0007588 168.1537 191.9637 15.62774684 25631
LEMUR-2-AUSTINTACIOUS   
1 42068U 98067LD  17230.81223799  .00019461  00000-0  23967-3 0  9995
2 42068  51.6391  81.8600 0007925 165.3473 194.7751 15.60202874 25716
LEMUR-2-TRUTNAHD        
1 42069U 98067LE  17230.82431328  .00018614  00000-0  23254-3 0  9994
2 42069  51.6400  81.9507 0007481 164.9098 195.2119 15.59863326 25762
HAVELSAT                
1 42700U 98067LH  17231.12526424  .00019024  00000-0  26296-3 0  9997
2 42700  51.6395  83.1989 0006592 191.7706 168.3133 15.57150940 14743
SOMP 2                  
1 42701U 98067LJ  17231.06761853  .00016631  00000-0  23276-3 0  9994
2 42701  51.6404  83.5669 0006553 192.2869 167.7964 15.56923156 14726
COLUMBIA                
1 42702U 98067LK  17231.00569165  .00038859  00000-0  49104-3 0  9995
2 42702  51.6393  83.1508 0007094 186.8807 173.2090 15.59121856 14658
SGSAT                   
1 42703U 98067LL  17231.15819739  .00031349  00000-0  40961-3 0  9996
2 42703  51.6386  82.6693 0003512 146.4634 213.6581 15.58361004 14666
CXBN-2                  
1 42704U 98067LM  17231.01029074  .00017130  00000-0  24019-3 0  9995
2 42704  51.6398  83.9330 0002999 142.5739 217.5462 15.56862365 14646
ICECUBE                 
1 42705U 98067LN  17231.13049627  .00022924  00000-0  31452-3 0  9991
2 42705  51.6407  83.2409 0002885 142.1968 217.9227 15.57236964 14725
PHOENIX                 
1 42706U 98067LP  17231.00049001  .00016617  00000-0  23209-3 0  9997
2 42706  51.6401  83.8706 0002217 156.3638 203.7456 15.56994263 14635
X-CUBESAT               
1 42707U 98067LQ  17231.06554784  .00018186  00000-0  25292-3 0  9990
2 42707  51.6398  83.5518 0002255 159.0596 201.0489 15.57037946 14638
QBEE50-LTU-OC           
1 42708U 98067LR  17231.00361998  .00018205  00000-0  25361-3 0  9997
2 42708  51.6398  83.8888 0002321 158.7500 201.3589 15.56990855 14581
ALTAIR PATHFINDER       
1 42711U 98067LS  17231.16981728  .00011554  00000-0  16919-3 0  9996
2 42711  51.6398  83.4950 0005203 133.6045 226.5379 15.56061758 14317
SHARC                   
1 42712U 98067LT  17231.03943146  .00010327  00000-0  15270-3 0  9991
2 42712  51.6402  84.1287 0003223 133.3826 226.7435 15.55936299 14538
ZA-AEROSAT              
1 42713U 98067LU  17231.14945809  .00014095  00000-0  20129-3 0  9997
2 42713  51.6400  83.3622 0003151 129.6854 230.4416 15.56538425 14317
LINK                    
1 42714U 98067LV  17231.20511100  .00023858  00000-0  32931-3 0  9999
2 42714  51.6391  82.9814 0003349 138.1883 221.9365 15.57048651 14430
CSUNSAT 1               
1 42715U 98067LW  17230.96293109  .00015134  00000-0  21582-3 0  9996
2 42715  51.6397  84.3635 0005329 125.2424 234.9068 15.56504179 14280
UPSAT                   
1 42716U 98067LX  17230.99933183  .00020349  00000-0  27999-3 0  9995
2 42716  51.6398  83.8595 0004943 191.1630 168.9253 15.57234457 14421
SPACECUBE               
1 42717U 98067LY  17231.01107819  .00017118  00000-0  24006-3 0  9995
2 42717  51.6397  83.9377 0004936 191.5781 168.5098 15.56852671 13664
HOOPOE                  
1 42718U 98067LZ  17231.13382319  .00018761  00000-0  26034-3 0  9997
2 42718  51.6400  83.2587 0004992 191.0910 168.9973 15.57064857 13687
CHALLENGER              
1 42721U 98067MA  17231.20400402  .00027488  00000-0  37414-3 0  9993
2 42721  51.6392  82.9735 0008315 176.8039 183.3008 15.57310458 13397
NJUST-1                 
1 42722U 98067MB  17231.03945174  .00014047  00000-0  20242-3 0  9993
2 42722  51.6398  84.1248 0008039 176.7369 183.3676 15.56274850 13367
UNSW-ECO                
1 42723U 98067MC  17231.22036524  .00019435  00000-0  27242-3 0  9998
2 42723  51.6402  83.0847 0008057 176.7459 183.3586 15.56747327 13372
DUTHSAT                 
1 42724U 98067MD  17231.08258837  .00024878  00000-0  34159-3 0  9998
2 42724  51.6395  83.6643 0007290 177.9613 182.1410 15.57143290 13279
LILACSAT-1              
1 42725U 98067ME  17231.04163825  .00016037  00000-0  22973-3 0  9996
2 42725  51.6402  84.1408 0007019 178.7188 181.3823 15.56320712 13262
NSIGHT-1                
1 42726U 98067MF  17231.12257044  .00013193  00000-0  19480-3 0  9992
2 42726  51.6402  83.9319 0006901 179.8789 180.2205 15.55678712 13288
SNUSAT-1                
1 42727U 98067MG  17231.16909721  .00017733  00000-0  25282-3 0  9994
2 42727  51.6393  83.4868 0008738 143.9836 216.1746 15.56352283 13256
QBITO                   
1 42728U 98067MH  17231.03059906  .00017666  00000-0  24968-3 0  9997
2 42728  51.6404  84.0700 0004240 181.1669 178.9313 15.56619267 13077
AALTO-2                 
1 42729U 98067MJ  17231.09462263  .00017061  00000-0  24135-3 0  9993
2 42729  51.6398  83.7458 0004251 181.4441 178.6539 15.56623480 13090
SUSAT                   
1 42730U 98067MK  17231.16150316  .00014702  00000-0  20979-3 0  9997
2 42730  51.6396  83.4411 0004295 179.9570 180.1423 15.56518005 13095
I-INSPIRE II            
1 42731U 98067ML  17231.21854854  .00022401  00000-0  31186-3 0  9999
2 42731  51.6394  83.0660 0008216 133.0328 227.1353 15.56830390 13150
POLYITAN-2-SAU          
1 42732U 98067MM  17231.15701030  .00017589  00000-0  24786-3 0  9999
2 42732  51.6390  83.4050 0008210 132.0518 228.1173 15.56679696 13148
SNUSAT-1B               
1 42733U 98067MN  17231.03405323  .00016668  00000-0  23667-3 0  9997
2 42733  51.6392  84.0843 0008088 132.7631 227.4042 15.56518492 13125
EXALTA-1                
1 42734U 98067MP  17231.15409108  .00019250  00000-0  26904-3 0  9993
2 42734  51.6394  83.3870 0009830 154.6681 205.4795 15.56816432 13096
AOXIANG-1               
1 42735U 98067MQ  17230.20294694  .00013896  00000-0  20005-3 0  9997
2 42735  51.6399  88.2872 0008745 170.4988 189.6171 15.56305268 14360
BEEAGLESAT              
1 42736U 98067MR  17230.97261894  .00015323  00000-0  21903-3 0  9993
2 42736  51.6397  84.4281 0008628 172.7575 187.3542 15.56406787 13171
ATLANTIS                
1 42737U 98067MS  17230.86205310  .00035680  00000-0  46726-3 0  9991
2 42737  51.6386  84.4376 0008902 171.1995 188.9155 15.58197848 13050
LEMUR-2-ANGELA          
1 42752U 17019B   17230.93052541  .00001411  00000-0  64501-4 0  9997
2 42752  51.6412  99.6730 0010700 202.6592 157.3916 15.27571718 10882
LEMUR-2-JENNYBARNA      
1 42753U 17019C   17230.86266870  .00002766  00000-0  11361-3 0  9991
2 42753  51.6396  99.9718 0010656 201.9803 158.0721 15.27666128 10826
LEMUR-2-ROBMOORE        
1 42754U 17019D   17231.19537313  .00001453  00000-0  66137-4 0  9996
2 42754  51.6412  98.4398 0010589 206.3743 153.6698 15.27505503 10903
LEMUR-2-SPIROVISION     
1 42755U 17019E   17230.93208165  .00002364  00000-0  99267-4 0  9990
2 42755  51.6395  99.6821 0010608 204.8173 155.2297 15.27567092 10757
UCLSAT                  
1 42765U 17036A   17230.85932495  .00001643  00000-0  77516-4 0  9993
2 42765  97.4450 289.9620 0013553  60.1157 300.1423 15.20799254  9330
LITUANICASAT-2          
1 42768U 17036D   17230.83546492  .00002869  00000-0  13705-3 0  9992
2 42768  97.4454 289.8408 0017505  49.0981 311.1767 15.19713771  8613
INFLATESAIL             
1 42770U 17036F   17230.72490699  .00500897  00000-0  11873-1 0  9996
2 42770  97.4471 290.4501 0006176 144.3073 215.8587 15.39737466  8574
LEMUR-2-SHAINAJOHL      
1 42771U 17036G   17230.69760692  .00001922  00000-0  92511-4 0  9992
2 42771  97.4452 289.7204 0016588  49.0702 311.1966 15.19865022  8538
LEMUR-2-XUENITERENCE    
1 42772U 17036H   17231.15640085  .00001816  00000-0  87477-4 0  9995
2 42772  97.4451 290.1771 0016254  47.2590 313.0010 15.19918745  8608
LEMUR-2-LUCYBRYCE       
1 42773U 17036J   17230.82528917  .00002271  00000-0  10840-3 0  9993
2 42773  97.4452 289.8554 0016043  48.3480 311.9126 15.19981463  8556
LEMUR-2-KUNGFOO         
1 42774U 17036K   17231.15385716  .00001836  00000-0  88282-4 0  9991
2 42774  97.4453 290.1828 0016007  47.0226 313.2348 15.19976196  8593
AALTO-1                 
1 42775U 17036L   17230.75580234  .00001061  00000-0  52312-4 0  9994
2 42775  97.4452 289.7963 0015641  47.2297 313.0251 15.20019268  8546
URSA MAIOR              
1 42776U 17036M   17231.21521609  .00001281  00000-0  62414-4 0  9996
2 42776  97.4453 290.2545 0015477  46.2011 314.0501 15.20059797  8619
COMPASS 2               
1 42777U 17036N   17231.20495857  .00002294  00000-0  10828-3 0  9997
2 42777  97.4462 290.2751 0014619  50.8752 309.3780 15.20377991  8603
LEMUR-2-LYNSEY-SYMO     
1 42779U 17036Q   17230.67113095  .00002548  00000-0  11922-3 0  9998
2 42779  97.4459 289.7584 0014315  59.1539 301.1102 15.20582807  8518
LEMUR-2-LISASAURUS      
1 42780U 17036R   17230.86772907  .00001892  00000-0  89321-4 0  9994
2 42780  97.4452 289.9523 0014224  58.0979 302.1638 15.20588807  8558
LEMUR-2-SAM-AMELIA      
1 42781U 17036S   17230.93251933  .00002390  00000-0  11184-3 0  9999
2 42781  97.4452 290.0179 0014119  58.2945 301.9665 15.20637082  8554
LEMUR-2-MCPEAKE         
1 42782U 17036T   17230.60248457  .00002211  00000-0  10364-3 0  9992
2 42782  97.4454 289.6958 0014021  59.3248 300.9367 15.20659493  8509
DIAMOND RED             
1 42783U 17036U   17230.79951277  .00001325  00000-0  63460-4 0  9995
2 42783  97.4452 289.8901 0014118  59.8592 300.4041 15.20625295  8543
PEGASUS                 
1 42784U 17036V   17230.79836416  .00001442  00000-0  68679-4 0  9990
2 42784  97.4453 289.8924 0014071  60.0394 300.2237 15.20662739  8541
DIAMOND GREEN           
1 42785U 17036W   17230.92985194  .00000872  00000-0  42803-4 0  9991
2 42785  97.4453 290.0232 0014015  59.6223 300.6396 15.20647699  8639
DIAMOND BLUE            
1 42786U 17036X   17230.66499583  .00000849  00000-0  41707-4 0  9991
2 42786  97.4453 289.7648 0013875  60.7945 299.4676 15.20683069  8595
NUDTSAT                 
1 42787U 17036Y   17230.79414578  .00002096  00000-0  98020-4 0  9993
2 42787  97.4453 289.8973 0013726  60.6831 299.5774 15.20808628  8383
SUCHAI                  
1 42788U 17036Z   17230.79491523  .00001672  00000-0  78934-4 0  9990
2 42788  97.4452 289.8959 0013735  60.3882 299.8720 15.20767635  8612
SKCUBE                  
1 42789U 17036AA  17230.92498557  .00001644  00000-0  77590-4 0  9996
2 42789  97.4450 290.0274 0013538  60.0492 300.2086 15.20804904  8556
VZLUSAT-1               
1 42790U 17036AB  17230.92219048  .00001910  00000-0  89372-4 0  9991
2 42790  97.4449 290.0292 0013267  60.6210 299.6348 15.20892384  8550
ROBUSTA-1B              
1 42792U 17036AD  17230.85465292  .00001709  00000-0  80226-4 0  9994
2 42792  97.4449 289.9663 0013129  61.5375 298.7181 15.20929122  8556
CICERO 6                
1 42793U 17036AE  17230.91314579  .00001151  00000-0  54799-4 0  9990
2 42793  97.4447 290.0405 0012211  62.3862 297.8612 15.21100273  8630
D-SAT                   
1 42794U 17036AF  17230.91044496  .00001002  00000-0  48051-4 0  9998
2 42794  97.4446 290.0424 0011334  60.3658 299.8705 15.21164793  8550
TOKI                    
1 42820U 98067MU  17230.89165525  .00015279  00000-0  22402-3 0  9997
2 42820  51.6398  85.3859 0003959 120.1089 240.0295 15.55744017  6619
GHANASAT-1              
1 42821U 98067MV  17230.89284097  .00014569  00000-0  21439-3 0  9994
2 42821  51.6398  85.3940 0004008 121.0553 239.0832 15.55687977  6596
MAZAALAI (NUMSAT-1)     
1 42822U 98067MW  17230.89348700  .00015015  00000-0  22085-3 0  9992
2 42822  51.6399  85.3982 0004051 124.1301 236.0075 15.55672148  6597
BRAC ONNESHA            
1 42823U 98067MX  17230.89469685  .00015209  00000-0  22378-3 0  9999
2 42823  51.6403  85.4076 0007547 138.5851 221.5714 15.55633126  6593
NIGERIAEDUSAT-1         
1 42824U 98067MY  17230.89617919  .00014982  00000-0  22103-3 0  9998
2 42824  51.6402  85.4175 0007393 139.8545 220.2994 15.55574813  6612
LEMUR-2-GREENBERG       
1 42837U 17042N   17230.90384786  .00000490  00000-0  54927-4 0  9990
2 42837  97.6111 139.3503 0014666 119.4830 240.7854 14.90992497  5306
LEMUR-2-ANDIS           
1 42838U 17042P   17230.90339066  .00000741  00000-0  80269-4 0  9999
2 42838  97.6111 139.3504 0014729 119.8366 240.4319 14.91017779  5301
LEMUR-2-MONSON          
1 42839U 17042Q   17230.90084996  .00000516  00000-0  57355-4 0  9999
2 42839  97.6110 139.3536 0014443 118.9849 241.2819 14.91115811  5305
LEMUR-2-FURIAUS         
1 42840U 17042R   17230.83311396  .00000687  00000-0  74597-4 0  9996
2 42840  97.6109 139.2894 0014494 119.2345 241.0326 14.91146849  5285
LEMUR-2-PETERG          
1 42841U 17042S   17230.89698530  .00000552  00000-0  60773-4 0  9993
2 42841  97.6110 139.3584 0014240 117.6911 242.5754 14.91280354  5309
LEMUR-2-DEMBITZ         
1 42842U 17042T   17231.16486468  .00000577  00000-0  63292-4 0  9996
2 42842  97.6108 139.6176 0014239 117.3287 242.9383 14.91300926  5342
LEMUR-2-ZACHARY         
1 42845U 17042W   17230.89105232  .00000614  00000-0  66541-4 0  9997
2 42845  97.6059 139.3397 0014489 123.0886 237.1726 14.91529008  5293
FLOCK 2K-03             
1 42850U 17042AB  17230.79576227  .00002600  00000-0  85062-4 0  9994
2 42850  96.9997 137.8845 0014139 122.1019 238.1598 15.32443939  5240
FLOCK 2K-04             
1 42851U 17042AC  17230.79654710  .00002022  00000-0  66792-4 0  9996
2 42851  96.9996 137.8845 0013678 122.3303 237.9266 15.32381232  5241
FLOCK 2K-01             
1 42852U 17042AD  17230.86120145  .00003227  00000-0  10511-3 0  9990
2 42852  96.9996 137.9470 0013762 121.6026 238.6563 15.32418391  5251
FLOCK 2K-02             
1 42853U 17042AE  17230.86088963  .00001830  00000-0  60565-4 0  9995
2 42853  96.9999 137.9486 0013624 121.1294 239.1287 15.32444816  5251
FLOCK 2K-47             
1 42854U 17042AF  17230.79481980  .00006796  00000-0  21822-3 0  9992
2 42854  96.9995 137.8857 0013650 121.0621 239.1964 15.32508043  5245
FLOCK 2K-48             
1 42855U 17042AG  17230.79467072  .00005696  00000-0  18347-3 0  9995
2 42855  96.9999 137.8876 0013527 121.0872 239.1700 15.32477916  5244
FLOCK 2K-45             
1 42856U 17042AH  17230.79378606  .00006426  00000-0  20618-3 0  9996
2 42856  96.9997 137.8876 0013678 120.3146 239.9452 15.32552192  5248
FLOCK 2K-24             
1 42857U 17042AJ  17231.18502187  .00006536  00000-0  20969-3 0  9995
2 42857  96.9995 138.2576 0013595 118.7892 241.4718 15.32550371  5303
FLOCK 2K-46             
1 42858U 17042AK  17231.18486782  .00002591  00000-0  84489-4 0  9993
2 42858  96.9997 138.2598 0013716 118.6132 241.6493 15.32559706  5304
FLOCK 2K-23             
1 42859U 17042AL  17230.79301368  .00004064  00000-0  13117-3 0  9992
2 42859  96.9996 137.8892 0013697 120.0874 240.1729 15.32571670  5247
FLOCK 2K-21             
1 42860U 17042AM  17231.18392491  .00006337  00000-0  20288-3 0  9997
2 42860  96.9997 138.2608 0013737 117.9874 242.2761 15.32626641  5305
FLOCK 2K-22             
1 42861U 17042AN  17231.18345264  .00011438  00000-0  36370-3 0  9991
2 42861  97.0000 138.2620 0013791 118.2576 242.0061 15.32665637  5309
FLOCK 2K-07             
1 42862U 17042AP  17230.79088351  .00007322  00000-0  23369-3 0  9990
2 42862  96.9997 137.8920 0013840 118.9284 241.3349 15.32671430  5252
FLOCK 2K-08             
1 42863U 17042AQ  17231.18190389  .00010143  00000-0  32219-3 0  9999
2 42863  96.9996 138.2622 0013974 117.5471 242.7193 15.32726995  5302
FLOCK 2K-05             
1 42864U 17042AR  17230.78978141  .00009334  00000-0  29656-3 0  9996
2 42864  96.9998 137.8929 0013952 118.8956 241.3689 15.32741012  5243
FLOCK 2K-40             
1 42865U 17042AS  17230.78937541  .00009299  00000-0  29525-3 0  9991
2 42865  96.9998 137.8939 0013900 119.0227 241.2411 15.32763153  5244
FLOCK 2K-39             
1 42866U 17042AT  17230.91990442  .00010385  00000-0  32940-3 0  9999
2 42866  96.9997 138.0170 0013962 118.5173 241.7477 15.32765589  5260
FLOCK 2K-37             
1 42867U 17042AU  17230.91979358  .00011095  00000-0  35164-3 0  9993
2 42867  96.9998 138.0173 0013895 118.5728 241.6915 15.32775866  5261
FLOCK 2K-38             
1 42868U 17042AV  17230.78855303  .00009302  00000-0  29508-3 0  9995
2 42868  96.9997 137.8947 0013942 118.7883 241.4762 15.32790786  5248
FLOCK 2K-31             
1 42869U 17042AW  17230.78751827  .00009689  00000-0  30662-3 0  9993
2 42869  96.9998 137.8954 0014094 118.3989 241.8677 15.32855717  5245
FLOCK 2K-32             
1 42870U 17042AX  17230.78740961  .00010100  00000-0  31960-3 0  9994
2 42870  96.9997 137.8961 0014079 118.9738 241.2918 15.32848087  5249
FLOCK 2K-29             
1 42871U 17042AY  17231.17888235  .00011435  00000-0  36124-3 0  9995
2 42871  96.9998 138.2677 0014143 117.1907 243.0779 15.32868669  5301
FLOCK 2K-30             
1 42872U 17042AZ  17230.78654281  .00001933  00000-0  63090-4 0  9999
2 42872  96.9995 137.8967 0014042 118.8344 241.4311 15.32818727  5233
FLOCK 2K-44             
1 42873U 17042BA  17230.78436591  .00009583  00000-0  30173-3 0  9996
2 42873  96.9999 137.9008 0015064 110.0655 250.2211 15.33006063  5240
FLOCK 2K-43             
1 42874U 17042BB  17230.71886862  .00009620  00000-0  30297-3 0  9999
2 42874  96.9998 137.8382 0015111 110.8588 249.4275 15.32997433  5238
FLOCK 2K-41             
1 42875U 17042BC  17230.78380834  .00002272  00000-0  73458-4 0  9998
2 42875  96.9995 137.8996 0014995 110.3807 249.9048 15.32940348  5242
FLOCK 2K-36             
1 42876U 17042BD  17230.78254472  .00009592  00000-0  30112-3 0  9998
2 42876  96.9998 137.9027 0015261 110.5011 249.7872 15.33096896  5242
FLOCK 2K-35             
1 42877U 17042BE  17230.78244738  .00001992  00000-0  64549-4 0  9991
2 42877  96.9995 137.9024 0015138 110.5623 249.7246 15.32999322  5249
FLOCK 2K-34             
1 42878U 17042BF  17231.17354011  .00010653  00000-0  33389-3 0  9993
2 42878  96.9995 138.2722 0015315 109.3088 250.9813 15.33120096  5303
FLOCK 2K-33             
1 42879U 17042BG  17231.17263856  .00010576  00000-0  33059-3 0  9998
2 42879  96.9996 138.2735 0015391 108.9026 251.3887 15.33206207  5305
FLOCK 2K-28             
1 42880U 17042BH  17230.78219959  .00001894  00000-0  61476-4 0  9999
2 42880  96.9996 137.9028 0015039 110.4765 249.8094 15.33008217  5241
LEMUR-2-ARTFISCHER      
1 42881U 17042BJ  17230.84619103  .00004515  00000-0  14289-3 0  9994
2 42881  97.0025 137.9730 0015935 113.5174 246.7745 15.33111243  5243
FLOCK 2K-27             
1 42882U 17042BK  17230.78062649  .00008931  00000-0  27995-3 0  9999
2 42882  96.9999 137.9049 0015392 110.3531 249.9368 15.33164149  5243
FLOCK 2K-26             
1 42883U 17042BL  17230.71411465  .00010009  00000-0  31240-3 0  9994
2 42883  96.9997 137.8439 0015492 110.3892 249.9017 15.33268233  5234
FLOCK 2K-25             
1 42884U 17042BM  17230.71459472  .00002842  00000-0  90812-4 0  9992
2 42884  96.9993 137.8417 0015382 110.5747 249.7149 15.33113910  5231
FLOCK 2K-20             
1 42885U 17042BN  17231.17040284  .00008885  00000-0  27772-3 0  9998
2 42885  96.9999 138.2777 0015596 109.0367 251.2567 15.33252096  5309
FLOCK 2K-19             
1 42886U 17042BP  17230.84410338  .00002198  00000-0  70638-4 0  9994
2 42886  96.9997 137.9690 0015425 109.7970 250.4938 15.33159347  5258
FLOCK 2K-18             
1 42887U 17042BQ  17231.16859335  .00009917  00000-0  30843-3 0  9994
2 42887  96.9998 138.2794 0015741 108.4541 251.8415 15.33380042  5309
FLOCK 2K-17             
1 42888U 17042BR  17230.90808956  .00007002  00000-0  21899-3 0  9993
2 42888  96.9994 138.0299 0015664 109.2022 251.0918 15.33308822  5262
FLOCK 2K-16             
1 42889U 17042BS  17230.77757670  .00002098  00000-0  67416-4 0  9991
2 42889  96.9998 137.9087 0015457 109.1620 251.1298 15.33211081  5243
FLOCK 2K-15             
1 42890U 17042BT  17230.77639959  .00008791  00000-0  27384-3 0  9997
2 42890  97.0001 137.9116 0015705 109.1670 251.1275 15.33363265  5243
FLOCK 2K-13             
1 42891U 17042BU  17230.70984380  .00009673  00000-0  30024-3 0  9997
2 42891  96.9996 137.8491 0015762 108.9462 251.3491 15.33450469  5233
FLOCK 2K-14             
1 42892U 17042BV  17230.77641170  .00002110  00000-0  67675-4 0  9994
2 42892  96.9992 137.9076 0015537 108.6767 251.6165 15.33263306  5249
FLOCK 2K-12             
1 42893U 17042BW  17230.77517827  .00002936  00000-0  93134-4 0  9991
2 42893  96.9997 137.9115 0015630 108.1900 252.1047 15.33320869  5240
FLOCK 2K-11             
1 42894U 17042BX  17230.70922401  .00009756  00000-0  30283-3 0  9995
2 42894  96.9998 137.8511 0015689 108.0967 252.1987 15.33447761  5230
FLOCK 2K-10             
1 42895U 17042BY  17230.70904986  .00002186  00000-0  69838-4 0  9993
2 42895  96.9992 137.8485 0015489 107.3547 252.9392 15.33356190  5232
FLOCK 2K-09             
1 42896U 17042BZ  17231.16466207  .00002203  00000-0  70226-4 0  9997
2 42896  96.9994 138.2841 0015320 104.5701 255.7243 15.33414321  5474
FLOCK 2K-06             
1 42897U 17042CA  17230.78896205  .00009514  00000-0  30169-3 0  9993
2 42897  96.9998 137.8945 0014056 118.3922 241.8740 15.32795681  5245
SILU-1 (SILKROAD 1)     
1 42903U 17021F   17230.79952230  .00008816  00000-0  11396-3 0  9995
2 42903  42.7832 342.9263 0006470 327.0746 168.7387 15.59181029  2532
