CUTE-1 (CO-55)          
1 27844U 03031E   20130.59830699  .00000041  00000-0  38074-4 0  9998
2 27844  98.6829 138.9189 0010235 161.2949 198.8607 14.22236076874574
CUBESAT XI-IV (CO-57)   
1 27848U 03031J   20130.75441156  .00000024  00000-0  30674-4 0  9995
2 27848  98.6897 139.6261 0009854 172.6971 187.4351 14.21823005874470
CUBESAT XI-V            
1 28895U 05043F   20130.65529634  .00000101  00000-0  28163-4 0  9996
2 28895  98.0035 268.1103 0017719  46.9461 313.3222 14.63764743775162
CUTE-1.7+APD II (CO-65) 
1 32785U 08021C   20130.40862669  .00000172  00000-0  24155-4 0  9994
2 32785  97.5717 120.1469 0011430 262.1625  97.8295 14.88460408652061
AAUSAT-II               
1 32788U 08021F   20130.70059955  .00000831  00000-0  80839-4 0  9999
2 32788  97.4921 136.9228 0011689 177.3541 182.7744 14.95033754653521
DELFI-C3 (DO-64)        
1 32789U 08021G   20130.70831292  .00000841  00000-0  59041-4 0  9994
2 32789  97.4217 174.8593 0013884  89.8634 270.4186 15.07657854655978
SEEDS II (CO-66)        
1 32791U 08021J   20129.94007074  .00000403  00000-0  46013-4 0  9993
2 32791  97.5403 125.8384 0011985 230.0019 130.0149 14.91032516652498
SWISSCUBE               
1 35932U 09051B   20130.46833543  .00000115  00000-0  37110-4 0  9992
2 35932  98.6098 311.5017 0006466 242.4128 117.6412 14.56386027564196
BEESAT-1                
1 35933U 09051C   20130.72752287  .00000090  00000-0  31397-4 0  9990
2 35933  98.6099 313.6292 0004577 256.2951 103.7737 14.56462826564260
ITUPSAT1                
1 35935U 09051E   20130.69959726  .00000075  00000-0  28335-4 0  9996
2 35935  98.6206 313.8059 0006898 255.9859 104.0571 14.55610020564031
TISAT 1                 
1 36799U 10035E   20130.52227130  .00000170  00000-0  23210-4 0  9991
2 36799  98.1915 299.3070 0013694  97.4540 262.8233 14.91338110533122
M-CUBED & EXP-1 PRIME   
1 37855U 11061F   20130.78371208  .00001087  00000-0  61330-4 0  9992
2 37855 101.7138 199.2681 0171369 189.6556 170.1349 15.06207783465856
AEROCUBE 4.5A           
1 38767U 12048K   20130.07448201  .00000354  00000-0  43631-4 0  9991
2 38767  64.6671 359.4460 0145166 149.9454 211.0091 14.92254434 35924
AEROCUBE 4.5B           
1 38768U 12048L   20130.64820888  .00000674  00000-0  64769-4 0  9990
2 38768  64.6669 326.8857 0133932 145.9070 215.0739 14.95914099 36071
STRAND-1                
1 39090U 13009E   20130.52417440  .00000008  00000-0  17977-4 0  9990
2 39090  98.4602 335.5210 0010058  45.8924 314.3088 14.35128917377103
SOMP                    
1 39134U 13015E   20130.71552781  .00000825  00000-0  45919-4 0  9999
2 39134  64.8642  43.5529 0035129 250.1274 109.6067 15.20981783389789
BEESAT-3                
1 39135U 13015F   20130.44188817  .00000670  00000-0  42078-4 0  9996
2 39135  64.8660  67.4019 0038881 254.6420 105.0408 15.18113469389299
BEESAT-2                
1 39136U 13015G   20130.34202833  .00000917  00000-0  55083-4 0  9995
2 39136  64.8683  72.5609 0029360 281.2802  78.5025 15.17500412389576
NEE-01 PEGASO           
1 39151U 13018B   20130.53062559  .00000141  00000-0  25488-4 0  9990
2 39151  97.9702 229.6203 0016090 222.8022 137.1938 14.80160088379921
ESTCUBE 1               
1 39161U 13021C   20130.67847677  .00000117  00000-0  26242-4 0  9994
2 39161  97.9639 214.4859 0009846  11.8540 348.2894 14.72310469376331
POPACS 1                
1 39268U 13055D   20130.92212817  .00002552  00000-0  69711-4 0  9992
2 39268  81.0009 336.9036 0617339 336.7714  20.6619 14.39129056342450
POPACS 2                
1 39269U 13055E   20130.69060564  .00002816  00000-0  78841-4 0  9994
2 39269  81.0165  14.2386 0679386  73.4564 294.0091 14.25322791340462
POPACS 3                
1 39270U 13055F   20130.42384012  .00001563  00000-0  47015-4 0  9991
2 39270  81.0192  35.6251 0710978 134.8673 231.2565 14.16784089319601
ZACUBE-1 (TSHEPISOSAT)  
1 39417U 13066B   20130.65835505  .00000190  00000-0  30044-4 0  9998
2 39417  97.5649 130.8406 0060042  46.2504 314.3657 14.81262432349290
WNISAT-1                
1 39423U 13066H   20130.68833816  .00000009  00000-0  11597-4 0  9992
2 39423  97.8019  54.8192 0176023  16.7831 343.9096 14.53112074342800
TRITON-1                
1 39427U 13066M   20130.89890987  .00000176  00000-0  36072-4 0  9991
2 39427  97.7214  93.9772 0112942 200.7822 158.8766 14.67989806346208
GOMX-1                  
1 39430U 13066Q   20130.86140301  .00000176  00000-0  41254-4 0  9998
2 39430  97.7880  71.7258 0150064 306.6752  52.0746 14.59388828344174
CUBEBUG-2 (LO-74)       
1 39440U 13066AA  20130.78074153  .00000174  00000-0  30945-4 0  9994
2 39440  97.6291 115.4248 0081626 105.4695 255.5548 14.75998937348072
NEE-02 KRYSAOR          
1 39441U 13066AB  20130.49498921  .00000108  00000-0  22298-4 0  9995
2 39441  97.6362 112.6964 0083068 114.9523 246.0346 14.75008782347826
FUNCUBE-1 (AO-73)       
1 39444U 13066AE  20130.88091710  .00000243  00000-0  35944-4 0  9998
2 39444  97.5595 133.2595 0058984  38.0844 322.4517 14.82112380347654
UWE-3                   
1 39446U 13066AG  20130.70015308  .00000175  00000-0  29640-4 0  9990
2 39446  97.5974 122.5403 0071519  76.5399 284.3771 14.78533497346846
AEROCUBE 5A             
1 39465U 13072D   20130.70701284  .00002602  00000-0  23966-3 0  9994
2 39465 120.4952  22.8704 0262283 204.0124 154.8500 14.76285284 35649
AEROCUBE 5B             
1 39466U 13072E   20130.82933136  .00002261  00000-0  18325-3 0  9995
2 39466 120.4928  58.0141 0233130 212.4466 146.2066 14.85855213 35838
BRITE-CA1 (TORONTO)     
1 40020U 14033L   20130.59288914  .00000075  00000-0  21139-4 0  9991
2 40020  97.7319 321.0305 0086959 195.8233 164.0252 14.66642415315060
DUCHIFAT-1              
1 40021U 14033M   20130.62135042  .00000454  00000-0  51888-4 0  9994
2 40021  97.9415  61.6229 0014242  58.5959 301.6649 14.90883737320109
NANOSATC-BR1            
1 40024U 14033Q   20130.48832521  .00000335  00000-0  40552-4 0  9991
2 40024  97.9267  57.9948 0013579  63.2100 297.0505 14.90055947319433
QB50P1                  
1 40025U 14033R   20130.68368962  .00000248  00000-0  32244-4 0  9999
2 40025  97.9149  54.9994 0013845  69.1136 291.1561 14.89121613319328
QB50P2                  
1 40032U 14033Y   20130.51903352  .00000233  00000-0  30985-4 0  9991
2 40032  97.9040  52.3880 0013262  66.8283 293.4329 14.88648856319196
PERSEUS-M2              
1 40037U 14033AD  20130.82725099  .00000082  00000-0  15475-4 0  9999
2 40037  97.8897  47.4641 0015862  79.9337 280.3667 14.86537787319427
PERSEUS-M1              
1 40039U 14033AF  20130.75964440  .00000082  00000-0  15564-4 0  9997
2 40039  97.8863  46.2106 0015704  78.2515 282.0461 14.86157507318822
POLYITAN-1              
1 40042U 14033AJ  20130.67310205  .00000293  00000-0  37193-4 0  9992
2 40042  97.9233  55.4916 0016008  60.0408 300.2395 14.88868581319224
TIGRISAT                
1 40043U 14033AK  20130.66917948  .00000113  00000-0  23787-4 0  9994
2 40043  97.7147 348.7909 0061135 123.2407 237.4683 14.74369743316330
AEROCUBE 6A             
1 40045U 14033AM  20130.69438592  .00000230  00000-0  40056-4 0  9990
2 40045  97.7398 354.1076 0058999 114.6543 246.0827 14.75560990316632
AEROCUBE 6B             
1 40046U 14033AN  20130.56826032  .00000268  00000-0  45516-4 0  9994
2 40046  97.7311 353.3030 0058291 114.3222 246.4089 14.75545756316373
UKUBE-1                 
1 40074U 14037F   20130.73824576  .00000302  00000-0  43277-4 0  9990
2 40074  98.4547 316.7709 0003392 240.3334 119.7526 14.84248700316013
BRITE-PL2 (HEWELIUSZ)   
1 40119U 14049B   20130.49523057  .00000134  00000-0  22337-4 0  9993
2 40119  97.8930 223.1026 0016266 233.4467 126.5251 14.84497537309915
FIREBIRD 4              
1 40378U 15003C   20130.86954405  .00002168  00000-0  85958-4 0  9994
2 40378  99.0975 183.2722 0125349  82.9797 278.5669 15.19968105291442
GRIFEX                  
1 40379U 15003D   20130.81257998  .00001659  00000-0  72578-4 0  9991
2 40379  99.1057 175.3437 0134185 107.1899 254.4068 15.16323558290989
EXOCUBE (CP10)          
1 40380U 15003E   20130.63180712  .00001291  00000-0  60220-4 0  9995
2 40380  99.1131 170.8897 0139088 121.9679 239.5156 15.14292526290677
AEROCUBE 8A             
1 40659U 15025J   20130.41322127  .00011276  00000-0  12401-3 0  9993
2 40659  55.0151 113.5469 0112224  74.5553 286.7846 15.56358928 37477
AEROCUBE 8B             
1 40660U 15025K   20130.59279371  .00011018  00000-0  12013-3 0  9999
2 40660  55.0126 110.7597 0111348  76.8822 284.4613 15.56708806 37518
TIANWANG 1C (TW-1C)     
1 40926U 15051B   20130.88013159  .00019469  00000-0  20336-3 0  9990
2 40926  97.0888 182.4325 0004984 215.0758 199.1774 15.64509727260991
TIANWANG 1A (TW-1A)     
1 40928U 15051D   20130.87451565  .00002817  00000-0  66979-4 0  9991
2 40928  97.1117 159.6417 0009818 338.0458 146.0525 15.42437527259426
EXACTVIEW 9             
1 40936U 15052G   20130.46468962  .00000761  00000-0  17370-4 0  9992
2 40936   6.0034 258.3093 0009876  70.9452 289.1745 14.76566850249452
AEROCUBE 5C             
1 40965U 15058B   20130.63529833  .00000006  00000-0  20621-4 0  9999
2 40965  64.7784 261.4794 0167783  88.4196 273.6119 14.74514318 35581
AEROCUBE 7              
1 40966U 15058C   20130.62345380  .00000053  00000-0  26127-4 0  9991
2 40966  64.7785 260.0508 0166678  88.1164 273.9020 14.74812547 35584
ATHENOXAT 1             
1 41168U 15077C   20130.17712466  .00001771  00000-0  57090-4 0  9991
2 41168  14.9891 349.5800 0011493 301.2433  58.6762 15.14315991243380
GALASSIA                
1 41170U 15077E   20128.98198141  .00001743  00000-0  54942-4 0  9990
2 41170  14.9893 350.3297 0012709 311.0490  48.8733 15.14612150243272
VELOX-II                
1 41171U 15077F   20129.06525788  .00001425  00000-0  42971-4 0  9998
2 41171  14.9921  32.8825 0008870 210.9360 149.0438 15.11659579242909
HORYU-4                 
1 41340U 16012D   20130.60919250  .00000412  00000-0  24439-4 0  9993
2 41340  31.0043 219.1569 0013805 122.9944 237.2021 15.01482436232037
E-ST@R-II               
1 41459U 16025D   20130.86870010  .00000592  00000-0  34217-4 0  9990
2 41459  98.0981 238.8572 0164475 342.1728  17.3746 15.06342624221634
AAUSAT 4                
1 41460U 16025E   20130.73254185  .00000778  00000-0  42285-4 0  9997
2 41460  98.0949 240.9071 0153709 331.8033  27.4902 15.08603129221807
BEESAT-4                
1 41619U 16040W   20130.22626023  .00001198  00000-0  52438-4 0  9996
2 41619  97.3225 190.6833 0009917 325.4445  34.6146 15.23922416203424
CANX-7                  
1 41788U 16059F   20130.24281059  .00011148  00000-0  15400-2 0  9993
2 41788  98.2517 217.1024 0029617  71.2738 289.1561 14.77987321194029
RAVAN                   
1 41849U 16067B   20130.88121491 -.00000258  00000-0 -16398-4 0  9994
2 41849  97.9293 240.0881 0009008  19.0963 341.0595 14.98530801190843
CELTEE 1                
1 41850U 16067C   20130.23968058  .00000612  00000-0  58254-4 0  9992
2 41850  97.9230 237.2769 0009171  29.5243 330.6495 14.97165022190635
OPTICUBE 04             
1 41851U 16067D   20130.36384918  .00000245  00000-0  26602-4 0  9998
2 41851  97.9217 237.0433 0009249  29.4755 330.6985 14.96910571190630
AEROCUBE 8D             
1 41852U 16067E   20130.71372161  .00000772  00000-0  72572-4 0  9997
2 41852  97.9234 237.2310 0010171  29.9544 330.2257 14.96893905190665
AEROCUBE 8C             
1 41853U 16067F   20130.27641969 -.00000272  00000-0 -18435-4 0  9999
2 41853  97.9225 236.6970 0010585  29.1618 331.0192 14.96856060190594
PROMETHEUS 2-1          
1 41854U 16067G   20130.72211519  .00000645  00000-0  61070-4 0  9999
2 41854  97.9243 237.4526 0010974  29.4512 330.7326 14.97171217190678
PROMETHEUS 2-3          
1 41855U 16067H   20130.38864167  .00000680  00000-0  64053-4 0  9998
2 41855  97.9246 237.1452 0011187  30.6592 329.5281 14.97181355190621
INS-1B                  
1 41954U 17008G   20130.82356788  .00001181  00000-0  50570-4 0  9994
2 41954  97.3568 195.9118 0010766  80.2055 280.0398 15.24698806179485
BGUSAT                  
1 41999U 17008BD  20130.49344456  .00001888  00000-0  73137-4 0  9993
2 41999  97.3673 199.5163 0009821  90.1980 270.0384 15.27363129179000
DIDO-2                  
1 42000U 17008BE  20130.84467675  .00000707  00000-0  31662-4 0  9991
2 42000  97.3575 196.4518 0010215  95.8646 264.3756 15.24422549178888
PEASSS                  
1 42015U 17008BV  20130.85062552  .00001036  00000-0  43643-4 0  9991
2 42015  97.3597 197.9806 0008053  98.8290 261.3860 15.25540568179460
AL-FARABI 1             
1 42016U 17008BW  20130.76168955  .00001344  00000-0  54474-4 0  9992
2 42016  97.3625 198.8744 0007936  98.5425 261.6713 15.26360541179620
NAYIF-1 (EO-88)         
1 42017U 17008BX  20130.67587686  .00001379  00000-0  55755-4 0  9990
2 42017  97.3620 198.8009 0008019  98.3350 261.8798 15.26400869179632
UCLSAT                  
1 42765U 17036A   20130.79947315  .00001084  00000-0  48325-4 0  9991
2 42765  97.3042 186.0733 0012065 154.5475 205.6359 15.23449338160698
LITUANICASAT-2          
1 42768U 17036D   20130.92109142  .00001863  00000-0  79726-4 0  9991
2 42768  97.3091 186.1060 0015825 146.4559 213.7684 15.23939050159974
AALTO-1                 
1 42775U 17036L   20130.92133587  .00000685  00000-0  33088-4 0  9991
2 42775  97.3019 184.1175 0014753 149.0122 211.1988 15.21789923159813
URSA MAIOR              
1 42776U 17036M   20130.78371578  .00000775  00000-0  36879-4 0  9991
2 42776  97.3031 184.2519 0014554 149.1492 211.0602 15.21967444159808
COMPASS 2               
1 42777U 17036N   20130.80867174  .00001523  00000-0  65985-4 0  9999
2 42777  97.3086 186.4289 0013282 146.8831 213.3240 15.23816397159912
DIAMOND RED             
1 42783U 17036U   20130.84239653  .00000906  00000-0  41664-4 0  9997
2 42783  97.3042 185.4224 0012708 156.6773 203.5043 15.22770614159872
PEGASUS                 
1 42784U 17036V   20130.81692470  .00001017  00000-0  45927-4 0  9995
2 42784  97.3047 185.7952 0012586 155.7581 204.4251 15.23141156159897
DIAMOND GREEN           
1 42785U 17036W   20130.38121321  .00000921  00000-0  42313-4 0  9999
2 42785  97.3046 185.0080 0012556 158.7152 201.4610 15.22769424159873
DIAMOND BLUE            
1 42786U 17036X   20130.64326838  .00000904  00000-0  41587-4 0  9992
2 42786  97.3045 185.2587 0012411 157.9461 202.2313 15.22770398159917
NUDTSAT                 
1 42787U 17036Y   20130.90659788  .00001726  00000-0  73145-4 0  9993
2 42787  97.3094 187.1893 0010678 149.6017 210.5840 15.24414289159824
SUCHAI                  
1 42788U 17036Z   20130.78926491  .00001254  00000-0  55090-4 0  9993
2 42788  97.3055 186.3212 0012186 154.0518 206.1332 15.23677066159998
SKCUBE                  
1 42789U 17036AA  20130.83141036  .00001153  00000-0  51086-4 0  9993
2 42789  97.3049 186.2264 0012067 154.1430 206.0413 15.23525036159910
VZLUSAT-1               
1 42790U 17036AB  20130.82965055  .00001574  00000-0  66974-4 0  9998
2 42790  97.3072 187.1106 0011671 151.8440 208.3431 15.24402838159963
ROBUSTA-1B              
1 42792U 17036AD  20130.72427527  .00001117  00000-0  49338-4 0  9994
2 42792  97.3051 186.3613 0011632 154.5621 205.6191 15.23710680159929
CICERO 6                
1 42793U 17036AE  20130.62932259  .00000813  00000-0  37369-4 0  9990
2 42793  97.3029 185.7255 0010848 156.7787 203.3942 15.23084282159959
D-SAT                   
1 42794U 17036AF  20130.86073092  .00000247  00000-0  26509-4 0  9993
2 42794  97.4971 165.4216 0127447 133.3636 227.8286 14.91262261156944
CORVUS BC2              
1 42846U 17042X   20130.67940375  .00000182  00000-0  23141-4 0  9991
2 42846  97.5281  15.9748 0010903  53.2053 307.0165 14.92093940153623
CORVUS BC1              
1 42847U 17042Y   20130.81183881  .00000157  00000-0  20600-4 0  9998
2 42847  97.5283  16.2638 0010534  52.3924 307.8250 14.92194922153642
MIRATA                  
1 43015U 17073C   20130.78964843  .00000529  00000-0  46279-4 0  9994
2 43015  97.7207  44.4761 0253432 174.3824 186.0330 14.79586795133505
MAKERSAT 0              
1 43016U 17073D   20130.67218499  .00000358  00000-0  33166-4 0  9993
2 43016  97.7242  44.5503 0256162 175.7357 184.6126 14.79171136133471
DELLINGR (RBLE)         
1 43021U 98067NJ  20130.48539698  .00010331  00000-0  89462-4 0  9999
2 43021  51.6345 118.8429 0000799 332.5384  27.5571 15.69828319140747
AEROCUBE 7B (OCSD B)    
1 43042U 17071F   20130.90768360  .00002970  00000-0  74659-4 0  9997
2 43042  51.6378 255.6698 0004042 264.8063  95.2462 15.43378549136428
AEROCUBE 7C (OCSD C)    
1 43043U 17071G   20130.78091580  .00002918  00000-0  73582-4 0  9993
2 43043  51.6378 256.3382 0004260 268.9342  91.1156 15.43352560136378
CHEFSAT                 
1 43044U 17071H   20130.88629798  .00005448  00000-0  11106-3 0  9997
2 43044  51.6382 242.2978 0004183 277.1015  82.9497 15.47899489136570
ASGARDIA 1              
1 43049U 17071N   20130.77554597  .00002768  00000-0  70114-4 0  9991
2 43049  51.6390 255.6208 0001946 288.2056  71.8718 15.43408164136384
ISARA                   
1 43050U 17071P   20130.84426757  .00005594  00000-0  11741-3 0  9997
2 43050  51.6363 244.9063 0002032 290.3159  69.7610 15.46978353136529
PROPCUBE 2 (FAUNA)      
1 43052U 17071R   20130.64341633  .00003008  00000-0  74348-4 0  9997
2 43052  51.6383 254.7567 0001902 283.3327  76.7448 15.43842950136375
CORVUS BC3              
1 43118U 18004H   20130.73711476  .00000698  00000-0  32381-4 0  9996
2 43118  97.4457 201.3222 0010296 179.2149 180.9106 15.23313129129106
MICROMAS-2A             
1 43131U 18004W   20130.67798026  .00001695  00000-0  70424-4 0  9998
2 43131  97.4503 202.8593 0009269 177.1408 182.9884 15.25168422129182
SPACEBEE-4              
1 43139U 18004AE  20130.87503252  .00002361  00000-0  93487-4 0  9998
2 43139  97.4531 204.1450 0008738 176.3166 183.8138 15.26404546129273
SPACEBEE-3              
1 43140U 18004AF  20130.77607321  .00002932  00000-0  11251-3 0  9993
2 43140  97.4547 204.6720 0008543 174.6746 185.4585 15.27259366129291
SPACEBEE-2              
1 43141U 18004AG  20130.63218718  .00003002  00000-0  11414-3 0  9997
2 43141  97.4559 204.7625 0008551 174.3625 185.7712 15.27549824129287
SPACEBEE-1              
1 43142U 18004AH  20130.87073602  .00003221  00000-0  12102-3 0  9993
2 43142  97.4562 205.2390 0008546 173.3826 186.7528 15.27889500129322
CICERO 7                
1 43143U 18004AJ  20130.74588709  .00001520  00000-0  63386-4 0  9990
2 43143  97.4482 203.1169 0007206 183.6405 176.4782 15.25224534129218
GOMX-4B                 
1 43196U 18015E   20130.35604283  .00000377  00000-0  18385-4 0  9991
2 43196  97.4304 259.2038 0017313 240.5001 119.4511 15.24226348125948
GOMX-4A                 
1 43197U 18015F   20130.79312388  .00000724  00000-0  32337-4 0  9991
2 43197  97.4305 259.7146 0017486 239.1333 264.0407 15.24453372126028
1KUNS-PF                
1 43466U 98067NP  20130.37234824  .00161231  21605-4  36783-3 0  9994
2 43466  51.6249  98.1462 0004112  73.4867 286.6593 15.97084028114262
UBAKUSAT                
1 43467U 98067NQ  20130.38277496  .00021893  00000-0  15666-3 0  9996
2 43467  51.6319 122.5483 0001187  38.5928 321.5156 15.73657785113954
CUBERRT                 
1 43546U 98067NU  20130.43600512  .00008748  00000-0  69184-4 0  9998
2 43546  51.6336 121.4298 0002876 326.4126  33.6689 15.72282697104102
TEMPEST-D               
1 43547U 98067NV  20130.52072631  .00003479  00000-0  44948-4 0  9991
2 43547  51.6353 148.3652 0004329 276.4890  83.5611 15.62049770103437
RAINCUBE                
1 43548U 98067NW  20130.83758279  .00021918  00000-0  16495-3 0  9998
2 43548  51.6323 127.8332 0003666 331.6301  28.4497 15.72463180104185
HALOSAT                 
1 43549U 98067NX  20130.44049743  .00013792  00000-0  10835-3 0  9998
2 43549  51.6341 130.4995 0003366 334.6874  25.3959 15.71842434103670
ENDUROSAT ONE           
1 43551U 98067NZ  20130.40052867  .00038017  00000-0  21944-3 0  9998
2 43551  51.6333 121.1319 0003924 353.8577   6.2375 15.78251578104204
EQUISAT                 
1 43552U 98067PA  20130.42274417  .00020876  00000-0  15686-3 0  9998
2 43552  51.6345 128.9199 0004418 335.0423  25.0361 15.72533334104065
AEROCUBE 12A            
1 43556U 18046C   20130.82820262  .00001084  00000-0  49507-4 0  9990
2 43556  51.6424 291.1355 0008557 153.9697 206.1715 15.29707912101465
AEROCUBE 12B            
1 43557U 18046D   20130.75132286  .00000456  00000-0  28222-4 0  9998
2 43557  51.6423 292.1119 0008628 153.2687 206.8739 15.29434016101392
UITMSAT-1               
1 43589U 98067PD  20130.44577071  .00025799  00000-0  17508-3 0  9996
2 43589  51.6309 127.3977 0004416 353.0054   7.0883 15.74776726 99822
MAYA-1                  
1 43590U 98067PE  20130.24824602  .00027168  00000-0  18413-3 0  9999
2 43590  51.6295 128.3379 0004563 349.7962  10.2944 15.74774000 99724
BHUTAN-1                
1 43591U 98067PF  20130.22420946  .00029664  00000-0  19957-3 0  9998
2 43591  51.6322 128.2369 0004539 351.6565   8.4359 15.74892509 99722
SIRIUSSAT-1             
1 43595U 98067PG  20130.85382318  .00025008  00000-0  18550-3 0  9997
2 43595  51.6311 129.4093 0002015 347.6156  12.4792 15.72720403 98949
SIRIUSSAT-2             
1 43596U 98067PH  20130.84945482  .00025100  00000-0  18695-3 0  9997
2 43596  51.6323 130.2014 0002081 336.7785  23.3119 15.72620520 98938
TANUSHA-3               
1 43597U 98067PJ  20130.86141527  .00057514  00000-0  28888-3 0  9997
2 43597  51.6289 119.5646 0003319  24.3183 335.7975 15.81136329 99073
SURFSAT                 
1 43614U 18070B   20130.78469270  .00002291  00000-0  59238-4 0  9998
2 43614  93.0199 138.6100 0017813 121.3045 238.9957 15.39015755 92539
CP7 (DAVE)              
1 43615U 18070C   20130.68253237  .00002175  00000-0  56507-4 0  9999
2 43615  93.0201 138.5604 0017968 121.3060 238.9956 15.38878800 92514
ELFIN-B                 
1 43616U 18070D   20130.69092277  .00003082  00000-0  76728-4 0  9991
2 43616  93.0163 138.4948 0018419 122.9943 237.3085 15.40141243 92558
ELFIN-A                 
1 43617U 18070E   20130.79362989  .00003254  00000-0  80577-4 0  9991
2 43617  93.0217 139.0170 0017883 119.6403 240.6636 15.40313863 92571
CUBEBEL-1 (BSUSAT-1)    
1 43666U 18083E   20130.88448209  .00000984  00000-0  51368-4 0  9992
2 43666  97.4914 157.7257 0016114 129.7450 353.3264 15.18191234 84762
DEBRISSAT-2             
1 43680U 98067PR  20130.39024747  .00260442  39299-4  51646-3 0  9992
2 43680  51.6273 111.8389 0004587  58.4948 301.6509 15.99436294107868
CICERO 10               
1 43690U 18088A   20129.99822726  .00000908  00000-0  39936-4 0  9997
2 43690  85.0356 104.3183 0017331  94.1526 266.1696 15.20179057 82747
IRVINE01                
1 43693U 18088D   20130.85298366  .00002513  00000-0  10548-3 0  9995
2 43693  85.0333 102.5609 0020459  75.3863 284.9646 15.22717286 82970
PROXIMA I               
1 43694U 18088E   20130.49568973  .00000951  00000-0  39715-4 0  9992
2 43694  85.0302 102.6198 0021538  69.3023 291.0525 15.21910616 82922
PROXIMA II              
1 43696U 18088G   20130.49397062  .00000951  00000-0  39695-4 0  9990
2 43696  85.0303 102.6241 0021587  69.2380 291.1172 15.21913191 82912
FACSAT-1                
1 43721U 18096C   20130.88039104  .00001185  00000-0  47228-4 0  9992
2 43721  97.4219 204.6619 0015972 257.6973 102.2478 15.27127488 80504
CENTAURI-2              
1 43722U 18096D   20130.78808976  .00001596  00000-0  61712-4 0  9993
2 43722  97.4230 204.8093 0015962 257.7776 102.1676 15.27625067 80490
INNOSAT-2               
1 43738U 18096V   20130.87905148  .00002016  00000-0  71336-4 0  9990
2 43738  97.4244 206.7102 0021745 265.6392  94.2364 15.30154585 80639
SIRION PATHFINDER-2     
1 43759U 18099B   20130.89898978  .00000064  00000-0  10988-4 0  9997
2 43759  97.7071 203.2125 0013123 316.8898  43.1294 14.95264517 78179
CORVUS-BC 4             
1 43767U 18099K   20130.89284942  .00000290  00000-0  31987-4 0  9999
2 43767  97.7052 202.6591 0010707 322.3149  37.7320 14.94709956 78149
MOVE-II                 
1 43780U 18099Y   20130.78125297  .00000033  00000-0  81585-5 0  9994
2 43780  97.7076 203.0170 0012610 329.3836  30.6647 14.95365700 78132
SPACEBEE-7              
1 43816U 18099BL  20130.86202480  .00000275  00000-0  29922-4 0  9997
2 43816  97.7086 203.4643 0012148 311.8125  48.2058 14.95662157 77726
SPACEBEE-5              
1 43817U 18099BM  20129.89445218  .00001227  00000-0  11378-3 0  9990
2 43817  97.7141 202.8967 0011578 316.4621  43.5686 14.96238003 77599
SPACEBEE-6              
1 43818U 18099BN  20130.62958318  .00000626  00000-0  61187-4 0  9990
2 43818  97.7106 203.3560 0011918 313.5081  46.5149 14.95846586 77847
SHIELDS 1               
1 43850U 18104B   20130.72441151  .00000041  00000-0  00000+0 0  9999
2 43850  85.0327 200.9480 0013753 203.7594 156.3085 15.21354976 77587
STF-1                   
1 43852U 18104D   20130.73433846  .00000041  00000-0  00000+0 0  9994
2 43852  85.0355 201.4532 0012803 218.5059 141.5355 15.21212737 77561
ZACUBE-2                
1 43907U 18111AH  20130.92495248  .00000436  00000-0  20473-4 0  9997
2 43907  97.2688  31.8426 0019806 280.9473  78.9537 15.24554310 76143
LUME 1                  
1 43908U 18111AJ  20130.79443649  .00000880  00000-0  37966-4 0  9999
2 43908  97.2688  31.8613 0019554 281.1655  78.7385 15.24973993 76137
AOBA VELOX-IV           
1 43940U 19003J   20122.67935571  .00002295  00000-0  94415-4 0  9998
2 43940  97.2321 175.5541 0024757  33.1416  83.9199 15.24860275 71521
CATSAT-2                
1 44029U 98067PV  20130.67370334  .00009256  00000-0  10108-3 0  9993
2 44029  51.6369 152.4408 0003953 318.3042  41.7651 15.64150791 72457
DELPHINI                
1 44030U 98067PW  20130.52276634  .00013097  00000-0  13605-3 0  9990
2 44030  51.6328 152.0882 0003884 320.6864  39.3848 15.64991867 72411
UNITE                   
1 44031U 98067PX  20130.32088188  .00006564  00000-0  83672-4 0  9997
2 44031  51.6356 159.0487 0002781 308.1576  51.9166 15.60683655 72307
CATSAT-1                
1 44033U 98067PZ  20130.67358310  .00010941  00000-0  11841-3 0  9996
2 44033  51.6369 152.4462 0003784 317.3023  42.7677 15.64152486 72364
RAAVANA-1               
1 44329U 98067QE  20130.31189954  .00006708  00000-0  96953-4 0  9995
2 44329  51.6370 170.2861 0004994 217.9639 142.1001 15.57241949 50904
UGUISU                  
1 44330U 98067QF  20130.38663936  .00007154  00000-0  10320-3 0  9990
2 44330  51.6373 170.0309 0004992 216.5716 143.4935 15.57173059 50897
NEPALISAT-1             
1 44331U 98067QG  20130.56168780  .00006614  00000-0  95563-4 0  9991
2 44331  51.6373 168.9534 0005034 220.9743 139.0871 15.57275916 50931
SPOOQY-1                
1 44332U 98067QH  20130.43456824  .00006326  00000-0  91989-4 0  9995
2 44332  51.6374 169.6013 0004009 223.6501 136.4174 15.57190748 50875
SPACEBEE-9              
1 44370U 19037F   20130.89365273  .00007193  00000-0  16724-3 0  9990
2 44370  45.0155 331.2632 0013804 314.4441  45.5307 15.42954419 48647
SPACEBEE-8              
1 44371U 19037G   20130.93573380  .00014584  00000-0  29155-3 0  9990
2 44371  45.0162 326.5235 0011330 314.1707  45.8247 15.46687634 48693
IOD-1 GEMS              
1 44385U 98067QK  20130.66796439  .00010380  00000-0  13633-3 0  9991
2 44385  51.6386 167.4551 0001423 156.3731 203.7327 15.59143753 48447
MOVE-IIB                
1 44398U 19038N   20130.77857108  .00000947  00000-0  58290-4 0  9996
2 44398  97.5333  92.5126 0023466 260.5834  99.2744 15.12251631 46736
SONATE                  
1 44400U 19038Q   20130.80413223  .00000308  00000-0  21717-4 0  9995
2 44400  97.5367  92.5557 0023608 258.6510 101.2068 15.11923494 46737
LUCKY-7                 
1 44406U 19038W   20130.69414726  .00000503  00000-0  32844-4 0  9997
2 44406  97.5361  92.5379 0023017 258.7170 101.1474 15.12180436 46716
BEESAT 9                
1 44412U 19038AC  20130.56229623  .00000720  00000-0  45290-4 0  9990
2 44412  97.5353  92.3889 0021057 265.4933  94.3892 15.12245582 46397
JAISAT-1                
1 44419U 19038F   20130.52885372  .00000670  00000-0  41847-4 0  9990
2 44419  97.5357  92.5908 0019895 264.8010  95.0951 15.12728836 46716
SWIATOWID               
1 44426U 98067QL  20130.72069654  .00016464  00000-0  20671-3 0  9995
2 44426  51.6413 166.8237 0001907 148.2500 314.0276 15.59854295 48460
KRAKSAT                 
1 44427U 98067QM  20130.68066265  .00006134  00000-0  95079-4 0  9994
2 44427  51.6421 171.0667 0003216 155.6080 304.5439 15.55490000 48444
VCC A                   
1 44428U 98067QN  20130.41742632  .00005934  00000-0  88440-4 0  9996
2 44428  51.6389 171.0273 0001755 183.0349 177.0632 15.56642465 48421
ENTRYSAT                
1 44429U 98067QP  20130.60247100  .00007594  00000-0  10784-3 0  9997
2 44429  51.6377 169.2429 0001435 166.5369 193.5661 15.57496930 48468
VCC C                   
1 44430U 98067QQ  20130.41045031  .00009378  00000-0  12671-3 0  9996
2 44430  51.6370 169.4716 0000998 190.8060 169.2911 15.58517881 47260
VCC B                   
1 44431U 98067QR  20130.35384355  .00005930  00000-0  88295-4 0  9991
2 44431  51.6380 171.3419 0001899 181.9054 178.1931 15.56674342 48355
ATL-1                   
1 44830U 19084G   20130.61659126  .00044891  00000-0  29379-3 0  9992
2 44830  96.9797 359.4890 0029158  30.4873 329.8081 15.75070892 24333
SMOG-P                  
1 44832U 19084J   20130.89460858  .00046047  00000-0  29001-3 0  9993
2 44832  96.9802 359.8737 0027950  28.3898 331.8884 15.75991825 24384
DUCHIFAT-3              
1 44854U 19089C   20130.79489249  .00000314  00000-0  31872-4 0  9993
2 44854  36.9683 326.8118 0006713 106.4526 253.6972 14.99044598 22496
ORBITAL FACTORY 2 (OF-2)
1 45113U 19071C   20130.44306125  .00001435  00000-0  55573-4 0  9995
2 45113  51.6437 191.9772 0012625 277.5797  82.3751 15.33220510 15147
