CUTE-1 (CO-55)          
1 27844U 03031E   19222.98135118  .00000036  00000-0  35908-4 0  9992
2 27844  98.6842 230.3979 0008805 232.8065 127.2310 14.22188857835822
CUBESAT XI-IV (CO-57)   
1 27848U 03031J   19222.91829568  .00000028  00000-0  32405-4 0  9998
2 27848  98.6918 230.8473 0008594 245.8727 114.1552 14.21782815835677
CUBESAT XI-V            
1 28895U 05043F   19222.89921848  .00000084  00000-0  24965-4 0  9991
2 28895  97.9662   3.8277 0016879 179.0124 181.1115 14.63681033735036
CUTE-1.7+APD II (CO-65) 
1 32785U 08021C   19222.93286548  .00000142  00000-0  20953-4 0  9997
2 32785  97.5512 220.1401 0014721  86.8420 273.4481 14.88329279611537
AAUSAT-II               
1 32788U 08021F   19222.93605552  .00000329  00000-0  35238-4 0  9999
2 32788  97.4963 236.3104 0012530  29.0273 331.1643 14.94766136612772
DELFI-C3 (DO-64)        
1 32789U 08021G   19222.93646448  .00000893  00000-0  63560-4 0  9994
2 32789  97.4608 270.9860 0010681 307.7562  52.2698 15.07042218614882
SEEDS II (CO-66)        
1 32791U 08021J   19222.92875849  .00000108  00000-0  16291-4 0  9993
2 32791  97.5287 226.1627 0014864  64.0070 296.2678 14.90847381611966
SWISSCUBE               
1 35932U 09051B   19222.43315364  .00000089  00000-0  31152-4 0  9995
2 35932  98.5930  29.9634 0007766  13.3763 346.7638 14.56298606524410
BEESAT-1                
1 35933U 09051C   19222.43293210  .00000076  00000-0  28243-4 0  9994
2 35933  98.5953  31.7448 0006273  28.3890 331.7647 14.56386087524481
ITUPSAT1                
1 35935U 09051E   19222.93350113  .00000052  00000-0  23197-4 0  9994
2 35935  98.6063  32.4947 0008477  21.4632 338.6918 14.55544210524383
TISAT 1                 
1 36799U 10035E   19222.96347162  .00000280  00000-0  34326-4 0  9999
2 36799  98.1622  16.9023 0010866 271.2432  88.7540 14.91131037492509
M-CUBED & EXP-1 PRIME   
1 37855U 11061F   19222.83427419  .00000348  00000-0  25808-4 0  9993
2 37855 101.7101 145.7083 0173090 279.3140  78.8536 15.05526003424773
STRAND-1                
1 39090U 13009E   19222.63554389  .00000012  00000-0  19344-4 0  9991
2 39090  98.4845  67.6945 0010064 126.8680 233.3430 14.35092299337982
SOMP                    
1 39134U 13015E   19222.44894170  .00000808  00000-0  46089-4 0  9990
2 39134  64.8616 209.5035 0034014 295.5566  64.2046 15.20237159348616
BEESAT-3                
1 39135U 13015F   19222.92609184  .00000550  00000-0  37022-4 0  9994
2 39135  64.8679 227.0082 0028589 309.7149  50.1457 15.17535118348328
BEESAT-2                
1 39136U 13015G   19222.98322406  .00000311  00000-0  25666-4 0  9996
2 39136  64.8673 230.8015 0021832 301.9878  57.9125 15.16954370348251
NEE-01 PEGASO           
1 39151U 13018B   19222.81737429  .00000066  00000-0  15692-4 0  9998
2 39151  97.9733 318.8602 0017755  34.2513 325.9840 14.80060053339586
ESTCUBE 1               
1 39161U 13021C   19224.23158345  .00000087  00000-0  21579-4 0  9999
2 39161  97.9860 308.1485 0010024 145.9991 214.1879 14.72217048336397
POPACS 1                
1 39268U 13055D   19222.85496130  .00002894  00000-0  78294-4 0  9991
2 39268  81.0009 265.0533 0626196  66.4435 300.1234 14.37273210304673
POPACS 2                
1 39269U 13055E   19222.92408245  .00002784  00000-0  78783-4 0  9991
2 39269  81.0154 295.8781 0684499 146.1795 218.5078 14.24069286301628
POPACS 3                
1 39270U 13055F   19222.95647439  .00002128  00000-0  66225-4 0  9996
2 39270  81.0182 313.3191 0713845 196.6872 160.9687 14.15917361281030
ZACUBE-1 (TSHEPISOSAT)  
1 39417U 13066B   19222.94048766  .00000130  00000-0  22818-4 0  9999
2 39417  97.5621 233.4497 0057931 218.2173 141.4928 14.81133178308925
WNISAT-1                
1 39423U 13066H   19224.31007554  .00000023  00000-0  13866-4 0  9993
2 39423  97.7767 162.2938 0176093 142.5978 218.7660 14.53051829303384
TRITON-1                
1 39427U 13066M   19222.89919424  .00000182  00000-0  37113-4 0  9993
2 39427  97.6804 197.0005 0113798 355.9317   4.0952 14.67862006306149
GOMX-1                  
1 39430U 13066Q   19224.27259000  .00000167  00000-0  38718-4 0  9993
2 39430  97.7508 177.2420 0152572  82.1466 279.7033 14.59269147304566
CUBEBUG-2 (LO-74)       
1 39440U 13066AA  19222.97266292  .00000114  00000-0  23063-4 0  9999
2 39440  97.6040 218.2693 0078636 271.9906  87.2300 14.75871344306635
NEE-02 KRYSAOR          
1 39441U 13066AB  19222.91450794  .00000078  00000-0  18432-4 0  9999
2 39441  97.6083 215.9545 0080195 279.5155  79.6999 14.74918685306487
FUNCUBE-1 (AO-73)       
1 39444U 13066AE  19222.97914610  .00000148  00000-0  24572-4 0  9990
2 39444  97.5600 235.4835 0057217 211.5797 148.1979 14.81955462307236
UWE-3                   
1 39446U 13066AG  19222.95327524  .00000129  00000-0  23995-4 0  9999
2 39446  97.5821 225.3318 0068542 245.7581 113.6459 14.78405893306547
BRITE-CA1 (TORONTO)     
1 40020U 14033L   19222.96316250  .00000035  00000-0  14530-4 0  9990
2 40020  97.7442  63.8356 0087158 347.6148  12.2914 14.66581465275104
DUCHIFAT-1              
1 40021U 14033M   19222.84243913  .00000097  00000-0  15806-4 0  9998
2 40021  97.9228 147.6120 0011552 231.4361 128.5822 14.90656038279469
NANOSATC-BR1            
1 40024U 14033Q   19222.83013315  .00000100  00000-0  16308-4 0  9994
2 40024  97.9120 144.8867 0010867 235.2668 124.7526 14.89866969278833
QB50P1                  
1 40025U 14033R   19222.72301413  .00000181  00000-0  25241-4 0  9997
2 40025  97.9040 142.3200 0011056 242.5964 117.4128 14.88963500278701
QB50P2                  
1 40032U 14033Y   19222.80841895  .00000122  00000-0  19155-4 0  9999
2 40032  97.8961 140.4772 0010512 237.9465 122.0731 14.88497192278625
PERSEUS-M2              
1 40037U 14033AD  19223.81431064  .00000074  00000-0  14627-4 0  9994
2 40037  97.8873 137.4939 0013130 252.0435 107.9424 14.86468888279010
PERSEUS-M1              
1 40039U 14033AF  19222.93656251  .00000049  00000-0  11909-4 0  9997
2 40039  97.8866 135.6865 0012834 249.4753 110.5085 14.86088270278302
POLYITAN-1              
1 40042U 14033AJ  19222.72983376  .00000188  00000-0  26143-4 0  9999
2 40042  97.9119 142.6653 0013350 232.0955 127.9055 14.88678207278617
TIGRISAT                
1 40043U 14033AK  19223.65003127 -.00000041  00000-0  16538-5 0  9997
2 40043  97.7460  89.1643 0058924 283.1471  76.3181 14.74280353276559
AEROCUBE 6A             
1 40045U 14033AM  19222.60058892  .00000137  00000-0  27247-4 0  9995
2 40045  97.7737  92.1723 0056396 279.3613  80.1223 14.75407043276364
AEROCUBE 6B             
1 40046U 14033AN  19222.87776438  .00000145  00000-0  28375-4 0  9990
2 40046  97.7669  92.0220 0055583 277.5150  81.9748 14.75388382276166
UKUBE-1                 
1 40074U 14037F   19224.44514941  .00000239  00000-0  35833-4 0  9990
2 40074  98.4424  29.5261 0005749  55.5037 304.6727 14.84077519275776
BRITE-PL2 (HEWELIUSZ)   
1 40119U 14049B   19222.83801413  .00000064  00000-0  14075-4 0  9998
2 40119  97.9050 313.0115 0018506  50.7303 309.5550 14.84415654269465
FIREBIRD 4              
1 40378U 15003C   19222.96860512  .00000984  00000-0  42966-4 0  9996
2 40378  99.1166 214.2051 0125745 272.9596  85.7250 15.18941958250011
GRIFEX                  
1 40379U 15003D   19222.94429882  .00000840  00000-0  40248-4 0  9998
2 40379  99.1161 207.9120 0133953 292.5152  66.1941 15.15589345249652
EXOCUBE (CP10)          
1 40380U 15003E   19222.93086208  .00000800  00000-0  40236-4 0  9993
2 40380  99.1187 204.4756 0139002 304.0075  54.8011 15.13604764249410
TIANWANG 1C (TW-1C)     
1 40926U 15051B   19224.50578948  .00008464  00000-0  12039-3 0  9997
2 40926  97.1322 270.6281 0008471 157.3452 310.8232 15.56576413218687
TIANWANG 1A (TW-1A)     
1 40928U 15051D   19224.50082769  .00002303  00000-0  57775-4 0  9993
2 40928  97.1434 254.5896 0009706 229.1872 237.0159 15.41005026217613
EXACTVIEW 9             
1 40936U 15052G   19222.57601107  .00000741  00000-0  14625-4 0  9992
2 40936   6.0045  44.0264 0010404 173.8308 186.1948 14.76498197209057
ATHENOXAT 1             
1 41168U 15077C   19222.22659345  .00001501  00000-0  43789-4 0  9994
2 41168  14.9875 191.0503 0011566 104.2313 255.9293 15.13696139201954
GALASSIA                
1 41170U 15077E   19222.60352381  .00001416  00000-0  38620-4 0  9992
2 41170  14.9879 181.2392 0012914 134.0081 226.1305 15.14025724202074
VELOX-II                
1 41171U 15077F   19222.50127152  .00001185  00000-0  29850-4 0  9996
2 41171  14.9902 216.3377 0008853  47.7226 312.3844 15.11254501201757
HORYU-4                 
1 41340U 16012D   19222.96153653  .00000337  00000-0  18860-4 0  9996
2 41340  31.0045 155.1516 0014013 296.9068  63.0135 15.01286758191024
E-ST@R-II               
1 41459U 16025D   19224.23937571  .00001178  00000-0  63851-4 0  9996
2 41459  98.1039 313.4938 0168598 174.5793 185.7304 15.05543018180750
AAUSAT 4                
1 41460U 16025E   19224.21314448  .00001683  00000-0  87612-4 0  9990
2 41460  98.0948 314.8384 0157961 166.9543 193.5938 15.07452077180880
DIWATA-1                
1 41463U 98067HT  19224.49779633  .00019625  00000-0  90509-4 0  9994
2 41463  51.6302 321.8621 0001535  19.2254  64.4296 15.83580570188456
BEESAT-4                
1 41619U 16040W   19222.72790343  .00000911  00000-0  41397-4 0  9992
2 41619  97.3639 283.9557 0011008 188.4904 171.6149 15.23213184161932
CANX-7                  
1 41788U 16059F   19224.15486360  .00004159  00000-0  63019-3 0  9991
2 41788  98.2420 300.4355 0028326 192.7250 167.3253 14.74448247154037
RAVAN                   
1 41849U 16067B   19222.82083409  .00000693  00000-0  63421-4 0  9994
2 41849  97.9220 322.7411 0008517 191.7631 168.3393 14.98259554149959
CELTEE 1                
1 41850U 16067C   19222.81081492  .00000262  00000-0  27992-4 0  9990
2 41850  97.9182 321.3001 0008538 197.5852 162.5075 14.97025340149877
OPTICUBE 04             
1 41851U 16067D   19222.82619356  .00000646  00000-0  61650-4 0  9993
2 41851  97.9184 321.0844 0008336 197.5465 162.5469 14.96820001149860
AEROCUBE 8D             
1 41852U 16067E   19222.83205613  .00000522  00000-0  50956-4 0  9992
2 41852  97.9197 320.9158 0009011 198.5666 161.5227 14.96738461149843
AEROCUBE 8C             
1 41853U 16067F   19222.85621323 -.00000381  00000-0 -28076-4 0  9998
2 41853  97.9189 320.8725 0009426 203.0818 156.9980 14.96698861149848
PROMETHEUS 2-1          
1 41854U 16067G   19222.81575159  .00000617  00000-0  58994-4 0  9992
2 41854  97.9195 320.9892 0009947 200.5376 159.5446 14.96924123149840
PROMETHEUS 2-3          
1 41855U 16067H   19222.81791136  .00000706  00000-0  66750-4 0  9996
2 41855  97.9199 321.0094 0010090 200.7240 159.3573 14.96930095149848
INS-1B                  
1 41954U 17008G   19222.94254207  .00000783  00000-0  35190-4 0  9998
2 41954  97.3964 287.2787 0008101 327.5922  32.4817 15.24031333137915
BGUSAT                  
1 41999U 17008BD  19222.78473964  .00001362  00000-0  55368-4 0  9995
2 41999  97.4042 289.7182 0007381 344.2632  15.8376 15.26250977137397
DIDO-2                  
1 42000U 17008BE  19222.67112776  .00000590  00000-0  27311-4 0  9997
2 42000  97.3977 287.5611 0008016 349.8503  10.2571 15.23956931137277
PEASSS                  
1 42015U 17008BV  19222.92930623  .00000677  00000-0  30054-4 0  9994
2 42015  97.3986 288.8553 0006055 358.3975   1.7243 15.24935941137866
AL-FARABI 1             
1 42016U 17008BW  19222.70898860  .00000957  00000-0  40521-4 0  9998
2 42016  97.4002 289.2398 0005879 358.6853   1.4368 15.25589628137986
NAYIF-1 (EO-88)         
1 42017U 17008BX  19222.95769515  .00000921  00000-0  39050-4 0  9996
2 42017  97.3999 289.4963 0005853 358.3222   1.7996 15.25624127138042
ALTAIR PATHFINDER       
1 42711U 98067LS  19222.89740843  .00040133  00000-0  17564-3 0  9991
2 42711  51.6337  13.1391 0002654 333.2850  26.8017 15.84244051127515
NSIGHT                  
1 42726U 98067MF  19222.91365057  .00017956  00000-0  13260-3 0  9996
2 42726  51.6367  36.1428 0004086  20.3417 339.7743 15.73064300126194
UCLSAT                  
1 42765U 17036A   19222.69794292  .00000777  00000-0  36128-4 0  9990
2 42765  97.3473 279.5657 0012743  49.7592 310.4758 15.22816758119120
LITUANICASAT-2          
1 42768U 17036D   19222.93705746  .00001282  00000-0  57450-4 0  9999
2 42768  97.3509 279.4318 0016039  38.7391 321.4993 15.22922994118417
AALTO-1                 
1 42775U 17036L   19222.74120298  .00000503  00000-0  25422-4 0  9998
2 42775  97.3455 278.2335 0015031  40.0728 320.1614 15.21388570118277
URSA MAIOR              
1 42776U 17036M   19222.96035643  .00000531  00000-0  26582-4 0  9991
2 42776  97.3465 278.6124 0014817  39.3879 320.8432 15.21525669118310
COMPASS 2               
1 42777U 17036N   19222.75520605  .00001087  00000-0  49115-4 0  9990
2 42777  97.3506 279.7187 0013574  41.4324 318.7939 15.22993683118343
DIAMOND RED             
1 42783U 17036U   19222.69653505  .00000654  00000-0  31343-4 0  9999
2 42783  97.3472 279.1230 0013433  50.4554 309.7868 15.22263409118318
PEGASUS                 
1 42784U 17036V   19222.73108017  .00000743  00000-0  34939-4 0  9991
2 42784  97.3476 279.4018 0013303  49.8206 310.4193 15.22563324118333
DIAMOND GREEN           
1 42785U 17036W   19222.95826081  .00000533  00000-0  26123-4 0  9997
2 42785  97.3474 279.4044 0013326  50.2380 310.0028 15.22261964118423
DIAMOND BLUE            
1 42786U 17036X   19222.95743730  .00000632  00000-0  30432-4 0  9995
2 42786  97.3473 279.4013 0013175  50.5226 309.7173 15.22261652118423
NUDTSAT                 
1 42787U 17036Y   19224.20564598  .00000996  00000-0  44508-4 0  9991
2 42787  97.3507 281.6116 0013124  36.7828 323.4315 15.23559001118441
SUCHAI                  
1 42788U 17036Z   19222.72357940  .00000916  00000-0  41839-4 0  9994
2 42788  97.3481 279.7295 0012852  49.3002 310.9349 15.22991243118423
SKCUBE                  
1 42789U 17036AA  19222.94001157  .00000801  00000-0  37078-4 0  9998
2 42789  97.3477 279.8737 0012700  48.7778 311.4552 15.22886050118371
VZLUSAT-1               
1 42790U 17036AB  19222.74764716  .00001124  00000-0  49871-4 0  9998
2 42790  97.3493 280.1859 0012258  48.7608 311.4683 15.23555017118373
ROBUSTA-1B              
1 42792U 17036AD  19222.93073078  .00000852  00000-0  39074-4 0  9996
2 42792  97.3478 280.0256 0012303  49.6075 310.6234 15.23056324118399
CICERO 6                
1 42793U 17036AE  19222.93909322  .00000542  00000-0  26240-4 0  9994
2 42793  97.3460 279.7766 0011602  51.5163 308.7112 15.22631431118450
D-SAT                   
1 42794U 17036AF  19222.95543574  .00000025  00000-0  78298-5 0  9997
2 42794  97.5357 265.3025 0125568 324.7158  34.5796 14.91117142116276
CORVUS BC2              
1 42846U 17042X   19222.93003798  .00000103  00000-0  15440-4 0  9995
2 42846  97.5593 114.7937 0008301 232.4543 127.5923 14.91987689112950
CORVUS BC1              
1 42847U 17042Y   19222.94676440 -.00000101  00000-0 -46419-5 0  9998
2 42847  97.5595 114.9248 0007913 231.2621 128.7892 14.92087998112955
MIRATA                  
1 43015U 17073C   19222.72539325  .00000935  00000-0  78400-4 0  9993
2 43015  97.7176 141.8719 0255013 345.3361  14.0547 14.79058165 93137
MAKERSAT 0              
1 43016U 17073D   19222.74854079  .00000670  00000-0  57746-4 0  9998
2 43016  97.7209 142.0958 0257161 345.6846  13.7171 14.78790978 93122
ASTERIA                 
1 43020U 98067NH  19222.77157982  .00019972  00000-0  15194-3 0  9992
2 43020  51.6431  48.1940 0001806 335.9918  24.0996 15.72278193 98204
DELLINGR (RBLE)         
1 43021U 98067NJ  19222.95608325  .00006635  00000-0  75207-4 0  9999
2 43021  51.6385  62.8175 0001642 313.9872  46.0987 15.63753904 98021
AEROCUBE 7B (OCSD B)    
1 43042U 17071F   19222.93079637  .00001851  00000-0  53212-4 0  9991
2 43042  51.6377 152.5920 0004564 356.1375   3.9574 15.41420977 94299
AEROCUBE 7C (OCSD C)    
1 43043U 17071G   19222.93080173  .00002062  00000-0  58180-4 0  9993
2 43043  51.6378 152.6063 0004891   0.3161 359.7827 15.41418863 94265
CHEFSAT                 
1 43044U 17071H   19222.95738995  .00002844  00000-0  70055-4 0  9991
2 43044  51.6384 146.1673 0004733 359.8930   0.2055 15.44181581 94357
ASGARDIA 1              
1 43049U 17071N   19222.94334782  .00001998  00000-0  56423-4 0  9993
2 43049  51.6388 151.9742 0002634  23.3667 336.7437 15.41536309 94276
ISARA                   
1 43050U 17071P   19222.92542822  .00003584  00000-0  87243-4 0  9996
2 43050  51.6375 147.4055 0002467  21.7926 338.3165 15.43700362 94332
PROPCUBE 2 (FAUNA)      
1 43052U 17071R   19222.22626284  .00002586  00000-0  69553-4 0  9991
2 43052  51.6387 154.7045 0002521  17.8235 342.2838 15.41826263 94166
CORVUS BC3              
1 43118U 18004H   19222.96039373  .00000479  00000-0  23456-4 0  9990
2 43118  97.4833 290.1340 0012008  69.1580 291.0941 15.22896089 87586
MICROMAS-2A             
1 43131U 18004W   19222.78992861  .00001145  00000-0  49880-4 0  9995
2 43131  97.4860 290.7746 0010985  71.4114 288.8315 15.24233320 87605
SPACEBEE-4              
1 43139U 18004AE  19222.91243000  .00001615  00000-0  67386-4 0  9995
2 43139  97.4881 291.4578 0010464  74.0101 286.2288 15.25107029 87657
SPACEBEE-3              
1 43140U 18004AF  19222.93786686  .00001985  00000-0  80826-4 0  9995
2 43140  97.4893 291.7749 0010276  73.7912 286.4456 15.25663496 87678
SPACEBEE-2              
1 43141U 18004AG  19222.77075992  .00002167  00000-0  87478-4 0  9992
2 43141  97.4897 291.7055 0010190  74.2937 285.9425 15.25851189 87657
SPACEBEE-1              
1 43142U 18004AH  19222.92684594  .00002271  00000-0  90932-4 0  9999
2 43142  97.4901 291.9776 0010137  73.6864 286.5488 15.26063943 87671
CICERO 7                
1 43143U 18004AJ  19222.74321999  .00001053  00000-0  45959-4 0  9993
2 43143  97.4846 290.9430 0009218  79.9998 280.2279 15.24354103 87613
GOMX-4B                 
1 43196U 18015E   19223.93978920  .00000324  00000-0  16275-4 0  9996
2 43196  97.3969 350.7356 0019829 114.2348 246.0962 15.23980614 84605
GOMX-4A                 
1 43197U 18015F   19224.58539645  .00000370  00000-0  18093-4 0  9997
2 43197  97.3989 351.4038 0020579 113.1759 305.8159 15.24076735 84716
1KUNS-PF                
1 43466U 98067NP  19222.78532202  .00016382  00000-0  15144-3 0  9996
2 43466  51.6373  64.6374 0000248   8.9577 351.1423 15.67706176 71249
UBAKUSAT                
1 43467U 98067NQ  19222.85552614  .00008887  00000-0  98978-4 0  9992
2 43467  51.6375  69.6139 0001609 268.7869  91.2941 15.63701819 71194
BATSU-CS1 (IRAZU)       
1 43468U 98067NR  19222.92279232  .00023200  00000-0  18365-3 0  9990
2 43468  51.6362  59.5173 0000176 358.9508   1.1489 15.71221181171317
CUBERRT                 
1 43546U 98067NU  19222.88088100  .00006042  00000-0  63462-4 0  9998
2 43546  51.6386  69.7821 0003778 346.8221  13.2675 15.65926983 61327
TEMPEST-D               
1 43547U 98067NV  19222.76783898  .00002788  00000-0  42517-4 0  9993
2 43547  51.6392  80.2842 0005152 330.0698  30.0000 15.58369453 60858
RAINCUBE                
1 43548U 98067NW  19222.96102459  .00009007  00000-0  10562-3 0  9999
2 43548  51.6372  74.0523 0004786 341.3587  18.7231 15.62339472 61402
HALOSAT                 
1 43549U 98067NX  19222.96718124  .00008913  00000-0  10492-3 0  9999
2 43549  51.6380  74.1092 0004874 345.6031  14.4823 15.62253939 60966
ENDUROSAT ONE           
1 43551U 98067NZ  19222.80520596  .00011579  00000-0  12564-3 0  9993
2 43551  51.6378  72.2785 0005095 352.2508   7.8407 15.64013914 61383
EQUISAT                 
1 43552U 98067PA  19222.83019480  .00009105  00000-0  10570-3 0  9999
2 43552  51.6391  73.9730 0005499 350.3245   9.7643 15.62583091 61325
AEROCUBE 12A            
1 43556U 18046C   19222.47085891  .00000339  00000-0  24547-4 0  9991
2 43556  51.6421 163.4593 0007802 259.0273 100.9829 15.28814412 59638
AEROCUBE 12B            
1 43557U 18046D   19222.35821544  .00000292  00000-0  22969-4 0  9996
2 43557  51.6427 164.2030 0007857 259.0478 100.9618 15.28678392 59560
UITMSAT-1               
1 43589U 98067PD  19222.82816687  .00010085  00000-0  11548-3 0  9997
2 43589  51.6364  74.6449 0004887 359.8115   0.2877 15.62797468 57055
MAYA-1                  
1 43590U 98067PE  19222.88657296  .00009424  00000-0  10823-3 0  9994
2 43590  51.6364  74.2896 0005077   0.0482   0.0512 15.62815183 56994
BHUTAN-1                
1 43591U 98067PF  19222.81134220  .00010470  00000-0  11931-3 0  9999
2 43591  51.6377  74.5634 0005172   0.3241 359.7755 15.62873629 56985
SIRIUSSAT-1             
1 43595U 98067PG  19222.95383932  .00009536  00000-0  11292-3 0  9995
2 43595  51.6366  75.4891 0002737 316.2353  43.8424 15.62002922 56163
SIRIUSSAT-2             
1 43596U 98067PH  19222.86166326  .00009382  00000-0  11190-3 0  9998
2 43596  51.6377  76.4134 0003247 315.6199  44.4534 15.61837256 56147
TANUSHA-3               
1 43597U 98067PJ  19222.80330699  .00013227  00000-0  14482-3 0  9999
2 43597  51.6360  74.4544 0002817 333.9641  26.1212 15.63637830 56160
SURFSAT                 
1 43614U 18070B   19222.96452441  .00001784  00000-0  48168-4 0  9996
2 43614  93.0246  25.6409 0018710  99.1609 261.1762 15.37695634 50594
CP7 (DAVE)              
1 43615U 18070C   19222.97312786  .00001617  00000-0  43795-4 0  9991
2 43615  93.0251  25.6448 0018808  98.6774 261.6611 15.37607280 50597
ELFIN-B                 
1 43616U 18070D   19222.89347169  .00002484  00000-0  65669-4 0  9993
2 43616  93.0213  25.5216 0019550 101.9735 258.3711 15.38301288 50592
ELFIN-A                 
1 43617U 18070E   19222.95082303  .00002506  00000-0  66171-4 0  9991
2 43617  93.0268  25.8019 0018731  99.1200 261.2174 15.38346174 50603
CUBEBEL-1 (BSUSAT-1)    
1 43666U 18083E   19224.54652377  .00000754  00000-0  40760-4 0  9999
2 43666  97.5188 248.6456 0015259   4.2513  99.3254 15.17658143 43603
DEBRISSAT-2             
1 43680U 98067PR  19222.88342216  .00016071  00000-0  16742-3 0  9999
2 43680  51.6367  73.5325 0002649 354.0264   6.0699 15.64721472 64910
CICERO 10               
1 43690U 18088A   19222.96309109  .00000527  00000-0  22714-4 0  9994
2 43690  85.0374 283.4396 0015745  21.3347 338.8547 15.19722070 41443
IRVINE01                
1 43693U 18088D   19222.95516330  .00001463  00000-0  62964-4 0  9993
2 43693  85.0349 282.9412 0018299   5.2543 354.8887 15.21532740 41460
PROXIMA I               
1 43694U 18088E   19222.65166904  .00000590  00000-0  24343-4 0  9998
2 43694  85.0319 282.9566 0019134 357.0221   3.0903 15.21443726 41432
PROXIMA II              
1 43696U 18088G   19222.91372074  .00000556  00000-0  22830-4 0  9997
2 43696  85.0319 282.7846 0019120 355.9841   4.1244 15.21448603 41465
FACSAT-1                
1 43721U 18096C   19224.09971257  .00001070  00000-0  43804-4 0  9990
2 43721  97.4570 293.8709 0019084 134.8193 315.6512 15.26395008 39037
CENTAURI-2              
1 43722U 18096D   19222.74486111  .00001305  00000-0  52398-4 0  9990
2 43722  97.4569 292.5834 0019292 139.7149 220.5523 15.26628854 38827
INNOSAT-2               
1 43738U 18096V   19224.11871894  .00001951  00000-0  71794-4 0  9994
2 43738  97.4571 294.7578 0025290 146.7428 282.3908 15.28822086 39097
SIRION PATHFINDER-2     
1 43759U 18099B   19222.92426021 -.00000111  00000-0 -48818-5 0  9996
2 43759  97.7421 294.2500 0015310 139.0543 221.1830 14.95144578 37372
CORVUS-BC 4             
1 43767U 18099K   19222.95015940  .00000440  00000-0  45925-4 0  9990
2 43767  97.7409 294.0160 0012848 140.8137 219.4016 14.94589276 37372
MOVE-II                 
1 43780U 18099Y   19222.87746670  .00000693  00000-0  68405-4 0  9995
2 43780  97.7417 294.1147 0014573 149.4829 210.7243 14.95091316 37350
SPACEBEE-7              
1 43816U 18099BL  19222.74925119  .00000700  00000-0  68432-4 0  9997
2 43816  97.7431 294.1735 0014750 135.7540 224.4863 14.95438241 36906
SPACEBEE-5              
1 43817U 18099BM  19224.13139666  .00000205  00000-0  23626-4 0  9993
2 43817  97.7430 295.6296 0014156 132.1226 228.1139 14.95699497 37119
SPACEBEE-6              
1 43818U 18099BN  19222.67455612  .00000714  00000-0  69585-4 0  9992
2 43818  97.7436 294.1292 0014710 136.3686 223.8701 14.95522269 37049
SHIELDS 1               
1 43850U 18104B   19223.52553060  .00000042  00000-0  00000+0 0  9992
2 43850  85.0271  20.8673 0016827 126.7354 233.5411 15.21113050 36202
STF-1                   
1 43852U 18104D   19224.46850528  .00000041  00000-0  00000+0 0  9996
2 43852  85.0317  20.5220 0016167 135.7031 224.5550 15.20672150 36337
ZACUBE-2                
1 43907U 18111AH  19222.91828462  .00000304  00000-0  15275-4 0  9992
2 43907  97.2855 126.6845 0022211 159.2566 200.9578 15.24224921 34555
LUME 1                  
1 43908U 18111AJ  19222.77440950  .00000614  00000-0  27751-4 0  9995
2 43908  97.2854 126.5716 0022102 159.8360 200.3756 15.24399349 34535
AOBA VELOX-IV           
1 43940U 19003J   19224.51553603  .00001315  00000-0  56931-4 0  9997
2 43940  97.2737 280.7964 0023163 236.7318 231.3028 15.23930647 31438
CATSAT-2                
1 44029U 98067PV  19222.82744074  .00007719  00000-0  11101-3 0  9992
2 44029  51.6398  85.1980 0004643 354.5604   5.5336 15.57123261 29857
DELPHINI                
1 44030U 98067PW  19222.94508333  .00007117  00000-0  10223-3 0  9999
2 44030  51.6386  84.4687 0004212 353.4292   6.6644 15.57302507 29840
UNITE                   
1 44031U 98067PX  19222.88724105  .00004470  00000-0  69521-4 0  9995
2 44031  51.6396  85.5862 0003033 352.9741   7.1207 15.56159410 29823
TECHEDSAT 8             
1 44032U 98067PY  19222.81913901  .00020301  00000-0  23833-3 0  9999
2 44032  51.6383  82.1287 0002735 354.3166   5.7796 15.61453476 29843
CATSAT-1                
1 44033U 98067PZ  19222.82730822  .00008436  00000-0  12062-3 0  9997
2 44033  51.6398  85.1977 0004535 355.6194   4.4757 15.57138267 29761
RAAVANA-1               
1 44329U 98067QE  19222.89328853  .00004403  00000-0  78096-4 0  9999
2 44329  51.6414  89.3822 0006577 281.5715  78.4536 15.52482277  8522
UGUISU                  
1 44330U 98067QF  19222.89459808  .00004346  00000-0  77277-4 0  9992
2 44330  51.6414  89.3910 0006576 280.2442  79.7807 15.52443490  8501
NEPALISAT-1             
1 44331U 98067QG  19222.89205684  .00004376  00000-0  77562-4 0  9994
2 44331  51.6415  89.3746 0006595 283.1566  76.8688 15.52517013  8519
SPOOQY-1                
1 44332U 98067QH  19222.89076686  .00004297  00000-0  76200-4 0  9993
2 44332  51.6413  89.3645 0005358 285.4632  74.5766 15.52553690  8479
SPACEBEE-9              
1 44370U 19037F   19224.40797403 -.00000349  00000-0  00000+0 0  9996
2 44370  45.0141  43.6189 0015691 162.6180 197.5259 15.39370126  6766
SPACEBEE-8              
1 44371U 19037G   19224.46778255 -.00000354  00000-0  00000+0 0  9993
2 44371  45.0153  43.2335 0020819 169.6369 190.5719 15.39688518  6764
MOVE-IIB                
1 44398U 19038N   19222.84137913  .00000858  00000-0  53896-4 0  9997
2 44398  97.4916 184.0775 0027103 118.7266 241.6692 15.11607935  5498
SONATE                  
1 44400U 19038Q   19222.84025832  .00000416  00000-0  28073-4 0  9996
2 44400  97.4927 184.0767 0026921 117.2341 243.1637 15.11639453  5496
LUCKY-7                 
1 44406U 19038W   19222.90202403  .00000441  00000-0  29378-4 0  9997
2 44406  97.4926 184.1474 0026393 116.9838 243.4092 15.11825092  5491
BEESAT 9                
1 44412U 19038AC  19222.83719107  .00001500  00000-0  91105-4 0  9994
2 44412  97.4918 184.0811 0024495 122.4864 237.8739 15.11774915  5183
JAISAT-1                
1 44419U 19038F   19222.95756539  .00000481  00000-0  31380-4 0  9990
2 44419  97.4926 184.2265 0023266 121.9461 238.4036 15.12269220  5519
SWIATOWID               
1 44426U 98067QL  19212.29025139  .00007759  00000-0  13470-3 0  9992
2 44426  51.6418 142.3186 0004100 190.7885 169.3018 15.51868425  4350
KRAKSAT                 
1 44427U 98067QM  19224.47468221  .00003605  00000-0  66773-4 0  9990
2 44427  51.6437  81.7943 0003016 235.2121 192.6707 15.51841052  6287
VCC A                   
1 44428U 98067QN  19222.84775284  .00004753  00000-0  84936-4 0  9996
2 44428  51.6427  89.8314 0002739 253.0416 107.0274 15.52060721  6033
ENTRYSAT                
1 44429U 98067QP  19222.84683143  .00005372  00000-0  94773-4 0  9997
2 44429  51.6426  89.8246 0002600 241.5148 118.5580 15.52126137  6039
VCC C                   
1 44430U 98067QQ  19222.84783978  .00005742  00000-0  10102-3 0  9990
2 44430  51.6426  89.8316 0002755 251.8083 108.2607 15.52058706  4852
VCC B                   
1 44431U 98067QR  19222.91288193  .00004543  00000-0  81589-4 0  9994
2 44431  51.6425  89.5159 0002918 251.0600 109.0074 15.52033752  5988
