CUTE-1 (CO-55)          
1 27844U 03031E   20283.75241008  .00000050  00000-0  41929-4 0  9998
2 27844  98.6836 289.7679 0011002  85.3284 274.9150 14.22260092896345
CUBESAT XI-IV (CO-57)   
1 27848U 03031J   20283.74198912  .00000037  00000-0  36518-4 0  9999
2 27848  98.6900 290.3229 0010877  96.7176 263.5240 14.21844195896182
CUBESAT XI-V            
1 28895U 05043F   20283.63804801  .00000146  00000-0  36971-4 0  9990
2 28895  98.0262  56.9019 0015472 281.5503  78.3962 14.63807075797317
CUTE-1.7+APD II (CO-65) 
1 32785U 08021C   20283.54422244  .00000208  00000-0  27942-4 0  9996
2 32785  97.5840 266.6051 0014451 112.3503 247.9248 14.88526828674843
AAUSAT-II               
1 32788U 08021F   20283.69552165  .00000720  00000-0  70465-4 0  9998
2 32788  97.4957 283.1422 0012728  38.6811 321.5319 14.95174336676387
DELFI-C3 (DO-64)        
1 32789U 08021G   20283.67523481  .00001188  00000-0  81144-4 0  9991
2 32789  97.4080 322.4350 0010370 285.8101  74.1984 15.07986695679027
SEEDS II (CO-66)        
1 32791U 08021J   20283.48148355  .00000249  00000-0  30440-4 0  9996
2 32791  97.5497 272.6470 0014856  83.3398 276.9512 14.91127213675372
SWISSCUBE               
1 35932U 09051B   20283.46815284  .00000125  00000-0  39291-4 0  9996
2 35932  98.6117 109.4371 0008343 131.8592 228.3318 14.56431631586468
BEESAT-1                
1 35933U 09051C   20283.51347816  .00000099  00000-0  33275-4 0  9990
2 35933  98.6103 111.3509 0006376 141.5965 218.5686 14.56502656586505
ITUPSAT1                
1 35935U 09051E   20283.50651240  .00000088  00000-0  31333-4 0  9991
2 35935  98.6209 111.5272 0008686 143.7510 216.4277 14.55644654586269
TISAT 1                 
1 36799U 10035E   20283.42624315  .00000443  00000-0  50458-4 0  9992
2 36799  98.2026  98.1492 0011381 321.6634  38.3774 14.91441553555919
M-CUBED & EXP-1 PRIME   
1 37855U 11061F   20283.61673985  .00001525  00000-0  81871-4 0  9999
2 37855 101.7251  70.9487 0170026  96.0545 266.0070 15.06625475488391
AEROCUBE 4.5A           
1 38767U 12048K   20283.26747413  .00000347  00000-0  43914-4 0  9994
2 38767  64.6658 240.4278 0134146  95.1912 266.4524 14.92393904 58782
AEROCUBE 4.5B           
1 38768U 12048L   20283.12979451  .00000578  00000-0  58551-4 0  9998
2 38768  64.6673 207.3827 0124089  90.1380 271.3953 14.96104946 58883
STRAND-1                
1 39090U 13009E   20283.55921713  .00000017  00000-0  21207-4 0  9996
2 39090  98.4465 125.3971 0008288 310.5966  49.4498 14.35146959399054
SOMP                    
1 39134U 13015E   20283.30859660  .00001460  00000-0  73651-4 0  9999
2 39134  64.8616 268.4231 0023545 226.7203 133.1962 15.21344454412993
BEESAT-3                
1 39135U 13015F   20283.52370647  .00000809  00000-0  48549-4 0  9991
2 39135  64.8662 292.9586 0029441 225.0449 134.8290 15.18412087412531
BEESAT-2                
1 39136U 13015G   20283.48531836  .00001136  00000-0  65053-4 0  9999
2 39136  64.8738 298.4680 0035304 267.5054  92.2031 15.17803834412421
NEE-01 PEGASO           
1 39151U 13018B   20283.51006092  .00000158  00000-0  27748-4 0  9996
2 39151  97.9762  21.5611 0018414  91.3433 268.9888 14.80210630402558
ESTCUBE 1               
1 39161U 13021C   20283.79327072  .00000126  00000-0  27608-4 0  9995
2 39161  97.9596   4.5017 0008391 230.0362 130.0088 14.72357523398864
POPACS 1                
1 39268U 13055D   20283.41306789  .00002413  00000-0  66150-4 0  9997
2 39268  81.0036 175.6256 0612111 243.5102 110.2083 14.40208430365868
POPACS 2                
1 39269U 13055E   20283.13143261  .00005195  00000-0  14845-3 0  9994
2 39269  81.0157 216.6113 0675558 349.9017   8.9122 14.26034076362187
POPACS 3                
1 39270U 13055F   20283.16060605  .00001638  00000-0  49184-4 0  9992
2 39270  81.0152 239.8141 0709587  56.2930 310.3834 14.17154789361930
ZACUBE-1 (TSHEPISOSAT)  
1 39417U 13066B   20283.52385889  .00000192  00000-0  30477-4 0  9990
2 39417  97.5726 275.2412 0057256 263.7845  95.6844 14.81330654371928
WNISAT-1                
1 39423U 13066H   20283.75945385  .00000036  00000-0  17383-4 0  9993
2 39423  97.7965 197.4203 0173903 259.2374  98.9213 14.53143677365026
TRITON-1                
1 39427U 13066M   20283.44157675  .00000294  00000-0  54338-4 0  9997
2 39427  97.7392 238.1152 0115062  73.6759 287.7064 14.68056470368583
GOMX-1                  
1 39430U 13066Q   20283.89126883  .00000158  00000-0  37603-4 0  9992
2 39430  97.7958 215.5366 0150457 183.5535 176.4616 14.59444898366491
CUBEBUG-2 (LO-74)       
1 39440U 13066AA  20283.51292767  .00000256  00000-0  42479-4 0  9993
2 39440  97.6436 259.7816 0079399 330.9261  28.7539 14.76066684369400
NEE-02 KRYSAOR          
1 39441U 13066AB  20283.46634693  .00000179  00000-0  32560-4 0  9990
2 39441  97.6516 257.1924 0081182 340.6829  19.1308 14.75055420370374
FUNCUBE-1 (AO-73)       
1 39444U 13066AE  20283.52310377  .00000249  00000-0  36886-4 0  9993
2 39444  97.5659 277.5296 0056365 255.1893 104.3073 14.82195477370267
UWE-3                   
1 39446U 13066AG  20283.50923604  .00000241  00000-0  38615-4 0  9990
2 39446  97.6094 266.9206 0068562 298.4223  61.0091 14.78599746369422
AEROCUBE 5A             
1 39465U 13072D   20283.52300206  .00007258  00000-0  58779-3 0  9994
2 39465 120.4932 216.4356 0265427   4.0748 356.2398 14.77341722 58216
AEROCUBE 5B             
1 39466U 13072E   20283.52018853  .00011054  00000-0  74093-3 0  9995
2 39466 120.4890 259.4618 0236709  15.3504 345.4590 14.87476353 58533
BRITE-CA1 (TORONTO)     
1 40020U 14033L   20283.48245229  .00000074  00000-0  20659-4 0  9995
2 40020  97.7322 105.1770 0088709  69.1507 291.9170 14.66663538337481
DUCHIFAT-1              
1 40021U 14033M   20283.37089766  .00000544  00000-0  60901-4 0  9992
2 40021  97.9465 215.3283 0011419 273.4443  86.5468 14.90996680342868
NANOSATC-BR1            
1 40024U 14033Q   20283.52489328  .00000278  00000-0  34633-4 0  9997
2 40024  97.9294 211.4836 0010729 278.3559  81.6442 14.90152461342226
QB50P1                  
1 40025U 14033R   20283.34655567  .00000340  00000-0  41964-4 0  9993
2 40025  97.9152 207.6414 0011053 287.4130  72.5878 14.89203532342558
QB50P2                  
1 40032U 14033Y   20283.36508255  .00000245  00000-0  32243-4 0  9998
2 40032  97.9025 204.8742 0010404 284.0869  75.9191 14.88725264342453
PERSEUS-M2              
1 40037U 14033AD  20283.35382321  .00000114  00000-0  19093-4 0  9999
2 40037  97.8841 198.8170 0013160 302.3690  57.6251 14.86571547342082
PERSEUS-M1              
1 40039U 14033AF  20283.39244906  .00000088  00000-0  16242-4 0  9994
2 40039  97.8799 197.5073 0012979 300.2616  59.7314 14.86191919341494
POLYITAN-1              
1 40042U 14033AJ  20283.36174592  .00000338  00000-0  41960-4 0  9991
2 40042  97.9240 208.2640 0013180 277.1355  82.8363 14.88954989342451
TIGRISAT                
1 40043U 14033AK  20283.50302834  .00000114  00000-0  24082-4 0  9998
2 40043  97.6957 134.1726 0059757 351.4369   8.5816 14.74415691338851
AEROCUBE 6A             
1 40045U 14033AM  20283.53938350  .00000227  00000-0  39759-4 0  9993
2 40045  97.7208 140.2523 0057539 342.2327  17.6870 14.75629940338939
AEROCUBE 6B             
1 40046U 14033AN  20283.54957913  .00000267  00000-0  45396-4 0  9999
2 40046  97.7110 139.4017 0056647 341.2695  18.6429 14.75630064338936
UKUBE-1                 
1 40074U 14037F   20283.83277009  .00000229  00000-0  34430-4 0  9992
2 40074  98.4512 118.9768 0005139 105.1576 255.0205 14.84335188338726
BRITE-PL2 (HEWELIUSZ)   
1 40119U 14049B   20283.50039492  .00000122  00000-0  20823-4 0  9994
2 40119  97.8941  14.5944 0018830  96.2729 264.0630 14.84540022332613
FIREBIRD 4              
1 40378U 15003C   20283.24301619  .00001642  00000-0  66062-4 0  9999
2 40378  99.0869   6.8068 0121790 293.9829  64.8689 15.20499596314600
GRIFEX                  
1 40379U 15003D   20283.22831597  .00001013  00000-0  46280-4 0  9993
2 40379  99.0914 358.0255 0131279 321.4518  37.7390 15.16716841314098
EXOCUBE (CP10)          
1 40380U 15003E   20283.18881638  .00000906  00000-0  43798-4 0  9992
2 40380  99.0977 353.3068 0136712 337.6398  21.8903 15.14623166313763
AEROCUBE 8A             
1 40659U 15025J   20282.88408367  .00020608  00000-0  19601-3 0  9991
2 40659  55.0133 126.8407 0100929 110.9745 250.2128 15.60560889 61240
AEROCUBE 8B             
1 40660U 15025K   20283.02562186  .00022234  00000-0  20823-3 0  9995
2 40660  55.0106 123.7759 0099841 113.4823 247.6746 15.60993808 61284
TIANWANG 1C (TW-1C)     
1 40926U 15051B   20283.78475500  .00039753  00000-0  31036-3 0  9997
2 40926  97.0695 336.6118 0005242  36.3551  57.2611 15.71556726284947
TIANWANG 1A (TW-1A)     
1 40928U 15051D   20283.87859225  .00003858  00000-0  88545-4 0  9994
2 40928  97.1021 308.9186 0011814 123.0098   1.5350 15.43240903283017
EXACTVIEW 9             
1 40936U 15052G   20282.30455654  .00000804  00000-0  23352-4 0  9992
2 40936   6.0033 255.5862 0009952  59.4822 300.6288 14.76600217271937
AEROCUBE 5C             
1 40965U 15058B   20283.03139211  .00000106  00000-0  31992-4 0  9993
2 40965  64.7778 159.9295 0176929  32.5589 328.6278 14.74571350 58052
AEROCUBE 7              
1 40966U 15058C   20283.05600291  .00000188  00000-0  41264-4 0  9990
2 40966  64.7777 158.1732 0175889  32.2134 328.9569 14.74882841 58063
ATHENOXAT 1             
1 41168U 15077C   20283.43912287  .00002244  00000-0  81291-4 0  9998
2 41168  14.9889 304.9638 0011179 275.7208  84.1838 15.14621159266645
GALASSIA                
1 41170U 15077E   20282.41198916  .00002278  00000-0  82166-4 0  9992
2 41170  14.9893 303.9775 0012460 288.9177  70.9794 15.14906241266562
VELOX-II                
1 41171U 15077F   20283.52603134  .00001624  00000-0  53981-4 0  9996
2 41171  14.9925 344.2175 0008607 192.0500 167.9616 15.11857932266305
HORYU-4                 
1 41340U 16012D   20283.50597842  .00000540  00000-0  33985-4 0  9998
2 41340  31.0060 325.4248 0013822 201.0234 158.9834 15.01577009255038
E-ST@R-II               
1 41459U 16025D   20283.83294951  .00002306  00000-0  11835-3 0  9995
2 41459  98.1143  39.8696 0164104 186.2685 173.6483 15.06742075244665
AAUSAT 4                
1 41460U 16025E   20283.85711086  .00004835  00000-0  23490-3 0  9991
2 41460  98.1115  42.6452 0152881 173.6991 186.6192 15.09211816244890
BEESAT-4                
1 41619U 16040W   20283.13621025  .00001510  00000-0  64554-4 0  9992
2 41619  97.3073 339.9228 0012278 133.1681 227.0585 15.24302776226715
CANX-7                  
1 41788U 16059F   20283.83146652  .00008871  00000-0  11759-2 0  9998
2 41788  98.2576  14.7102 0023488 284.3013  75.5531 14.79917824216724
RAVAN                   
1 41849U 16067B   20283.31883773  .00000631  00000-0  57722-4 0  9998
2 41849  97.9413  35.1724 0008254 214.2825 145.7865 14.98647854213677
CELTEE 1                
1 41850U 16067C   20283.28633074 -.00000355  00000-0 -25409-4 0  9995
2 41850  97.9358  32.5237 0007713 224.2652 135.7953 14.97239303213532
OPTICUBE 04             
1 41851U 16067D   20283.37064704  .00000127  00000-0  16345-4 0  9998
2 41851  97.9338  32.1641 0008071 225.2801 134.7763 14.96958439213525
AEROCUBE 8D             
1 41852U 16067E   20283.25333943  .00000830  00000-0  77473-4 0  9990
2 41852  97.9349  31.8880 0008567 224.2489 135.8048 14.96970872213488
AEROCUBE 8C             
1 41853U 16067F   20283.35440058 -.00000240  00000-0 -15574-4 0  9999
2 41853  97.9346  31.8848 0008996 228.8920 131.1525 14.96936133213498
PROMETHEUS 2-1          
1 41854U 16067G   20283.36531804  .00000264  00000-0  28015-4 0  9999
2 41854  97.9349  32.2994 0009543 227.3295 132.7123 14.97286574213519
PROMETHEUS 2-3          
1 41855U 16067H   20283.36504280  .00000251  00000-0  26973-4 0  9995
2 41855  97.9353  32.3375 0009705 227.9800 132.0595 14.97296014213513
INS-1B                  
1 41954U 17008G   20283.13183090  .00001421  00000-0  59682-4 0  9991
2 41954  97.3428 345.4425 0007288 257.6657 102.3765 15.25053369202690
BGUSAT                  
1 41999U 17008BD  20283.44185523  .00002443  00000-0  92215-4 0  9991
2 41999  97.3554 350.5536 0006083 263.6648  96.3899 15.27971283202357
DIDO-2                  
1 42000U 17008BE  20283.44827606  .00000882  00000-0  38530-4 0  9995
2 42000  97.3434 346.2119 0006699 280.3567  79.6916 15.24667526202135
PEASSS                  
1 42015U 17008BV  20283.20763921  .00001264  00000-0  52165-4 0  9999
2 42015  97.3464 347.8146 0004613 285.2589  74.8140 15.25862165202697
AL-FARABI 1             
1 42016U 17008BW  20283.42594933  .00001583  00000-0  62884-4 0  9992
2 42016  97.3496 349.2689 0004418 282.8257  77.2489 15.26774957202919
NAYIF-1 (EO-88)         
1 42017U 17008BX  20283.13939939  .00001660  00000-0  65728-4 0  9996
2 42017  97.3491 348.9967 0004490 283.4522  76.6217 15.26817080202896
UCLSAT                  
1 42765U 17036A   20283.10252922  .00001329  00000-0  58044-4 0  9999
2 42765  97.2883 334.2290 0010854 354.7888   5.3234 15.23779273183888
LITUANICASAT-2          
1 42768U 17036D   20283.22998966  .00002135  00000-0  89519-4 0  9997
2 42768  97.2945 334.5190 0013636 341.1901  18.8831 15.24500775183173
AALTO-1                 
1 42775U 17036L   20283.19805598  .00000770  00000-0  36624-4 0  9991
2 42775  97.2857 331.8103 0013227 346.8213  13.2676 15.22007381182977
URSA MAIOR              
1 42776U 17036M   20283.37042039  .00000881  00000-0  41251-4 0  9990
2 42776  97.2869 332.3124 0013001 345.9380  14.1492 15.22206298183015
COMPASS 2               
1 42777U 17036N   20283.33176624  .00001748  00000-0  74353-4 0  9997
2 42777  97.2931 334.9879 0011424 343.6164  16.4703 15.24268549183146
DIAMOND RED             
1 42783U 17036U   20283.41265360  .00001026  00000-0  46415-4 0  9996
2 42783  97.2882 333.6780 0011587 355.6355   4.4779 15.23046839183099
PEGASUS                 
1 42784U 17036V   20283.41410762  .00001181  00000-0  52367-4 0  9990
2 42784  97.2888 334.1746 0011408 354.3285   5.7821 15.23454578183123
DIAMOND GREEN           
1 42785U 17036W   20283.41155278  .00001040  00000-0  47012-4 0  9994
2 42785  97.2885 333.7158 0011504 356.3476   3.7676 15.23042769183169
DIAMOND BLUE            
1 42786U 17036X   20283.41064695  .00001017  00000-0  46070-4 0  9994
2 42786  97.2884 333.7096 0011367 356.6950   3.4210 15.23046970183166
NUDTSAT                 
1 42787U 17036Y   20283.95982375  .00002372  00000-0  98081-4 0  9992
2 42787  97.2926 336.3776 0011302 348.5553  11.5425 15.24893048183149
SUCHAI                  
1 42788U 17036Z   20283.39572658  .00001433  00000-0  61882-4 0  9996
2 42788  97.2897 334.8546 0010882 352.6740   7.4337 15.24050019183230
SKCUBE                  
1 42789U 17036AA  20283.38860615  .00001332  00000-0  58026-4 0  9993
2 42789  97.2891 334.6635 0010793 353.2891   6.8200 15.23872064183140
VZLUSAT-1               
1 42790U 17036AB  20283.42508669  .00001699  00000-0  71114-4 0  9997
2 42790  97.2918 335.8483 0010111 350.7030   9.4019 15.24865478183214
ROBUSTA-1B              
1 42792U 17036AD  20283.13088665  .00001392  00000-0  60142-4 0  9995
2 42792  97.2894 334.7010 0010398 354.8132   5.2996 15.24074335183131
CICERO 6                
1 42793U 17036AE  20283.10381775  .00000912  00000-0  41285-4 0  9995
2 42793  97.2868 333.9277 0009893 358.6321   1.4888 15.23332178183161
D-SAT                   
1 42794U 17036AF  20283.50725473  .00000216  00000-0  24129-4 0  9992
2 42794  97.4854 310.4661 0125604 344.9722  14.7778 14.91334676179695
CORVUS BC2              
1 42846U 17042X   20283.37602233 -.00000009  00000-0  42972-5 0  9998
2 42846  97.5047 161.6927 0008024 256.1449 103.8878 14.92147019176394
CORVUS BC1              
1 42847U 17042Y   20283.22985856  .00000185  00000-0  23330-4 0  9998
2 42847  97.5050 161.7437 0007713 255.8362 104.2001 14.92249006176370
MIRATA                  
1 43015U 17073C   20283.41317635  .00001598  00000-0  12725-3 0  9999
2 43015  97.7112 191.2670 0253698  37.0094 324.8320 14.79852776156071
MAKERSAT 0              
1 43016U 17073D   20283.27457280  .00001137  00000-0  92254-4 0  9990
2 43016  97.7146 191.2889 0256629  38.8181 323.1158 14.79361215156023
DELLINGR (RBLE)         
1 43021U 98067NJ  20283.08139671  .00020387  00000-0  14267-3 0  9993
2 43021  51.6341  57.8439 0000518 145.9448 214.1584 15.74231046164747
AEROCUBE 7B (OCSD B)    
1 43042U 17071F   20283.28304624  .00004030  00000-0  94589-4 0  9999
2 43042  51.6366 227.6919 0005152 101.3467 258.8099 15.44456377159960
AEROCUBE 7C (OCSD C)    
1 43043U 17071G   20283.28834092  .00003854  00000-0  90930-4 0  9996
2 43043  51.6367 227.7423 0005356 104.9805 255.1775 15.44429348159930
CHEFSAT                 
1 43044U 17071H   20283.21635938  .00011343  00000-0  20514-3 0  9990
2 43044  51.6362 208.8369 0005138 113.4412 246.7118 15.50175647160185
ASGARDIA 1              
1 43049U 17071N   20283.53907036  .00003695  00000-0  87565-4 0  9992
2 43049  51.6378 225.7546 0003052 115.9383 244.1918 15.44425417159981
ISARA                   
1 43050U 17071P   20283.28130246  .00008589  00000-0  16440-3 0  9997
2 43050  51.6346 212.1183 0003099 119.4173 240.7125 15.48907508160133
PROPCUBE 2 (FAUNA)      
1 43052U 17071R   20283.10149223  .00004485  00000-0  10257-3 0  9996
2 43052  51.6371 225.8479 0003050 111.9892 248.1419 15.44945511159930
CORVUS BC3              
1 43118U 18004H   20283.25532239  .00000807  00000-0  36727-4 0  9990
2 43118  97.4338 352.5465 0010766  21.9859 338.1837 15.23537258152324
MICROMAS-2A             
1 43131U 18004W   20283.45720916  .00001970  00000-0  80189-4 0  9991
2 43131  97.4393 354.9046 0009348  20.1585 340.0020 15.25671689152473
SPACEBEE-4              
1 43139U 18004AE  20283.45451039  .00002705  00000-0  10440-3 0  9995
2 43139  97.4432 356.3765 0008582  21.1603 338.9989 15.27138773152553
SPACEBEE-3              
1 43140U 18004AF  20283.45832815  .00003343  00000-0  12442-3 0  9995
2 43140  97.4453 357.2598 0008107  19.4647 340.6900 15.28178153152609
SPACEBEE-2              
1 43141U 18004AG  20283.47903543  .00003493  00000-0  12847-3 0  9990
2 43141  97.4466 357.6167 0008035  18.5422 341.6109 15.28532719152627
SPACEBEE-1              
1 43142U 18004AH  20283.48382515  .00003744  00000-0  13579-3 0  9994
2 43142  97.4472 357.9552 0007969  18.1754 341.9769 15.28947949152636
CICERO 7                
1 43143U 18004AJ  20283.25977895  .00001899  00000-0  77393-4 0  9995
2 43143  97.4369 354.8618 0007929  31.7318 328.4397 15.25679860152463
GOMX-4B                 
1 43196U 18015E   20283.31036398  .00000450  00000-0  21209-4 0  9993
2 43196  97.4534  51.0891 0020081  65.5568 294.7761 15.24463693149246
GOMX-4A                 
1 43197U 18015F   20283.84933940  .00001077  00000-0  46290-4 0  9994
2 43197  97.4534  51.7546 0020521  64.3755  54.5072 15.24682035149346
UBAKUSAT                
1 43467U 98067NQ  20283.54089571  .00052332  00000-0  23173-3 0  9992
2 43467  51.6337  51.6929 0001547 309.7006  50.3861 15.83879803138136
CUBERRT                 
1 43546U 98067NU  20282.67919254  .00030895  00000-0  15814-3 0  9996
2 43546  51.6324  57.9919 0000621 303.3870  56.7073 15.81022324128106
TEMPEST-D               
1 43547U 98067NV  20283.19897425  .00007244  00000-0  80400-4 0  9996
2 43547  51.6353  97.0003 0004958 124.0049 236.1417 15.64136062127315
RAINCUBE                
1 43548U 98067NW  20282.83687516  .00060246  00000-0  27819-3 0  9990
2 43548  51.6296  64.2099 0001697 226.1426 133.9437 15.82932408128161
HALOSAT                 
1 43549U 98067NX  20283.11519019  .00040587  00000-0  20859-3 0  9998
2 43549  51.6335  64.7138 0001922 205.7128 154.3779 15.80793198127746
ENDUROSAT ONE           
1 43551U 98067NZ  20283.54997639  .00836508  43550-3  63822-3 0  9999
2 43551  51.6221  38.6622 0009502 329.2730  30.7729 16.14401640128530
EQUISAT                 
1 43552U 98067PA  20283.56125323  .00055361  00000-0  25753-3 0  9996
2 43552  51.6297  59.4227 0002540 224.6564 135.4234 15.82806994128229
AEROCUBE 12A            
1 43556U 18046C   20283.41840725  .00001417  00000-0  60132-4 0  9997
2 43556  51.6398 277.8425 0008086 348.9965  11.0837 15.30147361124826
AEROCUBE 12B            
1 43557U 18046D   20283.43631320  .00000999  00000-0  46448-4 0  9997
2 43557  51.6418 278.6954 0008168 347.9787  12.0998 15.29823784124768
UITMSAT-1               
1 43589U 98067PD  20283.45086560  .00111208  15685-4  35876-3 0  9992
2 43589  51.6307  53.9440 0003933 287.2194  72.8382 15.90749812124024
MAYA-1                  
1 43590U 98067PE  20282.62584952  .00118395  16273-4  38433-3 0  9990
2 43590  51.6257  58.1205 0003633 280.8836  79.1761 15.90594068123824
BHUTAN-1                
1 43591U 98067PF  20283.08409360  .00124294  16844-4  39193-3 0  9994
2 43591  51.6320  55.3346 0003924 284.4180  75.6391 15.91131880123905
SIRIUSSAT-1             
1 43595U 98067PG  20283.22118273  .00054398  00000-0  23108-3 0  9993
2 43595  51.6292  62.9300 0001778 247.7753 112.9086 15.84736592122991
SIRIUSSAT-2             
1 43596U 98067PH  20283.66880266  .00102888  00000-0  43069-3 0  9996
2 43596  51.6282  61.5015 0000996  90.6060 269.4038 15.84794893123057
SURFSAT                 
1 43614U 18070B   20283.55225114  .00002814  00000-0  71157-4 0  9994
2 43614  93.0283 201.8231 0012058 253.1304 106.8628 15.39788160116036
CP7 (DAVE)              
1 43615U 18070C   20283.33549986  .00002771  00000-0  70475-4 0  9991
2 43615  93.0285 201.7161 0012220 253.7183 106.2728 15.39608889115990
ELFIN-B                 
1 43616U 18070D   20283.52743639  .00003774  00000-0  90930-4 0  9996
2 43616  93.0245 201.7804 0012407 253.9394 106.0495 15.41228009116089
ELFIN-A                 
1 43617U 18070E   20283.28544857  .00004658  00000-0  11127-3 0  9993
2 43617  93.0298 202.2889 0011829 250.4426 109.5553 15.41481733116057
CUBEBEL-1 (BSUSAT-1)    
1 43666U 18083E   20283.97284690  .00001069  00000-0  55100-4 0  9996
2 43666  97.4818 309.2773 0014197 328.1754 118.2346 15.18472059107990
CICERO 10               
1 43690U 18088A   20283.49365212  .00001089  00000-0  48104-4 0  9993
2 43690  85.0415   3.1736 0012744 248.3861 111.6023 15.20414578106083
IRVINE01                
1 43693U 18088D   20283.48123861  .00002577  00000-0  10643-3 0  9996
2 43693  85.0382   1.5094 0016011 225.4116 134.5821 15.23378407106205
PROXIMA I               
1 43694U 18088E   20283.48643694  .00001037  00000-0  43269-4 0  9999
2 43694  85.0358   1.4234 0017645 218.5342 141.4641 15.22163685106196
PROXIMA II              
1 43696U 18088G   20283.28733105  .00001072  00000-0  44800-4 0  9997
2 43696  85.0358   1.5599 0017660 219.2925 140.7037 15.22164194106158
FACSAT-1                
1 43721U 18096C   20283.81334248  .00001992  00000-0  76370-4 0  9997
2 43721  97.4118 356.7344 0019191  79.5721  16.2115 15.27536631103844
CENTAURI-2              
1 43722U 18096D   20283.45170518  .00002257  00000-0  84540-4 0  9999
2 43722  97.4128 356.7680 0019020  80.9145 279.4245 15.28166672103804
INNOSAT-2               
1 43738U 18096V   20283.76064132  .00003766  00000-0  12757-3 0  9990
2 43738  97.4159 359.5385 0024703  84.0096  38.3534 15.30919242104011
SIRION PATHFINDER-2     
1 43759U 18099B   20283.94060143 -.00000037  00000-0  18614-5 0  9993
2 43759  97.6961 353.5907 0014603 155.3413 204.8516 14.95321344101044
CORVUS-BC 4             
1 43767U 18099K   20283.92426815  .00000625  00000-0  62688-4 0  9993
2 43767  97.6910 352.8607 0010647 157.8155 202.3517 14.94775243101000
MOVE-II                 
1 43780U 18099Y   20283.47392434  .00000872  00000-0  83784-4 0  9991
2 43780  97.6967 353.1039 0014009 167.8796 192.2764 14.95506862100952
SPACEBEE-7              
1 43816U 18099BL  20283.45842343  .00000212  00000-0  24136-4 0  9992
2 43816  97.6978 353.5490 0014108 153.2381 206.9571 14.95781596100530
SPACEBEE-5              
1 43817U 18099BM  20283.42790680  .00001401  00000-0  12816-3 0  9998
2 43817  97.7046 354.1621 0014085 152.1037 208.0942 14.96519211100552
SPACEBEE-6              
1 43818U 18099BN  20283.47299264  .00000899  00000-0  85128-4 0  9993
2 43818  97.6997 353.7623 0014237 152.8421 207.3547 14.96007838100692
SHIELDS 1               
1 43850U 18104B   20283.51371638  .00000517  00000-0  21142-4 0  9990
2 43850  85.0253  99.9447 0015529  19.7525 340.4314 15.21480977100811
STF-1                   
1 43852U 18104D   20283.53041980  .00001203  00000-0  51561-4 0  9999
2 43852  85.0295 100.5439 0015729  33.2372 326.9854 15.21499824100798
ZACUBE-2                
1 43907U 18111AH  20283.79796957  .00000728  00000-0  32059-4 0  9999
2 43907  97.2522 180.0397 0023191  98.6052 346.9056 15.24706899 99435
LUME 1                  
1 43908U 18111AJ  20283.47260770  .00001158  00000-0  48513-4 0  9994
2 43908  97.2523 179.9816 0022872  99.1181 261.2647 15.25258396 99401
AOBA VELOX-IV           
1 43940U 19003J   20283.40504718  .00001936  00000-0  78855-4 0  9993
2 43940  97.2159 330.7228 0023765 175.8429 184.3011 15.25405523 96015
CATSAT-2                
1 44029U 98067PV  20283.20927035  .00021175  00000-0  18002-3 0  9992
2 44029  51.6375  97.8915 0003565 172.2519 187.8534 15.69557546 96366
DELPHINI                
1 44030U 98067PW  20283.20049506  .00031775  00000-0  24931-3 0  9997
2 44030  51.6322  95.4012 0003360 174.3381 185.7656 15.71240542 96365
UNITE                   
1 44031U 98067PX  20283.23170776  .00012210  00000-0  13436-3 0  9996
2 44031  51.6365 107.7603 0003174 148.8484 211.2699 15.63594331 96203
CATSAT-1                
1 44033U 98067PZ  20283.20915183  .00021020  00000-0  17875-3 0  9994
2 44033  51.6377  97.8993 0003662 170.8588 189.2477 15.69555864 96270
RAAVANA-1               
1 44329U 98067QE  20282.78574720  .00012883  00000-0  16027-3 0  9997
2 44329  51.6377 125.1135 0005429  75.6249 284.5347 15.60325913 74687
UGUISU                  
1 44330U 98067QF  20282.80537456  .00012077  00000-0  15131-3 0  9997
2 44330  51.6357 125.2127 0005379  76.0495 284.1097 15.60209959 74668
NEPALISAT-1             
1 44331U 98067QG  20282.77704685  .00012950  00000-0  16101-3 0  9992
2 44331  51.6355 125.0261 0005398  78.9180 281.2420 15.60335268 74679
SPOOQY-1                
1 44332U 98067QH  20283.10920147  .00013028  00000-0  16284-3 0  9993
2 44332  51.6366 123.5021 0004634  84.0270 276.1251 15.60192585 74688
SPACEBEE-9              
1 44370U 19037F   20283.45652955  .00008928  00000-0  19027-3 0  9993
2 44370  45.0047 197.5677 0012662 143.4306 216.7450 15.45279499 72223
SPACEBEE-8              
1 44371U 19037G   20283.15833878  .00022718  00000-0  37894-3 0  9991
2 44371  45.0048 188.6022 0011741 153.2919 206.8580 15.51560692 72281
IOD-1 GEMS              
1 44385U 98067QK  20283.25690727  .00024101  00000-0  25109-3 0  9995
2 44385  51.6378 118.5558 0000983  44.4025 315.7049 15.64412984 72280
MOVE-IIB                
1 44398U 19038N   20283.94399536  .00001849  00000-0  10886-3 0  9990
2 44398  97.5480 243.8045 0026743  92.1501 268.2794 15.12578654 69882
SONATE                  
1 44400U 19038Q   20283.94459266  .00000925  00000-0  57158-4 0  9999
2 44400  97.5526 243.8088 0026857  91.3709 269.0601 15.12067732 69876
LUCKY-7                 
1 44406U 19038W   20283.41018078  .00000673  00000-0  42339-4 0  9994
2 44406  97.5530 243.4250 0026235  93.0884 267.3349 15.12353084 69796
BEESAT 9                
1 44412U 19038AC  20283.40135272  .00000931  00000-0  56919-4 0  9992
2 44412  97.5520 243.4001 0024293  98.3234 262.0752 15.12477492 69492
JAISAT-1                
1 44419U 19038F   20283.45137347  .00001013  00000-0  60856-4 0  9996
2 44419  97.5523 243.8005 0023168  97.1032 263.2834 15.12961953 69835
SWIATOWID               
1 44426U 98067QL  20283.77307199  .00035994  00000-0  34701-3 0  9996
2 44426  51.6388 114.2672 0002072  39.1210  51.9148 15.66143320 72393
KRAKSAT                 
1 44427U 98067QM  20283.80915302  .00010609  00000-0  14677-3 0  9998
2 44427  51.6407 125.0608 0003372  40.5223  46.7657 15.57717187 72293
VCC A                   
1 44428U 98067QN  20282.82808541  .00011611  00000-0  14936-3 0  9998
2 44428  51.6379 126.9452 0002114  60.8259 299.2946 15.59561395 72180
ENTRYSAT                
1 44429U 98067QP  20282.83741927  .00015299  00000-0  18365-3 0  9990
2 44429  51.6364 124.7137 0001571  59.3506 300.7642 15.61102507 72219
VCC C                   
1 44430U 98067QQ  20282.83224743  .00021217  00000-0  23368-3 0  9990
2 44430  51.6362 122.4348 0001372  90.7938 269.3213 15.63077171 71061
VCC B                   
1 44431U 98067QR  20282.82377508  .00011628  00000-0  14910-3 0  9996
2 44431  51.6370 126.8875 0002217  60.6472 299.4743 15.59643909 72125
ATL-1                   
1 44830U 19084G   20283.37625441  .14504533  23319-5  28099-3 0  9997
2 44830  96.9282 155.2233 0011473 239.9810 120.0357 16.46538413 48546
SMOG-P                  
1 44832U 19084J   20272.06303716  .11453400  23230-5  63587-3 0  9997
2 44832  96.9437 144.0914 0010614 231.8961 128.1384 16.41416157 46773
DUCHIFAT-3              
1 44854U 19089C   20283.85787172  .00000406  00000-0  39173-4 0  9999
2 44854  36.9651 142.2090 0009465 272.8333  87.1310 14.99149917 45471
EYESAT-NANO             
1 44877U 19092E   20283.45919885  .00001050  00000-0  56412-4 0  9993
2 44877  97.4575 104.9067 0013295 349.3178  10.7770 15.17038713 44872
ORBITAL FACTORY 2 (OF-2)
1 45113U 19071C   20283.13425189  .00001685  00000-0  62196-4 0  9998
2 45113  51.6422 174.2349 0013596 106.4880 253.7597 15.33781913 38579
M2 PATHFINDER           
1 45727U 20037E   20283.74549921 -.00000022  00000-0  33915-5 0  9994
2 45727  97.7047 101.2092 0011528 281.7537  78.2331 14.91236011 15059
