EYESAT-1 (AO-27)        
1 22825U 93061C   17203.45740862 -.00000018  00000-0  10883-4 0  9991
2 22825  98.8149 169.4782 0007552 223.2933 136.7656 14.30000999242175
CUTE-1 (CO-55)          
1 27844U 03031E   17203.46677253  .00000046  00000-0  40583-4 0  9999
2 27844  98.6892 211.9596 0008593 242.5224 117.5080 14.22048234729299
CUBESAT XI-IV (CO-57)   
1 27848U 03031J   17203.47611115  .00000038  00000-0  37464-4 0  9994
2 27848  98.6985 212.2427 0008459 253.1528 106.8722 14.21661811729216
CUBESAT XI 5            
1 28895U 05043F   17203.38649312  .00000120  00000-0  31813-4 0  9996
2 28895  97.8684   4.0621 0017635  36.5413 323.6990 14.63412745625634
CUTE-1.7+APD II (CO-65) 
1 32785U 08021C   17203.48196549  .00000229  00000-0  30660-4 0  9997
2 32785  97.5650 226.1406 0014440  55.7519 304.5064 14.87910185500073
COMPASS-1               
1 32787U 08021E   17203.54550975  .00000338  00000-0  38053-4 0  9998
2 32787  97.5579 235.2907 0013218  27.4598 332.7318 14.92636974500776
AAUSAT-II               
1 32788U 08021F   17203.53273320  .00000359  00000-0  38848-4 0  9999
2 32788  97.5566 238.1821 0012417  20.2568 339.9142 14.93912915500854
DELFI-C3 (DO-64)        
1 32789U 08021G   17203.59716058  .00000851  00000-0  64231-4 0  9998
2 32789  97.5564 261.0799 0012257 348.7114  11.3836 15.04971111502094
CANX-2                  
1 32790U 08021H   17203.26641156  .00000204  00000-0  28050-4 0  9991
2 32790  97.5630 224.2866 0015162  57.7422 302.5262 14.87635040499971
SEEDS II (CO-66)        
1 32791U 08021J   17203.49510350  .00000422  00000-0  48899-4 0  9993
2 32791  97.5616 230.6267 0014448  41.3196 318.9112 14.90252662500321
SWISSCUBE               
1 35932U 09051B   17203.32096492  .00000100  00000-0  33657-4 0  9994
2 35932  98.5003 342.4622 0008589 137.1417 223.0451 14.56027602415398
BEESAT                  
1 35933U 09051C   17203.37314024  .00000100  00000-0  33438-4 0  9991
2 35933  98.5042 343.8490 0006577 146.9790 213.1819 14.56145764415542
ITUPSAT 1               
1 35935U 09051E   17203.38073047  .00000084  00000-0  30458-4 0  9991
2 35935  98.5154 344.1108 0008961 143.7826 216.3978 14.55338201415328
TISAT 1                 
1 36799U 10035E   17203.32364492  .00000290  00000-0  35839-4 0  9992
2 36799  98.0657 326.7696 0011849 205.5736 154.4897 14.90425485381014
M-CUBED & EXP-1 PRIME   
1 37855U 11061F   17203.60783342  .00001277  00000-0  74680-4 0  9999
2 37855 101.7115  93.0316 0180312 337.0172  22.3043 15.03167323311646
HORYU 2                 
1 38340U 12025D   17203.48994813  .00000195  00000-0  36873-4 0  9993
2 38340  98.3766 208.6556 0011730 173.1397 186.9974 14.75358343278491
STRAND-1                
1 39090U 13009E   17203.51356139  .00000032  00000-0  26515-4 0  9998
2 39090  98.5515  48.6148 0008901 188.2894 171.8146 14.34974405230526
BRITE-AUSTRIA           
1 39091U 13009F   17203.52629110  .00000014  00000-0  20157-4 0  9998
2 39091  98.5478  48.0030 0010070 197.1155 162.9692 14.35034070230565
UNIBRITE                
1 39092U 13009G   17203.52874154  .00000023  00000-0  23659-4 0  9999
2 39092  98.5487  47.6927 0009083 189.5520 170.5494 14.34908614230534
AIST-2                  
1 39133U 13015D   17203.53650254  .00000123  00000-0  21390-4 0  9997
2 39133  64.8725 173.8410 0038129 276.3009  83.3769 15.04307084233610
SOMP                    
1 39134U 13015E   17203.53280935  .00001099  00000-0  63025-4 0  9997
2 39134  64.8647 112.3667 0037442 259.4245 100.2663 15.17890681234467
BEESAT-2                
1 39136U 13015G   17203.55527593  .00000972  00000-0  61367-4 0  9991
2 39136  64.8701 123.4769 0033234 278.6837  81.0524 15.15162393234249
NEE-01 PEGASUS          
1 39151U 13018B   17203.19753574  .00000139  00000-0  25601-4 0  9997
2 39151  97.9841 294.4970 0015832 299.1735  60.7892 14.79732416228715
CUBEBUG-1 (CAPITAN BETO)
1 39153U 13018D   17203.51458016  .00000154  00000-0  27330-4 0  9996
2 39153  97.9864 295.6241 0015704 296.1549  63.8047 14.80195926228812
ESTCUBE 1               
1 39161U 13021C   17203.48050461  .00000185  00000-0  37525-4 0  9998
2 39161  98.0283 289.0240 0010359  38.5997 321.5947 14.71911733225946
POPACS 1                
1 39268U 13055D   17203.32259555  .00006146  00000-0  17437-3 0  9993
2 39268  81.0051 331.5195 0651082 116.5870 250.3537 14.31247059195749
POPACS 2                
1 39269U 13055E   17203.29711922  .00004522  00000-0  13229-3 0  9992
2 39269  81.0172 346.9957 0700837 156.9777 206.4519 14.20088112195065
POPACS 3                
1 39270U 13055F   17203.30638891  .00002023  00000-0  63493-4 0  9992
2 39270  81.0179 355.4374 0725146 182.6109 177.1204 14.13266459175031
FIREFLY                 
1 39404U 13064AA  17203.07545879  .00044893  00000-0  24435-3 0  9991
2 39404  40.4978  82.3062 0009661 305.6334  54.3595 15.79018535203179
ZACUBE-1 (TSHEPISOSAT)  
1 39417U 13066B   17203.57027459  .00000230  00000-0  35589-4 0  9991
2 39417  97.6269 244.0934 0060099 152.9548 207.4818 14.80727889198012
WNISAT-1                
1 39423U 13066H   17203.46402444  .00000169  00000-0  43617-4 0  9999
2 39423  97.6848 188.9182 0175118 328.3423  30.7337 14.52854720194353
TRITON-1                
1 39427U 13066M   17203.51038356  .00000167  00000-0  35035-4 0  9999
2 39427  97.6373 216.5004 0113026 235.1874 123.8658 14.67476023196035
GOMX 1                  
1 39430U 13066Q   17203.56265052  .00000163  00000-0  39106-4 0  9992
2 39430  97.6660 199.9042 0150448 291.5897  66.9331 14.58886523194903
BRITE-PL                
1 39431U 13066R   17203.45757765  .00000079  00000-0  27157-4 0  9997
2 39431  97.7089 178.0891 0202920   6.9692 353.4248 14.46852888193559
HUMSAT-D                
1 39433U 13066T   17203.61127453  .00000394  00000-0  44559-4 0  9997
2 39433  97.6501 265.6820 0032790  99.1961 261.2970 14.91468371198118
EAGLE 2                 
1 39436U 13066W   17203.26817272  .00019297  00000-0  51091-3 0  9996
2 39436  97.7111 310.9595 0009120 318.6244  41.4308 15.38378973200898
CUBEBUG-2 (LO-74)       
1 39440U 13066AA  17203.50965110  .00000204  00000-0  35630-4 0  9993
2 39440  97.6268 232.9359 0080684 184.7029 175.3432 14.75468130196101
NEE-02 KRYSAOR          
1 39441U 13066AB  17203.53700036  .00000132  00000-0  26058-4 0  9995
2 39441  97.6250 231.6196 0081927 188.3229 171.6627 14.74631078196030
FUNCUBE-1 (AO-73)       
1 39444U 13066AE  17203.59995240  .00000288  00000-0  42108-4 0  9993
2 39444  97.6285 245.2207 0059378 149.4934 210.9756 14.81465242196262
UWE-3                   
1 39446U 13066AG  17203.55539525  .00000202  00000-0  33723-4 0  9990
2 39446  97.6257 238.2345 0070797 169.0357 191.2417 14.78001466195830
BRITE-TORONTO           
1 40020U 14033L   17203.58674521  .00000104  00000-0  26484-4 0  9991
2 40020  97.8312  72.7693 0086752 213.6360 145.9320 14.66400657165163
DUCHIFAT-1              
1 40021U 14033M   17203.49022040  .00000379  00000-0  45310-4 0  9998
2 40021  97.9167 116.7054 0012873 178.4150 181.7111 14.89919333167856
FLOCK 1C-10             
1 40023U 14033P   17203.28172885  .00000909  00000-0  10320-3 0  9991
2 40023  97.9178 115.5232 0012266 186.3973 173.7043 14.88753517167722
NANOSATC-BR1            
1 40024U 14033Q   17203.57550549  .00000364  00000-0  44387-4 0  9997
2 40024  97.9124 115.6227 0012167 179.1852 180.9387 14.89240798167291
QB50P1                  
1 40025U 14033R   17203.57396791  .00000271  00000-0  35285-4 0  9999
2 40025  97.9104 114.6104 0012308 182.4550 177.6608 14.88440419167247
FLOCK 1C-7              
1 40026U 14033S   17203.28122895  .00001005  00000-0  11145-3 0  9994
2 40026  97.9204 116.2914 0010678 182.4524 177.6641 14.89490205167779
FLOCK 1C-1              
1 40027U 14033T   17203.31546308  .00000554  00000-0  65116-4 0  9994
2 40027  97.9206 115.7946 0012226 184.3386 175.7741 14.88811781167741
POPSAT-HIP-1            
1 40028U 14033U   17203.54136960  .00000548  00000-0  65260-4 0  9992
2 40028  97.9144 114.8614 0013703 181.3153 178.8000 14.88311983167735
FLOCK 1C-2              
1 40029U 14033V   17203.27668387  .00000977  00000-0  11023-3 0  9999
2 40029  97.9182 115.6101 0013659 180.5204 179.5994 14.88832663167728
FLOCK 1C-4              
1 40031U 14033X   17203.29658814  .00000648  00000-0  75360-4 0  9998
2 40031  97.9185 115.6079 0013977 178.5155 181.6080 14.88678689167718
QB50P2                  
1 40032U 14033Y   17203.56467189  .00000258  00000-0  34152-4 0  9993
2 40032  97.9076 113.6841 0011852 177.0390 183.0898 14.87997871167188
FLOCK 1C-11             
1 40033U 14033Z   17203.58813596  .00000306  00000-0  37416-4 0  9993
2 40033  97.9199 117.3816 0011953 170.1052 190.0426 14.90185107167864
ANTELSAT                
1 40034U 14033AA  17203.45458775  .00000190  00000-0  35966-4 0  9993
2 40034  97.8547  86.2866 0058943 178.0815 182.0631 14.73714158166126
FLOCK 1C-9              
1 40035U 14033AB  17203.53298852  .00000996  00000-0  11214-3 0  9994
2 40035  97.9223 116.2442 0011722 171.1400 189.0048 14.88887960167769
FLOCK 1C-6              
1 40036U 14033AC  17203.55146226  .00000977  00000-0  10978-3 0  9999
2 40036  97.9228 116.4781 0011742 172.2670 187.8706 14.88994643167782
PERSEUS-M2              
1 40037U 14033AD  17203.53996173  .00000096  00000-0  17185-4 0  9992
2 40037  97.9096 112.1258 0014244 184.1818 175.9280 14.86235804167065
FLOCK 1C-5              
1 40038U 14033AE  17203.55898085  .00000684  00000-0  78629-4 0  9991
2 40038  97.9216 116.2902 0013923 172.5020 187.6369 14.88979344167772
PERSEUS-M1              
1 40039U 14033AF  17203.54866167  .00000070  00000-0  14341-4 0  9997
2 40039  97.9102 111.6801 0014188 180.1027 180.0188 14.85859960167527
FLOCK 1C-8              
1 40040U 14033AG  17203.23525865  .00000549  00000-0  61399-4 0  9998
2 40040  97.9251 118.1752 0012781 160.0286 200.1343 14.90922315167856
FLOCK 1C-3              
1 40041U 14033AH  17203.25917947  .00000738  00000-0  85074-4 0  9993
2 40041  97.9230 115.7616 0013119 171.1376 189.0077 14.88678764167701
POLYITAN-1              
1 40042U 14033AJ  17203.48837605  .00000300  00000-0  38661-4 0  9996
2 40042  97.9178 114.5206 0014819 171.6956 188.4508 14.88077699167670
TIGRISAT                
1 40043U 14033AK  17203.61135017  .00000122  00000-0  25778-4 0  9997
2 40043  97.8527  87.0842 0060132 178.9107 181.2244 14.73990489165755
LEMUR-1                 
1 40044U 14033AL  17203.25728872  .00000117  00000-0  25065-4 0  9998
2 40044  97.8525  86.4763 0059237 181.1711 178.9368 14.73814221165995
AEROCUBE 6A             
1 40045U 14033AM  17203.61961009  .00000284  00000-0  48780-4 0  9994
2 40045  97.8647  88.3367 0058099 174.1540 186.0361 14.74844629165707
AEROCUBE 6B             
1 40046U 14033AN  17203.61967099  .00000290  00000-0  49703-4 0  9993
2 40046  97.8641  88.2681 0057350 173.7335 186.4604 14.74844346165706
UKUBE-1                 
1 40074U 14037F   17203.50094782  .00000376  00000-0  52799-4 0  9990
2 40074  98.3508 320.0120 0003564 309.0686  51.0212 14.83523020164413
BRITE-PL 2              
1 40119U 14049B   17203.54280150  .00000118  00000-0  20694-4 0  9996
2 40119  97.9361 289.2577 0016928 338.5260  21.5242 14.84151225158312
FIREBIRD 4              
1 40378U 15003C   17203.59099510  .00001930  00000-0  85776-4 0  9992
2 40378  99.1230  34.6534 0135111 244.8231 113.8935 15.15493868136368
GRIFEX                  
1 40379U 15003D   17203.56676631  .00001343  00000-0  64738-4 0  9998
2 40379  99.1252  32.2544 0140948 252.9691 105.6052 15.13027136136225
EXOCUBE                 
1 40380U 15003E   17203.52081992  .00000958  00000-0  49246-4 0  9994
2 40380  99.1292  30.8703 0144559 257.3774 101.1254 15.11532592136124
DEORBITSAIL             
1 40719U 15032E   17203.30389404  .00000416  00000-0  67674-4 0  9991
2 40719  97.9766  96.6163 0017593  34.3512 325.8831 14.76087444109501
TIANWANG 1C (TW-1C)     
1 40926U 15051B   17203.55624502  .00007468  00000-0  17002-3 0  9993
2 40926  97.2281 242.8470 0013114  46.1122 111.9416 15.43155447102370
TIANWANG 1B (TW-1B)     
1 40927U 15051C   17203.38556373  .00007535  00000-0  17804-3 0  9990
2 40927  97.2366 242.6798 0012990  59.6512  61.1191 15.42039027102290
TIANWANG 1A (TW-1A)     
1 40928U 15051D   17203.46075274  .00003816  00000-0  10967-3 0  9997
2 40928  97.2251 238.6410 0014317  72.8556  34.3745 15.36326786102112
LEMUR-2-JOEL            
1 40932U 15052C   17203.05227292  .00000758  00000-0  15512-4 0  9991
2 40932   6.0077 338.9096 0013611  25.9720 334.0975 14.77485559 98176
LEMUR-2-CHRIS           
1 40933U 15052D   17203.05120057  .00000932  00000-0  38948-4 0  9995
2 40933   6.0046 337.7635 0013825  30.8954 329.1788 14.77628478 98187
LEMUR-2-JEROEN          
1 40934U 15052E   17203.03844724  .00000366  00000-0 -38023-4 0  9994
2 40934   6.0078 343.2732 0011868  16.0436 344.0393 14.76974770 98107
LEMUR-2-PETER           
1 40935U 15052F   17203.33310498  .00001027  00000-0  54021-4 0  9994
2 40935   6.0053 342.7072 0011032  13.0889 346.9429 14.76744860 98144
EXACTVIEW 9             
1 40936U 15052G   17201.99469756  .00000849  00000-0  29978-4 0  9991
2 40936   6.0094 354.6101 0011062 350.3781   9.7535 14.76260889 97949
ATHENOXAT 1             
1 41168U 15077C   17203.59799769  .00002588  00000-0  10902-3 0  9992
2 41168  14.9890 270.7528 0011762 147.3690  84.3636 15.11666375 88402
GALASSIA                
1 41170U 15077E   17203.33234706  .00001819  00000-0  64034-4 0  9994
2 41170  14.9884 268.8416 0013478 161.2896 198.7922 15.12156847 88408
VELOX 2                 
1 41171U 15077F   17203.55810305  .00001489  00000-0  49635-4 0  9997
2 41171  14.9912 280.0733 0009125 119.9236 240.1991 15.09920968 88329
AGGIESAT 4              
1 41313U 98067HP  17203.43282057  .00020615  00000-0  13709-3 0  9993
2 41313  51.6360 181.5612 0002038 299.7656  60.3141 15.75408216 84484
HORYU-IV                
1 41340U 16012D   17203.44183062  .00000472  00000-0  29734-4 0  9995
2 41340  31.0044 244.6954 0014232  63.6914 296.5182 15.00626227 78314
OUFTI-1                 
1 41458U 16025C   17203.59097186  .00003332  00000-0  18021-3 0  9990
2 41458  98.1814 243.1931 0174699 171.1228 189.3126 15.03274790 67906
E-ST@R-II               
1 41459U 16025D   17203.54902126  .00001005  00000-0  58023-4 0  9997
2 41459  98.1828 243.1026 0174820 171.2810 189.1518 15.03093403 67881
AAUSAT 4                
1 41460U 16025E   17203.59192169  .00003627  00000-0  19640-3 0  9995
2 41460  98.1764 243.2640 0167774 169.5330 190.9447 15.04028737 67916
DIWATA-1                
1 41463U 98067HT  17203.58909990  .00005693  00000-0  67781-4 0  9996
2 41463  51.6401 206.5973 0000361  16.8593  74.9682 15.62787823 70339
NODES 2                 
1 41477U 98067HX  17203.32651006  .00084997  00000-0  31538-3 0  9999
2 41477  51.6238 179.8710 0001567  48.4013 311.7126 15.87353216 67647
NODES 1                 
1 41478U 98067HY  17203.32006265  .00078377  00000-0  30311-3 0  9994
2 41478  51.6277 180.6242 0001704  49.1817 310.9335 15.86538424 67631
FLOCK 2E'-1             
1 41479U 98067HZ  17203.35645642  .00014686  00000-0  12293-3 0  9998
2 41479  51.6326 196.8485 0002379  24.6260 335.4851 15.70247694 67380
FLOCK 2E'-3             
1 41480U 98067JA  17203.38400774  .00014001  00000-0  11829-3 0  9993
2 41480  51.6328 196.3033 0001809  54.9937 305.1230 15.70071021 67386
FLOCK 2E'-2             
1 41481U 98067JB  17203.57164527  .00014967  00000-0  12187-3 0  9997
2 41481  51.6311 193.7558 0002300  23.5843 336.5260 15.70899406 67428
FLOCK 2E'-4             
1 41482U 98067JC  17203.55398727  .00019075  00000-0  13887-3 0  9990
2 41482  51.6307 192.1136 0001484  74.3668 285.7495 15.73355854 67444
FLOCK 2E-1              
1 41483U 98067JD  17203.36484664  .00010327  00000-0  92591-4 0  9997
2 41483  51.6347 197.7218 0001364 122.5834 237.5295 15.68973444 67223
FLOCK 2E-2              
1 41484U 98067JE  17203.38156263  .00012814  00000-0  10635-3 0  9992
2 41484  51.6355 195.6011 0000808 108.6071 251.5014 15.70598797 67256
FLOCK 2E-3              
1 41486U 98067JG  17203.57647896  .00013865  00000-0  12232-3 0  9994
2 41486  51.6338 198.3762 0000796 113.0081 247.1000 15.69020308 67251
FLOCK 2E-4              
1 41487U 98067JH  17203.35525454  .00010840  00000-0  96545-4 0  9996
2 41487  51.6344 197.6232 0001407 207.6028 152.4894 15.69073765 67247
FLOCK 2E-6              
1 41563U 98067JM  17203.38357798  .00010293  00000-0  97978-4 0  9991
2 41563  51.6336 200.0626 0002153  19.0877 341.0200 15.67490083 65288
FLOCK 2E-5              
1 41564U 98067JN  17203.39644041  .00009659  00000-0  92654-4 0  9993
2 41564  51.6337 200.1569 0002045  25.3753 334.7343 15.67385786 65279
FLOCK 2E-7              
1 41565U 98067JP  17203.45301240  .00014088  00000-0  11546-3 0  9994
2 41565  51.6328 195.2410 0002126 276.1692  83.9063 15.70803203 65249
FLOCK 2E-8              
1 41566U 98067JQ  17203.57571987  .01349402  11880-4  61830-3 0  9990
2 41566  51.6097 165.4886 0002285 228.4380 131.6443 16.21188880 65639
FLOCK 2E'-5             
1 41567U 98067JR  17203.40927204  .00009137  00000-0  91085-4 0  9991
2 41567  51.6349 201.7621 0003091 285.9570  74.1085 15.66497986 65121
FLOCK 2E'-6             
1 41568U 98067JS  17203.02705154  .00009380  00000-0  86493-4 0  9995
2 41568  51.6332 200.6603 0002623 291.8351  68.2367 15.68414143 65139
FLOCK 2E'-8             
1 41569U 98067JT  17203.35298254  .00014581  00000-0  11792-3 0  9998
2 41569  51.6327 195.3242 0000237  30.6444 329.4567 15.71086996 65111
FLOCK 2E'-7             
1 41570U 98067JU  17203.55153039  .00019097  00000-0  13410-3 0  9999
2 41570  51.6331 190.6497 0000788 112.0067 248.1016 15.74202243 65210
FLOCK 2E-9              
1 41571U 98067JV  17203.52472747  .00016343  00000-0  12686-3 0  9992
2 41571  51.6329 193.4860 0001516 295.0952  64.9888 15.71965677 65134
FLOCK 2E-10             
1 41572U 98067JW  17203.40668565  .00014226  00000-0  11977-3 0  9995
2 41572  51.6335 196.4601 0002401 280.4329  79.6397 15.70139223 65089
FLOCK 2E-12             
1 41573U 98067JX  17203.45180397  .00014554  00000-0  11797-3 0  9997
2 41573  51.6327 195.2422 0002222 304.5922  55.4866 15.71035577 65101
FLOCK 2E-11             
1 41574U 98067JY  17203.25295980  .00014692  00000-0  11830-3 0  9992
2 41574  51.6317 195.3648 0003062 301.1753  58.8945 15.71185746 65086
FLOCK 2E'-9             
1 41575U 98067JZ  17203.54307731  .00015583  00000-0  11913-3 0  9995
2 41575  51.6310 192.7747 0003433 324.0504  36.0263 15.72370995 65131
FLOCK 2E'-10            
1 41576U 98067KA  17203.37602275  .00015499  00000-0  12476-3 0  9999
2 41576  51.6339 195.5149 0003261 318.8883  41.1869 15.71141203 64988
FLOCK 2E'-11            
1 41577U 98067KB  17203.42455693  .00013666  00000-0  11326-3 0  9993
2 41577  51.6340 195.8500 0002931 291.7196  68.3489 15.70562527 64809
FLOCK 2E'-12            
1 41578U 98067KC  17203.39447696  .00016664  00000-0  12873-3 0  9993
2 41578  51.6313 194.8155 0002463 284.9039  75.1686 15.72061762 64818
FLOCK 2P-6              
1 41606U 16040H   17203.59499416  .00001413  00000-0  64313-4 0  9998
2 41606  97.4573 266.0247 0009616 316.9755  43.0728 15.22324350 60095
FLOCK 2P-11             
1 41608U 16040K   17203.60063014  .00002250  00000-0  10058-3 0  9999
2 41608  97.4569 265.9987 0009591 317.1446  42.9042 15.22336333 60038
FLOCK 2P-2              
1 41609U 16040L   17203.41976936  .00002170  00000-0  97123-4 0  9995
2 41609  97.4573 265.8081 0009513 317.1576  42.8918 15.22337157 59984
FLOCK 2P-9              
1 41610U 16040M   17203.29918836  .00001179  00000-0  54210-4 0  9996
2 41610  97.4569 265.6491 0009815 318.0464  42.0019 15.22310783 59840
FLOCK 2P-4              
1 41611U 16040N   17203.58953833  .00001652  00000-0  74681-4 0  9995
2 41611  97.4595 266.1496 0010031 326.9090  33.1518 15.22331896 60054
FLOCK 2P-10             
1 41612U 16040P   17203.50203720  .00003048  00000-0  13513-3 0  9998
2 41612  97.4601 266.1370 0009873 327.6228  32.4401 15.22335797 60043
FLOCK 2P-8              
1 41613U 16040Q   17203.45270855  .00002573  00000-0  11457-3 0  9993
2 41613  97.4597 266.0313 0009959 326.9307  33.1306 15.22332773 60031
FLOCK 2P-12             
1 41614U 16040R   17203.61130139  .00002457  00000-0  10957-3 0  9997
2 41614  97.4608 266.3284 0009658 326.6325  33.4301 15.22323317 60063
FLOCK 2P-7              
1 41615U 16040S   17203.44722403  .00002274  00000-0  10162-3 0  9995
2 41615  97.4594 266.0251 0009896 328.4170  31.6471 15.22334854 60034
FLOCK 2P-5              
1 41616U 16040T   17203.49099908  .00002188  00000-0  97858-4 0  9990
2 41616  97.4608 266.1823 0009676 326.2737  33.7882 15.22342299 60028
FLOCK 2P-1              
1 41617U 16040U   17203.61100024  .00001837  00000-0  82700-4 0  9997
2 41617  97.4610 266.3282 0009506 327.0314  33.0328 15.22337358 60067
FLOCK 2P-3              
1 41618U 16040V   17203.37596159  .00001251  00000-0  57327-4 0  9996
2 41618  97.4607 266.0242 0009542 327.7574  32.3078 15.22324781 60028
BEESAT-4                
1 41619U 16040W   17203.45849386  .00001465  00000-0  69456-4 0  9992
2 41619  97.4602 265.5030 0010695 310.2128  49.8170 15.20853926 47955
3CAT-2                  
1 41732U 16051B   17203.56040598  .00001549  00000-0  64833-4 0  9997
2 41732  97.3743 120.0245 0015024 143.7028 341.8005 15.24965666 51921
FLOCK 2E'-13            
1 41761U 98067KH  17203.42439018  .00006266  00000-0  78284-4 0  9996
2 41761  51.6363 213.1807 0007276  34.6409 325.5058 15.61307772 48419
FLOCK 2E'-14            
1 41762U 98067KJ  17203.27771133  .00006591  00000-0  81424-4 0  9998
2 41762  51.6377 213.7278 0007160  34.1980 325.9474 15.61501473 48391
FLOCK 2E'-16            
1 41763U 98067KK  17203.43050683  .00007149  00000-0  86192-4 0  9994
2 41763  51.6374 212.4943 0006542  43.5078 316.6431 15.61992608 48382
FLOCK 2E'-15            
1 41764U 98067KL  17203.50178875  .00006326  00000-0  79280-4 0  9993
2 41764  51.6373 212.9691 0006771  41.1919 318.9584 15.61204796 48387
FLOCK 2E'-18            
1 41769U 98067KM  17203.42244224  .00006403  00000-0  80029-4 0  9990
2 41769  51.6374 213.1829 0005823  60.3644 299.7929 15.61256419 48371
FLOCK 2E'-17            
1 41776U 98067KN  17203.41361128  .00007337  00000-0  90536-4 0  9991
2 41776  51.6378 213.1446 0006170  61.2854 298.8759 15.61330468 48364
FLOCK 2E'-19            
1 41777U 98067KP  17203.40800670  .00010573  00000-0  11517-3 0  9998
2 41777  51.6356 210.0607 0005256  60.4083 299.7435 15.64028377 48362
FLOCK 2E'-20            
1 41782U 98067KQ  17203.55182690  .00008906  00000-0  10105-3 0  9994
2 41782  51.6370 210.3007 0005340  55.0151 305.1344 15.63214547 48244
CANX-7                  
1 41788U 16059F   17203.52074916  .00005819  00000-0  10897-2 0  9996
2 41788  98.1794 265.0655 0035491  63.9142 296.5711 14.64786376 43767
ALSAT 1N                
1 41789U 16059G   17203.55179649  .00000079  00000-0  24152-4 0  9993
2 41789  98.1653 265.1253 0029381  45.9368 314.4252 14.64058647 43783
RAVAN                   
1 41849U 16067B   17203.44956827  .00000855  00000-0  79484-4 0  9998
2 41849  97.9487 282.1039 0008737 170.8559 189.2823 14.97045725 37789
CELTEE 1                
1 41850U 16067C   17203.43205499  .00000786  00000-0  74338-4 0  9997
2 41850  97.9476 281.9692 0009177 171.0772 189.0613 14.96573235 37775
OPTICUBE 04             
1 41851U 16067D   17203.50614633  .00000615  00000-0  59496-4 0  9999
2 41851  97.9477 282.0274 0009111 171.6953 188.4420 14.96502835 37788
AEROCUBE 8D             
1 41852U 16067E   17203.42692995  .00000691  00000-0  66580-4 0  9994
2 41852  97.9485 281.8519 0010012 173.3184 186.8172 14.96217969 37769
AEROCUBE 8C             
1 41853U 16067F   17203.43313815  .00000803  00000-0  76572-4 0  9994
2 41853  97.9487 281.8422 0010339 174.1191 186.0152 14.96182945 37769
PROMETHEUS 2-1          
1 41854U 16067G   17203.51543364  .00000430  00000-0  43601-4 0  9991
2 41854  97.9493 281.8943 0010541 173.9265 186.2085 14.96149890 37779
PROMETHEUS 2-3          
1 41855U 16067H   17203.51701481  .00000372  00000-0  38435-4 0  9992
2 41855  97.9494 281.8953 0010698 174.5042 185.6298 14.96141565 37775
LEMUR-2-XIAOQING        
1 41871U 16062C   17203.32078449  .00003718  00000-0  17251-3 0  9994
2 41871  51.6517 280.0835 0004796 359.9483 111.7374 15.22471104 36292
LEMUR-2-SOKOLSKY        
1 41872U 16062D   17203.42961468  .00002948  00000-0  13979-3 0  9995
2 41872  51.6378 279.3571 0004457  22.4320  40.8011 15.22455665 36308
LEMUR-2-ANUBHAVTHAKUR   
1 41873U 16062E   17203.44105304  .00001928  00000-0  98655-4 0  9999
2 41873  51.6431 280.2117 0006755  20.6860  42.9951 15.21611035 36285
LEMUR-2-WINGO           
1 41874U 16062F   17203.46558689  .00001345  00000-0  72070-4 0  9996
2 41874  51.6452 279.5987 0006527 350.9060 106.8368 15.22192238 36308
STARS-C                 
1 41895U 98067KR  17203.58355663  .00023623  00000-0  25855-3 0  9995
2 41895  51.6355 214.9999 0005297  73.2084 286.9491 15.63154479 33521
TANCREDO-1              
1 41931U 98067KT  17203.51239005  .00056486  00000-0  44550-3 0  9996
2 41931  51.6337 210.7371 0007811  41.7323 318.4270 15.70818761 29148
ITF-2                   
1 41932U 98067KU  17203.44957625  .00011301  00000-0  14305-3 0  9996
2 41932  51.6388 217.8813 0006351  41.9209 318.2269 15.60010050 29046
WASEDA-SAT3             
1 41933U 98067KV  17203.47649132  .00012796  00000-0  15710-3 0  9991
2 41933  51.6370 217.2934 0006327  43.3923 316.7567 15.60676146 29057
AOBA-VELOX 3            
1 41935U 98067KX  17203.56011322  .00012440  00000-0  15446-3 0  9999
2 41935  51.6382 217.1148 0005832  45.1239 315.0228 15.60412355 29166
TUPOD                   
1 41936U 98067KY  17203.40748566  .00120080  00000-0  65906-3 0  9996
2 41936  51.6286 207.7459 0007864  39.3501 320.8070 15.78860869 28652
OSNSAT                  
1 41939U 98067KZ  17203.39541786  .00027813  00000-0  27835-3 0  9991
2 41939  51.6356 214.4853 0007614  42.5667 317.5917 15.65314261 28444
FLOCK 3P-8              
1 41951U 17008D   17203.59701301  .00002907  00000-0  12811-3 0  9999
2 41951  97.4935 264.8079 0010163  73.6034 286.6319 15.22586095 23923
FLOCK 3P-51             
1 41952U 17008E   17203.56907097  .00001459  00000-0  65661-4 0  9990
2 41952  97.4940 264.8575 0010166  88.6663 271.5738 15.22677274 23926
FLOCK 3P-37             
1 41953U 17008F   17203.60327993  .00002479  00000-0  10816-3 0  9991
2 41953  97.4939 264.9585 0009509  92.9154 267.3171 15.23066175 23937
INS-1B                  
1 41954U 17008G   17203.58036225  .00001462  00000-0  67397-4 0  9992
2 41954  97.4912 264.6345 0011285  72.0567 288.1898 15.21818910 23859
FLOCK 3P-19             
1 41955U 17008H   17203.54596158  .00003231  00000-0  14221-3 0  9998
2 41955  97.4931 264.7148 0011015  73.4162 286.8283 15.22535838 23837
FLOCK 3P-24             
1 41956U 17008J   17203.61036054  .00003387  00000-0  14871-3 0  9994
2 41956  97.4930 264.7823 0010875  70.9954 289.2460 15.22579379 23923
FLOCK 3P-18             
1 41957U 17008K   17203.61194134  .00002711  00000-0  11968-3 0  9993
2 41957  97.4931 264.7835 0010859  71.9592 288.2826 15.22579021 23760
FLOCK 3P-22             
1 41958U 17008L   17203.54887769  .00003267  00000-0  14395-3 0  9993
2 41958  97.4932 264.7148 0010820  72.2919 287.9498 15.22490158 23746
FLOCK 3P-21             
1 41959U 17008M   17203.60453666  .00003381  00000-0  14858-3 0  9997
2 41959  97.4938 264.8013 0010644  74.2668 285.9742 15.22552221 23764
FLOCK 3P-28             
1 41960U 17008N   17203.60274461  .00002317  00000-0  10277-3 0  9992
2 41960  97.4934 264.8008 0010464  72.6049 287.6330 15.22565231 23847
FLOCK 3P-26             
1 41961U 17008P   17203.61081252  .00003249  00000-0  14306-3 0  9990
2 41961  97.4934 264.7887 0010635  72.2017 288.0379 15.22518556 23760
FLOCK 3P-17             
1 41962U 17008Q   17203.59304184  .00002865  00000-0  12612-3 0  9991
2 41962  97.4934 264.8130 0010453  74.5299 285.7091 15.22623378 23717
FLOCK 3P-27             
1 41963U 17008R   17203.55092616  .00003348  00000-0  14764-3 0  9999
2 41963  97.4935 264.7177 0010774  72.5903 287.6510 15.22438100 23753
FLOCK 3P-25             
1 41964U 17008S   17203.60673241  .00003322  00000-0  14606-3 0  9992
2 41964  97.4933 264.7919 0010412  73.2758 286.9620 15.22549139 23749
FLOCK 3P-4              
1 41965U 17008T   17203.60096714  .00002830  00000-0  12478-3 0  9995
2 41965  97.4936 264.8049 0010379  74.1132 286.1248 15.22584294 23846
FLOCK 3P-2              
1 41966U 17008U   17203.60113111  .00003163  00000-0  13915-3 0  9994
2 41966  97.4937 264.8077 0010212  72.7088 287.5265 15.22571498 23766
FLOCK 3P-1              
1 41967U 17008V   17203.60794983  .00002366  00000-0  10540-3 0  9992
2 41967  97.4939 264.8007 0010270  73.4040 286.8323 15.22398566 23762
FLOCK 3P-3              
1 41968U 17008W   17203.53761535  .00003211  00000-0  14124-3 0  9994
2 41968  97.4935 264.7354 0010315  73.0726 287.1640 15.22564737 23839
FLOCK 3P-6              
1 41969U 17008X   17203.59967710  .00002692  00000-0  11884-3 0  9996
2 41969  97.4938 264.8100 0010117  72.8709 287.3634 15.22585007 23750
FLOCK 3P-7              
1 41970U 17008Y   17203.58428613  .00003774  00000-0  16484-3 0  9994
2 41970  97.4938 264.8312 0010224  75.4698 284.7672 15.22693143 23767
FLOCK 3P-5              
1 41971U 17008Z   17203.59469545  .00003456  00000-0  15171-3 0  9994
2 41971  97.4939 264.8202 0010174  74.8500 285.3861 15.22582074 23695
FLOCK 3P-12             
1 41972U 17008AA  17203.52740679  .00002746  00000-0  12111-3 0  9990
2 41972  97.4938 264.7560 0009996  75.2436 284.9907 15.22607486 23831
FLOCK 3P-9              
1 41973U 17008AB  17203.59730548  .00002688  00000-0  11867-3 0  9994
2 41973  97.4940 264.8191 0010123  73.4461 286.7886 15.22591974 23849
FLOCK 3P-10             
1 41974U 17008AC  17203.58960889  .00001632  00000-0  73121-4 0  9997
2 41974  97.4940 264.8309 0009927  74.5673 285.6659 15.22649188 23733
FLOCK 3P-11             
1 41975U 17008AD  17203.60057999  .00003416  00000-0  15006-3 0  9999
2 41975  97.4940 264.8148 0010276  74.3163 285.9206 15.22565832 23730
FLOCK 3P-60             
1 41976U 17008AE  17203.57875316  .00002519  00000-0  11102-3 0  9993
2 41976  97.4941 264.8457 0009862  75.7353 284.4978 15.22702658 23098
FLOCK 3P-58             
1 41977U 17008AF  17203.52733795  .00002993  00000-0  13173-3 0  9999
2 41977  97.4940 264.7573 0009941  74.9820 285.2515 15.22599831 23918
FLOCK 3P-57             
1 41978U 17008AG  17203.58942710  .00001965  00000-0  87469-4 0  9993
2 41978  97.4938 264.8286 0009989  73.4914 286.7419 15.22637814 23764
FLOCK 3P-75             
1 41979U 17008AH  17203.52305824  .00002011  00000-0  89379-4 0  9992
2 41979  97.4960 264.8140 0010282  76.2628 283.9752 15.22661021 23902
FLOCK 3P-70             
1 41980U 17008AJ  17203.52282891  .00003420  00000-0  14982-3 0  9994
2 41980  97.4962 264.8157 0010208  76.1380 284.0991 15.22659699 23754
FLOCK 3P-73             
1 41981U 17008AK  17203.59315917  .00003642  00000-0  15962-3 0  9993
2 41981  97.4962 264.8754 0010420  76.4744 283.7652 15.22601011 23891
FLOCK 3P-88             
1 41982U 17008AL  17203.51979906  .00002534  00000-0  11175-3 0  9991
2 41982  97.4959 264.8139 0010289  76.5101 283.7281 15.22678041 22856
FLOCK 3P-85             
1 41983U 17008AM  17203.57328054  .00002011  00000-0  89295-4 0  9999
2 41983  97.4960 264.8991 0010232  79.0897 281.1490 15.22693778 23762
FLOCK 3P-79             
1 41984U 17008AN  17203.57411806  .00002314  00000-0  10233-3 0  9999
2 41984  97.4961 264.8976 0009885  79.2852 280.9496 15.22684193 23766
FLOCK 3P-86             
1 41985U 17008AP  17203.57477094  .00002688  00000-0  11831-3 0  9990
2 41985  97.4959 264.8937 0009841  78.5705 281.6637 15.22695207 23754
FLOCK 3P-36             
1 41986U 17008AQ  17203.57847436  .00002298  00000-0  10155-3 0  9997
2 41986  97.4942 264.8483 0009422  75.8829 284.3454 15.22717723 23244
FLOCK 3P-30             
1 41987U 17008AR  17203.56901365  .00001477  00000-0  66347-4 0  9992
2 41987  97.4943 264.8623 0009462  77.7498 282.4797 15.22712665 23710
FLOCK 3P-34             
1 41988U 17008AS  17203.58098799  .00002504  00000-0  11033-3 0  9996
2 41988  97.4939 264.8390 0009587  74.5567 285.6728 15.22724614 23241
FLOCK 3P-35             
1 41989U 17008AT  17203.51729977  .00002255  00000-0  99750-4 0  9995
2 41989  97.4938 264.7703 0009713  74.4258 285.8049 15.22699145 23232
FLOCK 3P-33             
1 41990U 17008AU  17203.57752959  .00002367  00000-0  10462-3 0  9995
2 41990  97.4940 264.8458 0009398  75.5186 284.7093 15.22680294 23249
LEMUR-2-SATCHMO         
1 41991U 17008AV  17203.59895226  .00001263  00000-0  57951-4 0  9992
2 41991  97.4937 264.8164 0009587  76.6109 283.6195 15.22252913 23241
LEMUR-2-MIA-GRACE       
1 41992U 17008AW  17203.51917110  .00001966  00000-0  87921-4 0  9992
2 41992  97.4939 264.7728 0009534  77.3739 282.8562 15.22480630 23235
LEMUR-2-SMITA-SHARAD    
1 41993U 17008AX  17203.59132176  .00001682  00000-0  75882-4 0  9990
2 41993  97.4937 264.8275 0009530  77.0301 283.1999 15.22379486 23245
LEMUR-2-SPIRE-MINIONS   
1 41994U 17008AY  17203.58920895  .00001874  00000-0  84039-4 0  9990
2 41994  97.4938 264.8295 0009587  76.4636 283.7668 15.22439241 23240
LEMUR-2-RDEATON         
1 41995U 17008AZ  17203.58846398  .00001729  00000-0  77814-4 0  9998
2 41995  97.4938 264.8330 0010682  87.6523 272.5936 15.22407491 23929
LEMUR-2-NOGUECORREIG    
1 41996U 17008BA  17203.58083253  .00001929  00000-0  86178-4 0  9997
2 41996  97.4939 264.8442 0010603  88.0267 272.2184 15.22521749 23147
LEMUR-2-JOBANPUTRA      
1 41997U 17008BB  17203.57224917  .00001871  00000-0  83373-4 0  9991
2 41997  97.4940 264.8562 0010543  88.3451 271.8993 15.22656309 23238
LEMUR-2-TACHIKOMA       
1 41998U 17008BC  17203.58761844  .00001471  00000-0  66740-4 0  9993
2 41998  97.4937 264.8334 0010611  88.0978 272.1473 15.22364768 23163
BGUSAT                  
1 41999U 17008BD  17203.56663395  .00002366  00000-0  10438-3 0  9990
2 41999  97.4944 264.8700 0010564  89.7974 270.4473 15.22732856 23236
DIDO-2                  
1 42000U 17008BE  17203.52529232  .00001154  00000-0  53149-4 0  9992
2 42000  97.4936 264.7627 0010577  88.6806 271.5642 15.22287777 23231
FLOCK 3P-49             
1 42001U 17008BF  17203.56417414  .00002190  00000-0  96854-4 0  9996
2 42001  97.4942 264.8647 0010212  90.0608 270.1799 15.22722834 23769
FLOCK 3P-67             
1 42002U 17008BG  17203.56955140  .00002768  00000-0  12173-3 0  9992
2 42002  97.4939 264.8546 0010141  88.5988 271.6410 15.22689958 23921
FLOCK 3P-68             
1 42003U 17008BH  17203.57103210  .00002240  00000-0  99133-4 0  9994
2 42003  97.4938 264.8509 0010260  88.1728 272.0683 15.22683009 23568
FLOCK 3P-41             
1 42004U 17008BJ  17203.56026555  .00001542  00000-0  69143-4 0  9992
2 42004  97.4936 264.8599 0010022  90.8168 269.4217 15.22711527 23762
FLOCK 3P-45             
1 42005U 17008BK  17203.56524888  .00003671  00000-0  16046-3 0  9993
2 42005  97.4940 264.8594 0010050  89.9546 270.2842 15.22685857 23921
FLOCK 3P-48             
1 42006U 17008BL  17203.56335528  .00002520  00000-0  11104-3 0  9997
2 42006  97.4941 264.8644 0009926  91.0543 269.1831 15.22715855 23703
FLOCK 3P-43             
1 42007U 17008BM  17203.56112735  .00001264  00000-0  57262-4 0  9991
2 42007  97.4938 264.8620 0009827  90.8727 269.3635 15.22706878 23928
FLOCK 3P-42             
1 42008U 17008BN  17203.56067883  .00002907  00000-0  12754-3 0  9996
2 42008  97.4937 264.8599 0009876  90.8331 269.4037 15.22733670 23846
FLOCK 3P-61             
1 42009U 17008BP  17203.55880089  .00002105  00000-0  93275-4 0  9995
2 42009  97.4938 264.8643 0009828  92.6131 267.6231 15.22709983 23894
FLOCK 3P-40             
1 42010U 17008BQ  17203.55304924  .00001232  00000-0  55834-4 0  9995
2 42010  97.4932 264.8620 0009680  92.9467 267.2877 15.22741965 23153
FLOCK 3P-16             
1 42011U 17008BR  17203.60823874  .00001394  00000-0  62598-4 0  9996
2 42011  97.4933 264.9441 0009367  92.9834 267.2475 15.22838626 23107
FLOCK 3P-14             
1 42012U 17008BS  17203.61186856  .00001237  00000-0  55995-4 0  9999
2 42012  97.4937 264.9444 0009463  94.5083 265.7235 15.22753374 23727
FLOCK 3P-53             
1 42013U 17008BT  17203.54989380  .00001862  00000-0  82845-4 0  9993
2 42013  97.4929 264.8600 0009425  93.5881 266.6434 15.22728819 23711
FLOCK 3P-54             
1 42014U 17008BU  17203.61271559  .00002339  00000-0  10318-3 0  9999
2 42014  97.4935 264.9358 0009350  94.2158 266.0147 15.22754133 23939
PEASSS                  
1 42015U 17008BV  17203.59520766  .00001333  00000-0  59831-4 0  9991
2 42015  97.4926 264.9518 0008436  95.7913 264.4285 15.22919941 23730
AL-FARABI 1             
1 42016U 17008BW  17203.58591952  .00001696  00000-0  74962-4 0  9990
2 42016  97.4930 264.9690 0008342  96.4997 263.7190 15.23071352 23859
NAYIF-1 (EO-88)         
1 42017U 17008BX  17203.51874569  .00001763  00000-0  77770-4 0  9997
2 42017  97.4929 264.9046 0008320  96.8890 263.3294 15.23087050 23869
FLOCK 3P-23             
1 42018U 17008BY  17203.60758757  .00003382  00000-0  14857-3 0  9993
2 42018  97.4932 264.7873 0010551  72.4000 287.8388 15.22569118 22696
FLOCK 3P-76             
1 42019U 17008BZ  17203.58100246  .00002039  00000-0  90482-4 0  9992
2 42019  97.4963 264.8941 0010241  77.4196 282.8185 15.22693720 23750
FLOCK 3P-69             
1 42020U 17008CA  17203.57926333  .00001758  00000-0  78406-4 0  9995
2 42020  97.4962 264.8956 0010076  76.3904 283.8454 15.22708545 22647
FLOCK 3P-84             
1 42021U 17008CB  17203.52203176  .00002881  00000-0  12654-3 0  9994
2 42021  97.4958 264.8112 0010453  76.5244 283.7156 15.22696856 23757
FLOCK 3P-59             
1 42022U 17008CC  17203.52068423  .00002332  00000-0  10333-3 0  9992
2 42022  97.4940 264.7674 0009892  76.8905 283.3434 15.22607252 22771
FLOCK 3P-32             
1 42023U 17008CD  17203.58950798  .00002216  00000-0  98275-4 0  9997
2 42023  97.4939 264.8312 0009811  73.5081 286.7232 15.22618620 23922
FLOCK 3P-71             
1 42024U 17008CE  17203.59479706  .00002289  00000-0  10177-3 0  9998
2 42024  97.4964 264.8759 0010207  76.2437 283.9935 15.22498439 22799
FLOCK 3P-77             
1 42025U 17008CF  17203.51718514  .00001892  00000-0  84171-4 0  9999
2 42025  97.4961 264.8202 0010179  78.2507 281.9870 15.22704525 23757
FLOCK 3P-80             
1 42026U 17008CG  17203.43608572  .00002896  00000-0  12715-3 0  9992
2 42026  97.4960 264.7720 0009766  79.0325 281.2010 15.22720000 21885
FLOCK 3P-66             
1 42027U 17008CH  17203.57048991  .00002068  00000-0  91747-4 0  9995
2 42027  97.4942 264.8569 0010262  88.1267 272.1145 15.22691498 23874
FLOCK 3P-65             
1 42028U 17008CJ  17203.56865882  .00001286  00000-0  58189-4 0  9995
2 42028  97.4940 264.8588 0010122  88.2543 271.9852 15.22707394 23771
FLOCK 3P-50             
1 42029U 17008CK  17203.56607032  .00002902  00000-0  12746-3 0  9991
2 42029  97.4943 264.8659 0009999  90.3953 269.8429 15.22703563 23098
FLOCK 3P-52             
1 42030U 17008CL  17203.56741210  .00001405  00000-0  63321-4 0  9993
2 42030  97.4940 264.8576 0010066  89.3624 270.8766 15.22690654 23862
FLOCK 3P-46             
1 42031U 17008CM  17203.56297528  .00001137  00000-0  51747-4 0  9993
2 42031  97.4937 264.8598 0009981  90.3205 269.9175 15.22729587 23922
FLOCK 3P-47             
1 42032U 17008CN  17203.56390386  .00002452  00000-0  10817-3 0  9993
2 42032  97.4937 264.8587 0009942  90.6480 269.5896 15.22698592 23743
FLOCK 3P-44             
1 42033U 17008CP  17203.55816073  .00001164  00000-0  52956-4 0  9999
2 42033  97.4940 264.8691 0009871  92.4942 267.7424 15.22715928 22499
FLOCK 3P-64             
1 42034U 17008CQ  17203.55760044  .00003100  00000-0  13576-3 0  9992
2 42034  97.4937 264.8623 0009792  92.4519 267.7839 15.22744857 23914
FLOCK 3P-63             
1 42035U 17008CR  17203.55680446  .00001247  00000-0  56497-4 0  9990
2 42035  97.4934 264.8610 0009834  92.5008 267.7354 15.22728424 21887
FLOCK 3P-62             
1 42036U 17008CS  17203.54893336  .00001657  00000-0  73777-4 0  9999
2 42036  97.4936 264.8742 0009806  93.3733 266.8625 15.22853174 23085
FLOCK 3P-38             
1 42037U 17008CT  17203.55447972  .00001462  00000-0  65703-4 0  9996
2 42037  97.4935 264.8642 0009528  93.2095 267.0231 15.22714899 23867
FLOCK 3P-39             
1 42038U 17008CU  17203.55272832  .00001547  00000-0  69303-4 0  9992
2 42038  97.4931 264.8608 0009722  92.7083 267.5266 15.22740445 23817
FLOCK 3P-15             
1 42039U 17008CV  17203.55616279  .00001126  00000-0  51329-4 0  9992
2 42039  97.4935 264.8623 0009651  92.8060 267.4281 15.22696422 23097
FLOCK 3P-13             
1 42040U 17008CW  17203.55114645  .00001680  00000-0  74993-4 0  9991
2 42040  97.4937 264.8714 0009529  93.1562 267.0765 15.22738618 23083
FLOCK 3P-55             
1 42041U 17008CX  17203.60009237  .00001380  00000-0  61889-4 0  9995
2 42041  97.4935 264.9565 0009299  96.6482 263.5813 15.22902585 23935
FLOCK 3P-56             
1 42042U 17008CY  17203.53483186  .00002502  00000-0  10941-3 0  9996
2 42042  97.4934 264.8833 0009312  96.5057 263.7240 15.22990526 23719
FLOCK 3P-81             
1 42043U 17008CZ  17203.11671615  .00001724  00000-0  76963-4 0  9999
2 42043  97.4960 264.4358 0010100  79.9843 280.2533 15.22698398 23038
FLOCK 3P-87             
1 42044U 17008DA  17203.45369077  .00002628  00000-0  11569-3 0  9997
2 42044  97.4957 264.7456 0010225  76.6914 283.5462 15.22710276 23237
FLOCK 3P-29             
1 42045U 17008DB  17203.58635089  .00001721  00000-0  76925-4 0  9992
2 42045  97.4939 264.8342 0009882  73.9510 286.2814 15.22663971 23108
FLOCK 3P-82             
1 42046U 17008DC  17203.45634748  .00002268  00000-0  10037-3 0  9998
2 42046  97.4960 264.7436 0010473  75.8613 284.2166 15.22674643 23138
FLOCK 3P-78             
1 42047U 17008DD  17203.38714795  .00002078  00000-0  92205-4 0  9999
2 42047  97.4959 264.6860 0010196  76.7258 283.5115 15.22677325 23051
FLOCK 3P-74             
1 42048U 17008DE  17203.59067685  .00001669  00000-0  74773-4 0  9997
2 42048  97.4963 264.8797 0010479  76.8595 283.3810 15.22625873 23081
FLOCK 3P-31             
1 42049U 17008DF  17203.59098407  .00002697  00000-0  11895-3 0  9991
2 42049  97.4940 264.8301 0010022  74.9478 285.2866 15.22620178 22546
FLOCK 3P-83             
1 42050U 17008DG  17203.45993621  .00002498  00000-0  11041-3 0  9992
2 42050  97.4958 264.7407 0010354  77.3950 282.8443 15.22619404 23795
FLOCK 3P-72             
1 42051U 17008DH  17203.44435044  .00002264  00000-0  10002-3 0  9999
2 42051  97.4962 264.7701 0009881  76.1006 284.1329 15.22727386 21380
LEMUR-2-REDFERN-GOES    
1 42059U 98067LA  17203.53100060  .00010430  00000-0  13836-3 0  9990
2 42059  51.6373 219.1581 0008781  65.5303 294.6605 15.58844668 21527
TECHEDSAT 5             
1 42066U 98067LB  17203.42367213  .00863865  35787-3  17337-2 0  9991
2 42066  51.6264 207.0296 0007140  49.7639 310.3804 15.99114071 21404
LEMUR-2-TRUTNA          
1 42067U 98067LC  17203.57147407  .00029800  00000-0  34878-3 0  9999
2 42067  51.6366 217.9276 0008396  60.1462 300.0365 15.61257818 21371
LEMUR-2-AUSTINTACIOUS   
1 42068U 98067LD  17203.58285225  .00015642  00000-0  20021-3 0  9996
2 42068  51.6372 218.7542 0008303  64.1372 296.0476 15.59360434 21469
LEMUR-2-TRUTNAHD        
1 42069U 98067LE  17203.46082105  .00009990  00000-0  13179-3 0  9991
2 42069  51.6385 219.4462 0008184  62.3314 297.8508 15.59056236 21496
HAVELSAT                
1 42700U 98067LH  17203.58739621  .00011015  00000-0  15894-3 0  9995
2 42700  51.6380 221.0318 0007180  88.5757 271.6057 15.56511746 10450
SOMP2                   
1 42701U 98067LJ  17203.52636357  .00009587  00000-0  14003-3 0  9994
2 42701  51.6384 221.3757 0007101  89.4708 270.7097 15.56358482 10432
COLUMBIA                
1 42702U 98067LK  17203.43243094  .00021058  00000-0  28305-3 0  9994
2 42702  51.6378 221.4967 0007632  77.7989 282.3858 15.57822430 10355
SGSAT                   
1 42703U 98067LL  17203.57348551  .00018055  00000-0  24880-3 0  9991
2 42703  51.6376 220.9399 0004161  40.4829 319.6472 15.57287230 10361
CXBN-2                  
1 42704U 98067LM  17203.08231263  .00009652  00000-0  14157-3 0  9998
2 42704  51.6384 223.6597 0003318  43.8086 316.3168 15.56247420 10290
ICECUBE                 
1 42705U 98067LN  17203.52843858  .00009723  00000-0  14124-3 0  9990
2 42705  51.6388 221.3920 0003321  47.1383 312.9887 15.56503173 10426
PHOENIX                 
1 42706U 98067LP  17203.33231024  .00010611  00000-0  15383-3 0  9992
2 42706  51.6386 222.3316 0002635  60.2937 299.8317 15.56443877 10327
X-CUBESAT               
1 42707U 98067LQ  17203.52582797  .00010922  00000-0  15826-3 0  9997
2 42707  51.6381 221.3722 0002696  59.8782 300.2476 15.56421655 10347
QBEE50-LTU-OC           
1 42708U 98067LR  17203.46312475  .00010621  00000-0  15435-3 0  9997
2 42708  51.6382 221.7035 0002762  60.5288 299.5979 15.56376329 10293
ALTAIR PATHFINDER       
1 42711U 98067LS  17203.55024322  .00007184  00000-0  10960-3 0  9990
2 42711  51.6383 221.5326 0005427  35.9722 324.1634 15.55624616 10016
SHARC                   
1 42712U 98067LT  17203.35411741  .00002569  00000-0  43748-4 0  9997
2 42712  51.6393 222.4752 0003327  41.4037 318.7206 15.55605000 10222
ZA-AEROSAT              
1 42713U 98067LU  17203.53765937  .00008479  00000-0  12622-3 0  9999
2 42713  51.6382 221.4508 0003389  34.5004 325.6207 15.56027941 10012
LINK                    
1 42714U 98067LV  17203.59975883  .00013568  00000-0  19604-3 0  9991
2 42714  51.6376 221.1143 0003795  37.0700 323.0553 15.56257424 10130
CSUNSAT 1               
1 42715U 98067LW  17203.41433647  .00008965  00000-0  13343-3 0  9999
2 42715  51.6380 222.1252 0005618  26.9746 333.1537 15.55944629  9996
UPSAT                   
1 42716U 98067LX  17203.46230628  .00013149  00000-0  18831-3 0  9996
2 42716  51.6381 221.6976 0005457  87.1062 273.0554 15.56525843 10139
SPACECUBE               
1 42717U 98067LY  17203.59675451  .00010493  00000-0  15320-3 0  9997
2 42717  51.6380 221.0954 0005428  88.6563 271.5050 15.56258606  9399
HOOPOE                  
1 42718U 98067LZ  17203.46576938  .00011789  00000-0  17040-3 0  9994
2 42718  51.6382 221.7213 0005457  86.4917 273.6698 15.56391567  9371
CHALLENGER              
1 42721U 98067MA  17203.47422997  .00015265  00000-0  21781-3 0  9994
2 42721  51.6376 221.7747 0008928  71.6785 288.5177 15.56456717  9078
NJUST-1                 
1 42722U 98067MB  17203.42302514  .00008155  00000-0  12276-3 0  9991
2 42722  51.6381 222.1832 0008579  75.1309 285.0632 15.55764544  9064
UNSW-ECO                
1 42723U 98067MC  17203.41803009  .00011140  00000-0  16327-3 0  9995
2 42723  51.6382 222.1506 0008623  72.8764 287.3171 15.56060310  9045
DUTHSAT                 
1 42724U 98067MD  17203.47859718  .00013994  00000-0  20141-3 0  9998
2 42724  51.6379 221.8047 0007875  73.2214 286.9641 15.56311874  8973
LILACSAT-1              
1 42725U 98067ME  17203.55374516  .00008849  00000-0  13274-3 0  9998
2 42725  51.6382 221.5569 0007593  76.8552 283.3286 15.55738430  8982
NSIGHT-1                
1 42726U 98067MF  17203.49668696  .00004736  00000-0  75505-4 0  9994
2 42726  51.6388 221.9261 0007435  79.6561 280.5268 15.55306975  8982
SNUSAT-1                
1 42727U 98067MG  17203.36056659  .00009280  00000-0  13867-3 0  9992
2 42727  51.6378 222.5139 0009156  41.9814 318.1877 15.55764271  8923
QBITO                   
1 42728U 98067MH  17203.48342669  .00010400  00000-0  15337-3 0  9995
2 42728  51.6387 221.8388 0004758  78.3197 281.8328 15.55998589  8785
AALTO-2                 
1 42729U 98067MJ  17203.54751237  .00010598  00000-0  15615-3 0  9995
2 42729  51.6383 221.5159 0004733  79.1540 280.9984 15.55998259  8804
SUSAT                   
1 42730U 98067MK  17203.29186625  .00008420  00000-0  12582-3 0  9993
2 42730  51.6381 222.8081 0004813  77.2368 282.9161 15.55932689  8756
I-INSPIRE II            
1 42731U 98067ML  17203.48124527  .00011287  00000-0  16516-3 0  9994
2 42731  51.6376 221.8187 0008738  31.1315 329.0192 15.56087580  8836
POLYITAN-2-SAU          
1 42732U 98067MM  17203.54642251  .00010866  00000-0  15962-3 0  9997
2 42732  51.6375 221.5040 0008673  31.0794 329.0709 15.56027358  8841
SNUSAT-1B               
1 42733U 98067MN  17203.54946824  .00010135  00000-0  15000-3 0  9993
2 42733  51.6377 221.5247 0008496  32.4314 327.7198 15.55912208  8842
EXALTA-1                
1 42734U 98067MP  17203.54549636  .00011630  00000-0  16973-3 0  9995
2 42734  51.6378 221.4988 0010445  52.1191 308.0744 15.56109970  8792
AOXIANG-1               
1 42735U 98067MQ  17203.48636760  .00008604  00000-0  12889-3 0  9993
2 42735  51.6381 221.8556 0009250  72.3234 287.8766 15.55808973 10201
BEEAGLESAT              
1 42736U 98067MR  17203.42227043  .00009045  00000-0  13494-3 0  9991
2 42736  51.6381 222.1777 0009202  71.0054 289.1934 15.55846236  8881
ATLANTIS                
1 42737U 98067MS  17203.59424839  .00020901  00000-0  28942-3 0  9990
2 42737  51.6374 221.0753 0009674  65.9003 294.2999 15.57008774  8804
LEMUR-2-ANGELA          
1 42752U 17019B   17203.58382298  .00000434  00000-0  28919-4 0  9990
2 42752  51.6411 230.6175 0011457 107.2702 252.9532 15.27487267  6701
LEMUR-2-JENNYBARNA      
1 42753U 17019C   17203.51739954  .00000679  00000-0  37810-4 0  9990
2 42753  51.6395 230.9248 0011387 106.5363 253.6868 15.27552353  6646
LEMUR-2-ROBMOORE        
1 42754U 17019D   17203.52032090  .00000223  00000-0  21232-4 0  9995
2 42754  51.6398 230.9428 0011437 109.2436 250.9781 15.27419254  6676
LEMUR-2-SPIROVISION     
1 42755U 17019E   17203.51965202  .00000476  00000-0  30496-4 0  9997
2 42755  51.6396 230.9380 0011395 109.0005 251.2210 15.27457708  6560
UCLSAT                  
1 42765U 17036A   17203.35551137  .00001438  00000-0  68405-4 0  9997
2 42765  97.4478 262.7824 0013116 145.4964 214.7125 15.20725882  5154
LITUANICASAT-2          
1 42768U 17036D   17203.57507008  .00002356  00000-0  11347-3 0  9994
2 42768  97.4477 262.9474 0017703 135.6755 224.5901 15.19602942  4478
INFLATESAIL             
1 42770U 17036F   17203.50618125  .00153479  00000-0  54813-2 0  9990
2 42770  97.4501 263.0379 0016186 178.6064 181.5223 15.28078809  4400
LEMUR-2-SHAINAJOHL      
1 42771U 17036G   17203.57176669  .00002119  00000-0  10193-3 0  9998
2 42771  97.4478 262.9528 0016762 134.7465 225.5137 15.19769979  4415
LEMUR-2-XUENITERENCE    
1 42772U 17036H   17203.57067651  .00002067  00000-0  99393-4 0  9991
2 42772  97.4478 262.9538 0016486 134.2141 226.0451 15.19824211  4412
LEMUR-2-LUCYBRYCE       
1 42773U 17036J   17203.56973491  .00002204  00000-0  10559-3 0  9998
2 42773  97.4478 262.9554 0016272 134.2373 226.0200 15.19874742  4417
LEMUR-2-KUNGFOO         
1 42774U 17036K   17203.56923628  .00001682  00000-0  81296-4 0  9992
2 42774  97.4480 262.9572 0016165 134.1366 226.1202 15.19892035  4400
AALTO-1                 
1 42775U 17036L   17203.56728144  .00000997  00000-0  49420-4 0  9990
2 42775  97.4479 262.9594 0015744 132.9573 227.2986 15.19969883  4419
URSA MAIOR              
1 42776U 17036M   17203.56657088  .00001027  00000-0  50765-4 0  9998
2 42776  97.4481 262.9613 0015623 133.2903 226.9638 15.20007270  4417
COMPASS 2               
1 42777U 17036N   17203.56169536  .00001817  00000-0  86678-4 0  9994
2 42777  97.4489 262.9716 0014662 137.2341 223.0038 15.20284015  4407
LEMUR-2-LYNSEY-SYMO     
1 42779U 17036Q   17203.55797291  .00001917  00000-0  90762-4 0  9990
2 42779  97.4482 262.9729 0014090 143.2642 216.9561 15.20480230  4399
LEMUR-2-LISASAURUS      
1 42780U 17036R   17203.55741700  .00001779  00000-0  84421-4 0  9997
2 42780  97.4479 262.9723 0013948 143.0665 217.1534 15.20502320  4405
LEMUR-2-SAM-AMELIA      
1 42781U 17036S   17203.55707107  .00002103  00000-0  99115-4 0  9999
2 42781  97.4479 262.9723 0013910 143.3580 216.8609 15.20532173  4390
LEMUR-2-MCPEAKE         
1 42782U 17036T   17203.55652770  .00001928  00000-0  91069-4 0  9999
2 42782  97.4480 262.9740 0013773 143.1675 217.0509 15.20559067  4395
DIAMOND RED             
1 42783U 17036U   17203.55589277  .00001203  00000-0  57985-4 0  9996
2 42783  97.4479 262.9741 0013752 144.7315 215.4833 15.20563945  4404
PEGASUS                 
1 42784U 17036V   17203.55537019  .00001363  00000-0  65224-4 0  9996
2 42784  97.4480 262.9753 0013673 144.8810 215.3330 15.20596548  4409
DIAMOND GREEN           
1 42785U 17036W   17203.55515725  .00001179  00000-0  56859-4 0  9996
2 42785  97.4480 262.9759 0013611 144.7820 215.4317 15.20602465  4477
DIAMOND BLUE            
1 42786U 17036X   17203.55423811  .00001003  00000-0  48758-4 0  9996
2 42786  97.4480 262.9768 0013422 145.0674 215.1445 15.20648812  4474
NUDTSAT                 
1 42787U 17036Y   17203.55349523  .00001971  00000-0  92597-4 0  9998
2 42787  97.4479 262.9773 0013352 145.1508 215.0604 15.20713715  4244
SUCHAI                  
1 42788U 17036Z   17203.55369358  .00001594  00000-0  75568-4 0  9997
2 42788  97.4478 262.9769 0013335 144.9964 215.2151 15.20689967  4478
SKCUBE                  
1 42789U 17036AA  17203.55286396  .00001511  00000-0  71723-4 0  9996
2 42789  97.4478 262.9777 0013144 144.8818 215.3286 15.20730806  4393
VZLUSAT-1               
1 42790U 17036AB  17203.55153290  .00001745  00000-0  82139-4 0  9996
2 42790  97.4476 262.9783 0012885 145.2038 215.0043 15.20806692  4395
ROBUSTA-1B              
1 42792U 17036AD  17203.55053478  .00001576  00000-0  74420-4 0  9991
2 42792  97.4475 262.9795 0012675 145.8627 214.3426 15.20852724  4402
CICERO 6                
1 42793U 17036AE  17203.61231078  .00001069  00000-0  51193-4 0  9992
2 42793  97.4474 263.0497 0011708 145.8571 214.3420 15.21046944  4489
D-SAT                   
1 42794U 17036AF  17203.61083949  .00000918  00000-0  44316-4 0  9996
2 42794  97.4473 263.0506 0010930 142.8585 217.3408 15.21118907  4408
1998-067MU              
1 42820U 98067MU  17203.45810194  .00009692  00000-0  14771-3 0  9990
2 42820  51.6382 222.4156 0004187  23.7586 336.3597 15.55186987  2357
1998-067MV              
1 42821U 98067MV  17203.26566471  .00009109  00000-0  13948-3 0  9994
2 42821  51.6382 223.3801 0004235  24.9587 335.1608 15.55142562  2310
1998-067MW              
1 42822U 98067MW  17203.52298175  .00009714  00000-0  14837-3 0  9997
2 42822  51.6382 222.0990 0004293  27.8246 332.2974 15.55122377  2354
1998-067MX              
1 42823U 98067MX  17203.45918517  .00009733  00000-0  14880-3 0  9998
2 42823  51.6384 222.4240 0007937  39.4111 320.7456 15.55076192  2324
1998-067MY              
1 42824U 98067MY  17203.45968493  .00009544  00000-0  14635-3 0  9995
2 42824  51.6384 222.4271 0007794  40.1839 319.9727 15.55022568  2314
FLOCK 2K-03             
1 42850U 17042AB  17203.30415810  .00005439  00000-0  17630-3 0  9999
2 42850  97.0027 111.8802 0011196 220.2844 139.7570 15.32323802  1032
FLOCK 2K-04             
1 42851U 17042AC  17203.50009927  .00001720  00000-0  57379-4 0  9994
2 42851  97.0022 112.0651 0010814 219.0579 140.9884 15.32294798  1066
FLOCK 2K-01             
1 42852U 17042AD  17203.30405499  .00001793  00000-0  59669-4 0  9991
2 42852  97.0022 111.8801 0010775 219.3645 140.6815 15.32320609  1033
FLOCK 2K-02             
1 42853U 17042AE  17203.49992921  .00001783  00000-0  59349-4 0  9997
2 42853  97.0024 112.0657 0010655 218.2374 141.8114 15.32328344  1064
FLOCK 2K-47             
1 42854U 17042AF  17203.30384350  .00001818  00000-0  60393-4 0  9999
2 42854  97.0020 111.8800 0010649 218.2053 141.8436 15.32362891  1034
FLOCK 2K-48             
1 42855U 17042AG  17203.49968609  .00001751  00000-0  58242-4 0  9991
2 42855  97.0023 112.0658 0010662 217.2533 142.7971 15.32375298  1061
FLOCK 2K-45             
1 42856U 17042AH  17203.49956298  .00001752  00000-0  58230-4 0  9991
2 42856  97.0021 112.0657 0010687 216.8838 143.1671 15.32399243  1067
FLOCK 2K-24             
1 42857U 17042AJ  17203.30348638  .00001808  00000-0  59935-4 0  9990
2 42857  97.0019 111.8803 0010606 216.9748 143.0765 15.32434066  1030
FLOCK 2K-46             
1 42858U 17042AK  17203.30346667  .00001797  00000-0  59577-4 0  9990
2 42858  97.0023 111.8810 0010741 217.0711 142.9791 15.32437342  1033
FLOCK 2K-23             
1 42859U 17042AL  17203.49933610  .00001721  00000-0  57144-4 0  9996
2 42859  97.0022 112.0663 0010714 216.1646 143.8873 15.32442827  1067
FLOCK 2K-21             
1 42860U 17042AM  17203.49920922  .00001746  00000-0  57894-4 0  9999
2 42860  97.0022 112.0663 0010690 215.6226 144.4304 15.32467933  1061
FLOCK 2K-22             
1 42861U 17042AN  17203.49906736  .00001765  00000-0  58471-4 0  9990
2 42861  97.0022 112.0667 0010758 215.3878 144.6652 15.32495646  1061
FLOCK 2K-07             
1 42862U 17042AP  17203.49885271  .00001742  00000-0  57639-4 0  9991
2 42862  97.0022 112.0669 0010856 214.7160 145.3375 15.32536939  1072
FLOCK 2K-08             
1 42863U 17042AQ  17203.49877310  .00001768  00000-0  58455-4 0  9992
2 42863  97.0020 112.0664 0010894 214.9644 145.0885 15.32552888  1060
FLOCK 2K-05             
1 42864U 17042AR  17203.49862179  .00001771  00000-0  58485-4 0  9997
2 42864  97.0021 112.0670 0010970 214.6828 145.3701 15.32582317  1065
FLOCK 2K-40             
1 42865U 17042AS  17203.49855404  .00001774  00000-0  58555-4 0  9992
2 42865  97.0022 112.0673 0010890 214.9447 145.1082 15.32595556  1060
FLOCK 2K-39             
1 42866U 17042AT  17203.49852050  .00001721  00000-0  56865-4 0  9991
2 42866  97.0021 112.0672 0010970 214.6384 145.4146 15.32601416  1062
FLOCK 2K-37             
1 42867U 17042AU  17203.49849898  .00001785  00000-0  58879-4 0  9995
2 42867  97.0021 112.0673 0010889 214.5534 145.5002 15.32606287  1062
FLOCK 2K-38             
1 42868U 17042AV  17203.49834433  .00001771  00000-0  58405-4 0  9995
2 42868  97.0021 112.0675 0010973 214.5548 145.4983 15.32636293  1061
FLOCK 2K-31             
1 42869U 17042AW  17203.49819141  .00001792  00000-0  59009-4 0  9999
2 42869  97.0020 112.0673 0011059 214.3711 145.6818 15.32666187  1069
FLOCK 2K-32             
1 42870U 17042AX  17203.49808981  .00001683  00000-0  55513-4 0  9996
2 42870  97.0025 112.0679 0011101 214.4388 145.6137 15.32686155  1062
FLOCK 2K-29             
1 42871U 17042AY  17203.49805106  .00001665  00000-0  54922-4 0  9996
2 42871  97.0025 112.0683 0011100 214.0439 146.0093 15.32693635  1067
FLOCK 2K-30             
1 42872U 17042AZ  17203.30200837  .00001836  00000-0  60282-4 0  9993
2 42872  97.0021 111.8825 0011162 215.4734 144.5768 15.32728896  1037
FLOCK 2K-44             
1 42873U 17042BA  17203.56283892  .00002117  00000-0  69000-4 0  9994
2 42873  97.0025 112.1309 0012191 203.9117 156.1562 15.32791514  1075
FLOCK 2K-43             
1 42874U 17042BB  17203.56267105  .00001755  00000-0  57539-4 0  9995
2 42874  97.0021 112.1305 0012231 204.4623 155.6041 15.32821957  1072
FLOCK 2K-41             
1 42875U 17042BC  17203.43196788  .00001820  00000-0  59534-4 0  9990
2 42875  97.0020 112.0067 0012268 204.7134 155.3523 15.32849061  1052
FLOCK 2K-36             
1 42876U 17042BD  17203.43185063  .00001820  00000-0  59474-4 0  9998
2 42876  97.0022 112.0075 0012302 205.0315 155.0333 15.32872017  1051
FLOCK 2K-35             
1 42877U 17042BE  17203.49694990  .00001821  00000-0  59457-4 0  9991
2 42877  97.0022 112.0694 0012411 204.7366 155.3283 15.32907387  1069
FLOCK 2K-34             
1 42878U 17042BF  17203.56220025  .00001808  00000-0  59034-4 0  9990
2 42878  97.0019 112.1303 0012415 204.4041 155.6616 15.32913006  1074
FLOCK 2K-33             
1 42879U 17042BG  17203.56217371  .00001826  00000-0  59601-4 0  9991
2 42879  97.0019 112.1306 0012383 204.1863 155.8800 15.32918254  1078
FLOCK 2K-28             
1 42880U 17042BH  17203.43161076  .00001772  00000-0  57891-4 0  9998
2 42880  97.0022 112.0076 0012328 204.7403 155.3250 15.32918643  1056
FLOCK 2K-27             
1 42882U 17042BK  17203.56191630  .00001827  00000-0  59538-4 0  9994
2 42882  97.0022 112.1316 0012509 204.1781 155.8877 15.32967843  1078
FLOCK 2K-26             
1 42883U 17042BL  17203.49653268  .00001825  00000-0  59417-4 0  9991
2 42883  97.0021 112.0696 0012547 204.4994 155.5654 15.32988603  1065
FLOCK 2K-25             
1 42884U 17042BM  17203.30054960  .00001703  00000-0  55537-4 0  9990
2 42884  97.0022 111.8840 0012646 204.9033 155.1602 15.33019828  1035
FLOCK 2K-20             
1 42885U 17042BN  17203.56150883  .00001816  00000-0  59027-4 0  9993
2 42885  97.0022 112.1319 0012726 203.9765 156.0887 15.33046358  1078
FLOCK 2K-19             
1 42886U 17042BP  17203.56141309  .00001829  00000-0  59401-4 0  9997
2 42886  97.0022 112.1322 0012743 203.9477 156.1175 15.33064938  1077
FLOCK 2K-18             
1 42887U 17042BQ  17203.49601825  .00001840  00000-0  59700-4 0  9999
2 42887  97.0021 112.0702 0012800 203.9529 156.1120 15.33088701  1063
FLOCK 2K-17             
1 42888U 17042BR  17203.56124307  .00001822  00000-0  59133-4 0  9993
2 42888  97.0018 112.1315 0012768 203.3465 156.7200 15.33097737  1072
FLOCK 2K-16             
1 42889U 17042BS  17203.56112015  .00001814  00000-0  58826-4 0  9996
2 42889  97.0022 112.1325 0012805 202.9814 157.0858 15.33121395  1075
FLOCK 2K-15             
1 42890U 17042BT  17203.56100377  .00001840  00000-0  59599-4 0  9993
2 42890  97.0025 112.1330 0012846 202.8737 157.1935 15.33143977  1071
FLOCK 2K-13             
1 42891U 17042BU  17203.49559507  .00001845  00000-0  59712-4 0  9991
2 42891  97.0021 112.0707 0012840 202.8979 157.1693 15.33171096  1060
FLOCK 2K-14             
1 42892U 17042BV  17203.16925711  .00001720  00000-0  55828-4 0  9996
2 42892  97.0018 111.7613 0012844 203.9426 156.1222 15.33169092  1017
FLOCK 2K-12             
1 42893U 17042BW  17203.29952910  .00001876  00000-0  60564-4 0  9997
2 42893  97.0023 111.8859 0012914 202.7305 157.3368 15.33223227  1035
FLOCK 2K-11             
1 42894U 17042BX  17203.56054074  .00001858  00000-0  60006-4 0  9993
2 42894  97.0023 112.1333 0012860 201.1979 158.8733 15.33233468  1071
FLOCK 2K-10             
1 42895U 17042BY  17203.42986400  .00001866  00000-0  60184-4 0  9992
2 42895  97.0018 112.0092 0012849 201.2025 158.8688 15.33261954  1055
FLOCK 2K-09             
1 42896U 17042BZ  17203.56019888  .00004077  00000-0  12862-3 0  9991
2 42896  97.0024 112.1337 0012672 199.1089 160.9680 15.33321576  1249
