CUTE-1 (CO-55)          
1 27844U 03031E   18179.07476174  .00000053  00000-0  43767-4 0  9993
2 27844  98.6859 187.5703 0009461 347.7813  12.3134 14.22120025777741
CUBESAT XI-IV (CO-57)   
1 27848U 03031J   18178.96675205  .00000046  00000-0  40926-4 0  9996
2 27848  98.6945 187.8656 0009591 358.6439   1.4711 14.21723336777563
CUBESAT XI 5            
1 28895U 05043F   18178.87332194  .00000126  00000-0  33014-4 0  9990
2 28895  97.9103 329.8965 0017665  39.8277 320.4219 14.63557424675444
CUTE-1.7+APD II (CO-65) 
1 32785U 08021C   18178.80615613  .00000276  00000-0  35537-4 0  9993
2 32785  97.5464 190.4773 0013303  10.5253 349.6240 14.88137219550685
AAUSAT-II               
1 32788U 08021F   18178.60087321  .00000587  00000-0  59601-4 0  9996
2 32788  97.5206 204.6728 0010704 319.9515  40.0915 14.94372314551630
DELFI-C3 (DO-64)        
1 32789U 08021G   18178.94140875  .00001390  00000-0  99142-4 0  9995
2 32789  97.5114 233.4789 0010665 259.1330 100.8697 15.06120521553305
SEEDS II (CO-66)        
1 32791U 08021J   18178.60897328  .00000434  00000-0  49703-4 0  9999
2 32791  97.5352 195.6721 0013050 351.0605   9.0380 14.90574346550985
SWISSCUBE               
1 35932U 09051B   18178.94969014  .00000139  00000-0  42523-4 0  9997
2 35932  98.5467 330.3692 0007928 168.1871 191.9514 14.56170521464968
BEESAT                  
1 35933U 09051C   18178.97615025  .00000105  00000-0  34761-4 0  9999
2 35933  98.5505 331.9509 0005859 178.2869 181.8349 14.56273167465118
ITUPSAT 1               
1 35935U 09051E   18178.89952674  .00000108  00000-0  35906-4 0  9991
2 35935  98.5618 332.1251 0008229 177.2440 182.8803 14.55449382464859
M-CUBED & EXP-1 PRIME   
1 37855U 11061F   18178.91484358  .00002199  00000-0  11902-3 0  9991
2 37855 101.7154 246.9348 0176486  50.5917 311.0771 15.04500428362790
STRAND-1                
1 39090U 13009E   18179.12642046  .00000028  00000-0  25129-4 0  9998
2 39090  98.5207  25.3687 0007974 264.8959  95.1316 14.35030601279393
AIST-2 (RS-43)          
1 39133U 13015D   18179.21565389  .00000101  00000-0  19610-4 0  9997
2 39133  64.8720 176.9290 0021464 221.2879 138.6618 15.04566424284868
SOMP                    
1 39134U 13015E   18178.93013248  .00001734  00000-0  91303-4 0  9990
2 39134  64.8643  92.1578 0011788 215.5421 144.4922 15.19213641286151
BEESAT 3                
1 39135U 13015F   18179.16750803  .00001405  00000-0  81059-4 0  9994
2 39135  64.8693 104.8874 0019354 237.1828 122.7434 15.16717413286313
BEESAT-2                
1 39136U 13015G   18178.94320659  .00001296  00000-0  76620-4 0  9998
2 39136  64.8699 108.4264 0021888 235.2338 124.6727 15.16182685285832
NEE-01 PEGASUS          
1 39151U 13018B   18179.18723256  .00000176  00000-0  30284-4 0  9997
2 39151  97.9758 273.1752 0015632 273.2165  86.7258 14.79911430279144
ESTCUBE 1               
1 39161U 13021C   18179.17505122  .00000185  00000-0  37289-4 0  9993
2 39161  98.0082 264.8691 0010348  30.6342 329.5497 14.72076396276064
POPACS 1                
1 39268U 13055D   18178.80712327  .00006883  00000-0  19467-3 0  9992
2 39268  81.0031 335.1420 0637244 194.9673 163.1865 14.34325849244504
POPACS 2                
1 39269U 13055E   18179.17277950  .00001729  00000-0  50858-4 0  9996
2 39269  81.0151 356.9352 0690642 251.4774 101.0207 14.22166378244705
POPACS 3                
1 39270U 13055F   18178.85735560  .00000861  00000-0  27190-4 0  9997
2 39270  81.0166   9.6167 0718138 288.9236  63.5450 14.14699965243860
ZACUBE-1 (TSHEPISOSAT)  
1 39417U 13066B   18178.65235404  .00000248  00000-0  37530-4 0  9990
2 39417  97.5861 206.7326 0060549 120.1854 240.5376 14.80946551248344
WNISAT-1                
1 39423U 13066H   18178.95009186  .00000101  00000-0  29834-4 0  9992
2 39423  97.7270 142.2009 0175681 344.2123  15.3639 14.52960962243796
GOMX 1                  
1 39430U 13066Q   18179.20717621  .00000196  00000-0  44928-4 0  9994
2 39430  97.6981 155.2873 0150160 296.0846  62.4966 14.59091207244753
CUBEBUG-2 (LO-74)       
1 39440U 13066AA  18178.92199423  .00000255  00000-0  42353-4 0  9993
2 39440  97.6005 193.5213 0081040 159.6294 200.8181 14.75684207246301
NEE-02 KRYSAOR          
1 39441U 13066AB  18178.94644016  .00000177  00000-0  32234-4 0  9999
2 39441  97.6008 191.7265 0082347 164.7079 195.6648 14.74786266246206
FUNCUBE-1 (AO-73)       
1 39444U 13066AE  18178.64278549  .00000353  00000-0  49768-4 0  9999
2 39444  97.5869 208.2619 0059735 115.6698 245.0701 14.81729246247201
UWE-3                   
1 39446U 13066AG  18178.58792451  .00000275  00000-0  43147-4 0  9995
2 39446  97.5918 199.5387 0071252 140.8835 219.7559 14.78218406246062
BRITE-TORONTO           
1 40020U 14033L   18179.20498044  .00000074  00000-0  21161-4 0  9990
2 40020  97.7849  36.9680 0086776 209.0373 150.5991 14.66500843215197
DUCHIFAT-1              
1 40021U 14033M   18178.73393342  .00000508  00000-0  58031-4 0  9991
2 40021  97.9161  97.4723 0013803 138.4946 221.7322 14.90325291218527
NANOSATC-BR1            
1 40024U 14033Q   18178.71305676  .00000460  00000-0  54098-4 0  9991
2 40024  97.9095  95.6738 0013046 140.4354 219.7818 14.89586095218444
QB50P1                  
1 40025U 14033R   18178.76707873  .00000337  00000-0  42040-4 0  9999
2 40025  97.9053  94.1444 0013202 144.6104 215.5991 14.88728433217853
QB50P2                  
1 40032U 14033Y   18178.79323458  .00000302  00000-0  38742-4 0  9999
2 40032  97.9006  92.8553 0012711 140.2209 219.9942 14.88272827218303
PERSEUS-M2              
1 40037U 14033AD  18178.71872033  .00000109  00000-0  18551-4 0  9995
2 40037  97.8992  90.2858 0015063 150.1395 210.0683 14.86363623217597
PERSEUS-M1              
1 40039U 14033AF  18178.81372732  .00000118  00000-0  19743-4 0  9993
2 40039  97.8989  89.7349 0014983 146.6832 213.5330 14.85985517217542
POLYITAN-1              
1 40042U 14033AJ  18178.82590142  .00000363  00000-0  45208-4 0  9992
2 40042  97.9128  94.3361 0015670 134.7727 225.4767 14.88411337217782
TIGRISAT                
1 40043U 14033AK  18178.62398126  .00000157  00000-0  30645-4 0  9999
2 40043  97.8074  55.5618 0060381 163.9054 196.4092 14.74148659215844
AEROCUBE 6A             
1 40045U 14033AM  18178.61890339  .00000373  00000-0  61259-4 0  9998
2 40045  97.8245  57.8916 0058311 157.9561 202.4176 14.75161183215825
AEROCUBE 6B             
1 40046U 14033AN  18178.62017579  .00000343  00000-0  56926-4 0  9999
2 40046  97.8211  57.7413 0057670 157.4278 202.9487 14.75153250215823
UKUBE-1                 
1 40074U 14037F   18178.94114855  .00000310  00000-0  44581-4 0  9992
2 40074  98.3888 316.7419 0003628 288.9688  71.1130 14.83814465214891
BRITE-PL 2              
1 40119U 14049B   18178.79199483  .00000123  00000-0  21163-4 0  9991
2 40119  97.9184 267.3139 0016252 306.1381  53.8329 14.84298978208789
FIREBIRD 4              
1 40378U 15003C   18179.18859239  .00001599  00000-0  68965-4 0  9994
2 40378  99.0864  83.1768 0130962 193.5367 166.2337 15.17284031187992
GRIFEX                  
1 40379U 15003D   18179.17829075  .00001234  00000-0  58013-4 0  9998
2 40379  99.0890  79.2539 0137719 206.4437 152.9718 15.14379891187769
EXOCUBE                 
1 40380U 15003E   18178.64929458  .00001019  00000-0  50772-4 0  9992
2 40380  99.0936  76.4674 0142038 215.5285 143.6420 15.12579461187527
TIANWANG 1C (TW-1C)     
1 40926U 15051B   18179.11644940  .00011017  00000-0  20320-3 0  9998
2 40926  97.1823 221.4074 0008302 228.5582 189.8686 15.49255434155007
TIANWANG 1A (TW-1A)     
1 40928U 15051D   18178.87049295  .00003205  00000-0  85598-4 0  9993
2 40928  97.1844 212.6473 0009980 285.7638 162.2676 15.38778543154425
EXACTVIEW 9             
1 40936U 15052G   18176.19276384  .00000763  00000-0  17858-4 0  9997
2 40936   5.9987  96.9826 0009788 112.3422 247.7251 14.76391455148151
ATHENOXAT 1             
1 41168U 15077C   18178.43658972  .00002308  00000-0  89684-4 0  9991
2 41168  14.9912 305.2882 0011687 181.2461 225.2107 15.12814719139935
GALASSIA                
1 41170U 15077E   18179.03155861  .00002106  00000-0  77431-4 0  9993
2 41170  14.9892 295.4583 0013133 213.0379 146.9121 15.13197473140077
VELOX 2                 
1 41171U 15077F   18178.74067399  .00001680  00000-0  59501-4 0  9993
2 41171  14.9920 319.6788 0008866 147.2916 212.7954 15.10679914139838
HORYU-IV                
1 41340U 16012D   18178.56100904  .00000538  00000-0  34373-4 0  9992
2 41340  31.0044 240.9392 0013965 196.4354 163.5830 15.01001413129454
E-ST@R-II               
1 41459U 16025D   18178.75440760  .00002230  00000-0  11875-3 0  9997
2 41459  98.1367 242.0049 0172636 112.8723 249.0827 15.04445007119013
AAUSAT 4                
1 41460U 16025E   18178.72292290  .00004560  00000-0  23627-3 0  9995
2 41460  98.1293 242.4858 0162896 108.9765 252.9202 15.05901706119074
DIWATA-1                
1 41463U 98067HT  18179.13172965  .00014387  00000-0  11880-3 0  9992
2 41463  51.6406 276.6606 0001348 125.3035 306.9576 15.70599673123723
BEESAT-4                
1 41619U 16040W   18179.17888599  .00001863  00000-0  84162-4 0  9996
2 41619  97.4144 242.1735 0011461 183.4954 176.6204 15.22162924 99764
CANX-7                  
1 41788U 16059F   18179.14546932  .00010095  00000-0  16898-2 0  9998
2 41788  98.2110 245.7133 0033053  67.2858 293.2117 14.69639309 93711
ALSAT 1N                
1 41789U 16059G   18179.09734891  .00000070  00000-0  22475-4 0  9998
2 41789  98.1178 241.7252 0029422  54.8665 305.5292 14.64162122 93615
RAVAN                   
1 41849U 16067B   18178.76990003  .00000753  00000-0  69287-4 0  9996
2 41849  97.9253 267.6785 0009444 125.6861 234.5240 14.97791163 88716
CELTEE 1                
1 41850U 16067C   18178.78806424  .00000737  00000-0  69583-4 0  9994
2 41850  97.9242 267.1319 0010271 124.2844 235.9351 14.96823557 88686
OPTICUBE 04             
1 41851U 16067D   18178.88803239 -.00000365  00000-0 -26657-4 0  9991
2 41851  97.9241 267.1453 0009964 124.2561 235.9605 14.96678248 88696
AEROCUBE 8D             
1 41852U 16067E   18178.79242536  .00000883  00000-0  83010-4 0  9998
2 41852  97.9254 266.8907 0011150 125.3228 234.9037 14.96504330 88668
AEROCUBE 8C             
1 41853U 16067F   18179.20801501  .00000343  00000-0  35504-4 0  9995
2 41853  97.9257 267.2740 0011399 124.4240 235.8060 14.96472121 88726
PROMETHEUS 2-1          
1 41854U 16067G   18179.21369113  .00000228  00000-0  25351-4 0  9996
2 41854  97.9262 267.2914 0011634 124.3800 235.8523 14.96580917 88726
PROMETHEUS 2-3          
1 41855U 16067H   18178.88203326  .00000169  00000-0  20202-4 0  9996
2 41855  97.9265 266.9601 0011754 125.8529 234.3786 14.96578197 88672
ITF-2                   
1 41932U 98067KU  18178.82527043  .00041440  00000-0  25062-3 0  9996
2 41932  51.6313 285.9882 0003811 269.1228  90.9335 15.77161397 82449
WASEDA-SAT3             
1 41933U 98067KV  18178.75393422  .00075119  00000-0  31922-3 0  9993
2 41933  51.6339 278.6003 0003897 294.6391  65.4206 15.84593655 82538
AOBA-VELOX 3            
1 41935U 98067KX  18178.74964017  .00057167  00000-0  28127-3 0  9994
2 41935  51.6356 281.6728 0003838 282.8152  77.2422 15.81583929 82593
INS-1B                  
1 41954U 17008G   18178.76706222  .00001686  00000-0  74612-4 0  9991
2 41954  97.4454 242.6433 0008282 325.0070  35.0622 15.23043028 75614
BGUSAT                  
1 41999U 17008BD  18178.86033340  .00003045  00000-0  12619-3 0  9994
2 41999  97.4500 243.8253 0007710 345.5229  14.5786 15.24648107 75057
DIDO-2                  
1 42000U 17008BE  18179.16737095  .00001302  00000-0  57986-4 0  9991
2 42000  97.4471 243.4775 0008041 344.9185  15.1811 15.23224904 75077
PEASSS                  
1 42015U 17008BV  18178.87731045  .00001541  00000-0  66498-4 0  9996
2 42015  97.4469 243.6591 0006218 357.6881   2.4326 15.24039907 75546
AL-FARABI 1             
1 42016U 17008BW  18178.73575054  .00002172  00000-0  91374-4 0  9990
2 42016  97.4477 243.7236 0006065 359.0222   1.1002 15.24461141 75656
NAYIF-1 (EO-88)         
1 42017U 17008BX  18178.72983634  .00002170  00000-0  91225-4 0  9990
2 42017  97.4475 243.7245 0006055 359.3867   0.7362 15.24485403 75675
HAVELSAT                
1 42700U 98067LH  18178.95856578  .00034395  00000-0  26220-3 0  9990
2 42700  51.6356 299.6668 0004309 295.6331  64.4222 15.71882509 63715
CXBN-2                  
1 42704U 98067LM  18178.60144411  .00034494  00000-0  26830-3 0  9999
2 42704  51.6362 302.5499 0001866 245.1172 114.9632 15.71408758 63569
ICECUBE                 
1 42705U 98067LN  18179.13506657  .00103986  00000-0  50996-3 0  9996
2 42705  51.6455 291.1902 0003308 309.8127  50.2584 15.81420533 63829
PHOENIX                 
1 42706U 98067LP  18178.93186634  .00025779  00000-0  21701-3 0  9998
2 42706  51.6361 301.7545 0001180 251.8841 108.2028 15.69669287 63590
X-CUBESAT               
1 42707U 98067LQ  18178.80842814  .00039384  00000-0  29211-3 0  9995
2 42707  51.6326 300.0937 0001566 272.5475  87.5344 15.72473388 63599
QBEE50-LTU-OC           
1 42708U 98067LR  18178.82495251  .00036631  00000-0  28266-3 0  9998
2 42708  51.6363 301.0210 0001567 269.1870  90.8948 15.71569247 63549
ALTAIR PATHFINDER       
1 42711U 98067LS  18178.92310679  .00017147  00000-0  17818-3 0  9995
2 42711  51.6369 309.2153 0003480 222.0598 138.0130 15.64726538 63151
SHARC                   
1 42712U 98067LT  18178.99037380  .00027363  00000-0  27969-3 0  9997
2 42712  51.6382 310.4739 0002441 241.5624 118.5125 15.64817608 63384
ZA-AEROSAT              
1 42713U 98067LU  18178.77856404  .00026186  00000-0  23270-3 0  9993
2 42713  51.6354 305.2198 0001938 223.7513 136.3330 15.68335819 63192
LINK                    
1 42714U 98067LV  18178.94504625  .00091481  00000-0  43662-3 0  9995
2 42714  51.6252 291.8645 0003138 295.9288  64.1391 15.82057079 63494
CSUNSAT 1               
1 42715U 98067LW  18178.79357843  .00025687  00000-0  22245-3 0  9996
2 42715  51.6361 304.5899 0003385 221.7325 138.3414 15.68977118 63200
SPACECUBE               
1 42717U 98067LY  18178.91533531  .00031940  00000-0  24823-3 0  9995
2 42717  51.6334 300.8483 0003216 294.3045  65.7616 15.71466000 62638
HOOPOE                  
1 42718U 98067LZ  18178.80222944  .00045381  00000-0  30988-3 0  9990
2 42718  51.6351 298.5939 0003428 296.9388  63.1261 15.74340511 62651
CHALLENGER              
1 42721U 98067MA  18178.79556011  .00166411  21266-4  53327-3 0  9998
2 42721  51.6270 287.0671 0008066 313.5374  46.4961 15.90637927 62508
NJUST-1                 
1 42722U 98067MB  18178.90946768  .00023862  00000-0  22117-3 0  9998
2 42722  51.6363 306.1178 0005225 274.1134  85.9265 15.67344084 62268
UNSW-ECO                
1 42723U 98067MC  18178.79777971  .00048426  00000-0  31869-3 0  9991
2 42723  51.6384 298.6009 0005017 282.6076  77.4363 15.75156899 62335
LILACSAT-1              
1 42725U 98067ME  18178.93402138  .00029874  00000-0  24757-3 0  9993
2 42725  51.6365 303.2701 0004430 277.9958  82.0536 15.69954281 62228
NSIGHT-1                
1 42726U 98067MF  18178.80864554  .00009537  00000-0  11422-3 0  9993
2 42726  51.6394 313.7623 0004812 272.8507  87.1936 15.61700919 62069
SNUSAT-1                
1 42727U 98067MG  18178.75495918  .00030553  00000-0  25357-3 0  9996
2 42727  51.6345 304.2692 0005689 242.3775 117.6645 15.69898756 62149
I-INSPIRE II            
1 42731U 98067ML  18179.16725501  .00046726  00000-0  29951-3 0  9994
2 42731  51.6359 295.7370 0004602 246.6273 113.4242 15.75779740 62189
POLYITAN-2-SAU          
1 42732U 98067MM  18178.94240592  .00038889  00000-0  29098-3 0  9995
2 42732  51.6348 300.2775 0004893 235.5194 124.5342 15.72260517 62100
SNUSAT-1B               
1 42733U 98067MN  18178.84903009  .00030709  00000-0  24699-3 0  9999
2 42733  51.6356 302.6744 0005094 234.4085 125.6438 15.70657542 62062
EXALTA-1                
1 42734U 98067MP  18178.95476442  .00059720  00000-0  36834-3 0  9996
2 42734  51.6294 296.5316 0006132 271.3594  88.6704 15.76543405 62106
BEEAGLESAT              
1 42736U 98067MR  18178.60058428  .00026575  00000-0  22793-3 0  9991
2 42736  51.6353 305.5163 0005457 271.4018  88.6354 15.69182009 62063
UCLSAT                  
1 42765U 17036A   18178.86070573  .00001717  00000-0  78362-4 0  9998
2 42765  97.4001 238.5374 0013000  45.6615 314.5684 15.21885228 56330
LITUANICASAT-2          
1 42768U 17036D   18178.85551730  .00003007  00000-0  13657-3 0  9998
2 42768  97.4017 238.1274 0016574  35.0556 325.1767 15.21426929 56183
AALTO-1                 
1 42775U 17036L   18178.88984844  .00001067  00000-0  51447-4 0  9999
2 42775  97.3995 238.0362 0015076  33.3492 326.8690 15.20772782 56125
URSA MAIOR              
1 42776U 17036M   18178.74428140  .00001221  00000-0  58306-4 0  9990
2 42776  97.4001 237.9463 0014933  34.1227 326.0966 15.20852644 56103
COMPASS 2               
1 42777U 17036N   18178.72994109  .00002357  00000-0  10674-3 0  9998
2 42777  97.4023 238.3361 0013902  38.0696 322.1519 15.21776696 56113
DIAMOND RED             
1 42783U 17036U   18179.12546800  .00001379  00000-0  64273-4 0  9999
2 42783  97.4002 238.6482 0013570  44.5013 315.7310 15.21488609 56177
PEGASUS                 
1 42784U 17036V   18179.16251535  .00001586  00000-0  73008-4 0  9998
2 42784  97.4004 238.7578 0013480  44.4272 315.8043 15.21694661 56185
DIAMOND GREEN           
1 42785U 17036W   18178.86127109  .00001410  00000-0  65628-4 0  9999
2 42785  97.4004 238.4019 0013497  46.0173 314.2174 15.21490437 56205
DIAMOND BLUE            
1 42786U 17036X   18178.72887933  .00001418  00000-0  65995-4 0  9998
2 42786  97.4004 238.2719 0013349  46.6717 313.5629 15.21489527 56189
NUDTSAT                 
1 42787U 17036Y   18178.94516481  .00002412  00000-0  10761-3 0  9995
2 42787  97.4011 238.7554 0013016  45.3254 314.9041 15.22282519 56000
SUCHAI                  
1 42788U 17036Z   18178.72334486  .00001894  00000-0  85920-4 0  9998
2 42788  97.4006 238.4284 0013135  45.9438 314.2878 15.21966794 56198
SKCUBE                  
1 42789U 17036AA  18178.85452463  .00001752  00000-0  79836-4 0  9991
2 42789  97.4003 238.5513 0012955  45.5613 314.6680 15.21927412 56135
VZLUSAT-1               
1 42790U 17036AB  18178.73712892  .00002470  00000-0  11009-3 0  9990
2 42790  97.4008 238.5582 0012611  46.5617 313.6666 15.22302649 56124
ROBUSTA-1B              
1 42792U 17036AD  18179.15090976  .00001830  00000-0  82911-4 0  9991
2 42792  97.4002 238.9075 0012542  45.7355 314.4908 15.22072067 56197
CICERO 6                
1 42793U 17036AE  18178.94909929  .00001244  00000-0  57606-4 0  9997
2 42793  97.3995 238.7016 0011743  47.8362 312.3870 15.21902022 56236
D-SAT                   
1 42794U 17036AF  18179.11768869  .00000210  00000-0  24061-4 0  9995
2 42794  97.5905 233.3624 0125619 245.5923 113.2146 14.90878435 55355
TOKI                    
1 42820U 98067MU  18178.80430287  .00027688  00000-0  24605-3 0  9994
2 42820  51.6353 306.8866 0002475 214.4533 145.6304 15.68301986 55525
MAZAALAI (NUMSAT-1)     
1 42822U 98067MW  18178.83980582  .00028481  00000-0  25594-3 0  9997
2 42822  51.6356 307.1292 0002536 219.6807 140.4004 15.68010694 55529
BRAC ONNESHA            
1 42823U 98067MX  18178.58024900  .00027688  00000-0  24805-3 0  9995
2 42823  51.6361 308.4144 0004866 233.9717 126.0829 15.68094335 55465
NIGERIAEDUSAT-1         
1 42824U 98067MY  18178.79701598  .00026896  00000-0  24311-3 0  9996
2 42824  51.6367 307.6295 0004743 235.5832 124.4716 15.67892226 55483
CORVUS BC2              
1 42846U 17042X   18178.80408923  .00000384  00000-0  43359-4 0  9990
2 42846  97.5967  81.2947 0010204 152.7689 207.4067 14.91825584 51958
CORVUS BC1              
1 42847U 17042Y   18179.18347139  .00000064  00000-0  11612-4 0  9996
2 42847  97.5967  81.7112 0009910 150.7346 209.4430 14.91924308 52005
SILU-1 (SILKROAD 1)     
1 42903U 17021F   18179.14308274  .00031400  00000-0  23219-3 0  9992
2 42903  42.7787 261.8266 0011830  13.4301  64.5550 15.72236114 51655
MIRATA                  
1 43015U 17073C   18178.85182735  .00000784  00000-0  68014-4 0  9997
2 43015  97.7045 109.4229 0256702 236.6681 120.9718 14.78161586 32716
MAKERSAT 0              
1 43016U 17073D   18178.76889006  .00000515  00000-0  46496-4 0  9995
2 43016  97.7074 109.4636 0258092 236.9795 120.6381 14.78167146 32704
ASTERIA                 
1 43020U 98067NH  18178.84662058  .00016639  00000-0  21094-3 0  9997
2 43020  51.6421 320.7930 0002208 205.7615 154.3269 15.59589365 34151
DELLINGR (RBLE)         
1 43021U 98067NJ  18178.84484412  .00008533  00000-0  11943-3 0  9990
2 43021  51.6400 322.2538 0002209 194.1003 165.9928 15.57703687 34134
OSIRIS-3U               
1 43027U 98067NL  18178.81762041  .00035046  00000-0  35337-3 0  9992
2 43027  51.6383 316.8055 0002842 204.9098 155.1761 15.65028271 34088
AEROCUBE 7B             
1 43042U 17071F   18178.90008589  .00004066  00000-0  11397-3 0  9993
2 43042  51.6396 349.3249 0004551 306.0572  53.9990 15.38930805 31255
AEROCUBE 7C             
1 43043U 17071G   18178.96500876  .00004348  00000-0  12115-3 0  9998
2 43043  51.6397 349.0125 0004613 309.0971  50.9603 15.38936469 31230
CHEFSAT                 
1 43044U 17071H   18178.90271826  .00007298  00000-0  19048-3 0  9992
2 43044  51.6400 348.6176 0004539 308.3861  51.6715 15.39875976 31232
ASGARDIA 1              
1 43049U 17071N   18178.87990488  .00004930  00000-0  13541-3 0  9997
2 43049  51.6398 349.2006 0002220 335.6386  24.4493 15.39067576 31221
ISARA                   
1 43050U 17071P   18178.90566933  .00006197  00000-0  16412-3 0  9994
2 43050  51.6394 348.6336 0002050 331.6129  28.4744 15.39715145 31236
FAUNA                   
1 43052U 17071R   18178.86748112  .00004802  00000-0  13159-3 0  9998
2 43052  51.6399 349.1260 0002101 331.7220  28.3650 15.39205003 31215
CORVUS BC3              
1 43118U 18004H   18178.72512284  .00001117  00000-0  51570-4 0  9998
2 43118  97.5325 241.3358 0012110  62.8892 297.3578 15.22270167 25311
MICROMAS-2A             
1 43131U 18004W   18178.94420319  .00002583  00000-0  11327-3 0  9997
2 43131  97.5333 241.6706 0011324  65.7659 294.4759 15.22848431 25352
GOMX4-B                 
1 43196U 18015E   18178.91478614  .00001271  00000-0  55818-4 0  9995
2 43196  97.3471 307.6212 0020345 117.3575 242.9737 15.23564460 22161
GOMX4-A                 
1 43197U 18015F   18179.05880014  .00000668  00000-0  30631-4 0  9998
2 43197  97.3478 307.7686 0020848 117.4574 330.6659 15.23672660 22196
UBAKUSAT                
1 43466U 98067NP  18178.83618800  .00014409  00000-0  21055-3 0  9996
2 43466  51.6404 325.1906 0000506 142.8279 217.2747 15.55893375  7351
1KUNS-PF                
1 43467U 98067NQ  18178.96523431  .00010658  00000-0  15840-3 0  9993
2 43467  51.6407 324.5535 0002771 165.5558 194.5513 15.55757412  7386
BATSU-CS1 (IRAZU)       
1 43468U 98067NR  18178.83295071  .00016643  00000-0  24040-3 0  9998
2 43468  51.6402 325.1691 0000414 134.3849 225.7177 15.56080004107348
