CUTE-1 (CO-55)          
1 27844U 03031E   19332.02921668  .00000052  00000-0  43018-4 0  9991
2 27844  98.6840 337.8170 0008838 282.8765  77.1425 14.22207820851363
CUBESAT XI-IV (CO-57)   
1 27848U 03031J   19332.27885990  .00000031  00000-0  34136-4 0  9997
2 27848  98.6914 338.5944 0008763 295.2948  64.7321 14.21799102851246
CUBESAT XI-V            
1 28895U 05043F   19332.14026335  .00000144  00000-0  36555-4 0  9993
2 28895  97.9821 109.5376 0016532 194.7523 165.3200 14.63715202751246
CUTE-1.7+APD II (CO-65) 
1 32785U 08021C   19331.84544686  .00000216  00000-0  28845-4 0  9998
2 32785  97.5583 323.9897 0014616  85.7481 274.5406 14.88380605627800
AAUSAT-II               
1 32788U 08021F   19331.51235399  .00000919  00000-0  89261-4 0  9992
2 32788  97.4933 340.0631 0012242  24.5499 335.6303 14.94869894629097
DELFI-C3 (DO-64)        
1 32789U 08021G   19332.41713116  .00001506  00000-0  10372-3 0  9990
2 32789  97.4455  17.0276 0010678 290.2708  69.7372 15.07286390631474
SEEDS II (CO-66)        
1 32791U 08021J   19331.99244601  .00000281  00000-0  33817-4 0  9992
2 32791  97.5323 330.2347 0014689  60.6637 299.6047 14.90920021628293
SWISSCUBE               
1 35932U 09051B   19331.47059633  .00000144  00000-0  43535-4 0  9994
2 35932  98.5995 142.3359 0008175  36.3645 323.8105 14.56333848540325
BEESAT-1                
1 35933U 09051C   19331.46398601  .00000113  00000-0  36411-4 0  9996
2 35933  98.6009 144.1508 0006590  50.0628 310.1147 14.56416758540431
ITUPSAT1                
1 35935U 09051E   19331.75274714  .00000103  00000-0  34894-4 0  9990
2 35935  98.6117 144.6729 0008859  45.4462 314.7457 14.55570406540217
TISAT 1                 
1 36799U 10035E   19331.73657082  .00000430  00000-0  49408-4 0  9994
2 36799  98.1740 129.4863 0011015 274.9464  85.0495 14.91213010508918
M-CUBED & EXP-1 PRIME   
1 37855U 11061F   19332.41588955  .00001876  00000-0  10059-3 0  9990
2 37855 101.7234 311.6215 0172381 314.3831  44.3370 15.05834029441267
AEROCUBE 4.5A           
1 38767U 12048K   19331.94634957  .00000648  00000-0  63638-4 0  9998
2 38767  64.6640 149.4761 0166858 201.4675 157.9385 14.92074630 11589
AEROCUBE 4.5B           
1 38768U 12048L   19331.84593841  .00001180  00000-0  97026-4 0  9994
2 38768  64.6651 121.8831 0155918 198.5218 161.0184 14.95672791 11575
STRAND-1                
1 39090U 13009E   19332.09860601  .00000047  00000-0  31598-4 0  9993
2 39090  98.4706 175.2139 0009422 159.9374 200.2184 14.35107159353688
SOMP                    
1 39134U 13015E   19331.70616234  .00001103  00000-0  58804-4 0  9990
2 39134  64.8625 215.4096 0037890 277.0639  82.6180 15.20534720365223
BEESAT-3                
1 39135U 13015F   19332.44602711  .00000904  00000-0  53671-4 0  9993
2 39135  64.8668 233.6229 0041201 280.6489  78.9998 15.17761906364942
BEESAT-2                
1 39136U 13015G   19331.75426658  .00001148  00000-0  66941-4 0  9996
2 39136  64.8692 240.1561 0030472 286.1055  73.6717 15.17176967364364
NEE-01 PEGASO           
1 39151U 13018B   19332.20240374  .00000162  00000-0  28311-4 0  9990
2 39151  97.9742  67.4711 0017791  39.5834 320.6673 14.80100608355763
ESTCUBE 1               
1 39161U 13021C   19332.22794602  .00000133  00000-0  28931-4 0  9991
2 39161  97.9793  54.1933 0009765 160.4114 199.7486 14.72254270352283
POPACS 1                
1 39268U 13055D   19331.84272443  .00003297  00000-0  88926-4 0  9991
2 39268  80.9992 150.1369 0622802 103.4317 263.7031 14.38083403318863
POPACS 2                
1 39269U 13055E   19332.01555635  .00002978  00000-0  85422-4 0  9992
2 39269  81.0135 183.3009 0681035 189.2600 169.5490 14.24662421318370
POPACS 3                
1 39270U 13055F   19331.34129109  .00001310  00000-0  41153-4 0  9994
2 39270  81.0175 202.9054 0711282 245.8681 106.6566 14.16327965296373
ZACUBE-1 (TSHEPISOSAT)  
1 39417U 13066B   19331.84132283  .00000194  00000-0  30742-4 0  9992
2 39417  97.5614 336.2241 0057917 221.2528 138.4302 14.81184224325040
WNISAT-1                
1 39423U 13066H   19332.35311712  .00000003  00000-0  10179-4 0  9993
2 39423  97.7894 262.7264 0175662 165.4909 195.1428 14.53074356319075
TRITON-1                
1 39427U 13066M   19332.17011300  .00000220  00000-0  43048-4 0  9999
2 39427  97.6980 299.6932 0113982   6.0401 354.2149 14.67912279322172
GOMX-1                  
1 39430U 13066Q   19332.40362300  .00000226  00000-0  49419-4 0  9992
2 39430  97.7668 278.4059 0152237 101.0873 260.7482 14.59314734320330
CUBEBUG-2 (LO-74)       
1 39440U 13066AA  19331.44784219  .00000225  00000-0  38359-4 0  9993
2 39440  97.6130 320.4251 0078761 279.7466  79.4856 14.75922861323838
NEE-02 KRYSAOR          
1 39441U 13066AB  19331.73154497  .00000130  00000-0  25826-4 0  9995
2 39441  97.6186 318.3434 0080326 286.7338  72.5068 14.74954975323687
FUNCUBE-1 (AO-73)       
1 39444U 13066AE  19332.08930733  .00000252  00000-0  37290-4 0  9995
2 39444  97.5578 338.5516 0057215 213.4610 146.2985 14.82017539323985
UWE-3                   
1 39446U 13066AG  19331.44569024  .00000195  00000-0  32684-4 0  9995
2 39446  97.5864 327.5873 0068560 251.8747 107.4990 14.78456777323162
AEROCUBE 5A             
1 39465U 13072D   19331.76828784  .00003315  00000-0  29347-3 0  9997
2 39465 120.4949 150.1761 0276998  39.3747 322.7099 14.74463609 11450
AEROCUBE 5B             
1 39466U 13072E   19331.84367986  .00005372  00000-0  39145-3 0  9991
2 39466 120.4905 176.5874 0252944  45.6167 316.5313 14.83473309 11482
BRITE-CA1 (TORONTO)     
1 40020U 14033L   19332.46678237  .00000061  00000-0  18842-4 0  9992
2 40020  97.7335 167.1896 0087403 358.2274   1.8608 14.66604485291158
DUCHIFAT-1              
1 40021U 14033M   19332.05311018  .00000337  00000-0  40206-4 0  9994
2 40021  97.9303 257.2153 0011644 231.6577 128.3594 14.90748019295733
NANOSATC-BR1            
1 40024U 14033Q   19331.83048051  .00000293  00000-0  36333-4 0  9993
2 40024  97.9178 253.9836 0010938 236.5800 123.4372 14.89943209295067
QB50P1                  
1 40025U 14033R   19332.32742926  .00000313  00000-0  39260-4 0  9996
2 40025  97.9083 251.7441 0011112 242.1021 117.9071 14.89028378295520
QB50P2                  
1 40032U 14033Y   19332.04393536  .00000285  00000-0  36634-4 0  9992
2 40032  97.8991 249.3373 0010528 238.9984 121.0199 14.88559067295398
PERSEUS-M2              
1 40037U 14033AD  19331.78634440  .00000089  00000-0  16247-4 0  9999
2 40037  97.8887 244.6310 0012982 255.9451 104.0321 14.86496142295053
PERSEUS-M1              
1 40039U 14033AF  19331.81148648  .00000125  00000-0  20507-4 0  9990
2 40039  97.8862 243.6246 0012849 253.2044 106.7762 14.86116388294986
POLYITAN-1              
1 40042U 14033AJ  19331.81735312  .00000334  00000-0  41758-4 0  9997
2 40042  97.9162 251.6355 0013364 233.9138 126.0842 14.88749368294847
TIGRISAT                
1 40043U 14033AK  19331.56371248  .00000151  00000-0  29758-4 0  9997
2 40043  97.7325 192.2933 0058713 294.9080  64.6034 14.74316371292453
AEROCUBE 6A             
1 40045U 14033AM  19332.12647663  .00000314  00000-0  52478-4 0  9995
2 40045  97.7566 197.3395 0056638 285.2800  74.2153 14.75472640292516
AEROCUBE 6B             
1 40046U 14033AN  19332.13378280  .00000314  00000-0  52577-4 0  9993
2 40046  97.7490 196.8305 0055773 284.3458  75.1564 14.75451876292655
UKUBE-1                 
1 40074U 14037F   19332.45386899  .00000318  00000-0  45327-4 0  9997
2 40074  98.4492 143.8241 0005866  57.6832 302.4954 14.84143778291794
BRITE-PL2 (HEWELIUSZ)   
1 40119U 14049B   19331.70053521  .00000148  00000-0  23983-4 0  9995
2 40119  97.9025  60.8940 0018527  54.7258 305.5686 14.84447309285709
FIREBIRD 4              
1 40378U 15003C   19332.30940163  .00001717  00000-0  70681-4 0  9997
2 40378  99.1177 346.0697 0124741 268.4748  90.2190 15.19361765266617
GRIFEX                  
1 40379U 15003D   19332.26637109  .00001592  00000-0  71259-4 0  9999
2 40379  99.1217 339.0912 0133230 290.0353  68.6573 15.15889332266212
EXOCUBE (CP10)          
1 40380U 15003E   19331.73614550  .00001410  00000-0  66535-4 0  9997
2 40380  99.1257 334.6872 0138267 304.4130  54.4088 15.13884170265870
AEROCUBE 8A             
1 40659U 15025J   19332.06785194  .00008037  00000-0  10130-3 0  9991
2 40659  55.0163 146.1486 0120692  13.1334 347.2795 15.52476574 12074
AEROCUBE 8B             
1 40660U 15025K   19331.69981383  .00008726  00000-0  10861-3 0  9995
2 40660  55.0134 146.2696 0120017  13.7637 346.6621 15.52730036 12023
TIANWANG 1C (TW-1C)     
1 40926U 15051B   19332.40496866  .00015363  00000-0  19640-3 0  9995
2 40926  97.1156  18.5258 0008738 118.3105 252.8250 15.59276628235483
TIANWANG 1A (TW-1A)     
1 40928U 15051D   19332.33068468  .00003148  00000-0  76727-4 0  9990
2 40928  97.1308 359.9781 0010324 192.8886 229.7349 15.41592077234227
EXACTVIEW 9             
1 40936U 15052G   19332.34080388  .00000760  00000-0  17113-4 0  9997
2 40936   6.0039 341.4189 0011054 282.5717  77.3175 14.76528138225302
AEROCUBE 5C             
1 40965U 15058B   19332.44852427  .00000075  00000-0  28413-4 0  9991
2 40965  64.7795  35.6691 0177577 148.3282 212.8656 14.74447234 11525
AEROCUBE 7              
1 40966U 15058C   19331.72289297  .00000145  00000-0  36365-4 0  9994
2 40966  64.7796  36.6251 0176524 148.3626 212.8237 14.74730933 11417
ATHENOXAT 1             
1 41168U 15077C   19332.00000813  .00002028  00000-0  71520-4 0  9991
2 41168  14.9878 106.3371 0011405 191.4487 168.5575 15.13945284218612
GALASSIA                
1 41170U 15077E   19331.69454054  .00001978  00000-0  68019-4 0  9990
2 41170  14.9884 101.1292 0012798 212.6166 147.3365 15.14264128218639
VELOX-II                
1 41171U 15077F   19331.53153392  .00001485  00000-0  46847-4 0  9993
2 41171  14.9900 140.1452 0008719 118.3200 241.8000 15.11416551218271
HORYU-4                 
1 41340U 16012D   19332.26414362  .00000428  00000-0  25716-4 0  9997
2 41340  31.0038 179.2648 0014188 301.6562  58.2690 15.01366710207460
E-ST@R-II               
1 41459U 16025D   19332.36358120  .00002106  00000-0  11020-3 0  9999
2 41459  98.0996  67.0553 0166848 171.2492 189.1711 15.05852242197022
AAUSAT 4                
1 41460U 16025E   19332.32828611  .00003879  00000-0  19365-3 0  9992
2 41460  98.0989  68.6967 0157437 162.4783 198.1936 15.07923417197171
DIWATA-1                
1 41463U 98067HT  19332.43442479  .00042098  11818-4  13994-3 0  9998
2 41463  51.6263 116.9115 0000386 241.2401 156.6436 15.91134224205592
BEESAT-4                
1 41619U 16040W   19332.16280224  .00001461  00000-0  64064-4 0  9991
2 41619  97.3486  31.2137 0011687 164.3236 195.8365 15.23498236178595
CANX-7                  
1 41788U 16059F   19332.21972625  .00008343  00000-0  12172-2 0  9994
2 41788  98.2472  50.4728 0031313 210.2664 149.6737 14.75711545169968
RAVAN                   
1 41849U 16067B   19331.74378100  .00000343  00000-0  33910-4 0  9993
2 41849  97.9254  73.3389 0008349 196.2744 163.8210 14.98372460166260
CELTEE 1                
1 41850U 16067C   19332.22651723  .00000664  00000-0  62818-4 0  9999
2 41850  97.9215  72.1203 0008610 192.0165 168.0852 14.97082290166248
OPTICUBE 04             
1 41851U 16067D   19331.85670514 -.00000375  00000-0 -27379-4 0  9991
2 41851  97.9213  71.4672 0008255 196.9302 163.1645 14.96859529166174
AEROCUBE 8D             
1 41852U 16067E   19331.73412788 -.00000135  00000-0 -65147-5 0  9996
2 41852  97.9217  71.1698 0009207 199.4865 160.6005 14.96796374166130
AEROCUBE 8C             
1 41853U 16067F   19332.09519471  .00000824  00000-0  77355-4 0  9990
2 41853  97.9217  71.4577 0009656 196.8639 163.2262 14.96761935166182
PROMETHEUS 2-1          
1 41854U 16067G   19331.76970998  .00001052  00000-0  96609-4 0  9996
2 41854  97.9229  71.3396 0009873 196.8497 163.2397 14.97024323166146
PROMETHEUS 2-3          
1 41855U 16067H   19331.77141025  .00001010  00000-0  92982-4 0  9993
2 41855  97.9233  71.3640 0010018 197.3988 162.6891 14.97031926166147
INS-1B                  
1 41954U 17008G   19332.18799868  .00001333  00000-0  57445-4 0  9992
2 41954  97.3820  34.9589 0007606 298.4857  61.5614 15.24298096154553
BGUSAT                  
1 41999U 17008BD  19331.47259180  .00002179  00000-0  85749-4 0  9997
2 41999  97.3913  37.3462 0006697 315.6732  44.3970 15.26691682153974
DIDO-2                  
1 42000U 17008BE  19331.66178513  .00000954  00000-0  42128-4 0  9995
2 42000  97.3832  34.9900 0007355 323.6751  36.3986 15.24147437153879
PEASSS                  
1 42015U 17008BV  19332.17645415  .00001235  00000-0  52074-4 0  9992
2 42015  97.3846  36.7180 0005334 330.5438  29.5498 15.25178810154518
AL-FARABI 1             
1 42016U 17008BW  19332.16960786  .00001548  00000-0  63211-4 0  9995
2 42016  97.3864  37.4514 0005175 329.7051  30.3887 15.25896544154672
NAYIF-1 (EO-88)         
1 42017U 17008BX  19331.62881916  .00001614  00000-0  65703-4 0  9995
2 42017  97.3862  36.9284 0005233 332.0839  28.0117 15.25931487154615
ALTAIR PATHFINDER       
1 42711U 98067LS  19332.23821234  .00547928  17502-3  45280-3 0  9993
2 42711  51.6210 155.6105 0004996 266.5036  93.5408 16.13307502144940
NSIGHT                  
1 42726U 98067MF  19332.23144581  .00038585  00000-0  20509-3 0  9995
2 42726  51.6307 193.0820 0004497 116.7831 243.3631 15.80070758143437
UCLSAT                  
1 42765U 17036A   19331.63695632  .00001307  00000-0  58316-4 0  9996
2 42765  97.3311  26.0261 0012057  28.3138 331.8751 15.23067206135703
LITUANICASAT-2          
1 42768U 17036D   19332.38898142  .00001837  00000-0  80134-4 0  9994
2 42768  97.3353  26.4796 0015071  14.6222 345.5448 15.23326037135075
AALTO-1                 
1 42775U 17036L   19332.17976798  .00000755  00000-0  36484-4 0  9990
2 42775  97.3290  24.9146 0014289  17.0758 343.0956 15.21550678134913
URSA MAIOR              
1 42776U 17036M   19331.79672620  .00000874  00000-0  41561-4 0  9999
2 42776  97.3302  24.7449 0014134  18.4061 341.7684 15.21702570134860
COMPASS 2               
1 42777U 17036N   19332.40162791  .00001603  00000-0  70341-4 0  9991
2 42777  97.3348  26.9558 0012698  16.8108 343.3547 15.23321429135031
DIAMOND RED             
1 42783U 17036U   19332.13672522  .00000982  00000-0  45336-4 0  9991
2 42783  97.3310  25.9778 0012722  27.5887 332.6022 15.22465390134966
PEGASUS                 
1 42784U 17036V   19332.41156986  .00001074  00000-0  48850-4 0  9991
2 42784  97.3315  26.5484 0012555  26.0396 334.1470 15.22795436135025
DIAMOND GREEN           
1 42785U 17036W   19332.39847580  .00000943  00000-0  43642-4 0  9994
2 42785  97.3312  26.2619 0012611  27.3673 332.8226 15.22465966134996
DIAMOND BLUE            
1 42786U 17036X   19332.39763639  .00000932  00000-0  43173-4 0  9994
2 42786  97.3312  26.2581 0012458  27.7587 332.4312 15.22465759134994
NUDTSAT                 
1 42787U 17036Y   19331.97184406  .00001543  00000-0  66685-4 0  9999
2 42787  97.3355  27.0872 0012985  20.4924 339.6829 15.23900768134856
SUCHAI                  
1 42788U 17036Z   19331.58362182  .00001380  00000-0  61061-4 0  9998
2 42788  97.3322  26.1558 0012152  27.9828 332.2060 15.23263154134995
SKCUBE                  
1 42789U 17036AA  19331.80812646  .00001270  00000-0  56643-4 0  9997
2 42789  97.3317  26.2831 0012016  27.5143 332.6727 15.23140547134949
VZLUSAT-1               
1 42790U 17036AB  19331.82798680  .00001607  00000-0  69365-4 0  9991
2 42790  97.3336  26.9437 0011454  26.6247 333.5577 15.23893817134983
ROBUSTA-1B              
1 42792U 17036AD  19332.37750024  .00001214  00000-0  54019-4 0  9998
2 42792  97.3318  27.0302 0011559  26.4339 333.7485 15.23320549135050
CICERO 6                
1 42793U 17036AE  19331.82773845  .00000866  00000-0  39956-4 0  9999
2 42793  97.3299  26.1337 0010965  30.7952 329.3926 15.22812873135029
D-SAT                   
1 42794U 17036AF  19331.53023494  .00000348  00000-0  35763-4 0  9993
2 42794  97.5201   8.9416 0125436 322.6760  36.5792 14.91176042132459
CORVUS BC2              
1 42846U 17042X   19331.64317847  .00000369  00000-0  41670-4 0  9995
2 42846  97.5458 218.9988 0008361 229.6535 130.3955 14.92030503129161
CORVUS BC1              
1 42847U 17042Y   19331.78670564  .00000253  00000-0  30091-4 0  9996
2 42847  97.5460 219.2698 0008022 228.1470 131.9065 14.92131213129184
MIRATA                  
1 43015U 17073C   19331.70666620  .00001727  00000-0  13927-3 0  9993
2 43015  97.7202 246.6187 0254487 350.0781   9.5457 14.79266967109243
MAKERSAT 0              
1 43016U 17073D   19331.75112796  .00001277  00000-0  10441-3 0  9997
2 43016  97.7237 246.8643 0256849 350.5414   9.1009 14.78942521109237
ASTERIA                 
1 43020U 98067NH  19332.13796280  .00039832  00000-0  21637-3 0  9990
2 43020  51.6390 205.5588 0001129 105.7739 254.3387 15.79586698115444
DELLINGR (RBLE)         
1 43021U 98067NJ  19332.42401894  .00009567  00000-0  97385-4 0  9993
2 43021  51.6368 228.3913 0001869  39.8244 320.2888 15.65902075115168
AEROCUBE 7B (OCSD B)    
1 43042U 17071F   19332.40948489  .00003078  00000-0  80115-4 0  9990
2 43042  51.6384 336.8906 0005007  32.9338 327.1958 15.42160822111185
AEROCUBE 7C (OCSD C)    
1 43043U 17071G   19332.40981909  .00003090  00000-0  80445-4 0  9995
2 43043  51.6384 336.9076 0005259  36.6789 323.4556 15.42141326111153
CHEFSAT                 
1 43044U 17071H   19331.70297764  .00006997  00000-0  15192-3 0  9992
2 43044  51.6390 331.6166 0005225  34.9033 325.2296 15.45534015111165
ASGARDIA 1              
1 43049U 17071N   19332.41388283  .00003137  00000-0  81194-4 0  9992
2 43049  51.6392 336.2322 0002953  54.0057 306.1202 15.42261525111155
ISARA                   
1 43050U 17071P   19332.16173354  .00005641  00000-0  12677-3 0  9998
2 43050  51.6375 330.8604 0002909  50.4975 309.6269 15.44923697111205
PROPCUBE 2 (FAUNA)      
1 43052U 17071R   19331.73952531  .00002962  00000-0  76366-4 0  9993
2 43052  51.6388 338.4983 0002887  48.7711 311.3523 15.42600884111063
CORVUS BC3              
1 43118U 18004H   19332.42171395  .00000776  00000-0  35935-4 0  9999
2 43118  97.4697  39.0965 0011537  48.1715 312.0505 15.23064034104241
MICROMAS-2A             
1 43131U 18004W   19332.47727601  .00001694  00000-0  71599-4 0  9992
2 43131  97.4731  40.2452 0010403  49.4971 310.7172 15.24595596104315
SPACEBEE-4              
1 43139U 18004AE  19332.46631563  .00002315  00000-0  93886-4 0  9994
2 43139  97.4755  40.9839 0009752  51.8619 308.3497 15.25622762104349
SPACEBEE-3              
1 43140U 18004AF  19331.79258086  .00002860  00000-0  11304-3 0  9995
2 43140  97.4766  40.7194 0009498  53.4103 306.8008 15.26288254104276
SPACEBEE-2              
1 43141U 18004AG  19332.46290054  .00003036  00000-0  11897-3 0  9995
2 43141  97.4776  41.5345 0009386  51.1623 309.0451 15.26522647104389
SPACEBEE-1              
1 43142U 18004AH  19331.61905891  .00003430  00000-0  13304-3 0  9997
2 43142  97.4782  40.8476 0009448  53.7770 306.4341 15.26778059104259
CICERO 7                
1 43143U 18004AJ  19332.35690704  .00001699  00000-0  71597-4 0  9998
2 43143  97.4714  40.3349 0008791  59.0624 301.1476 15.24696881104314
GOMX-4B                 
1 43196U 18015E   19331.88131268  .00000508  00000-0  23751-4 0  9997
2 43196  97.4124  97.3666 0020508  97.2974 263.0595 15.24077395101041
GOMX-4A                 
1 43197U 18015F   19332.39102601  .00000672  00000-0  30367-4 0  9997
2 43197  97.4122  97.9103 0020720  95.5117 341.2426 15.24206210101130
1KUNS-PF                
1 43466U 98067NP  19332.18156089  .00033616  00000-0  23699-3 0  9990
2 43466  51.6343 225.9265 0002445 120.3153 239.8088 15.73744127 88430
UBAKUSAT                
1 43467U 98067NQ  19332.29393899  .00015949  00000-0  15211-3 0  9995
2 43467  51.6351 234.9727 0000993  31.5622 328.5433 15.66954188 88334
BATSU-CS1 (IRAZU)       
1 43468U 98067NR  19331.96699612  .00069300  00000-0  34256-3 0  9991
2 43468  51.6346 218.4022 0003452 147.4337 212.6878 15.81408290188508
CUBERRT                 
1 43546U 98067NU  19332.07352673  .00011669  00000-0  10837-3 0  9998
2 43546  51.6366 235.0028 0004364  46.2654 313.8703 15.67942187 78443
TEMPEST-D               
1 43547U 98067NV  19332.25165291  .00005805  00000-0  77230-4 0  9993
2 43547  51.6378 250.4784 0005649  23.7708 336.3545 15.59794054 77930
RAINCUBE                
1 43548U 98067NW  19331.79069303  .00016050  00000-0  16128-3 0  9991
2 43548  51.6356 243.5964 0005157  46.3343 313.8080 15.65628587 78434
HALOSAT                 
1 43549U 98067NX  19332.18801267  .00019600  00000-0  19646-3 0  9991
2 43549  51.6370 241.7806 0005022  49.4434 310.6998 15.65527194 78055
ENDUROSAT ONE           
1 43551U 98067NZ  19331.74790045  .00021279  00000-0  19121-3 0  9999
2 43551  51.6355 239.5749 0005479  60.8642 299.2902 15.68187639 78456
EQUISAT                 
1 43552U 98067PA  19332.02759736  .00017630  00000-0  17517-3 0  9997
2 43552  51.6376 241.4964 0005896  53.8318 306.3223 15.65828049 78412
AEROCUBE 12A            
1 43556U 18046C   19331.55837004  .00002301  00000-0  92565-4 0  9998
2 43556  51.6423 359.9703 0007938 290.4066  69.6062 15.29164213 76327
AEROCUBE 12B            
1 43557U 18046D   19332.11091177  .00000711  00000-0  37465-4 0  9996
2 43557  51.6434 357.6528 0007851 293.0508  66.9644 15.28973994 76356
UITMSAT-1               
1 43589U 98067PD  19331.80490008  .00018582  00000-0  17935-3 0  9997
2 43589  51.6347 242.9097 0005523  64.1969 295.9597 15.66515236 74119
MAYA-1                  
1 43590U 98067PE  19331.98970651  .00020859  00000-0  20047-3 0  9993
2 43590  51.6349 241.9016 0005626  64.5933 295.5645 15.66532851 74079
BHUTAN-1                
1 43591U 98067PF  19332.29308825  .00019775  00000-0  18975-3 0  9999
2 43591  51.6353 240.2163 0005764  66.1551 294.0049 15.66611370 74129
SIRIUSSAT-1             
1 43595U 98067PG  19332.12143191  .00018285  00000-0  18428-3 0  9996
2 43595  51.6350 243.5339 0002920  39.6005 320.5203 15.65450190 73240
SIRIUSSAT-2             
1 43596U 98067PH  19332.29652396  .00017360  00000-0  17635-3 0  9999
2 43596  51.6360 243.2570 0003318  36.0058 324.1160 15.65292668 73265
TANUSHA-3               
1 43597U 98067PJ  19331.81964087  .00025608  00000-0  22718-3 0  9992
2 43597  51.6337 241.4722 0003346  61.9811 298.1523 15.68388712 73244
SURFSAT                 
1 43614U 18070B   19332.34222077  .00002402  00000-0  63695-4 0  9990
2 43614  93.0391  70.9198 0017389  45.8623 314.4057 15.38257694 67406
CP7 (DAVE)              
1 43615U 18070C   19332.35767490  .00002359  00000-0  62752-4 0  9999
2 43615  93.0392  70.9241 0017534  45.2067 315.0609 15.38153173 67402
ELFIN-B                 
1 43616U 18070D   19332.35132728  .00003197  00000-0  82411-4 0  9995
2 43616  93.0353  70.8286 0018210  47.6528 312.6265 15.39080965 67420
ELFIN-A                 
1 43617U 18070E   19332.33850209  .00003513  00000-0  90293-4 0  9994
2 43617  93.0410  71.1665 0017323  45.1501 315.1157 15.39184959 67424
CUBEBEL-1 (BSUSAT-1)    
1 43666U 18083E   19332.33207384  .00001460  00000-0  75331-4 0  9997
2 43666  97.5083 355.6241 0014682 350.1525  67.8503 15.17860329 59956
DEBRISSAT-2             
1 43680U 98067PR  19331.77860987  .00033748  00000-0  26601-3 0  9993
2 43680  51.6338 239.7398 0003867  84.5213 275.6226 15.71097107 81992
CICERO 10               
1 43690U 18088A   19332.39295785  .00001014  00000-0  45285-4 0  9997
2 43690  85.0405 211.3942 0014231 339.8742  20.1936 15.19903880 58047
IRVINE01                
1 43693U 18088D   19332.17983334  .00002092  00000-0  89605-4 0  9991
2 43693  85.0375 210.7811 0016904 321.8299  38.1744 15.22003719 58076
PROXIMA I               
1 43694U 18088E   19331.82589999  .00001000  00000-0  42368-4 0  9995
2 43694  85.0349 210.8076 0017741 313.6013  46.3756 15.21632692 58032
PROXIMA II              
1 43696U 18088G   19331.82455130  .00000988  00000-0  41814-4 0  9995
2 43696  85.0350 210.8103 0017782 313.5435  46.4329 15.21636666 58020
FACSAT-1                
1 43721U 18096C   19332.44783858  .00001713  00000-0  67768-4 0  9996
2 43721  97.4447  41.9372 0019236 113.9138 302.7370 15.26692926 55568
CENTAURI-2              
1 43722U 18096D   19332.19344623  .00002056  00000-0  79945-4 0  9993
2 43722  97.4448  41.7997 0019464 115.6521 244.6731 15.27032895 55524
INNOSAT-2               
1 43738U 18096V   19332.47735257  .00002611  00000-0  93565-4 0  9999
2 43738  97.4456  43.2671 0025453 124.1781 236.1877 15.29357932 55659
SIRION PATHFINDER-2     
1 43759U 18099B   19332.27740364  .00000596  00000-0  59347-4 0  9998
2 43759  97.7298  42.1329 0015477 134.5360 225.7128 14.95195230 53711
CORVUS-BC 4             
1 43767U 18099K   19331.80847512  .00000539  00000-0  54968-4 0  9999
2 43767  97.7284  41.2978 0012888 138.5786 221.6414 14.94636478 53631
MOVE-II                 
1 43780U 18099Y   19331.63018551  .00000666  00000-0  65704-4 0  9999
2 43780  97.7300  41.3961 0014518 147.0756 213.1372 14.95206555 53608
SPACEBEE-7              
1 43816U 18099BL  19331.67821199  .00000856  00000-0  82350-4 0  9990
2 43816  97.7311  41.7048 0014713 132.9923 227.2534 14.95528474 53182
SPACEBEE-5              
1 43817U 18099BM  19331.63224951  .00001205  00000-0  11266-3 0  9996
2 43817  97.7347  41.8417 0014542 133.7837 226.4590 14.95918800 53185
SPACEBEE-6              
1 43818U 18099BN  19331.66298942  .00000572  00000-0  56595-4 0  9992
2 43818  97.7319  41.7477 0014528 133.5461 226.6970 14.95649800 53337
SHIELDS 1               
1 43850U 18104B   19331.93672772  .00000042  00000-0  00000-0 0  9990
2 43850  85.0269 309.2104 0017754  94.2863 266.0559 15.21206705 52680
STF-1                   
1 43852U 18104D   19331.39418190  .00000042  00000-0  00000+0 0  9993
2 43852  85.0279 309.9555 0017294 108.2456 252.0743 15.20870851 52580
ZACUBE-2                
1 43907U 18111AH  19332.41708124  .00000617  00000-0  27881-4 0  9994
2 43907  97.2787 233.0698 0022824 133.8921 226.4207 15.24357493 51238
LUME 1                  
1 43908U 18111AJ  19332.38863682  .00001039  00000-0  44671-4 0  9997
2 43908  97.2787 233.1046 0022633 133.8739 226.4374 15.24630771 51230
AOBA VELOX-IV           
1 43940U 19003J   19332.24827438  .00002329  00000-0  97463-4 0  9998
2 43940  97.2576  25.2121 0023410 214.8759 218.2460 15.24314248 47847
CATSAT-2                
1 44029U 98067PV  19332.04457606  .00011507  00000-0  14764-3 0  9998
2 44029  51.6393 257.3739 0005182  49.5027 310.6417 15.59635454 46882
DELPHINI                
1 44030U 98067PW  19332.08178527  .00013873  00000-0  17457-3 0  9996
2 44030  51.6368 256.8333 0005019  50.0899 310.0535 15.59948688 46862
UNITE                   
1 44031U 98067PX  19332.06979649  .00008510  00000-0  11861-3 0  9994
2 44031  51.6385 259.0241 0003758  46.9042 313.2264 15.57821414 46833
TECHEDSAT 8             
1 44032U 98067PY  19332.34958219  .00046527  00000-0  39271-3 0  9991
2 44032  51.6352 247.3563 0004492  86.2317 273.9194 15.69291628 46995
CATSAT-1                
1 44033U 98067PZ  19332.30084472  .00014315  00000-0  18197-3 0  9993
2 44033  51.6395 256.0876 0005087  49.7114 310.4323 15.59647541 46839
RAAVANA-1               
1 44329U 98067QE  19332.39646778  .00007996  00000-0  12736-3 0  9993
2 44329  51.6404 264.2220 0006223 337.1467  22.9246 15.54237863 25541
UGUISU                  
1 44330U 98067QF  19331.82208141  .00008641  00000-0  13733-3 0  9996
2 44330  51.6402 267.1345 0006192 333.6124  26.4550 15.54180365 25436
NEPALISAT-1             
1 44331U 98067QG  19332.07134283  .00008899  00000-0  14076-3 0  9996
2 44331  51.6406 265.8011 0006242 337.1514  22.9198 15.54267143 25488
SPOOQY-1                
1 44332U 98067QH  19332.26135833  .00007611  00000-0  12148-3 0  9999
2 44332  51.6403 264.8174 0005188 342.3558  17.7251 15.54265384 25475
SPACEBEE-9              
1 44370U 19037F   19331.95975474  .00006265  00000-0  15851-3 0  9997
2 44370  45.0147 165.4301 0012974  78.0919 282.1422 15.40612206 23348
SPACEBEE-8              
1 44371U 19037G   19331.89167712  .00013715  00000-0  31933-3 0  9996
2 44371  45.0118 164.9272 0011818  87.6448 272.5791 15.42221862 23334
IOD-1 GEMS              
1 44385U 98067QK  19332.41674240  .00011220  00000-0  17303-3 0  9993
2 44385  51.6417 264.3758 0002024 306.7129  53.3675 15.54675786 23009
MOVE-IIB                
1 44398U 19038N   19331.85816230  .00001247  00000-0  76087-4 0  9995
2 44398  97.5097 291.0898 0027022 104.1531 256.2705 15.11872878 21965
SONATE                  
1 44400U 19038Q   19332.38943785  .00000497  00000-0  32699-4 0  9991
2 44400  97.5118 291.6273 0026970 100.9672 259.4594 15.11753270 22042
LUCKY-7                 
1 44406U 19038W   19332.37075370  .00000693  00000-0  43847-4 0  9997
2 44406  97.5114 291.6495 0026432 100.9193 259.5013 15.11964684 22030
BEESAT 9                
1 44412U 19038AC  19332.37425278  .00000912  00000-0  56606-4 0  9991
2 44412  97.5110 291.6403 0024492 106.2212 254.1716 15.11959614 21731
JAISAT-1                
1 44419U 19038F   19332.39290898  .00000799  00000-0  49439-4 0  9997
2 44419  97.5113 291.7705 0023334 105.8019 254.5787 15.12447109 22051
SWIATOWID               
1 44426U 98067QL  19332.43905186  .00016528  00000-0  25068-3 0  9990
2 44426  51.6451 264.2997 0001999 289.1883 173.0518 15.54748427 23029
KRAKSAT                 
1 44427U 98067QM  19332.09150134  .00007078  00000-0  11785-3 0  9999
2 44427  51.6418 266.6978 0002870 288.0786  71.9892 15.53206852 23006
VCC A                   
1 44428U 98067QN  19332.38226053  .00007879  00000-0  12782-3 0  9993
2 44428  51.6420 264.8921 0002217 320.2071  39.8757 15.53755717 23056
ENTRYSAT                
1 44429U 98067QP  19331.53264185  .00008438  00000-0  13487-3 0  9993
2 44429  51.6411 268.9646 0001846 306.3703  53.7117 15.54063749 22928
VCC C                   
1 44430U 98067QQ  19331.72181014  .00010965  00000-0  17166-3 0  9991
2 44430  51.6414 267.9800 0002003 323.8619  36.2236 15.54286685 21787
VCC B                   
1 44431U 98067QR  19332.12678048  .00008407  00000-0  13592-3 0  9992
2 44431  51.6417 266.1837 0002335 316.3150  43.7655 15.53748363 22950
