CUTE-1 (CO-55)          
1 27844U 03031E   20237.46169193  .00000027  00000-0  31991-4 0  9991
2 27844  98.6824 244.1705 0009125 213.0403 147.0205 14.22252338889801
CUBESAT XI-IV (CO-57)   
1 27848U 03031J   20236.80441899  .00000010  00000-0  24510-4 0  9999
2 27848  98.6890 244.0854 0008803 228.5879 131.4543 14.21837395889546
CUBESAT XI-V            
1 28895U 05043F   20237.36092154  .00000094  00000-0  26818-4 0  9990
2 28895  98.0189  11.8487 0018053  68.8853 291.4277 14.63792515790778
CUTE-1.7+APD II (CO-65) 
1 32785U 08021C   20237.22775005  .00000178  00000-0  24797-4 0  9997
2 32785  97.5776 222.2796 0011400 268.9690  91.0221 14.88503724668023
AAUSAT-II               
1 32788U 08021F   20236.78118496  .00000023  00000-0  70622-5 0  9993
2 32788  97.4929 238.2927 0011433 181.6138 178.5049 14.95124262669475
DELFI-C3 (DO-64)        
1 32789U 08021G   20237.09179599  .00000617  00000-0  44121-4 0  9993
2 32789  97.4136 277.5155 0013743  85.3823 274.8975 15.07869625672107
SEEDS II (CO-66)        
1 32791U 08021J   20237.51395713  .00000302  00000-0  35852-4 0  9993
2 32791  97.5445 228.6718 0011890 231.8633 128.1515 14.91094407668605
SWISSCUBE               
1 35932U 09051B   20237.09462460  .00000088  00000-0  30910-4 0  9995
2 35932  98.6123  61.5567 0006387 282.2449  77.8032 14.56417020579714
BEESAT-1                
1 35933U 09051C   20236.79875861  .00000053  00000-0  23051-4 0  9995
2 35933  98.6114  63.1192 0004712 300.6300  59.4432 14.56489734579786
ITUPSAT1                
1 35935U 09051E   20237.45169326  .00000059  00000-0  24661-4 0  9997
2 35935  98.6220  63.9837 0006999 295.3715  64.6757 14.55633537579597
TISAT 1                 
1 36799U 10035E   20236.79802141  .00000077  00000-0  13892-4 0  9999
2 36799  98.1998  49.6804 0013577 107.6700 252.6000 14.91405844549165
M-CUBED & EXP-1 PRIME   
1 37855U 11061F   20237.39169106  .00000964  00000-0  55247-4 0  9992
2 37855 101.7183   0.8354 0170513 233.1994 125.3469 15.06430726481905
AEROCUBE 4.5A           
1 38767U 12048K   20236.76155150  .00000306  00000-0  40522-4 0  9995
2 38767  64.6673  25.8538 0135937 112.3090 249.2498 14.92349051 51844
AEROCUBE 4.5B           
1 38768U 12048L   20237.40736587  .00000447  00000-0  48637-4 0  9998
2 38768  64.6688 351.1762 0125332 107.3747 254.1118 14.96044140 52048
STRAND-1                
1 39090U 13009E   20237.54434286 -.00000012  00000-0  10984-4 0  9994
2 39090  98.4518  80.3502 0010397  82.7682 277.4686 14.35141289392472
SOMP                    
1 39134U 13015E   20236.83096564  .00000953  00000-0  51438-4 0  9996
2 39134  64.8626  59.2613 0027946 232.5777 127.2808 15.21198082405926
BEESAT-3                
1 39135U 13015F   20236.95670729  .00000651  00000-0  41081-4 0  9999
2 39135  64.8656  83.3901 0034986 231.8067 127.9907 15.18287286405854
BEESAT-2                
1 39136U 13015G   20236.83375258  .00000648  00000-0  41574-4 0  9999
2 39136  64.8722  88.9947 0034053 272.4284  87.2944 15.17685893405345
NEE-01 PEGASO           
1 39151U 13018B   20237.54233734  .00000104  00000-0  20740-4 0  9999
2 39151  97.9754 335.8985 0015859 237.1044 122.8642 14.80192464395755
ESTCUBE 1               
1 39161U 13021C   20237.44478005  .00000071  00000-0  19014-4 0  9990
2 39161  97.9640 319.1067 0010116  29.1920 330.9848 14.72341635392045
POPACS 1                
1 39268U 13055D   20237.41727798  .00005952  00000-0  16129-3 0  9994
2 39268  80.9999 224.2999 0615378  20.4263 342.0405 14.39788391359242
POPACS 2                
1 39269U 13055E   20237.09865611  .00001944  00000-0  53741-4 0  9995
2 39269  81.0114 264.2177 0677867 123.7733 242.9926 14.25706712356847
POPACS 3                
1 39270U 13055F   20237.12300664  .00001608  00000-0  49324-4 0  9992
2 39270  81.0148 286.7861 0709346 188.4084 170.4686 14.17011432355419
ZACUBE-1 (TSHEPISOSAT)  
1 39417U 13066B   20236.91528839  .00000158  00000-0  26033-4 0  9990
2 39417  97.5678 231.1940 0060201  57.5216 303.1797 14.81306031365026
WNISAT-1                
1 39423U 13066H   20237.35005431  .00000066  00000-0  22650-4 0  9993
2 39423  97.8001 154.1942 0176382  44.0123 317.4952 14.53132788358284
TRITON-1                
1 39427U 13066M   20237.16113690  .00000104  00000-0  24767-4 0  9997
2 39427  97.7312 194.3525 0112541 220.9977 138.2729 14.68034131361783
GOMX-1                  
1 39430U 13066Q   20237.20127716  .00000141  00000-0  34812-4 0  9993
2 39430  97.7921 171.6430 0150535 331.6995  27.6093 14.59426887359685
CUBEBUG-2 (LO-74)       
1 39440U 13066AA  20237.00943211  .00000142  00000-0  26449-4 0  9996
2 39440  97.6361 215.7973 0081387 120.2763 240.6534 14.76040645363740
NEE-02 KRYSAOR          
1 39441U 13066AB  20236.86325624  .00000078  00000-0  18075-4 0  9996
2 39441  97.6437 213.1394 0082789 129.9363 230.9159 14.75037070362340
FUNCUBE-1 (AO-73)       
1 39444U 13066AE  20236.73906925  .00000193  00000-0  29788-4 0  9995
2 39444  97.5617 233.2941 0059202  50.1808 310.4595 14.82165587363337
UWE-3                   
1 39446U 13066AG  20236.88236746  .00000141  00000-0  25213-4 0  9992
2 39446  97.6027 222.8387 0071501  89.7901 271.1504 14.78574108362533
AEROCUBE 5A             
1 39465U 13072D   20236.81463376  .00002922  00000-0  26448-3 0  9993
2 39465 120.4968  47.1417 0259903 315.1946  42.8388 14.76771229 51319
AEROCUBE 5B             
1 39466U 13072E   20237.39226006  .00004863  00000-0  35519-3 0  9990
2 39466 120.4906  89.7021 0233711 326.3414  32.2994 14.86499530 51676
BRITE-CA1 (TORONTO)     
1 40020U 14033L   20237.43137023 -.00000017  00000-0  54611-5 0  9995
2 40020  97.7318  61.7517 0086501 215.0114 144.5386 14.66655767330723
DUCHIFAT-1              
1 40021U 14033M   20236.86267364  .00000168  00000-0  22849-4 0  9997
2 40021  97.9428 168.5176 0014348  67.3415 292.9319 14.90953739335936
NANOSATC-BR1            
1 40024U 14033Q   20236.85614892  .00000164  00000-0  22883-4 0  9995
2 40024  97.9267 164.6707 0013679  71.7821 288.4884 14.90116429335274
QB50P1                  
1 40025U 14033R   20236.84976103  .00000169  00000-0  23827-4 0  9995
2 40025  97.9135 161.1500 0013930  78.6241 281.6540 14.89173269335125
QB50P2                  
1 40032U 14033Y   20237.32388180  .00000207  00000-0  28161-4 0  9998
2 40032  97.9015 158.9442 0013309  74.5134 285.7551 14.88697284335602
PERSEUS-M2              
1 40037U 14033AD  20237.04429305  .00000046  00000-0  11443-4 0  9993
2 40037  97.8849 152.8756 0015871  90.4772 269.8262 14.86558721335201
PERSEUS-M1              
1 40039U 14033AF  20236.86912195  .00000054  00000-0  12365-4 0  9991
2 40039  97.8810 151.4049 0015716  89.3335 270.9681 14.86179450334587
POLYITAN-1              
1 40042U 14033AJ  20236.85715202  .00000205  00000-0  27886-4 0  9996
2 40042  97.9222 161.7319 0016103  69.8591 290.4356 14.88921610335022
TIGRISAT                
1 40043U 14033AK  20236.81188500  .00000080  00000-0  19003-4 0  9991
2 40043  97.7029  89.7895 0060772 139.8484 220.7239 14.74400366332279
AEROCUBE 6A             
1 40045U 14033AM  20237.36118363  .00000150  00000-0  28629-4 0  9996
2 40045  97.7280  96.1300 0058628 129.0952 231.5493 14.75605079332362
AEROCUBE 6B             
1 40046U 14033AN  20237.43914627  .00000191  00000-0  34490-4 0  9990
2 40046  97.7186  95.3987 0057996 128.0563 232.5900 14.75602766332515
UKUBE-1                 
1 40074U 14037F   20237.52105516  .00000182  00000-0  28858-4 0  9995
2 40074  98.4533  69.9088 0003370 265.2026  94.8810 14.84306604331851
BRITE-PL2 (HEWELIUSZ)   
1 40119U 14049B   20236.85779855  .00000074  00000-0  15258-4 0  9996
2 40119  97.8952 328.4159 0016085 246.8568 113.0952 14.84525859325695
FIREBIRD 4              
1 40378U 15003C   20237.43850505  .00002394  00000-0  93690-4 0  9994
2 40378  99.0901 311.6477 0124393  87.0007 274.5450 15.20321802307646
GRIFEX                  
1 40379U 15003D   20237.24421396  .00001766  00000-0  76541-4 0  9994
2 40379  99.0967 302.9340 0133471 113.7313 247.7982 15.16574362307126
EXOCUBE (CP10)          
1 40380U 15003E   20236.74489366  .00001249  00000-0  58169-4 0  9993
2 40380  99.1037 297.8008 0138424 130.7431 230.5911 15.14497673306738
AEROCUBE 8A             
1 40659U 15025J   20236.86520412  .00009490  00000-0  10029-3 0  9995
2 40659  55.0169 340.5454 0102447 353.1538   6.8093 15.58748894 54063
AEROCUBE 8B             
1 40660U 15025K   20236.89089902  .00009825  00000-0  10231-3 0  9991
2 40660  55.0141 338.1653 0101658 355.3358   4.6722 15.59143324 54081
TIANWANG 1C (TW-1C)     
1 40926U 15051B   20237.51035206  .00021866  00000-0  19448-3 0  9991
2 40926  97.0764 289.8270 0006078 170.9370 296.9538 15.68497911277683
TIANWANG 1A (TW-1A)     
1 40928U 15051D   20237.44430578  .00002011  00000-0  47577-4 0  9992
2 40928  97.1054 263.6170 0008737 305.8984 162.1263 15.42936298275855
EXACTVIEW 9             
1 40936U 15052G   20237.32030652  .00000737  00000-0  13934-4 0  9991
2 40936   6.0023 216.3607 0010254 146.9506 213.1263 14.76586830265271
AEROCUBE 5C             
1 40965U 15058B   20237.18429293 -.00000074  00000-0  11022-4 0  9997
2 40965  64.7784 298.7931 0172441  48.9772 312.6094 14.74545575 51296
AEROCUBE 7              
1 40966U 15058C   20237.42189359 -.00000025  00000-0  16787-4 0  9990
2 40966  64.7784 296.4578 0171371  48.5507 313.0171 14.74850976 51332
ATHENOXAT 1             
1 41168U 15077C   20237.47028542  .00001728  00000-0  54459-4 0  9995
2 41168  14.9880 282.3346 0011317 355.5948   4.4273 15.14498494259670
GALASSIA                
1 41170U 15077E   20237.43960463  .00001683  00000-0  51470-4 0  9991
2 41170  14.9882 274.1792 0012605  22.2543 337.8324 15.14790008259743
VELOX-II                
1 41171U 15077F   20236.61584604  .00001303  00000-0  35884-4 0  9990
2 41171  14.9919 327.0363 0008747 262.4012  97.5315 15.11775963259209
HORYU-4                 
1 41340U 16012D   20236.44136395  .00000339  00000-0  18903-4 0  9990
2 41340  31.0044 265.1749 0013903  93.5162 266.7064 15.01538808247959
E-ST@R-II               
1 41459U 16025D   20237.54237325 -.00000101  00000-0 -30559-6 0  9994
2 41459  98.1097 351.1052 0163998 343.0148  16.5628 15.06581764237693
AAUSAT 4                
1 41460U 16025E   20237.37484438  .00001021  00000-0  53722-4 0  9991
2 41460  98.1093 353.5046 0152427 331.5816  27.7178 15.08960949237882
BEESAT-4                
1 41619U 16040W   20236.85343796  .00001046  00000-0  45831-4 0  9996
2 41619  97.3141 294.7783 0009538 307.4658  52.5712 15.24162607219666
CANX-7                  
1 41788U 16059F   20237.50537396  .00005580  00000-0  75294-3 0  9999
2 41788  98.2584 327.1170 0030424  92.3550 268.1191 14.79213305209873
RAVAN                   
1 41849U 16067B   20237.31508992  .00000483  00000-0  45400-4 0  9999
2 41849  97.9375 348.3437 0008185  27.8698 332.2960 14.98603671206785
CELTEE 1                
1 41850U 16067C   20236.83843996  .00000234  00000-0  25493-4 0  9997
2 41850  97.9317 345.3856 0009172  32.4496 327.7287 14.97208547206581
OPTICUBE 04             
1 41851U 16067D   20236.84748347  .00000542  00000-0  52415-4 0  9999
2 41851  97.9310 344.9768 0009502  35.6919 324.4936 14.96943102206569
AEROCUBE 8D             
1 41852U 16067E   20237.39868684  .00000306  00000-0  31967-4 0  9995
2 41852  97.9323 345.3762 0010479  33.3727 326.8152 14.96947135206623
AEROCUBE 8C             
1 41853U 16067F   20237.29816375  .00000142  00000-0  17643-4 0  9998
2 41853  97.9307 345.1722 0010436  32.9385 327.2484 14.96904199206602
PROMETHEUS 2-1          
1 41854U 16067G   20237.25287760  .00000898  00000-0  82747-4 0  9990
2 41854  97.9326 345.4985 0010882  34.4054 325.7869 14.97246090206614
PROMETHEUS 2-3          
1 41855U 16067H   20237.11922399  .00000870  00000-0  80298-4 0  9999
2 41855  97.9327 345.3989 0011067  35.0663 325.1284 14.97254693206598
INS-1B                  
1 41954U 17008G   20236.74086167  .00001041  00000-0  44599-4 0  9992
2 41954  97.3493 299.9233 0010558  68.7024 291.5340 15.24922009195624
BGUSAT                  
1 41999U 17008BD  20236.74481625  .00001822  00000-0  69893-4 0  9990
2 41999  97.3615 304.4566 0009538  76.5083 283.7218 15.27741175195227
DIDO-2                  
1 42000U 17008BE  20237.44006436  .00000809  00000-0  35651-4 0  9994
2 42000  97.3499 301.0897 0010109  82.8036 277.4350 15.24577209195123
PEASSS                  
1 42015U 17008BV  20236.84142421  .00000951  00000-0  40065-4 0  9991
2 42015  97.3527 302.2417 0008033  87.3187 272.8971 15.25742320195624
AL-FARABI 1             
1 42016U 17008BW  20236.75913984  .00001199  00000-0  48486-4 0  9992
2 42016  97.3559 303.3187 0007867  87.0522 273.1617 15.26619985195790
NAYIF-1 (EO-88)         
1 42017U 17008BX  20236.86712591  .00001215  00000-0  49036-4 0  9997
2 42017  97.3552 303.4354 0007938  86.0512 274.1634 15.26662066195831
UCLSAT                  
1 42765U 17036A   20237.13256336  .00001064  00000-0  47204-4 0  9996
2 42765  97.2952 289.5401 0012338 141.1144 219.0983 15.23654882176293
LITUANICASAT-2          
1 42768U 17036D   20237.14912419  .00001851  00000-0  78401-4 0  9998
2 42768  97.3011 289.6390 0015922 133.0388 227.2186 15.24292300176158
AALTO-1                 
1 42775U 17036L   20236.71513824  .00000594  00000-0  28970-4 0  9994
2 42775  97.2927 286.7590 0014969 138.0171 222.2216 15.21926946175904
URSA MAIOR              
1 42776U 17036M   20236.82768441  .00000667  00000-0  31997-4 0  9998
2 42776  97.2939 287.1822 0014797 137.3145 222.9244 15.22117646175934
COMPASS 2               
1 42777U 17036N   20237.11326897  .00001308  00000-0  56608-4 0  9996
2 42777  97.2999 289.9964 0013498 133.5112 226.7250 15.24100996176108
DIAMOND RED             
1 42783U 17036U   20237.09246190  .00000786  00000-0  36327-4 0  9992
2 42783  97.2952 288.6985 0013005 143.7521 216.4599 15.22944947176049
PEGASUS                 
1 42784U 17036V   20236.84331791  .00000915  00000-0  41364-4 0  9998
2 42784  97.2957 288.9210 0012854 143.3499 216.8619 15.23337685176032
DIAMOND GREEN           
1 42785U 17036W   20237.09124585  .00000802  00000-0  37025-4 0  9992
2 42785  97.2955 288.7350 0012875 144.3108 215.8992 15.22943795176032
DIAMOND BLUE            
1 42786U 17036X   20237.41897880  .00000884  00000-0  40516-4 0  9993
2 42786  97.2953 289.0481 0012766 143.3390 216.8723 15.22946093176083
NUDTSAT                 
1 42787U 17036Y   20236.90676476  .00001441  00000-0  61009-4 0  9993
2 42787  97.3006 290.5377 0011117 135.8364 224.3760 15.24710447175977
SUCHAI                  
1 42788U 17036Z   20236.84275502  .00001106  00000-0  48564-4 0  9991
2 42788  97.2966 289.5724 0012444 141.3807 218.8322 15.23910869176145
SKCUBE                  
1 42789U 17036AA  20236.83035997  .00001005  00000-0  44618-4 0  9997
2 42789  97.2960 289.3919 0012321 141.7437 218.4677 15.23742784176059
VZLUSAT-1               
1 42790U 17036AB  20236.83079369  .00001364  00000-0  57922-4 0  9990
2 42790  97.2987 290.4577 0011900 139.1071 221.1062 15.24691770176115
ROBUSTA-1B              
1 42792U 17036AD  20236.84135480  .00001081  00000-0  47519-4 0  9997
2 42792  97.2963 289.6752 0011897 141.7420 218.4664 15.23938933176085
CICERO 6                
1 42793U 17036AE  20237.38369183  .00000774  00000-0  35518-4 0  9991
2 42793  97.2937 289.5203 0011198 142.1933 218.0093 15.23242282176206
D-SAT                   
1 42794U 17036AF  20236.87547393  .00000021  00000-0  70667-5 0  9996
2 42794  97.4898 266.1806 0127245 139.4181 221.6609 14.91306616172744
CORVUS BC2              
1 42846U 17042X   20237.10488161  .00000039  00000-0  89989-5 0  9991
2 42846  97.5133 117.5804 0010961  57.1913 303.0361 14.92128379169494
CORVUS BC1              
1 42847U 17042Y   20237.43125703  .00000160  00000-0  20874-4 0  9990
2 42847  97.5135 118.0736 0010569  55.6231 304.5987 14.92230264169540
MIRATA                  
1 43015U 17073C   20236.82357944  .00000400  00000-0  36395-4 0  9990
2 43015  97.7141 146.4758 0252526 188.4828 171.2079 14.79751951149189
MAKERSAT 0              
1 43016U 17073D   20236.73769384  .00000267  00000-0  26232-4 0  9996
2 43016  97.7176 146.5597 0255425 189.9895 169.6187 14.79289895149141
DELLINGR (RBLE)         
1 43021U 98067NJ  20237.40982052  .00014261  00000-0  10922-3 0  9995
2 43021  51.6341 292.1206 0001930 353.6823   6.4151 15.72417708157559
AEROCUBE 7B (OCSD B)    
1 43042U 17071F   20237.07651007  .00003638  00000-0  87488-4 0  9998
2 43042  51.6371  94.6367 0003775 297.2998  62.7604 15.44024899152820
AEROCUBE 7C (OCSD C)    
1 43043U 17071G   20236.88684752  .00003223  00000-0  78622-4 0  9990
2 43043  51.6376  95.6354 0004004 301.1497  58.9096 15.43996925152760
CHEFSAT                 
1 43044U 17071H   20236.85022833  .00007572  00000-0  14417-3 0  9996
2 43044  51.6373  78.4446 0003601 307.9431  52.1232 15.49257127152996
ASGARDIA 1              
1 43049U 17071N   20237.13788716  .00003169  00000-0  77401-4 0  9993
2 43049  51.6387  93.6437 0001877 326.8876  33.1992 15.44017028152802
ISARA                   
1 43050U 17071P   20237.00817379  .00006059  00000-0  12168-3 0  9998
2 43050  51.6356  80.8598 0001722 327.7481  32.3402 15.48112744152966
PROPCUBE 2 (FAUNA)      
1 43052U 17071R   20236.97411392  .00003167  00000-0  76142-4 0  9990
2 43052  51.6380  92.5663 0001785 322.4677  37.6184 15.44501866152807
CORVUS BC3              
1 43118U 18004H   20236.75332845  .00000604  00000-0  28312-4 0  9990
2 43118  97.4394 306.4645 0010621 167.3682 192.7823 15.23451263145246
MICROMAS-2A             
1 43131U 18004W   20237.14965447  .00001464  00000-0  60665-4 0  9991
2 43131  97.4447 308.8361 0009603 163.0485 197.1075 15.25479919145410
SPACEBEE-4              
1 43139U 18004AE  20236.86233132  .00002332  00000-0  91115-4 0  9995
2 43139  97.4481 309.9005 0009022 163.4865 196.6670 15.26858869145448
SPACEBEE-3              
1 43140U 18004AF  20236.76565881  .00002800  00000-0  10575-3 0  9995
2 43140  97.4500 310.6005 0008782 161.6593 198.4964 15.27827083145475
SPACEBEE-2              
1 43141U 18004AG  20236.92774907  .00003163  00000-0  11790-3 0  9998
2 43141  97.4514 311.0657 0008798 160.4414 199.7164 15.28157419145516
SPACEBEE-1              
1 43142U 18004AH  20236.87922045  .00003428  00000-0  12608-3 0  9994
2 43142  97.4519 311.3195 0008773 160.2516 199.9064 15.28542018145510
CICERO 7                
1 43143U 18004AJ  20236.82148673  .00001361  00000-0  56582-4 0  9991
2 43143  97.4426 308.6760 0007554 170.7877 189.3501 15.25501233145382
GOMX-4B                 
1 43196U 18015E   20236.83601576  .00000347  00000-0  17136-4 0  9993
2 43196  97.4467   4.8908 0017646 224.1845 135.7984 15.24304880142167
GOMX-4A                 
1 43197U 18015F   20237.43901808  .00000521  00000-0  24016-4 0  9991
2 43197  97.4463   5.6025 0017805 222.6180 208.3717 15.24588465142271
UBAKUSAT                
1 43467U 98067NQ  20237.40395828  .00033756  00000-0  18790-3 0  9999
2 43467  51.6344 291.1585 0002820   3.5953 356.5068 15.79125629130832
CUBERRT                 
1 43546U 98067NU  20236.45831442  .00013131  00000-0  86437-4 0  9997
2 43546  51.6334 296.8850 0003646 359.4181   0.6814 15.76059946120806
TEMPEST-D               
1 43547U 98067NV  20236.99461683  .00005022  00000-0  59169-4 0  9995
2 43547  51.6370 330.6872 0004477 317.8342  42.2308 15.63381178120089
RAINCUBE                
1 43548U 98067NW  20236.66955082  .00035618  00000-0  20775-3 0  9995
2 43548  51.6305 303.4874 0005332 359.2588   0.8404 15.78042307120868
HALOSAT                 
1 43549U 98067NX  20237.47457785  .00034298  00000-0  21062-3 0  9996
2 43549  51.6332 300.7279 0005110   7.1352 352.9720 15.76901729120536
ENDUROSAT ONE           
1 43551U 98067NZ  20237.38889508  .00089550  14050-4  30415-3 0  9998
2 43551  51.6299 284.1544 0006876  14.2561 345.8637 15.89855629121150
EQUISAT                 
1 43552U 98067PA  20236.75903879  .00031180  00000-0  18300-3 0  9998
2 43552  51.6311 301.9585 0005740   4.0073 356.0972 15.77970715120823
AEROCUBE 12A            
1 43556U 18046C   20236.78360214  .00000383  00000-0  25343-4 0  9991
2 43556  51.6422 142.0032 0008158 172.8646 187.2452 15.29970565117684
AEROCUBE 12B            
1 43557U 18046D   20237.44528819  .00000453  00000-0  27939-4 0  9994
2 43557  51.6425 139.6562 0008181 174.6605 185.4464 15.29671827117726
UITMSAT-1               
1 43589U 98067PD  20236.63066160  .00049805  00000-0  23611-3 0  9992
2 43589  51.6322 298.6431 0005791  14.1358 345.9805 15.82429227116595
MAYA-1                  
1 43590U 98067PE  20237.44430675  .00053519  00000-0  25203-3 0  9996
2 43590  51.6277 294.2829 0005735  14.3808 345.7356 15.82541793116658
BHUTAN-1                
1 43591U 98067PF  20236.58772268  .00053309  00000-0  24940-3 0  9992
2 43591  51.6339 298.4408 0005919  14.8518 345.2657 15.82682611116524
SIRIUSSAT-1             
1 43595U 98067PG  20237.47134522  .00041210  00000-0  22973-3 0  9992
2 43595  51.6270 300.5258 0003993   2.7934 357.3089 15.78988727115757
SIRIUSSAT-2             
1 43596U 98067PH  20236.77824300  .00039555  00000-0  22227-3 0  9996
2 43596  51.6265 304.9738 0004078 357.8458   2.2524 15.78830305115638
TANUSHA-3               
1 43597U 98067PJ  20237.35552240  .00420884  93896-4  56485-3 0  9994
2 43597  51.6205 279.8303 0009138  18.0765 342.0570 16.05860349116011
SURFSAT                 
1 43614U 18070B   20236.81985506  .00002718  00000-0  69209-4 0  9997
2 43614  93.0253 182.4531 0018086  79.0708 281.2581 15.39475348108847
CP7 (DAVE)              
1 43615U 18070C   20236.85795997  .00002545  00000-0  65147-4 0  9990
2 43615  93.0256 182.4553 0018232  78.5401 281.7899 15.39314267108841
ELFIN-B                 
1 43616U 18070D   20236.83679748  .00003929  00000-0  95704-4 0  9993
2 43616  93.0216 182.4121 0018662  79.4951 280.8405 15.40787156108897
ELFIN-A                 
1 43617U 18070E   20236.86140539  .00003986  00000-0  96413-4 0  9999
2 43617  93.0268 182.9909 0018025  76.8738 283.4528 15.41009819108902
CUBEBEL-1 (BSUSAT-1)    
1 43666U 18083E   20237.52633484  .00000714  00000-0  37977-4 0  9993
2 43666  97.4847 263.3108 0016308 120.3614  36.8856 15.18370753100944
CICERO 10               
1 43690U 18088A   20236.89456521  .00000692  00000-0  29853-4 0  9998
2 43690  85.0375  33.8706 0016965  66.5274 293.7748 15.20317008 99001
IRVINE01                
1 43693U 18088D   20236.83884044  .00002088  00000-0  86353-4 0  9999
2 43693  85.0350  32.3887 0019278  48.2850 312.0038 15.23130001 99105
PROXIMA I               
1 43694U 18088E   20236.87518147  .00000811  00000-0  33468-4 0  9993
2 43694  85.0320  32.2455 0020582  40.9280 319.3503 15.22070408 99109
PROXIMA II              
1 43696U 18088G   20236.87332681  .00000802  00000-0  33062-4 0  9992
2 43696  85.0321  32.2510 0020622  40.8488 319.4295 15.22071836 99091
FACSAT-1                
1 43721U 18096C   20237.47981132  .00001203  00000-0  47523-4 0  9991
2 43721  97.4169 310.6791 0016053 239.4044 120.5612 15.27380211 96779
CENTAURI-2              
1 43722U 18096D   20236.76075633  .00001522  00000-0  58391-4 0  9992
2 43722  97.4183 310.3068 0016022 241.6861 118.2762 15.27950666 96674
INNOSAT-2               
1 43738U 18096V   20237.45668490  .00002638  00000-0  91213-4 0  9994
2 43738  97.4200 313.2579 0021692 245.9319 113.9652 15.30611847 96932
SIRION PATHFINDER-2     
1 43759U 18099B   20237.16550198  .00000053  00000-0  10061-4 0  9994
2 43759  97.7013 307.6567 0013235 322.3294  37.6999 14.95305703 94058
CORVUS-BC 4             
1 43767U 18099K   20237.46650937  .00000292  00000-0  32126-4 0  9999
2 43767  97.6991 307.2891 0010777 326.3549  33.6986 14.94747060 94060
MOVE-II                 
1 43780U 18099Y   20237.17240217  .00000009  00000-0  60389-5 0  9997
2 43780  97.7023 307.6167 0012734 334.5073  25.5518 14.95459175 94036
SPACEBEE-7              
1 43816U 18099BL  20237.16556986  .00000198  00000-0  22932-4 0  9999
2 43816  97.7038 308.0424 0012203 317.8988  42.1294 14.95744039 93618
SPACEBEE-5              
1 43817U 18099BM  20236.75552093  .00001194  00000-0  11030-3 0  9992
2 43817  97.7096 308.1971 0011633 319.1232  40.9116 14.96417927 93572
SPACEBEE-6              
1 43818U 18099BN  20236.78550008  .00000019  00000-0  68752-5 0  9990
2 43818  97.7051 307.8420 0012235 318.0845  41.9439 14.95949569 93712
SHIELDS 1               
1 43850U 18104B   20236.75078949  .00000400  00000-0  15971-4 0  9997
2 43850  85.0305 130.8782 0014891 174.0813 186.0608 15.21436479 93709
STF-1                   
1 43852U 18104D   20236.76705957  .00000855  00000-0  36259-4 0  9992
2 43852  85.0347 131.4509 0013895 188.5297 171.5711 15.21396107 93684
ZACUBE-2                
1 43907U 18111AH  20237.44755289  .00000388  00000-0  18468-4 0  9993
2 43907  97.2579 135.1403 0019716 263.2199  96.6795 15.24647558 92377
LUME 1                  
1 43908U 18111AJ  20237.15369018  .00000829  00000-0  35724-4 0  9997
2 43908  97.2581 135.0747 0019406 263.7171  96.1857 15.25153375 92343
AOBA VELOX-IV           
1 43940U 19003J   20237.08933447  .00001515  00000-0  62677-4 0  9999
2 43940  97.2226 286.0337 0023134 348.4320  11.6383 15.25221315 88955
CATSAT-2                
1 44029U 98067PV  20237.39591259  .00022049  00000-0  20494-3 0  9995
2 44029  51.6387 331.1870 0004280 353.4163   6.6776 15.67333262 89178
DELPHINI                
1 44030U 98067PW  20236.72702229  .00021345  00000-0  18901-3 0  9992
2 44030  51.6341 332.5690 0004326 346.6962  13.3920 15.68552654 89060
UNITE                   
1 44031U 98067PX  20236.87607605  .00009545  00000-0  11120-3 0  9995
2 44031  51.6384 341.9285 0003058 340.8256  19.2623 15.62427062 88955
CATSAT-1                
1 44033U 98067PZ  20237.39555889  .00022016  00000-0  20444-3 0  9998
2 44033  51.6390 331.1930 0004150 353.5808   6.5134 15.67357360 89089
RAAVANA-1               
1 44329U 98067QE  20236.71573576  .00010649  00000-0  14006-3 0  9990
2 44329  51.6406 356.6774 0005204 258.6019 101.4389 15.59066528 67495
UGUISU                  
1 44330U 98067QF  20237.37324802  .00010549  00000-0  13925-3 0  9999
2 44330  51.6381 353.5478 0005139 260.7324  99.3088 15.58981259 67572
NEPALISAT-1             
1 44331U 98067QG  20236.77151120  .00010685  00000-0  14044-3 0  9998
2 44331  51.6384 356.2818 0005210 261.7061  98.3341 15.59081933 67496
SPOOQY-1                
1 44332U 98067QH  20236.65124405  .00010406  00000-0  13758-3 0  9994
2 44332  51.6392 356.9821 0004324 264.3111  95.7389 15.58959170 67430
SPACEBEE-9              
1 44370U 19037F   20236.83144734  .00007661  00000-0  16987-3 0  9999
2 44370  45.0060  98.7835 0013882 224.1396 135.8386 15.44285237 65011
SPACEBEE-8              
1 44371U 19037G   20236.83154584  .00016306  00000-0  29567-3 0  9998
2 44371  45.0064  90.3543 0012682 227.8480 132.1334 15.49399199 65090
IOD-1 GEMS              
1 44385U 98067QK  20236.58630040  .00017257  00000-0  19863-3 0  9995
2 44385  51.6404 354.3604 0001494 231.0778 129.0083 15.62095265 64977
MOVE-IIB                
1 44398U 19038N   20236.83989958  .00000986  00000-0  60216-4 0  9993
2 44398  97.5413 197.2367 0023399 254.8845 104.9797 15.12449824 62764
SONATE                  
1 44400U 19038Q   20237.42149139  .00000323  00000-0  22523-4 0  9996
2 44400  97.5455 197.8211 0023607 251.2240 108.6429 15.12013488 62845
LUCKY-7                 
1 44406U 19038W   20236.89571764  .00000460  00000-0  30239-4 0  9990
2 44406  97.5448 197.4282 0022990 252.6341 107.2375 15.12289121 62763
BEESAT 9                
1 44412U 19038AC  20237.15499946  .00000610  00000-0  38774-4 0  9997
2 44412  97.5439 197.6666 0021014 257.8559 102.0317 15.12392014 62509
JAISAT-1                
1 44419U 19038F   20237.41823443  .00000663  00000-0  41288-4 0  9998
2 44419  97.5441 198.2426 0019887 255.7550 104.1472 15.12876445 62873
SWIATOWID               
1 44426U 98067QL  20237.53083987  .00019973  00000-0  21746-3 0  9999
2 44426  51.6415 348.4447 0001633 238.5400 211.9975 15.63417046 65151
KRAKSAT                 
1 44427U 98067QM  20237.53918816  .00006759  00000-0  99154-4 0  9995
2 44427  51.6441 356.7892 0002687 200.1950 244.8971 15.56819844 65089
VCC A                   
1 44428U 98067QN  20236.73682664  .00010530  00000-0  14219-3 0  9996
2 44428  51.6410 358.3651 0001958 230.0521 130.0300 15.58380802 64993
ENTRYSAT                
1 44429U 98067QP  20236.59476295  .00012911  00000-0  16496-3 0  9996
2 44429  51.6394 357.3798 0001672 224.4084 135.6775 15.59623113 64993
VCC C                   
1 44430U 98067QQ  20236.76771314  .00014913  00000-0  17900-3 0  9992
2 44430  51.6393 354.7926 0001600 261.4348  98.6465 15.61129263 63862
VCC B                   
1 44431U 98067QR  20236.60627604  .00010541  00000-0  14206-3 0  9997
2 44431  51.6396 358.9712 0002095 228.1316 131.9497 15.58432297 64912
ATL-1                   
1 44830U 19084G   20237.36626427  .00115099  66129-5  42192-3 0  9996
2 44830  96.9602 107.5266 0015164 336.8440  23.2147 15.88183134 41191
SMOG-P                  
1 44832U 19084J   20237.14480800  .00167778  12288-4  51284-3 0  9996
2 44832  96.9613 107.6907 0012445 333.2033  26.8598 15.91814711 41180
DUCHIFAT-3              
1 44854U 19089C   20237.50046269  .00000208  00000-0  23210-4 0  9990
2 44854  36.9672  56.1952 0009603 259.7190 100.2531 14.99107197 38516
EYESAT-NANO             
1 44877U 19092E   20237.08775167  .00000833  00000-0  45558-4 0  9991
2 44877  97.4570  59.2825 0014673 138.8920 221.3422 15.16936136 37846
ORBITAL FACTORY 2 (OF-2)
1 45113U 19071C   20236.86978924  .00001442  00000-0  55227-4 0  9994
2 45113  51.6450  37.8296 0012380 301.7155  58.2620 15.33558267 31471
M2 PATHFINDER           
1 45727U 20037E   20237.04367559 -.00000096  00000-0 -40936-5 0  9994
2 45727  97.7017  55.5879 0014129  76.4317 283.8470 14.91215429  8099
