CUTE-1 (CO-55)          
1 27844U 03031E   18318.87358458  .00000051  00000-0  42591-4 0  9992
2 27844  98.6870 325.3083 0008865 298.7108  61.3178 14.22143950797618
CUBESAT XI-IV (CO-57)   
1 27848U 03031J   18318.03053285  .00000034  00000-0  35571-4 0  9995
2 27848  98.6952 324.9231 0008906 313.4161  46.6274 14.21744030797352
CUBESAT XI 5            
1 28895U 05043F   18318.13626734  .00000154  00000-0  38459-4 0  9990
2 28895  97.9295 103.7126 0015875 319.0044  40.9965 14.63601312695800
CUTE-1.7+APD II (CO-65) 
1 32785U 08021C   18318.19108155  .00000220  00000-0  29411-4 0  9992
2 32785  97.5468 323.2075 0011600 259.9408 100.0501 14.88204911571483
AAUSAT-II               
1 32788U 08021F   18318.53991664  .00000850  00000-0  83685-4 0  9990
2 32788  97.5116 338.7109 0011404 197.6442 162.4384 14.94510609572633
DELFI-C3 (DO-64)        
1 32789U 08021G   18317.91469383  .00001031  00000-0  73915-4 0  9997
2 32789  97.4945   8.8199 0013397 141.8184 218.3995 15.06445603574225
SEEDS II (CO-66)        
1 32791U 08021J   18318.50337127  .00000375  00000-0  43642-4 0  9990
2 32791  97.5320 329.1739 0012141 234.2626 125.7464 14.90670760571909
SWISSCUBE               
1 35932U 09051B   18318.43608726  .00000142  00000-0  43034-4 0  9999
2 35932  98.5640 113.3927 0008714 107.3954 252.8196 14.56215394485304
BEESAT                  
1 35933U 09051C   18317.90328152  .00000127  00000-0  39722-4 0  9995
2 35933  98.5677 114.4862 0006843 119.4057 240.7824 14.56312711485253
ITUPSAT 1               
1 35935U 09051E   18318.38669028  .00000102  00000-0  34618-4 0  9992
2 35935  98.5787 115.2318 0009195 115.6991 244.5156 14.55483042485176
TISAT 1                 
1 36799U 10035E   18318.38898897  .00000360  00000-0  42521-4 0  9991
2 36799  98.1275  98.7981 0013586  77.5462 282.7275 14.90932343452534
M-CUBED & EXP-1 PRIME   
1 37855U 11061F   18318.68969146  .00000663  00000-0  41686-4 0  9991
2 37855 101.7219  98.2581 0175195 356.6917   3.3122 15.04870083384281
STRAND-1                
1 39090U 13009E   18318.15685585  .00000020  00000-0  22333-4 0  9997
2 39090  98.5054 162.4865 0008558 206.3692 153.7059 14.35058142299339
AIST-2 (RS-43)          
1 39133U 13015D   18318.88340395  .00000076  00000-0  17644-4 0  9999
2 39133  64.8745  95.3435 0006627 218.1068 247.8062 15.04635844305884
SOMP                    
1 39134U 13015E   18318.53611440  .00001125  00000-0  61984-4 0  9996
2 39134  64.8640   0.4144 0008388 325.5143  34.5438 15.19575938307744
BEESAT-3                
1 39135U 13015F   18318.54489421  .00000925  00000-0  56395-4 0  9997
2 39135  64.8708  15.7234 0009416 255.8880 104.1200 15.17011716307451
BEESAT-2                
1 39136U 13015G   18318.50229535  .00000906  00000-0  56298-4 0  9993
2 39136  64.8706  19.0596 0011085 246.4540 113.5422 15.16459900307384
NEE-01 PEGASUS          
1 39151U 13018B   18318.80517716  .00000177  00000-0  30448-4 0  9996
2 39151  97.9755  51.8163 0017239 176.6136 183.5196 14.79964173299799
ESTCUBE 1               
1 39161U 13021C   18318.78781808  .00000180  00000-0  36538-4 0  9993
2 39161  98.0037  42.3182 0008235 301.3597  58.6781 14.72125713296606
POPACS 1                
1 39268U 13055D   18318.68347107  .00003695  00000-0  10200-3 0  9998
2 39268  81.0029 188.2835 0633263 142.2456 222.4973 14.35478471266032
POPACS 2                
1 39269U 13055E   18318.43643168  .00001934  00000-0  56062-4 0  9999
2 39269  81.0168 213.6124 0687726 207.9698 148.2889 14.22971808264500
POPACS 3                
1 39270U 13055F   18318.16363351  .00001247  00000-0  39457-4 0  9990
2 39270  81.0194 227.9451 0715733 250.0024 102.2747 14.15243435263562
ZACUBE-1 (TSHEPISOSAT)  
1 39417U 13066B   18318.10564334  .00000237  00000-0  36123-4 0  9998
2 39417  97.5763 338.6528 0059604  25.3855 335.0265 14.81009608268984
WNISAT-1                
1 39423U 13066H   18318.81539512  .00000085  00000-0  27070-4 0  9995
2 39423  97.7479 271.4198 0174218 267.0703  91.0555 14.52994863264105
GOMX 1                  
1 39430U 13066Q   18318.75868277  .00000124  00000-0  31646-4 0  9997
2 39430  97.7157 284.9352 0150283 214.9644 144.1611 14.59153653265114
CUBEBUG-2 (LO-74)       
1 39440U 13066AA  18317.99061546  .00000236  00000-0  39575-4 0  9990
2 39440  97.5997 324.3140 0081755  69.3844 291.6111 14.75749059268014
NEE-02 KRYSAOR          
1 39441U 13066AB  18318.57545102  .00000158  00000-0  29317-4 0  9997
2 39441  97.6013 322.8741 0083293  73.2303 287.8025 14.74832078267943
FUNCUBE-1 (AO-73)       
1 39444U 13066AE  18318.49431608  .00000276  00000-0  40320-4 0  9994
2 39444  97.5764 340.7314 0058554  18.9666 341.3710 14.81808682267919
UWE-3                   
1 39446U 13066AG  18318.02743603  .00000231  00000-0  37177-4 0  9993
2 39446  97.5864 331.0178 0071205  47.9026 312.8210 14.78283795267256
BRITE-TORONTO           
1 40020U 14033L   18318.59911061  .00000033  00000-0  13788-4 0  9997
2 40020  97.7654 169.1304 0088628 125.0873 235.8683 14.66531114235634
DUCHIFAT-1              
1 40021U 14033M   18318.78438054  .00000525  00000-0  59676-4 0  9997
2 40021  97.9162 237.7646 0014095  46.0578 314.1800 14.90442751239386
NANOSATC-BR1            
1 40024U 14033Q   18318.76651018  .00000348  00000-0  42224-4 0  9999
2 40024  97.9081 235.6775 0013431  48.9735 311.2641 14.89685973239292
QB50P1                  
1 40025U 14033R   18318.76742456  .00000306  00000-0  38686-4 0  9998
2 40025  97.9027 233.8212 0013713  53.5083 306.7394 14.88812509239199
QB50P2                  
1 40032U 14033Y   18318.76934710  .00000301  00000-0  38533-4 0  9998
2 40032  97.8969 232.3177 0013043  49.8841 310.3516 14.88353092239128
PERSEUS-M2              
1 40037U 14033AD  18318.20318135  .00000129  00000-0  20790-4 0  9993
2 40037  97.8934 228.7984 0015690  60.8085 299.4697 14.86400510238811
PERSEUS-M1              
1 40039U 14033AF  18318.19901937  .00000136  00000-0  21772-4 0  9990
2 40039  97.8927 228.0584 0015501  58.0257 302.2463 14.86021836238752
POLYITAN-1              
1 40042U 14033AJ  18317.91455257  .00000396  00000-0  48651-4 0  9995
2 40042  97.9103 233.1680 0015827  45.4030 314.8475 14.88503229238471
TIGRISAT                
1 40043U 14033AK  18318.17712518  .00000155  00000-0  30235-4 0  9993
2 40043  97.7847 189.8281 0061425  75.6548 285.1470 14.74194793236709
AEROCUBE 6A             
1 40045U 14033AM  18318.54926511  .00000410  00000-0  66341-4 0  9997
2 40045  97.8039 193.0504 0059269  68.0301 292.7193 14.75249909236691
AEROCUBE 6B             
1 40046U 14033AN  18318.14468168  .00000361  00000-0  59343-4 0  9992
2 40046  97.7994 192.4373 0058542  68.8500 291.8953 14.75234300236772
UKUBE-1                 
1 40074U 14037F   18318.86374158  .00000289  00000-0  41921-4 0  9993
2 40074  98.4073 103.9437 0004141 179.4636 180.6588 14.83911990235642
BRITE-PL 2              
1 40119U 14049B   18318.80716133  .00000104  00000-0  18853-4 0  9997
2 40119  97.9145  46.2810 0016989 201.8390 158.2102 14.84338827229649
FIREBIRD 4              
1 40378U 15003C   18318.77522819  .00001805  00000-0  75831-4 0  9995
2 40378  99.0858 250.4489 0130998  89.4252 272.1985 15.17821111209165
GRIFEX                  
1 40379U 15003D   18318.77492779  .00001286  00000-0  59270-4 0  9999
2 40379  99.0858 245.8043 0138231 104.2553 257.4071 15.14772583208894
EXOCUBE                 
1 40380U 15003E   18318.34987198  .00001018  00000-0  49905-4 0  9995
2 40380  99.0890 242.7458 0142831 114.2447 247.3779 15.12890139208655
TIANWANG 1C (TW-1C)     
1 40926U 15051B   18318.86686257  .00009998  00000-0  17001-3 0  9999
2 40926  97.1682   0.6025 0011281  89.2688  17.7547 15.51555753176651
TIANWANG 1A (TW-1A)     
1 40928U 15051D   18318.78281200  .00003339  00000-0  86943-4 0  9996
2 40928  97.1711 349.7419 0012840 129.4615 319.3620 15.39501010175946
EXACTVIEW 9             
1 40936U 15052G   18318.32262434  .00000772  00000-0  19001-4 0  9993
2 40936   6.0018 163.6348 0010868 318.2830  41.6469 14.76433205169199
ATHENOXAT 1             
1 41168U 15077C   18318.56988426  .00002033  00000-0  73785-4 0  9991
2 41168  14.9901 359.3520 0011726 332.3715 277.0435 15.13136776161189
GALASSIA                
1 41170U 15077E   18317.70944586  .00001946  00000-0  68079-4 0  9990
2 41170  14.9898 359.6146 0013036 340.1144  19.8668 15.13486402161110
VELOX 2                 
1 41171U 15077F   18318.24781711  .00001563  00000-0  52289-4 0  9991
2 41171  14.9924  21.8015 0008944 278.6976  81.2332 15.10890199160966
HORYU-IV                
1 41340U 16012D   18318.47282385  .00000527  00000-0  33481-4 0  9999
2 41340  31.0054  70.5529 0013857 144.0629 216.0940 15.01105476150496
E-ST@R-II               
1 41459U 16025D   18318.74240334  .00001707  00000-0  92380-4 0  9996
2 41459  98.1213  29.3255 0168890   4.0744 356.1774 15.04838491140063
AAUSAT 4                
1 41460U 16025E   18318.76815154  .00001279  00000-0  69320-4 0  9990
2 41460  98.1161  30.1165 0160111 358.8644   1.2169 15.06449676140155
DIWATA-1                
1 41463U 98067HT  18318.78703166  .00015900  00000-0  11337-3 0  9990
2 41463  51.6388 281.5099 0001837  53.8272  17.0580 15.74004634145691
BEESAT-4                
1 41619U 16040W   18318.85593306  .00001372  00000-0  62043-4 0  9994
2 41619  97.3979  19.8071 0012983  65.8734 294.3859 15.22542510121011
CANX-7                  
1 41788U 16059F   18318.85021488  .00007246  00000-0  11774-2 0  9997
2 41788  98.2216  26.4751 0024992 332.3233  27.6635 14.71209475114249
ALSAT 1N                
1 41789U 16059G   18318.84955825  .00000077  00000-0  23655-4 0  9996
2 41789  98.1017  19.3654 0027827 336.3422  23.6476 14.64194226114063
RAVAN                   
1 41849U 16067B   18318.25238598  .00000589  00000-0  55126-4 0  9994
2 41849  97.9227  49.2283 0008432  30.2830 329.8878 14.97979757109599
CELTEE 1                
1 41850U 16067C   18318.23266804 -.00000324  00000-0 -22916-4 0  9995
2 41850  97.9215  48.3820 0009522  31.3846 328.7941 14.96898752109543
OPTICUBE 04             
1 41851U 16067D   18318.48115426  .00000427  00000-0  42658-4 0  9993
2 41851  97.9213  48.5028 0009745  34.4443 325.7408 14.96731046109578
AEROCUBE 8D             
1 41852U 16067E   18318.80140266  .00000778  00000-0  73585-4 0  9992
2 41852  97.9221  48.6579 0010237  32.8004 327.3851 14.96586607109608
AEROCUBE 8C             
1 41853U 16067F   18318.48485040  .00000297  00000-0  31387-4 0  9999
2 41853  97.9225  48.2904 0010855  34.1015 326.0901 14.96554467109559
PROMETHEUS 2-1          
1 41854U 16067G   18318.21120281  .00000878  00000-0  82155-4 0  9998
2 41854  97.9231  48.0640 0011093  35.0054 325.1894 14.96704265109510
PROMETHEUS 2-3          
1 41855U 16067H   18318.81563637  .00000638  00000-0  61112-4 0  9995
2 41855  97.9234  48.6844 0011257  33.1157 327.0766 14.96705504109607
ITF-2                   
1 41932U 98067KU  18318.81451183  .00120211  16750-4  32576-3 0  9997
2 41932  51.6260 277.0113 0006152  89.0062 271.1650 15.94023912104622
INS-1B                  
1 41954U 17008G   18318.16745674  .00001350  00000-0  59690-4 0  9992
2 41954  97.4293  20.7639 0009385 177.0329 183.0966 15.23397910 96839
BGUSAT                  
1 41999U 17008BD  18318.82691357  .00002014  00000-0  83054-4 0  9991
2 41999  97.4344  22.9580 0008121 189.4798 170.6288 15.25219417 96384
DIDO-2                  
1 42000U 17008BE  18318.16065142  .00000986  00000-0  44297-4 0  9991
2 42000  97.4309  21.2543 0008097 195.0486 165.0511 15.23495279 96230
PEASSS                  
1 42015U 17008BV  18318.45061830  .00001172  00000-0  50795-4 0  9997
2 42015  97.4310  22.1867 0005886 197.4603 162.6432 15.24361490 96803
AL-FARABI 1             
1 42016U 17008BW  18318.39829899  .00001533  00000-0  64585-4 0  9991
2 42016  97.4321  22.4539 0005780 197.0150 163.0894 15.24864790 96933
NAYIF-1 (EO-88)         
1 42017U 17008BX  18318.71815745  .00001500  00000-0  63196-4 0  9994
2 42017  97.4318  22.7794 0005773 196.1397 163.9658 15.24892894 97003
HAVELSAT                
1 42700U 98067LH  18318.86527624  .00063915  00000-0  29024-3 0  9998
2 42700  51.6277 298.5563 0005571  90.0908 270.0733 15.83246457 85780
CXBN-2                  
1 42704U 98067LM  18318.86960069  .00061985  00000-0  28906-3 0  9999
2 42704  51.6307 300.1413 0004715  64.4854 295.6636 15.82698201 85687
PHOENIX                 
1 42706U 98067LP  18318.40767633  .00032441  00000-0  20031-3 0  9999
2 42706  51.6292 306.8563 0003188  51.6152 308.5134 15.76815850 85549
X-CUBESAT               
1 42707U 98067LQ  18318.86324383  .00080889  00000-0  32527-3 0  9993
2 42707  51.6283 296.9406 0004932  71.2350 288.9189 15.85708523 85708
QBEE50-LTU-OC           
1 42708U 98067LR  18318.19131613  .00066254  00000-0  30708-3 0  9991
2 42708  51.6287 303.0755 0003929  72.1196 288.0235 15.82807418 85526
ALTAIR PATHFINDER       
1 42711U 98067LS  18318.55748364  .00017974  00000-0  15663-3 0  9990
2 42711  51.6350 319.9571 0004641  38.5240 321.6088 15.69076391 85041
SHARC                   
1 42712U 98067LT  18318.55048070  .00037726  00000-0  27602-3 0  9991
2 42712  51.6351 319.9727 0004262  47.7503 312.3856 15.72808404 85287
ZA-AEROSAT              
1 42713U 98067LU  18318.57458538  .00031737  00000-0  20965-3 0  9999
2 42713  51.6342 310.2269 0003903  49.1917 310.9420 15.75280532 85177
CSUNSAT 1               
1 42715U 98067LW  18318.43683948  .00036890  00000-0  22768-3 0  9999
2 42715  51.6340 309.3202 0005129  44.2558 315.8852 15.76750025 85175
SPACECUBE               
1 42717U 98067LY  18318.42057143  .00061659  00000-0  28807-3 0  9993
2 42717  51.6242 302.2743 0005003  84.4897 275.6676 15.82659113 84633
HOOPOE                  
1 42718U 98067LZ  18318.79034706  .00159149  20852-4  43326-3 0  9990
2 42718  51.6242 291.8856 0006262  87.7609 272.4115 15.93805708 84804
NJUST-1                 
1 42722U 98067MB  18318.45719876  .00031705  00000-0  22586-3 0  9997
2 42722  51.6355 313.7133 0006369  71.4829  59.1668 15.73511830 84180
UNSW-ECO                
1 42723U 98067MC  18318.83528117  .00313550  53394-4  55037-3 0  9992
2 42723  51.6350 289.3074 0007571  94.3968 265.7908 16.01476257 84527
LILACSAT-1              
1 42725U 98067ME  18318.83074369  .00056895  00000-0  30882-3 0  9998
2 42725  51.6373 305.0384 0005939  75.7191 351.2920 15.79426344 84241
NSIGHT-1                
1 42726U 98067MF  18318.57944452  .00010782  00000-0  11476-3 0  9992
2 42726  51.6389 327.7296 0005866  73.3827 286.7812 15.64593164 83926
SNUSAT-1                
1 42727U 98067MG  18318.45686911  .00048132  00000-0  26488-3 0  9992
2 42727  51.6323 307.0985 0007040  57.6964 302.4718 15.79182684 84147
I-INSPIRE II            
1 42731U 98067ML  18318.33213960  .00531473  14989-3  64365-3 0  9999
2 42731  51.6273 289.5224 0006720  95.9809 264.1970 16.07523772 84258
POLYITAN-2-SAU          
1 42732U 98067MM  18318.83414443  .00077868  00000-0  31964-3 0  9992
2 42732  51.6300 298.3188 0006838  59.2525 300.9151 15.85279429 84189
SNUSAT-1B               
1 42733U 98067MN  18318.83029715  .00054494  00000-0  27542-3 0  9994
2 42733  51.6292 302.8481 0006938  55.0625 305.1028 15.80998580 84128
EXALTA-1                
1 42734U 98067MP  18318.24538221  .12474274  12505-4  35882-3 0  9995
2 42734  51.6055 286.4142 0002642 166.4742 193.6358 16.45390460 84235
BEEAGLESAT              
1 42736U 98067MR  18318.39751620  .00040615  00000-0  24192-3 0  9993
2 42736  51.6324 309.0042 0006765  72.5364 287.6375 15.77494392 84061
UCLSAT                  
1 42765U 17036A   18318.17102166  .00001293  00000-0  59248-4 0  9993
2 42765  97.3829  15.4809 0010027 270.5518  89.4569 15.22215796 77521
LITUANICASAT-2          
1 42768U 17036D   18318.13349593  .00001924  00000-0  87271-4 0  9997
2 42768  97.3851  14.9986 0013889 259.1648 100.8025 15.21956421 77368
AALTO-1                 
1 42775U 17036L   18318.83297030  .00000695  00000-0  34410-4 0  9991
2 42775  97.3820  15.3411 0012562 255.3204 104.6639 15.20990938 77399
URSA MAIOR              
1 42776U 17036M   18318.15279623  .00000886  00000-0  42870-4 0  9996
2 42776  97.3827  14.7598 0012350 258.1216 101.8635 15.21093915 77299
COMPASS 2               
1 42777U 17036N   18317.91430399  .00001665  00000-0  75450-4 0  9995
2 42777  97.3856  15.1860 0011185 261.5591  98.4378 15.22208457 77282
DIAMOND RED             
1 42783U 17036U   18318.14544051  .00001026  00000-0  48255-4 0  9993
2 42783  97.3829  15.2190 0010659 270.9520  89.0495 15.21765052 77315
PEGASUS                 
1 42784U 17036V   18318.16223512  .00001132  00000-0  52563-4 0  9997
2 42784  97.3832  15.3592 0010569 270.6925  89.3100 15.22005568 77320
DIAMOND GREEN           
1 42785U 17036W   18318.14421250  .00001033  00000-0  48578-4 0  9996
2 42785  97.3832  15.2355 0010556 271.5975  88.4052 15.21764065 77305
DIAMOND BLUE            
1 42786U 17036X   18318.47206797  .00001009  00000-0  47495-4 0  9990
2 42786  97.3831  15.5567 0010391 270.5992  89.4053 15.21767496 77356
NUDTSAT                 
1 42787U 17036Y   18318.87095315  .00001564  00000-0  69972-4 0  9997
2 42787  97.3868  16.4247 0010582 275.6336  84.3714 15.22733126 77297
SUCHAI                  
1 42788U 17036Z   18318.15602245  .00001394  00000-0  63435-4 0  9994
2 42788  97.3835  15.5218 0010174 270.2835  89.7236 15.22333714 77402
SKCUBE                  
1 42789U 17036AA  18317.89742766  .00001301  00000-0  59498-4 0  9990
2 42789  97.3833  15.2466 0010017 271.3290  88.6799 15.22269106 77287
VZLUSAT-1               
1 42790U 17036AB  18317.87298089  .00001745  00000-0  77714-4 0  9997
2 42790  97.3841  15.4457 0009637 271.1315  88.8817 15.22745997 77293
ROBUSTA-1B              
1 42792U 17036AD  18318.83712933  .00001250  00000-0  57047-4 0  9993
2 42792  97.3832  16.2642 0009604 268.5258  91.4879 15.22429826 77445
CICERO 6                
1 42793U 17036AE  18318.19444782  .00000999  00000-0  46528-4 0  9998
2 42793  97.3820  15.5647 0008791 273.0820  86.9410 15.22179242 77413
D-SAT                   
1 42794U 17036AF  18318.11173944  .00000263  00000-0  28118-4 0  9999
2 42794  97.5724   6.9534 0127861 142.7073 218.3109 14.90966267 76061
TOKI                    
1 42820U 98067MU  18318.43897414  .00035581  00000-0  22482-3 0  9990
2 42820  51.6340 312.3068 0004329  43.9118 316.2226 15.76238346 77487
MAZAALAI (NUMSAT-1)     
1 42822U 98067MW  18318.44618061  .00034332  00000-0  22257-3 0  9995
2 42822  51.6342 313.1186 0004373  45.2772 314.8583 15.75668462 77453
BRAC ONNESHA            
1 42823U 98067MX  18318.17278564  .00037068  00000-0  23735-3 0  9997
2 42823  51.6319 314.3185 0006241  45.6706 314.4804 15.75900816 77417
NIGERIAEDUSAT-1         
1 42824U 98067MY  18318.41554443  .00035014  00000-0  22864-3 0  9999
2 42824  51.6344 313.7164 0006095  50.1819 309.9716 15.75481096 77436
CORVUS BC2              
1 42846U 17042X   18318.51584364  .00000185  00000-0  23652-4 0  9991
2 42846  97.5832 215.8375 0011009  60.1159 300.1153 14.91883175 72788
CORVUS BC1              
1 42847U 17042Y   18318.55060700  .00000194  00000-0  24472-4 0  9990
2 42847  97.5831 215.9429 0010619  59.6089 300.6179 14.91983026 72789
SILU-1 (SILKROAD 1)     
1 42903U 17021F   18318.77494648  .00049990  00000-0  24720-3 0  9998
2 42903  42.7723 130.7000 0016370 290.2179 193.6872 15.81041950 73687
MIRATA                  
1 43015U 17073C   18318.48928769  .00000845  00000-0  71257-4 0  9998
2 43015  97.7105 243.2601 0257794 141.8382 220.1399 14.78477894 53343
MAKERSAT 0              
1 43016U 17073D   18318.34265274  .00000560  00000-0  48827-4 0  9990
2 43016  97.7136 243.2843 0259556 142.4365 219.5298 14.78381901 53312
ASTERIA                 
1 43020U 98067NH  18318.52982186  .00013422  00000-0  15076-3 0  9995
2 43020  51.6426 337.2303 0003077  29.4762 330.6406 15.62962247 55975
DELLINGR (RBLE)         
1 43021U 98067NJ  18318.56001081  .00006462  00000-0  85839-4 0  9997
2 43021  51.6403 341.1257 0002815  19.9413 340.1689 15.59606866 55921
OSIRIS-3U               
1 43027U 98067NL  18318.51689281  .00061904  00000-0  38936-3 0  9999
2 43027  51.6365 324.2257 0005238  35.1622 324.9723 15.76090156 56029
AEROCUBE 7B             
1 43042U 17071F   18318.22021556  .00003144  00000-0  88008-4 0  9993
2 43042  51.6396  30.1117 0005377  90.1374 270.0226 15.39800100 52715
AEROCUBE 7C             
1 43043U 17071G   18318.60944126  .00002699  00000-0  76968-4 0  9999
2 43043  51.6404  28.2194 0005479  92.4236 267.7376 15.39807945 52740
CHEFSAT                 
1 43044U 17071H   18318.50259092  .00004030  00000-0  10468-3 0  9993
2 43044  51.6407  26.8083 0005282  90.6346 269.5245 15.41341429 52758
ASGARDIA 1              
1 43049U 17071N   18318.44851511  .00002187  00000-0  64012-4 0  9991
2 43049  51.6405  28.6573 0002948 108.0149 252.1157 15.39920964 52716
ISARA                   
1 43050U 17071P   18318.20129729  .00004885  00000-0  12600-3 0  9998
2 43050  51.6398  28.5289 0002743 103.6209 256.5082 15.41049751 52694
FAUNA                   
1 43052U 17071R   18318.16205258  .00002911  00000-0  81432-4 0  9995
2 43052  51.6404  29.7573 0002875 103.9675 256.1629 15.40106732 52672
CORVUS BC3              
1 43118U 18004H   18318.72736854  .00000785  00000-0  36976-4 0  9998
2 43118  97.5160  21.4847 0009020 291.6590  68.3685 15.22494825 46611
MICROMAS-2A             
1 43131U 18004W   18318.15970407  .00001757  00000-0  77009-4 0  9996
2 43131  97.5170  21.2017 0008149 297.2796  62.7611 15.23334063 46542
GOMX4-B                 
1 43196U 18015E   18317.94031812  .00000536  00000-0  25141-4 0  9997
2 43196  97.3648  83.9873 0019086 355.8316   4.2754 15.23751640 43334
GOMX4-A                 
1 43197U 18015F   18318.81515603  .00000541  00000-0  25308-4 0  9991
2 43197  97.3670  84.8548 0019017 353.8303 152.5380 15.23824488 43475
1KUNS-PF                
1 43466U 98067NP  18318.53318316  .00010730  00000-0  14064-3 0  9993
2 43466  51.6402 345.4368 0001295  27.2800 332.8261 15.59155372 29124
UBAKUSAT                
1 43467U 98067NQ  18318.57994993  .00008212  00000-0  11333-3 0  9997
2 43467  51.6396 345.7507 0002900 350.3163   9.7773 15.58145463 29139
BATSU-CS1 (IRAZU)       
1 43468U 98067NR  18318.49025495  .00014327  00000-0  18018-3 0  9992
2 43468  51.6401 345.1504 0001328  28.2225 331.8839 15.59937960129114
CUBERRT                 
1 43546U 98067NU  18317.58232193  .00019754  00000-0  27121-3 0  9997
2 43546  51.6401 352.5785 0006657  35.0315 325.1114 15.57305455 19082
TEMPEST-D               
1 43547U 98067NV  18317.62360446  .00003210  00000-0  52667-4 0  9990
2 43547  51.6401 352.8500 0006444  36.0912 324.0514 15.55744105 18762
RAINCUBE                
1 43548U 98067NW  18318.75722764  .00008235  00000-0  12004-3 0  9993
2 43548  51.6401 346.9221 0006660  47.3060 312.8492 15.56642769 19390
HALOSAT                 
1 43549U 98067NX  18318.56523241  .00009045  00000-0  13116-3 0  9997
2 43549  51.6401 347.8907 0006576  48.6831 311.4725 15.56643434 18920
ENDUROSAT ONE           
1 43551U 98067NZ  18317.57056937  .00010915  00000-0  15363-3 0  9997
2 43551  51.6395 352.4958 0007159  50.1895 309.9726 15.57199563 19181
EQUISAT                 
1 43552U 98067PA  18318.09380224  .00009129  00000-0  13103-3 0  9990
2 43552  51.6400 349.9926 0007367  52.9413 307.2252 15.56904441 19220
AEROCUBE 12A            
1 43556U 18046C   18317.76208993  .00001549  00000-0  68665-4 0  9990
2 43556  51.6449  16.6738 0008693  18.0041 342.1245 15.28017678 18381
AEROCUBE 12B            
1 43557U 18046D   18317.56727941  .00001527  00000-0  67943-4 0  9992
2 43557  51.6448  17.6225 0008677  17.2899 342.8375 15.27970774 18304
UITMSAT-1               
1 43589U 98067PD  18318.52370077  .00007980  00000-0  11697-3 0  9992
2 43589  51.6398 348.3597 0006740  61.7307 298.4365 15.56542909 15024
MAYA-1                  
1 43590U 98067PE  18317.55896481  .00009363  00000-0  13598-3 0  9997
2 43590  51.6396 353.1667 0006786  59.2777 300.8882 15.56551554 14802
BHUTAN-1                
1 43591U 98067PF  18317.55658116  .00009550  00000-0  13833-3 0  9999
2 43591  51.6396 353.1509 0006883  60.6943 299.4736 15.56594078 14806
SIRIUSSAT-1             
1 43595U 98067PG  18318.22673293  .00009043  00000-0  13366-3 0  9999
2 43595  51.6399 350.1225 0004340  21.2015 338.9156 15.56126890 14082
SIRIUSSAT-2             
1 43596U 98067PH  18317.91391442  .00009714  00000-0  14388-3 0  9998
2 43596  51.6406 351.7922 0005019  21.9645 338.1561 15.55966007 14031
TANUSHA-3               
1 43597U 98067PJ  18317.71219560  .00011443  00000-0  16609-3 0  9997
2 43597  51.6387 352.6775 0004597  32.4479 327.6795 15.56315272 14000
SURFSAT                 
1 43614U 18070B   18318.90024475  .00003180  00000-0  89038-4 0  9990
2 43614  93.0317 274.4518 0019736  60.2988 300.0225 15.36498632  9269
CP-7 (DAVE)             
1 43615U 18070C   18318.89999724  .00003032  00000-0  84896-4 0  9990
2 43615  93.0311 274.4527 0019797  59.9226 300.3984 15.36497387  9262
ELFIN-B                 
1 43616U 18070D   18318.57097660 -.00000006  00000-0  00000+0 0  9993
2 43616  93.0279 274.2840 0020398  64.2579 296.1017 15.36621664  9212
ELFIN-A                 
1 43617U 18070E   18318.37442107 -.00000006  00000-0  00000+0 0  9992
2 43617  93.0362 274.2549 0020134  62.5385 297.8313 15.36655308  9181
DEBRISSAT-1             
1 43621U 98067PM  18318.54759489  .00072253  00000-0  81404-3 0  9997
2 43621  51.6480 347.0582 0008386  36.1112 324.0429 15.61841196  9140
CUBEBEL-1 (BSUSAT-1)    
1 43666U 18083E   18318.84957352  .00001253  00000-0  66546-4 0  9991
2 43666  97.5384 339.6402 0014056 214.0430 270.4818 15.17123992  2552
DEBRISSAT-2             
1 43680U 98067PR  18318.20997096  .00014613  00000-0  21396-3 0  9993
2 43680  51.6434 350.0028 0004574  51.9777 308.1626 15.55820208 22826
