CUTE-1 (CO-55)          
1 27844U 03031E   18183.92940954  .00000025  00000-0  31153-4 0  9999
2 27844  98.6859 192.3532 0009138 333.0385  27.0317 14.22120752778393
CUBESAT XI-IV (CO-57)   
1 27848U 03031J   18183.75237557  .00000021  00000-0  29410-4 0  9991
2 27848  98.6945 192.5820 0009289 344.5616  15.5277 14.21723994778243
CUBESAT XI 5            
1 28895U 05043F   18183.65904849  .00000075  00000-0  23264-4 0  9993
2 28895  97.9113 334.4892 0017345  25.3188 334.8861 14.63558613675906
CUTE-1.7+APD II (CO-65) 
1 32785U 08021C   18183.84912283  .00000129  00000-0  19560-4 0  9991
2 32785  97.5464 195.2793 0012852 353.8137   6.2920 14.88139336551507
AAUSAT-II               
1 32788U 08021F   18183.62281882  .00000671  00000-0  67357-4 0  9993
2 32788  97.5205 209.4851 0010348 301.2761  58.7445 14.94378445552489
DELFI-C3 (DO-64)        
1 32789U 08021G   18183.72490379  .00000473  00000-0  36507-4 0  9991
2 32789  97.5105 238.1408 0010930 240.7100 119.3036 15.06126675554029
SEEDS II (CO-66)        
1 32791U 08021J   18183.71083071  .00000242  00000-0  30157-4 0  9999
2 32791  97.5352 200.5415 0012581 333.5396  26.5179 14.90577698551828
SWISSCUBE               
1 35932U 09051B   18183.89706424  .00000094  00000-0  32241-4 0  9997
2 35932  98.5475 335.4364 0008237 154.0562 206.1049 14.56171970465685
BEESAT                  
1 35933U 09051C   18183.92317475  .00000079  00000-0  28736-4 0  9993
2 35933  98.5515 337.0209 0006178 163.6414 196.4983 14.56274480465757
ITUPSAT 1               
1 35935U 09051E   18183.91809788  .00000053  00000-0  23202-4 0  9992
2 35935  98.5627 337.2683 0008552 162.3113 197.8382 14.55450346465586
M-CUBED & EXP-1 PRIME   
1 37855U 11061F   18183.83601826  .00000634  00000-0  40353-4 0  9994
2 37855 101.7151 254.3728 0176368  35.9935 325.3004 15.04510162363534
STRAND-1                
1 39090U 13009E   18183.79799448  .00000002  00000-0  16109-4 0  9995
2 39090  98.5204  29.9786 0008034 248.8196 111.2132 14.35031142280066
AIST-2 (RS-43)          
1 39133U 13015D   18184.20081917 -.00000011  00000-0  11735-4 0  9993
2 39133  64.8722 161.1678 0020956 220.6082 139.3475 15.04568263285616
SOMP                    
1 39134U 13015E   18184.13052970  .00000749  00000-0  44850-4 0  9994
2 39134  64.8645  75.3348 0010957 215.8857 144.1535 15.19225182287324
BEESAT 3                
1 39135U 13015F   18183.91491810  .00000615  00000-0  41127-4 0  9996
2 39135  64.8699  89.5918 0019096 237.5775 122.3504 15.16725582286641
BEESAT-2                
1 39136U 13015G   18183.95612816  .00000547  00000-0  38241-4 0  9999
2 39136  64.8704  92.2892 0021456 234.5760 125.3362 15.16191199286595
NEE-01 PEGASUS          
1 39151U 13018B   18184.19057015  .00000106  00000-0  21042-4 0  9992
2 39151  97.9758 278.1437 0015708 255.5429 104.4039 14.79913101279882
ESTCUBE 1               
1 39161U 13021C   18184.13701564  .00000113  00000-0  25936-4 0  9990
2 39161  98.0091 269.7558 0010031  14.4213 345.7252 14.72077701276796
POPACS 1                
1 39268U 13055D   18183.83005479  .00005043  00000-0  14169-3 0  9995
2 39268  81.0042 329.8723 0637382 180.1615 179.9478 14.34377210246694
POPACS 2                
1 39269U 13055E   18183.81633816  .00001398  00000-0  40909-4 0  9997
2 39269  81.0153 352.1571 0690690 238.0128 115.2142 14.22177832244145
POPACS 3                
1 39270U 13055F   18183.80807415  .00000571  00000-0  17938-4 0  9994
2 39270  81.0167   4.5811 0718027 274.7358  77.2241 14.14705282244564
ZACUBE-1 (TSHEPISOSAT)  
1 39417U 13066B   18183.85493827  .00000109  00000-0  20087-4 0  9998
2 39417  97.5858 211.6567 0060707 103.5748 257.2238 14.80948484249110
WNISAT-1                
1 39423U 13066H   18183.90835605  .00000038  00000-0  17487-4 0  9996
2 39423  97.7270 146.7759 0175288 328.6866  30.3985 14.52961566244524
GOMX 1                  
1 39430U 13066Q   18184.21326639  .00000128  00000-0  32652-4 0  9992
2 39430  97.6984 159.9338 0150006 280.1308  78.3002 14.59093114245486
CUBEBUG-2 (LO-74)       
1 39440U 13066AA  18184.07533926  .00000127  00000-0  24555-4 0  9998
2 39440  97.6004 198.3681 0081460 143.0523 217.6337 14.75686168248264
NEE-02 KRYSAOR          
1 39441U 13066AB  18183.83153072  .00000088  00000-0  19497-4 0  9997
2 39441  97.6007 196.3148 0082778 148.9953 211.6181 14.74787620248083
FUNCUBE-1 (AO-73)       
1 39444U 13066AE  18183.64002878  .00000188  00000-0  29439-4 0  9994
2 39444  97.5866 212.9980 0059859  99.7062 261.0919 14.81731952247942
UWE-3                   
1 39446U 13066AG  18183.59704619  .00000152  00000-0  26841-4 0  9997
2 39446  97.5916 204.2630 0071568 124.8397 235.9574 14.78220549246800
BRITE-TORONTO           
1 40020U 14033L   18184.18586814  .00000058  00000-0  18380-4 0  9997
2 40020  97.7844  41.6950 0087150 193.0637 166.8311 14.66502134215929
DUCHIFAT-1              
1 40021U 14033M   18183.83662524  .00000240  00000-0  30513-4 0  9997
2 40021  97.9157 102.5842 0014163 122.8067 237.4516 14.90328846219285
NANOSATC-BR1            
1 40024U 14033Q   18183.81828027  .00000169  00000-0  23636-4 0  9998
2 40024  97.9091 100.7780 0013432 124.8904 235.3577 14.89589077218686
QB50P1                  
1 40025U 14033R   18184.21130642  .00000141  00000-0  21110-4 0  9998
2 40025  97.9048  99.5773 0013597 128.0020 232.2427 14.88730965219171
QB50P2                  
1 40032U 14033Y   18183.76849414  .00000189  00000-0  26515-4 0  9995
2 40032  97.9002  97.8138 0013014 125.0743 235.1695 14.88275519218524
PERSEUS-M2              
1 40037U 14033AD  18183.83500850  .00000034  00000-0  10056-4 0  9998
2 40037  97.8986  95.3687 0015409 134.3088 225.9394 14.86364971218854
PERSEUS-M1              
1 40039U 14033AF  18183.79664370  .00000081  00000-0  15541-4 0  9999
2 40039  97.8983  94.6821 0015306 131.3870 228.8663 14.85986583218283
POLYITAN-1              
1 40042U 14033AJ  18183.80069809  .00000203  00000-0  27880-4 0  9996
2 40042  97.9123  99.3028 0015953 119.6554 240.6253 14.88413897219038
TIGRISAT                
1 40043U 14033AK  18184.18992759  .00000078  00000-0  18951-4 0  9997
2 40043  97.8066  60.9232 0060827 146.1126 214.3993 14.74150340216969
AEROCUBE 6A             
1 40045U 14033AM  18183.70621048  .00000222  00000-0  39387-4 0  9993
2 40045  97.8237  62.8105 0058772 141.6752 218.8656 14.75164155216811
AEROCUBE 6B             
1 40046U 14033AN  18183.63967891  .00000211  00000-0  37848-4 0  9993
2 40046  97.8203  62.5924 0058086 141.3891 219.1495 14.75156110216941
UKUBE-1                 
1 40074U 14037F   18184.20103402  .00000300  00000-0  43289-4 0  9997
2 40074  98.3894 322.2695 0003450 264.0041  96.0750 14.83818137215678
BRITE-PL 2              
1 40119U 14049B   18183.84796758  .00000075  00000-0  15424-4 0  9990
2 40119  97.9183 272.3333 0016081 288.2798  71.6666 14.84300463209531
FIREBIRD 4              
1 40378U 15003C   18183.67306959  .00000916  00000-0  41481-4 0  9995
2 40378  99.0858  88.5503 0131225 178.5999 181.5624 15.17294096188675
GRIFEX                  
1 40379U 15003D   18183.67136737  .00000610  00000-0  31188-4 0  9995
2 40379  99.0883  84.6153 0137989 191.5177 168.2884 15.14386431188445
EXOCUBE                 
1 40380U 15003E   18183.67693826  .00000480  00000-0  26612-4 0  9995
2 40380  99.0928  82.4534 0142311 198.8559 160.7367 15.12585744188286
TIANWANG 1C (TW-1C)     
1 40926U 15051B   18184.08853976  .00005867  00000-0  10880-3 0  9997
2 40926  97.1818 226.3585 0008755 207.6432 204.0242 15.49316614155776
TIANWANG 1A (TW-1A)     
1 40928U 15051D   18183.86159722  .00001828  00000-0  49685-4 0  9991
2 40928  97.1836 217.5400 0009904 265.1552  93.7635 15.38798832155183
EXACTVIEW 9             
1 40936U 15052G   18181.19167963  .00001065  00000-0  60321-4 0  9994
2 40936   6.0013  61.3545 0009115 186.8465 173.1821 14.76396954148899
ATHENOXAT 1             
1 41168U 15077C   18183.68309028 -.00003715  00000-0 -24278-3 0  9991
2 41168  14.9883 266.9077 0011862 254.6462 357.8436 15.12810454140720
GALASSIA                
1 41170U 15077E   18183.51390140  .00001464  00000-0  42406-4 0  9992
2 41170  14.9886 262.6314 0013179 275.2380  84.6437 15.13204662140752
VELOX 2                 
1 41171U 15077F   18183.62666940  .00001197  00000-0  31194-4 0  9994
2 41171  14.9916 284.0358 0008948 215.2438 144.7291 15.10685674140578
HORYU-IV                
1 41340U 16012D   18183.41549344  .00000313  00000-0  17176-4 0  9990
2 41340  31.0039 210.0474 0014057 244.3527 115.5657 15.01003942130180
E-ST@R-II               
1 41459U 16025D   18183.74272281  .00001008  00000-0  56235-4 0  9995
2 41459  98.1346 247.2569 0172184  96.3083 265.7749 15.04456947119762
AAUSAT 4                
1 41460U 16025E   18183.77282486  .00002363  00000-0  12439-3 0  9990
2 41460  98.1302 247.8131 0163185  92.0777 269.9130 15.05929767119835
DIWATA-1                
1 41463U 98067HT  18184.09540507  .00006941  00000-0  59626-4 0  9992
2 41463  51.6384 251.2960 0000953 111.4650 325.8377 15.70679863124506
BEESAT-4                
1 41619U 16040W   18184.17496677  .00000924  00000-0  43237-4 0  9999
2 41619  97.4139 247.1003 0011984 166.3213 193.8350 15.22173739100525
CANX-7                  
1 41788U 16059F   18184.11546000  .00009375  00000-0  15676-2 0  9999
2 41788  98.2106 250.7094 0032048  54.3859 305.9930 14.69732570 94448
ALSAT 1N                
1 41789U 16059G   18184.08609773  .00000094  00000-0  26966-4 0  9998
2 41789  98.1180 246.6430 0029208  39.8858 320.4483 14.64163635 94348
RAVAN                   
1 41849U 16067B   18183.78036722  .00000590  00000-0  55387-4 0  9998
2 41849  97.9252 272.7628 0009877 111.8840 248.3433 14.97796831 89469
CELTEE 1                
1 41850U 16067C   18184.20285850  .00000536  00000-0  52047-4 0  9996
2 41850  97.9248 272.6180 0010518 107.6177 252.6194 14.96830826 89495
OPTICUBE 04             
1 41851U 16067D   18184.23651612 -.00000106  00000-0 -40093-5 0  9997
2 41851  97.9234 272.5624 0010110 110.0258 250.2052 14.96675947 89497
AEROCUBE 8D             
1 41852U 16067E   18184.20837091  .00000195  00000-0  22445-4 0  9998
2 41852  97.9257 272.3759 0011264 108.7862 251.4582 14.96510600 89479
AEROCUBE 8C             
1 41853U 16067F   18183.82170595 -.00000369  00000-0 -27115-4 0  9999
2 41853  97.9253 271.9463 0011342 111.4226 248.8206 14.96472039 89415
PROMETHEUS 2-1          
1 41854U 16067G   18184.22821274 -.00000185  00000-0 -10897-4 0  9997
2 41854  97.9256 272.3708 0011599 110.5805 249.6661 14.96580436 89474
PROMETHEUS 2-3          
1 41855U 16067H   18184.23086796 -.00000079  00000-0 -16408-5 0  9998
2 41855  97.9257 272.3782 0011760 111.2063 249.0415 14.96577763 89472
ITF-2                   
1 41932U 98067KU  18184.21052247  .00021605  00000-0  13121-3 0  9999
2 41932  51.6302 258.1954 0003891 297.2246  62.8358 15.77445087 83297
WASEDA-SAT3             
1 41933U 98067KV  18183.67211216  .00042525  00000-0  17831-3 0  9998
2 41933  51.6323 252.9345 0004291 321.0015  39.0678 15.85107262 83315
AOBA-VELOX 3            
1 41935U 98067KX  18183.67736820  .00034290  00000-0  16738-3 0  9998
2 41935  51.6342 256.0741 0004070 310.2550  49.8096 15.81988443 83375
INS-1B                  
1 41954U 17008G   18184.15444215  .00000810  00000-0  37388-4 0  9999
2 41954  97.4449 247.9852 0007914 303.0929  56.9548 15.23054092 76434
BGUSAT                  
1 41999U 17008BD  18183.84825471  .00001348  00000-0  57462-4 0  9992
2 41999  97.4495 248.7863 0007262 325.8394  34.2375 15.24663181 75813
DIDO-2                  
1 42000U 17008BE  18183.76581215  .00000680  00000-0  31721-4 0  9990
2 42000  97.4467 248.0395 0007602 327.2533  32.8232 15.23231981 75777
PEASSS                  
1 42015U 17008BV  18184.12985830  .00000750  00000-0  33868-4 0  9990
2 42015  97.4464 248.8761 0005672 337.8333  22.2658 15.24049678 76345
AL-FARABI 1             
1 42016U 17008BW  18184.18375949  .00000959  00000-0  41963-4 0  9997
2 42016  97.4473 249.1390 0005536 338.1248  21.9752 15.24473512 76480
NAYIF-1 (EO-88)         
1 42017U 17008BX  18183.71829721  .00001055  00000-0  45855-4 0  9990
2 42017  97.4471 248.6831 0005556 340.2576  19.8445 15.24497076 76434
HAVELSAT                
1 42700U 98067LH  18184.23490269  .00017101  00000-0  13172-3 0  9997
2 42700  51.6344 272.6521 0004708 320.3378  39.7276 15.72102516 64541
CXBN-2                  
1 42704U 98067LM  18183.75215655  .00017947  00000-0  14070-3 0  9997
2 42704  51.6357 276.1973 0001831 282.3347  77.7446 15.71646014 64373
ICECUBE                 
1 42705U 98067LN  18183.68399699  .00051092  00000-0  24751-3 0  9997
2 42705  51.6442 267.5667 0003483 329.4490  30.6309 15.81967512 64545
PHOENIX                 
1 42706U 98067LP  18183.70648016  .00012460  00000-0  10690-3 0  9994
2 42706  51.6353 277.3897 0001258 286.6590  73.4269 15.69822689 64343
X-CUBESAT               
1 42707U 98067LQ  18183.70147171  .00019352  00000-0  14472-3 0  9990
2 42707  51.6310 275.0180 0001900 303.7954  56.2863 15.72709481 64365
QBEE50-LTU-OC           
1 42708U 98067LR  18184.22945876  .00017777  00000-0  13845-3 0  9999
2 42708  51.6357 273.3630 0001740 305.4544  54.6291 15.71811860 64398
ALTAIR PATHFINDER       
1 42711U 98067LS  18183.90448224  .00008274  00000-0  88588-4 0  9991
2 42711  51.6364 283.9838 0003315 246.4313 113.6334 15.64833670 63933
SHARC                   
1 42712U 98067LT  18183.84363859  .00014070  00000-0  14578-3 0  9993
2 42712  51.6377 285.8872 0002439 269.3461  90.7255 15.64985632 64148
ZA-AEROSAT              
1 42713U 98067LU  18184.13067194  .00011243  00000-0  10234-3 0  9994
2 42713  51.6345 277.9615 0001806 254.2380 105.8418 15.68489542 64031
LINK                    
1 42714U 98067LV  18184.18667975  .00052459  00000-0  24570-3 0  9995
2 42714  51.6235 264.6054 0003795 325.0965  34.9788 15.82678639 64322
CSUNSAT 1               
1 42715U 98067LW  18184.14344333  .00013069  00000-0  11494-3 0  9997
2 42715  51.6354 277.3179 0003171 249.1288 110.9369 15.69160232 64045
SPACECUBE               
1 42717U 98067LY  18183.68439145  .00018334  00000-0  14343-3 0  9999
2 42717  51.6329 276.4453 0003510 317.6669  42.4058 15.71676854 63380
HOOPOE                  
1 42718U 98067LZ  18184.13363487  .00023834  00000-0  16304-3 0  9996
2 42718  51.6332 271.1951 0003888 321.6499  38.4224 15.74644907 63493
CHALLENGER              
1 42721U 98067MA  18183.69381420  .00112168  15857-4  33988-3 0  9993
2 42721  51.6253 261.2590 0008819 335.4872  24.5714 15.91902035 63280
NJUST-1                 
1 42722U 98067MB  18183.81870748  .00011477  00000-0  10864-3 0  9993
2 42722  51.6355 281.1525 0005369 295.8313  64.2129 15.67482445 63034
UNSW-ECO                
1 42723U 98067MC  18183.80920196  .00027358  00000-0  17974-3 0  9990
2 42723  51.6369 272.8177 0005433 307.5742  52.4763 15.75483249 63124
LILACSAT-1              
1 42725U 98067ME  18184.21689256  .00014975  00000-0  12575-3 0  9990
2 42725  51.6355 276.3002 0004659 302.9519  57.1030 15.70146182 63033
NSIGHT-1                
1 42726U 98067MF  18184.18369149  .00004364  00000-0  55444-4 0  9997
2 42726  51.6391 286.6613 0004934 296.3936  63.6551 15.61763911 62901
SNUSAT-1                
1 42727U 98067MG  18183.71974997  .00015911  00000-0  13354-3 0  9992
2 42727  51.6335 278.9243 0005667 265.9299  94.1051 15.70096190 62925
I-INSPIRE II            
1 42731U 98067ML  18183.79627474  .00027812  00000-0  17798-3 0  9999
2 42731  51.6353 271.8985 0004553 270.5064  89.5414 15.76082623 62912
POLYITAN-2-SAU          
1 42732U 98067MM  18183.83610447  .00020371  00000-0  15337-3 0  9997
2 42732  51.6337 275.2078 0004787 259.6047 100.4412 15.72502250 62879
SNUSAT-1B               
1 42733U 98067MN  18183.68416438  .00017457  00000-0  14147-3 0  9994
2 42733  51.6347 277.9641 0005024 258.1157 101.9278 15.70864885 62821
EXALTA-1                
1 42734U 98067MP  18183.83494906  .00030177  00000-0  18580-3 0  9997
2 42734  51.6276 271.3653 0006426 294.4540  65.5790 15.76901997 62871
BEEAGLESAT              
1 42736U 98067MR  18183.82237372  .00014340  00000-0  12448-3 0  9991
2 42736  51.6346 278.8884 0005650 295.3984  64.6428 15.69374241 62886
UCLSAT                  
1 42765U 17036A   18183.72618664  .00000857  00000-0  40650-4 0  9991
2 42765  97.3996 243.3241 0012561  29.9843 330.2109 15.21894978 57664
LITUANICASAT-2          
1 42768U 17036D   18183.91975849  .00001308  00000-0  61149-4 0  9994
2 42768  97.4013 243.1073 0016071  17.8201 342.3595 15.21441745 56957
AALTO-1                 
1 42775U 17036L   18183.69309163  .00000556  00000-0  28305-4 0  9998
2 42775  97.3990 242.7532 0014600  17.3181 342.8549 15.20779267 56856
URSA MAIOR              
1 42776U 17036M   18183.74465352  .00000642  00000-0  32136-4 0  9991
2 42776  97.3997 242.8581 0014447  17.3969 342.7759 15.20860343 56861
COMPASS 2               
1 42777U 17036N   18184.18754933  .00001027  00000-0  48258-4 0  9997
2 42777  97.4017 243.7061 0013367  19.7745 340.4007 15.21790063 56949
DIAMOND RED             
1 42783U 17036U   18183.72915163  .00000744  00000-0  36074-4 0  9995
2 42783  97.3998 243.1747 0013167  29.5436 330.6541 15.21496518 56876
PEGASUS                 
1 42784U 17036V   18183.83133331  .00000748  00000-0  36073-4 0  9990
2 42784  97.3999 243.3498 0013071  29.3330 330.8637 15.21702962 56891
DIAMOND GREEN           
1 42785U 17036W   18183.72801505  .00000759  00000-0  36761-4 0  9990
2 42785  97.4000 243.1872 0013065  30.2233 329.9754 15.21499154 56947
DIAMOND BLUE            
1 42786U 17036X   18183.72715985  .00000751  00000-0  36390-4 0  9997
2 42786  97.4000 243.1865 0012912  30.5533 329.6453 15.21498401 56943
NUDTSAT                 
1 42787U 17036Y   18183.87510363  .00001141  00000-0  52491-4 0  9991
2 42787  97.4007 243.6092 0012583  29.1823 331.0114 15.22295282 56751
SUCHAI                  
1 42788U 17036Z   18184.11452964  .00000882  00000-0  41663-4 0  9992
2 42788  97.4000 243.7334 0012636  28.5042 331.6883 15.21978758 57014
SKCUBE                  
1 42789U 17036AA  18183.71986990  .00000912  00000-0  43022-4 0  9994
2 42789  97.3999 243.3384 0012525  29.8424 330.3524 15.21937721 56873
VZLUSAT-1               
1 42790U 17036AB  18183.73273417  .00001203  00000-0  55177-4 0  9999
2 42790  97.4005 243.4767 0012163  30.2648 329.9289 15.22315951 56881
ROBUSTA-1B              
1 42792U 17036AD  18184.14727659  .00000860  00000-0  40551-4 0  9997
2 42792  97.3998 243.8245 0012089  29.6598 330.5321 15.22082312 56956
CICERO 6                
1 42793U 17036AE  18183.74878170  .00000687  00000-0  33175-4 0  9999
2 42793  97.3990 243.4233 0011337  32.6089 327.5845 15.21909920 56966
D-SAT                   
1 42794U 17036AF  18183.68162274  .00000190  00000-0  22251-4 0  9996
2 42794  97.5902 237.7535 0125837 230.2358 128.7724 14.90880532 56036
TOKI                    
1 42820U 98067MU  18183.71047425  .00013663  00000-0  12331-3 0  9999
2 42820  51.6347 281.9004 0002282 240.8104 119.2665 15.68477140 56319
MAZAALAI (NUMSAT-1)     
1 42822U 98067MW  18183.74690271  .00013667  00000-0  12484-3 0  9990
2 42822  51.6350 282.1500 0002337 246.0628 114.0124 15.68178918 56290
BRAC ONNESHA            
1 42823U 98067MX  18183.74194237  .00013885  00000-0  12619-3 0  9994
2 42823  51.6356 282.1355 0004728 258.8381 101.2084 15.68282114 56295
NIGERIAEDUSAT-1         
1 42824U 98067MY  18183.70448435  .00013694  00000-0  12564-3 0  9990
2 42824  51.6361 282.6527 0004680 258.7242 101.3229 15.68061117 56289
CORVUS BC2              
1 42846U 17042X   18183.76753322  .00000012  00000-0  64866-5 0  9992
2 42846  97.5960  86.0784 0010587 137.5262 222.6778 14.91827611 52698
CORVUS BC1              
1 42847U 17042Y   18183.67710693  .00000300  00000-0  34937-4 0  9992
2 42847  97.5960  86.0429 0010239 137.2769 222.9248 14.91926220 52677
SILU-1 (SILKROAD 1)     
1 42903U 17021F   18183.59826247  .00016248  00000-0  12122-3 0  9995
2 42903  42.7763 234.8139 0011835  44.2965  82.5906 15.72387270 52354
MIRATA                  
1 43015U 17073C   18183.86120429  .00000387  00000-0  36505-4 0  9995
2 43015  97.7045 114.2227 0256952 220.2784 137.9143 14.78166963 33454
MAKERSAT 0              
1 43016U 17073D   18183.77825163  .00000259  00000-0  26318-4 0  9992
2 43016  97.7073 114.2652 0258358 220.5988 137.5706 14.78170807 33430
ASTERIA                 
1 43020U 98067NH  18183.78035452  .00008368  00000-0  10892-3 0  9992
2 43020  51.6419 295.9965 0002002 230.2254 129.8563 15.59690684 34929
DELLINGR (RBLE)         
1 43021U 98067NJ  18183.78464280  .00004147  00000-0  61372-4 0  9999
2 43021  51.6401 297.4965 0001979 216.8052 143.2805 15.57755570 34907
OSIRIS-3U               
1 43027U 98067NL  18183.86167070  .00016687  00000-0  16999-3 0  9997
2 43027  51.6379 291.2430 0002554 233.2488 126.8273 15.65255202 34870
AEROCUBE 7B             
1 43042U 17071F   18183.90024508  .00001718  00000-0  54029-4 0  9999
2 43042  51.6411 324.9628 0004726 325.4295  34.6382 15.38954563 32028
AEROCUBE 7C             
1 43043U 17071G   18183.90021114  .00001313  00000-0  43687-4 0  9999
2 43043  51.6403 324.9670 0004803 328.0650  32.0042 15.38960880 31996
CHEFSAT                 
1 43044U 17071H   18183.83488047  .00002714  00000-0  77057-4 0  9998
2 43044  51.6409 324.5527 0004734 326.7941  33.2746 15.39915607 31993
ASGARDIA 1              
1 43049U 17071N   18183.81468950  .00001590  00000-0  50525-4 0  9994
2 43049  51.6405 325.1525 0002415 354.2339   5.8617 15.39090047 31983
ISARA                   
1 43050U 17071P   18183.83835274  .00002407  00000-0  69818-4 0  9998
2 43050  51.6402 324.5717 0002271 348.7131  11.3802 15.39751580 31991
FAUNA                   
1 43052U 17071R   18184.19137526  .00002008  00000-0  60871-4 0  9992
2 43052  51.6404 323.1763 0002314 352.0843   8.0104 15.39230782 32037
CORVUS BC3              
1 43118U 18004H   18183.72083750  .00000582  00000-0  28365-4 0  9996
2 43118  97.5320 246.3410 0011797  47.3819 312.8410 15.22277261 26071
MICROMAS-2A             
1 43131U 18004W   18183.80659488  .00001326  00000-0  59660-4 0  9996
2 43131  97.5329 246.5472 0011014  50.6358 309.5853 15.22862376 26095
GOMX4-B                 
1 43196U 18015E   18183.90607564  .00009870  00000-0  41163-3 0  9998
2 43196  97.3497 312.5097 0020794 106.2358 254.1151 15.23681438 22923
GOMX4-A                 
1 43197U 18015F   18184.05004149  .00000362  00000-0  17925-4 0  9993
2 43197  97.3493 312.6582 0021028 101.0871 347.5764 15.23677104 22959
UBAKUSAT                
1 43466U 98067NP  18184.16703456  .00005960  00000-0  90925-4 0  9996
2 43466  51.6402 298.5451 0000207 146.6263 213.4741 15.55981833  8192
1KUNS-PF                
1 43467U 98067NQ  18184.16812576  .00004626  00000-0  72569-4 0  9993
2 43467  51.6405 298.5536 0002491 185.7346 174.3617 15.55822188  8197
BATSU-CS1 (IRAZU)       
1 43468U 98067NR  18183.77782326  .00007599  00000-0  11321-3 0  9999
2 43468  51.6402 300.4457 0000161 106.8096 253.2913 15.56178946108114
