EYESAT-1 (AO-27)        
1 22825U 93061C   17322.47535551  .00000013  00000-0  22997-4 0  9995
2 22825  98.8341 290.1136 0007466 237.9961 122.0495 14.30013716259450
CUTE-1 (CO-55)          
1 27844U 03031E   17323.00878707  .00000076  00000-0  53919-4 0  9999
2 27844  98.6892 329.7623 0008738 258.5006 101.5191 14.22075761746328
CUBESAT XI-IV (CO-57)   
1 27848U 03031J   17322.55808112  .00000070  00000-0  51715-4 0  9991
2 27848  98.6984 329.6404 0008619 271.0980  88.9210 14.21685261746106
CUBESAT XI 5            
1 28895U 05043F   17322.97120471  .00000202  00000-0  47734-4 0  9993
2 28895  97.8820 118.3095 0017169  18.5925 341.5901 14.63473045643125
CUTE-1.7+APD II (CO-65) 
1 32785U 08021C   17323.18331869  .00000354  00000-0  44166-4 0  9998
2 32785  97.5572 340.3074 0013586  21.3078 338.8703 14.88007073517943
COMPASS-1               
1 32787U 08021E   17322.66411987  .00000542  00000-0  57545-4 0  9996
2 32787  97.5461 349.6125 0012120 349.6822  10.4147 14.92814185518544
AAUSAT-II               
1 32788U 08021F   17322.61604359  .00000779  00000-0  77913-4 0  9992
2 32788  97.5439 352.6721 0011258 340.9437  19.1361 14.94109191518633
DELFI-C3 (DO-64)        
1 32789U 08021G   17323.19071236  .00001580  00000-0  11405-3 0  9993
2 32789  97.5407  18.0549 0011266 296.2070  63.7998 15.05482524520186
CANX-2                  
1 32790U 08021H   17322.51946790  .00000342  00000-0  43110-4 0  9990
2 32790  97.5562 337.9531 0014376  24.7968 335.3937 14.87721147517700
SEEDS II (CO-66)        
1 32791U 08021J   17322.53702345  .00000631  00000-0  70197-4 0  9995
2 32791  97.5516 344.5169 0013483   6.5785 353.5608 14.90389796518133
SWISSCUBE               
1 35932U 09051B   17322.96078618  .00000190  00000-0  53937-4 0  9998
2 35932  98.5174 104.4456 0008581 131.1345 229.0593 14.56086575432840
BEESAT                  
1 35933U 09051C   17322.38509832  .00000195  00000-0  55063-4 0  9999
2 35933  98.5211 105.2688 0006581 142.8410 217.3244 14.56197823432784
ITUPSAT 1               
1 35935U 09051E   17322.39012807  .00000165  00000-0  48974-4 0  9993
2 35935  98.5325 105.5289 0008975 139.5542 220.6323 14.55384032432661
TISAT 1                 
1 36799U 10035E   17322.34947261  .00000719  00000-0  79421-4 0  9998
2 36799  98.0806  88.3930 0012572 174.8340 185.3009 14.90601982398749
M-CUBED & EXP-1 PRIME   
1 37855U 11061F   17322.80377360  .00004329  00000-0  22941-3 0  9995
2 37855 101.7129 272.7705 0178855 344.6292  14.9527 15.03744769330027
HORYU 2                 
1 38340U 12025D   17322.57992156  .00000346  00000-0  58954-4 0  9995
2 38340  98.3766 331.9603 0012118 155.7413 204.4368 14.75446615285648
STRAND-1                
1 39090U 13009E   17322.60763748  .00000086  00000-0  45702-4 0  9996
2 39090  98.5377 166.4911 0008794 196.1395 163.9511 14.34996242247623
BRITE-AUSTRIA           
1 39091U 13009F   17323.17344155  .00000018  00000-0  21516-4 0  9999
2 39091  98.5344 166.3895 0009966 202.8759 157.1983 14.35049996247724
UNIBRITE                
1 39092U 13009G   17322.55878361  .00000045  00000-0  31148-4 0  9994
2 39092  98.5354 165.4586 0008973 197.2815 162.8066 14.34924174247612
AIST-2                  
1 39133U 13015D   17323.19689012  .00000226  00000-0  28577-4 0  9994
2 39133  64.8718 155.6364 0036876 255.9209 103.7811 15.04424926251610
SOMP                    
1 39134U 13015E   17322.56689040  .00003109  00000-0  15788-3 0  9998
2 39134  64.8644  87.9014 0031843 241.1577 118.6353 15.18484634252537
BEESAT-3                
1 39135U 13015F   17322.58124723  .00002484  00000-0  13674-3 0  9990
2 39135  64.8701  98.5420 0033381 260.5382  99.1970 15.16127768252324
BEESAT-2                
1 39136U 13015G   17322.47851475  .00002112  00000-0  11952-3 0  9995
2 39136  64.8704 101.1031 0032927 260.4135  99.3269 15.15621702252652
NEE-01 PEGASUS          
1 39151U 13018B   17323.22170576  .00000262  00000-0  41878-4 0  9990
2 39151  97.9820  53.7541 0015758 268.0771  91.8636 14.79809808246467
CUBEBUG-1 (CAPITAN BETO)
1 39153U 13018D   17323.23036493  .00000330  00000-0  50304-4 0  9992
2 39153  97.9848  54.6995 0015676 265.8201  94.1220 14.80286534246523
ESTCUBE 1               
1 39161U 13021C   17323.19042013  .00000225  00000-0  43707-4 0  9997
2 39161  98.0229  47.1300 0009754  19.0141 341.1432 14.71980586243554
POPACS 1                
1 39268U 13055D   17322.11464800  .00005949  00000-0  16783-3 0  9996
2 39268  81.0044 207.3777 0645454 127.6493 238.5080 14.32551868212745
POPACS 2                
1 39269U 13055E   17323.03312549  .00003045  00000-0  88608-4 0  9992
2 39269  81.0177 224.1582 0696423 171.1256 190.3033 14.21059992213289
POPACS 3                
1 39270U 13055F   17322.49854369  .00001409  00000-0  44166-4 0  9997
2 39270  81.0192 234.4799 0721680 202.0147 154.8533 14.13969260212579
FIREFLY                 
1 39404U 13064AA  17304.93805027  .14819696  74099-5  47644-3 0  9999
2 39404  40.4789 145.0538 0001854 314.5146  47.1024 16.45154788222993
ZACUBE-1 (TSHEPISOSAT)  
1 39417U 13066B   17322.63550195  .00000389  00000-0  55370-4 0  9993
2 39417  97.6122 357.2482 0060512 123.9464 236.7522 14.80820829215633
WNISAT-1                
1 39423U 13066H   17323.16055359  .00000165  00000-0  42889-4 0  9994
2 39423  97.6990 298.8346 0174817 314.1484  44.5454 14.52899174211736
TRITON-1                
1 39427U 13066M   17322.62745248  .00000298  00000-0  55835-4 0  9993
2 39427  97.6364 327.6271 0113410 213.4122 145.9893 14.67563104213692
GOMX 1                  
1 39430U 13066Q   17322.96893113  .00000268  00000-0  58267-4 0  9998
2 39430  97.6760 310.2945 0150349 274.3389  84.0646 14.58974426212494
BRITE-PL                
1 39431U 13066R   17322.82053148  .00000164  00000-0  45395-4 0  9993
2 39431  97.7277 287.0198 0202599 357.5408   2.4771 14.46889073210818
HUMSAT-D                
1 39433U 13066T   17322.68873456  .00000659  00000-0  70397-4 0  9990
2 39433  97.6347  21.1048 0032376  64.8489 295.6082 14.91649973217045
EAGLE 2                 
1 39436U 13066W   17322.81037205  .00063977  00000-0  11742-2 0  9991
2 39436  97.7146  77.4268 0007956 244.1984 115.8446 15.49016991220473
CUBEBUG-2 (LO-74)       
1 39440U 13066AA  17322.59212316  .00000338  00000-0  54119-4 0  9998
2 39440  97.6161 345.2094 0081248 158.4269 202.0397 14.75559020213666
NEE-02 KRYSAOR          
1 39441U 13066AB  17322.55227466  .00000241  00000-0  41375-4 0  9990
2 39441  97.6147 343.6556 0082548 162.7086 197.6965 14.74696325214733
FUNCUBE-1 (AO-73)       
1 39444U 13066AE  17322.67282696  .00000478  00000-0  65405-4 0  9994
2 39444  97.6137 358.5373 0059725 120.0873 240.6281 14.81576621214485
UWE-3                   
1 39446U 13066AG  17323.04323071  .00000326  00000-0  50052-4 0  9995
2 39446  97.6127 351.3034 0071358 140.0847 220.5642 14.78092365214077
BRITE-TORONTO           
1 40020U 14033L   17323.13341797  .00000079  00000-0  22015-4 0  9998
2 40020  97.8113 186.7582 0087217 193.0671 166.8274 14.66442589182796
DUCHIFAT-1              
1 40021U 14033M   17322.75811161  .00000732  00000-0  81523-4 0  9998
2 40021  97.9150 236.1090 0013578 146.4702 213.7377 14.90099654185617
FLOCK 1C-10             
1 40023U 14033P   17322.30470700  .00000771  00000-0  87936-4 0  9998
2 40023  97.9170 234.5285 0012733 154.9287 205.2552 14.88994954185438
NANOSATC-BR1            
1 40024U 14033Q   17322.56270849  .00000655  00000-0  74813-4 0  9990
2 40024  97.9099 234.5479 0012859 148.3776 211.8216 14.89394099185001
QB50P1                  
1 40025U 14033R   17322.76045200  .00000532  00000-0  63182-4 0  9995
2 40025  97.9071 233.5485 0013028 151.2546 208.9391 14.88568689185485
FLOCK 1C-7              
1 40026U 14033S   17322.31255123  .00000975  00000-0  10761-3 0  9999
2 40026  97.9193 235.4675 0011536 152.4249 207.7589 14.89734889185493
FLOCK 1C-1              
1 40027U 14033T   17322.33345856  .00001548  00000-0  17011-3 0  9997
2 40027  97.9179 234.8304 0012703 153.2337 206.9541 14.89062175185451
POPSAT-HIP-1            
1 40028U 14033U   17323.14194109  .00000655  00000-0  76614-4 0  9994
2 40028  97.9101 234.2515 0014240 148.1470 212.0625 14.88432519185525
FLOCK 1C-2              
1 40029U 14033V   17322.29335372  .00000687  00000-0  78812-4 0  9996
2 40029  97.9173 234.6352 0014240 149.0606 211.1450 14.89078563185442
FLOCK 1C-4              
1 40031U 14033X   17322.32541530  .00001539  00000-0  16964-3 0  9994
2 40031  97.9185 234.6202 0014992 148.6949 211.5145 14.88925844185426
QB50P2                  
1 40032U 14033Y   17322.31612561  .00000484  00000-0  58583-4 0  9999
2 40032  97.9036 232.0591 0012519 147.9321 212.2659 14.88119151184843
FLOCK 1C-11             
1 40033U 14033Z   17322.76818358  .00000553  00000-0  62651-4 0  9999
2 40033  97.9200 236.8492 0012987 139.8368 220.3913 14.90346834185611
ANTELSAT                
1 40034U 14033AA  17323.22139551  .00000330  00000-0  56642-4 0  9999
2 40034  97.8366 202.1615 0059427 152.9287 207.5042 14.73806798183768
FLOCK 1C-9              
1 40035U 14033AB  17323.21707954  .00000854  00000-0  96352-4 0  9990
2 40035  97.9195 235.9901 0012341 138.8933 221.3178 14.89134400185573
FLOCK 1C-6              
1 40036U 14033AC  17323.22707891  .00000583  00000-0  67524-4 0  9990
2 40036  97.9219 236.2533 0012357 140.4003 219.8086 14.89237861185597
PERSEUS-M2              
1 40037U 14033AD  17322.56908618  .00000183  00000-0  27073-4 0  9998
2 40037  97.9045 230.4668 0014937 154.7695 205.4253 14.86291983184746
FLOCK 1C-5              
1 40038U 14033AE  17322.76599994  .00000758  00000-0  86086-4 0  9991
2 40038  97.9211 235.5669 0014704 140.3900 219.8408 14.89207808185514
PERSEUS-M1              
1 40039U 14033AF  17323.21396013  .00000155  00000-0  24070-4 0  9996
2 40039  97.9048 230.5910 0014912 149.1758 211.0336 14.85915111185294
FLOCK 1C-8              
1 40040U 14033AG  17322.35322987  .00000677  00000-0  73917-4 0  9994
2 40040  97.9253 237.7926 0013417 128.5398 231.7022 14.91167740185611
FLOCK 1C-3              
1 40041U 14033AH  17322.28831630  .00000381  00000-0  46541-4 0  9992
2 40041  97.9194 234.8147 0013930 140.3290 219.8934 14.88907715185420
POLYITAN-1              
1 40042U 14033AJ  17322.29992318  .00000614  00000-0  72472-4 0  9996
2 40042  97.9145 233.1283 0015403 142.4148 217.8148 14.88221718185340
TIGRISAT                
1 40043U 14033AK  17323.22092201  .00000219  00000-0  39904-4 0  9997
2 40043  97.8345 202.8253 0060651 154.0359 206.3915 14.74056916183670
LEMUR-1                 
1 40044U 14033AL  17323.22052623  .00000248  00000-0  44392-4 0  9991
2 40044  97.8343 202.5237 0059787 155.2559 205.1538 14.73883342183668
AEROCUBE 6A             
1 40045U 14033AM  17323.22530704  .00000531  00000-0  84395-4 0  9995
2 40045  97.8483 204.4241 0058510 149.0623 211.4055 14.74978645183572
AEROCUBE 6B             
1 40046U 14033AN  17323.22525744  .00000418  00000-0  67984-4 0  9993
2 40046  97.8467 204.3395 0057866 148.5198 211.9496 14.74975461183711
UKUBE-1                 
1 40074U 14037F   17323.08122328  .00000453  00000-0  61955-4 0  9994
2 40074  98.3617  85.1170 0003303 276.1485  83.9329 14.83651259182149
BRITE-PL 2              
1 40119U 14049B   17323.21049648  .00000211  00000-0  31668-4 0  9995
2 40119  97.9306  48.2478 0016330 306.1576  53.8127 14.84214976176157
FIREBIRD 4              
1 40378U 15003C   17323.13204807  .00003184  00000-0  13546-3 0  9990
2 40378  99.1103 178.1029 0133350 208.1814 151.2154 15.16323708154481
GRIFEX                  
1 40379U 15003D   17323.17766265  .00002203  00000-0  10122-3 0  9994
2 40379  99.1138 175.2737 0139585 217.6869 141.4516 15.13657960154328
EXOCUBE                 
1 40380U 15003E   17323.18913703  .00001945  00000-0  93316-4 0  9997
2 40380  99.1187 173.6880 0143595 222.8979 136.0975 15.12008497154212
DEORBITSAIL             
1 40719U 15032E   17322.74031526  .00000728  00000-0  11230-3 0  9992
2 40719  97.9633 214.4218 0016966  10.2799 349.8754 14.76240443127126
TIANWANG 1C (TW-1C)     
1 40926U 15051B   17323.08933888  .00011831  00000-0  24674-3 0  9996
2 40926  97.2126   1.5692 0010017 336.2286  75.6875 15.45655526120827
TIANWANG 1B (TW-1B)     
1 40927U 15051C   17323.07889686  .00011489  00000-0  24921-3 0  9996
2 40927  97.2211   1.5030 0010359 348.0591  68.7909 15.44500027120755
TIANWANG 1A (TW-1A)     
1 40928U 15051D   17323.06072551  .00003992  00000-0  11075-3 0  9997
2 40928  97.2109 356.0727 0012708   9.1967  45.8878 15.37418665120484
LEMUR-2-JOEL            
1 40932U 15052C   17319.15409168  .00001883  00000-0  16902-3 0  9997
2 40932   6.0134 229.9392 0011949 241.3130 118.7315 14.77582546115370
LEMUR-2-CHRIS           
1 40933U 15052D   17318.12935564  .00000642  00000-0 -77231-6 0  9996
2 40933   6.0133 235.9272 0015652 222.8837 137.0008 14.77722555115220
LEMUR-2-JEROEN          
1 40934U 15052E   17322.08279480  .00001059  00000-0  57522-4 0  9996
2 40934   6.0062 213.7386 0013076 261.7872  97.9558 14.77091546115729
LEMUR-2-PETER           
1 40935U 15052F   17322.19432035 -.00000124  00000-0 -10603-3 0  9998
2 40935   6.0047 214.8995 0011357 264.4280  95.4111 14.76848996115742
EXACTVIEW 9             
1 40936U 15052G   17322.18016843  .00000819  00000-0  25669-4 0  9991
2 40936   6.0027 218.1320 0010644 253.5160 106.3818 14.76321559115730
ATHENOXAT 1             
1 41168U 15077C   17322.27965438  .00002461  00000-0  10004-3 0  9990
2 41168  14.9808 123.2695 0012332 351.5009 211.2714 15.12190589106392
GALASSIA                
1 41170U 15077E   17321.71879687  .00002682  00000-0  11088-3 0  9999
2 41170  14.9880 122.9178 0013380   4.0476 355.9952 15.12626140106352
VELOX 2                 
1 41171U 15077F   17321.13377256  .00001790  00000-0  66864-4 0  9993
2 41171  14.9904 143.1336 0009206 306.2905  53.6565 15.10271676106122
AGGIESAT 4              
1 41313U 98067HP  17323.15660952  .00071770  00000-0  27085-3 0  9999
2 41313  51.6363 281.2285 0004849  65.6224 294.5286 15.87059350103414
HORYU-IV                
1 41340U 16012D   17322.10157689  .00000826  00000-0  56702-4 0  9994
2 41340  31.0044 209.9639 0014152 160.8408 199.2762 15.00802533 96158
OUFTI-1                 
1 41458U 16025C   17323.11258541  .00002216  00000-0  11945-3 0  9993
2 41458  98.1675   9.4969 0173602 131.1898 230.4457 15.03935726 85859
E-ST@R-II               
1 41459U 16025D   17323.08575799  .00003493  00000-0  18676-3 0  9993
2 41459  98.1666   9.3787 0173699 132.0054 229.6120 15.03720433 85840
AAUSAT 4                
1 41460U 16025E   17323.11283793  .00003147  00000-0  16742-3 0  9997
2 41460  98.1616   9.6311 0166488 129.1666 232.4486 15.04883725 85883
DIWATA-1                
1 41463U 98067HT  17323.19203339  .00013762  00000-0  13841-3 0  9993
2 41463  51.6406 321.3960 0002059  52.2327  29.7998 15.65763088 89058
FLOCK 2E'-1             
1 41479U 98067HZ  17323.21752553  .00048119  00000-0  26143-3 0  9993
2 41479  51.6337 301.2084 0003607  56.8847 303.2500 15.79490940 86267
FLOCK 2E'-3             
1 41480U 98067JA  17322.77817397  .00041695  00000-0  23770-3 0  9998
2 41480  51.6275 303.5236 0003321  59.8721 300.2608 15.78487645 86185
FLOCK 2E'-2             
1 41481U 98067JB  17322.91526351  .00462480  10068-3  98830-3 0  9998
2 41481  51.6233 297.5381 0007685  95.9997 264.1888 15.97984799 86266
FLOCK 2E'-4             
1 41482U 98067JC  17312.53569607  .16219661  12308-4  20197-2 0  9995
2 41482  51.6140 345.8340 0002361 349.1392  10.9692 16.35310899 84697
FLOCK 2E-1              
1 41483U 98067JD  17322.51668455  .00040207  00000-0  26157-3 0  9992
2 41483  51.6346 307.8870 0002322  35.3430 324.7723 15.75517462 85966
FLOCK 2E-2              
1 41484U 98067JE  17322.21604364  .00140057  00000-0  69058-3 0  9990
2 41484  51.6301 305.1134 0003112  53.3822 306.7466 15.81176025 85973
FLOCK 2E-3              
1 41486U 98067JG  17323.16825057  .00037128  00000-0  22287-3 0  9998
2 41486  51.6321 305.4568 0002965  50.1191 310.0070 15.77386196 86078
FLOCK 2E-4              
1 41487U 98067JH  17322.56113894  .00029733  00000-0  19242-3 0  9991
2 41487  51.6316 307.3933 0002432  29.3572 330.7564 15.75793261 85990
FLOCK 2E-6              
1 41563U 98067JM  17322.42143951  .00110846  00000-0  62897-3 0  9998
2 41563  51.6334 311.7110 0005122  76.8448 283.3124 15.78179199 83993
FLOCK 2E-5              
1 41564U 98067JN  17323.14458368  .00024003  00000-0  17705-3 0  9997
2 41564  51.6334 309.0640 0003386  60.5524 299.5812 15.72876423 84089
FLOCK 2E-7              
1 41565U 98067JP  17323.16403438  .00046384  00000-0  25286-3 0  9997
2 41565  51.6287 300.0701 0005508  33.7725 326.3626 15.79421116 84106
FLOCK 2E'-5             
1 41567U 98067JR  17323.17166539  .00021783  00000-0  16976-3 0  9990
2 41567  51.6344 311.5366 0005330  22.9463 337.1772 15.71627739 83920
FLOCK 2E'-6             
1 41568U 98067JS  17323.17062171  .00031080  00000-0  20601-3 0  9999
2 41568  51.6315 306.1855 0005359  33.1388 326.9946 15.75205386 84028
FLOCK 2E'-8             
1 41569U 98067JT  17323.15744349  .00045622  00000-0  24078-3 0  9991
2 41569  51.6326 299.2909 0003600  39.2565 320.8697 15.80152805 83998
FLOCK 2E-9              
1 41571U 98067JV  17323.15745167  .00218154  00000-0  85843-3 0  9992
2 41571  51.6301 297.0437 0003605  70.0460 290.0932 15.85720795 84005
FLOCK 2E-10             
1 41572U 98067JW  17323.17822354  .00042679  00000-0  24317-3 0  9995
2 41572  51.6345 301.7359 0005127  31.4774 328.6533 15.78480197 83948
FLOCK 2E-12             
1 41573U 98067JX  17323.18115251  .00050316  00000-0  25938-3 0  9995
2 41573  51.6319 299.4548 0005673  39.5576 320.5839 15.80612838 83973
FLOCK 2E-11             
1 41574U 98067JY  17322.41335930  .00049850  00000-0  26028-3 0  9991
2 41574  51.6257 302.4857 0006442  41.8564 318.2929 15.80330900 83860
FLOCK 2E'-9             
1 41575U 98067JZ  17323.19612892  .00077382  00000-0  34420-3 0  9999
2 41575  51.6289 295.6782 0007030  53.0044 307.1601 15.83596820 84018
FLOCK 2E'-10            
1 41576U 98067KA  17323.18893248  .00058328  00000-0  28006-3 0  9997
2 41576  51.6321 298.7873 0006975  50.6073 309.5546 15.82078794 83874
FLOCK 2E'-11            
1 41577U 98067KB  17323.15610034  .00044211  00000-0  24379-3 0  9990
2 41577  51.6345 300.8592 0005757  31.3128 328.8215 15.79187343 83669
FLOCK 2E'-12            
1 41578U 98067KC  17322.42020926  .00082629  00000-0  36010-3 0  9995
2 41578  51.6268 301.0176 0006847  41.2568 318.8951 15.84004825 83591
FLOCK 2P-6              
1 41606U 16040H   17323.19059998  .00005231  00000-0  22255-3 0  9994
2 41606  97.4423  24.6252 0009144 247.1477 112.8794 15.23409520 78298
FLOCK 2P-11             
1 41608U 16040K   17322.40670396  .00005490  00000-0  23382-3 0  9999
2 41608  97.4421  23.8117 0009126 250.3832 109.6420 15.23349533 78118
FLOCK 2P-2              
1 41609U 16040L   17323.14639519  .00005024  00000-0  21372-3 0  9994
2 41609  97.4422  24.5390 0009056 247.2691 112.7589 15.23435089 78204
FLOCK 2P-9              
1 41610U 16040M   17323.15795088  .00004942  00000-0  21039-3 0  9999
2 41610  97.4418  24.5044 0009343 247.5892 112.4356 15.23414438 78082
FLOCK 2P-4              
1 41611U 16040N   17323.11973130  .00004322  00000-0  18458-3 0  9995
2 41611  97.4447  24.7223 0009296 258.4677 101.5517 15.23384281 78243
FLOCK 2P-10             
1 41612U 16040P   17322.17805623  .00006714  00000-0  28482-3 0  9997
2 41612  97.4456  23.8714 0009125 262.1499  97.8702 15.23400004 78104
FLOCK 2P-8              
1 41613U 16040Q   17322.72009437  .00005303  00000-0  22565-3 0  9997
2 41613  97.4449  24.3443 0009261 259.0724 100.9471 15.23396268 78182
FLOCK 2P-12             
1 41614U 16040R   17323.14134661  .00005020  00000-0  21375-3 0  9997
2 41614  97.4458  24.9179 0008968 257.5582 102.4652 15.23406784 78254
FLOCK 2P-7              
1 41615U 16040S   17322.71360382  .00006175  00000-0  26194-3 0  9997
2 41615  97.4442  24.3344 0009258 259.6434 100.3759 15.23438928 78180
FLOCK 2P-5              
1 41616U 16040T   17322.69246121  .00005647  00000-0  24002-3 0  9998
2 41616  97.4458  24.4467 0008907 258.9411 101.0824 15.23407825 78163
FLOCK 2P-1              
1 41617U 16040U   17322.74529752  .00007096  00000-0  29993-3 0  9993
2 41617  97.4461  24.5331 0008906 258.8640 101.1595 15.23506914 78199
FLOCK 2P-3              
1 41618U 16040V   17323.16877587  .00005212  00000-0  22172-3 0  9993
2 41618  97.4458  24.8752 0008891 257.6945 102.3297 15.23415770 78252
BEESAT-4                
1 41619U 16040W   17322.72288049  .00002726  00000-0  12432-3 0  9999
2 41619  97.4449  23.5213 0010387 244.0797 115.9369 15.21448096 66082
3CAT-2                  
1 41732U 16051B   17323.15996172  .00002127  00000-0  86654-4 0  9991
2 41732  97.3731 237.8580 0015720  86.2890  23.4400 15.25473320 70158
FLOCK 2E'-13            
1 41761U 98067KH  17323.17984218  .00042182  00000-0  40711-3 0  9998
2 41761  51.6356 328.2078 0006796 108.7945 251.3788 15.66017469 67146
FLOCK 2E'-14            
1 41762U 98067KJ  17322.56684960  .00016831  00000-0  17035-3 0  9997
2 41762  51.6374 330.9054 0005799 103.9899 256.1742 15.65401786 67059
FLOCK 2E'-16            
1 41763U 98067KK  17323.18264843  .00044573  00000-0  41769-3 0  9996
2 41763  51.6374 326.7647 0005160 114.9047 245.2486 15.66738430 67122
FLOCK 2E'-15            
1 41764U 98067KL  17322.57002952  .00014122  00000-0  14784-3 0  9994
2 41764  51.6376 331.6720 0005433 112.7881 247.3688 15.64709874 67009
FLOCK 2E'-18            
1 41769U 98067KM  17322.48656784  .00016310  00000-0  16927-3 0  9999
2 41769  51.6377 331.8584 0003865 130.5883 229.5449 15.64801162 66999
FLOCK 2E'-17            
1 41776U 98067KN  17322.21147881  .00021853  00000-0  22235-3 0  9998
2 41776  51.6385 333.0529 0004197 131.0281 229.1078 15.65072939 66948
FLOCK 2E'-19            
1 41777U 98067KP  17322.51708421  .00027763  00000-0  23378-3 0  9990
2 41777  51.6355 325.2498 0003355 117.2694 242.8645 15.69614021 67034
FLOCK 2E'-20            
1 41782U 98067KQ  17322.48156000  .00026410  00000-0  23490-3 0  9995
2 41782  51.6364 327.3138 0003199 114.2969 245.8362 15.68306580 66879
CANX-7                  
1 41788U 16059F   17323.12929040  .00008730  00000-0  15653-2 0  9992
2 41788  98.1895  24.2123 0028954  48.4377 311.9318 14.66723391 61280
ALSAT 1N                
1 41789U 16059G   17323.15223246  .00000140  00000-0  35825-4 0  9993
2 41789  98.1491  23.5713 0029197  30.7262 329.5652 14.64101166 61281
RAVAN                   
1 41849U 16067B   17323.21411335  .00000963  00000-0  88144-4 0  9999
2 41849  97.9392  43.7977 0009241 139.4491 220.7420 14.97379923 55709
CELTEE 1                
1 41850U 16067C   17322.77414861  .00000986  00000-0  91677-4 0  9998
2 41850  97.9389  43.1163 0010067 137.9171 222.2824 14.96685629 55622
OPTICUBE 04             
1 41851U 16067D   17323.18956052  .00000399  00000-0  40399-4 0  9991
2 41851  97.9392  43.5024 0009965 136.6313 223.5694 14.96582887 55683
AEROCUBE 8D             
1 41852U 16067E   17323.19792843  .00000109  00000-0  14973-4 0  9997
2 41852  97.9403  43.3861 0010619 137.4246 222.7800 14.96349567 55671
AEROCUBE 8C             
1 41853U 16067F   17323.20704787 -.00000072  00000-0 -98708-6 0  9991
2 41853  97.9400  43.3721 0010852 139.4981 220.7049 14.96310881 55671
PROMETHEUS 2-1          
1 41854U 16067G   17323.22305349  .00000634  00000-0  61322-4 0  9997
2 41854  97.9398  43.3603 0011361 140.4411 219.7641 14.96336107 55678
PROMETHEUS 2-3          
1 41855U 16067H   17323.22520676  .00000713  00000-0  68324-4 0  9997
2 41855  97.9399  43.3628 0011587 140.8252 219.3809 14.96329466 55676
LEMUR-2-XIAOQING        
1 41871U 16062C   17322.60591133  .00002873  00000-0  13345-3 0  9998
2 41871  51.6293  73.0178 0004668  56.3375 303.8047 15.23272577 54474
LEMUR-2-SOKOLSKY        
1 41872U 16062D   17322.58707719  .00003116  00000-0  14303-3 0  9991
2 41872  51.6816  73.0288 0006087  75.5052 284.6601 15.23403492 54463
LEMUR-2-ANUBHAVTHAKUR   
1 41873U 16062E   17322.62204950  .00000303  00000-0  27490-4 0  9993
2 41873  51.6410  74.5067 0005471  72.3246 287.8345 15.21962939 54432
LEMUR-2-WINGO           
1 41874U 16062F   17322.51857944  .00003850  00000-0  17566-3 0  9991
2 41874  51.6481  73.7963 0007196  55.7340 304.4320 15.22948362 54448
STARS-C                 
1 41895U 98067KR  17322.48054491  .00081525  00000-0  50398-3 0  9996
2 41895  51.6349 329.4949 0003500  82.8003 277.3395 15.76383363 52183
ITF-2                   
1 41932U 98067KU  17322.48543631  .00028126  00000-0  28057-3 0  9992
2 41932  51.6391 337.1388 0004885 103.2036 256.9505 15.65408904 47655
WASEDA-SAT3             
1 41933U 98067KV  17323.19399970  .00028613  00000-0  26576-3 0  9992
2 41933  51.6368 332.0727 0004702 104.2450 255.9068 15.67183640 47786
AOBA-VELOX 3            
1 41935U 98067KX  17322.28783835  .00032239  00000-0  30675-3 0  9994
2 41935  51.6385 337.3052 0004306 100.7137 259.4344 15.66520802 47734
OSNSAT                  
1 41939U 98067KZ  17322.26621782  .00167989  00000-0  73642-3 0  9990
2 41939  51.6336 325.7673 0006887  81.1204 279.0579 15.83580827 47131
FLOCK 3P-8              
1 41951U 17008D   17322.71168446  .00002207  00000-0  95548-4 0  9994
2 41951  97.4784  23.5490 0008737  22.3710 337.7906 15.23464202 42048
FLOCK 3P-51             
1 41952U 17008E   17323.14110420  .00004895  00000-0  20768-3 0  9998
2 41952  97.4789  24.0698 0009131  37.8608 322.3269 15.23542593 42116
FLOCK 3P-37             
1 41953U 17008F   17323.14054134  .00003468  00000-0  14584-3 0  9992
2 41953  97.4787  24.2144 0008466  43.0008 317.1889 15.24053430 42125
INS-1B                  
1 41954U 17008G   17322.57340591  .00002473  00000-0  11013-3 0  9993
2 41954  97.4759  23.0424 0009973  21.6009 338.5646 15.22372195 41958
FLOCK 3P-19             
1 41955U 17008H   17323.12015852  .00003862  00000-0  16456-3 0  9994
2 41955  97.4778  23.9074 0009514  19.8860 340.2746 15.23528918 42033
FLOCK 3P-24             
1 41956U 17008J   17323.18039109  .00004391  00000-0  18574-3 0  9993
2 41956  97.4774  23.9783 0009111  16.6326 343.5208 15.23704139 42122
FLOCK 3P-18             
1 41957U 17008K   17322.39365619  .00004563  00000-0  19324-3 0  9999
2 41957  97.4779  23.1948 0009347  21.1540 339.0082 15.23638521 41842
FLOCK 3P-22             
1 41958U 17008L   17322.13909087  .00001965  00000-0  85309-4 0  9995
2 41958  97.4779  22.9251 0009260  22.4401 337.7239 15.23492981 41792
FLOCK 3P-21             
1 41959U 17008M   17322.39172283  .00003822  00000-0  16317-3 0  9990
2 41959  97.4788  23.2177 0009119  23.7860 336.3797 15.23468592 41841
FLOCK 3P-28             
1 41960U 17008N   17323.17806259  .00002318  00000-0  10017-3 0  9996
2 41960  97.4783  23.9992 0008916  19.3517 340.8057 15.23474695 42047
FLOCK 3P-26             
1 41961U 17008P   17322.33131816  .00002518  00000-0  10838-3 0  9997
2 41961  97.4785  23.1358 0009196  21.3042 338.8576 15.23519789 41838
FLOCK 3P-17             
1 41962U 17008Q   17322.70783619  .00003119  00000-0  13369-3 0  9993
2 41962  97.4784  23.5535 0009038  22.9669 337.1970 15.23481581 41845
FLOCK 3P-27             
1 41963U 17008R   17322.40653963  .00003593  00000-0  15347-3 0  9993
2 41963  97.4785  23.1912 0009304  21.5135 338.6491 15.23496787 41849
FLOCK 3P-25             
1 41964U 17008S   17323.18094525  .00001677  00000-0  73379-4 0  9994
2 41964  97.4779  23.9877 0008953  19.2097 340.9476 15.23430076 41940
FLOCK 3P-4              
1 41965U 17008T   17322.64946598  .00002115  00000-0  91675-4 0  9998
2 41965  97.4783  23.4814 0008932  22.5115 337.6512 15.23468116 41969
FLOCK 3P-2              
1 41966U 17008U   17322.71610924  .00006118  00000-0  25923-3 0  9997
2 41966  97.4787  23.5520 0008783  20.8956 339.2638 15.23483427 41898
FLOCK 3P-1              
1 41967U 17008V   17322.73882062  .00003460  00000-0  14865-3 0  9994
2 41967  97.4788  23.5275 0008904  22.5592 337.6034 15.23326893 41892
FLOCK 3P-3              
1 41968U 17008W   17323.17884646  .00003318  00000-0  14205-3 0  9994
2 41968  97.4781  23.9979 0008807  19.8386 340.3191 15.23473786 42040
FLOCK 3P-6              
1 41969U 17008X   17322.71333987  .00002049  00000-0  88887-4 0  9999
2 41969  97.4785  23.5560 0008650  20.9381 339.2208 15.23479725 41887
FLOCK 3P-7              
1 41970U 17008Y   17322.76071928  .00003597  00000-0  15364-3 0  9998
2 41970  97.4787  23.6481 0008832  23.7844 336.3799 15.23493877 41899
FLOCK 3P-5              
1 41971U 17008Z   17323.17071710  .00001887  00000-0  82092-4 0  9997
2 41971  97.4786  24.0248 0008732  22.3464 337.8151 15.23472301 41894
FLOCK 3P-12             
1 41972U 17008AA  17323.16929481  .00002433  00000-0  10498-3 0  9992
2 41972  97.4786  24.0246 0008592  22.7590 337.4026 15.23476331 42043
FLOCK 3P-9              
1 41973U 17008AB  17323.17270988  .00003364  00000-0  14399-3 0  9993
2 41973  97.4787  24.0249 0008665  20.6714 339.4872 15.23475344 42048
FLOCK 3P-10             
1 41974U 17008AC  17323.16077477  .00001995  00000-0  86571-4 0  9991
2 41974  97.4788  24.0444 0008536  22.3995 337.7613 15.23504743 41920
FLOCK 3P-11             
1 41975U 17008AD  17322.71405501  .00003197  00000-0  13700-3 0  9994
2 41975  97.4789  23.5652 0008824  22.5430 337.6193 15.23475923 41742
FLOCK 3P-60             
1 41976U 17008AE  17323.14949550  .00002129  00000-0  92125-4 0  9993
2 41976  97.4789  24.0620 0008521  23.8021 336.3608 15.23514324 41294
FLOCK 3P-58             
1 41977U 17008AF  17322.84163149  .00004499  00000-0  19153-3 0  9993
2 41977  97.4788  23.6990 0008554  23.4899 336.6727 15.23471812 42070
FLOCK 3P-57             
1 41978U 17008AG  17322.17693031  .00002560  00000-0  11026-3 0  9996
2 41978  97.4790  23.0556 0008662  24.5204 335.6443 15.23491928 41813
FLOCK 3P-75             
1 41979U 17008AH  17323.16129137  .00001910  00000-0  83024-4 0  9994
2 41979  97.4808  24.1229 0008835  23.8561 336.3083 15.23487167 42115
FLOCK 3P-70             
1 41980U 17008AJ  17322.24006048  .00003662  00000-0  15636-3 0  9998
2 41980  97.4813  23.2113 0008834  26.4119 333.7566 15.23501712 41829
FLOCK 3P-73             
1 41981U 17008AK  17323.16832998  .00003919  00000-0  16714-3 0  9995
2 41981  97.4809  24.1174 0009041  24.0731 336.0927 15.23493539 42091
FLOCK 3P-88             
1 41982U 17008AL  17323.15725262  .00004633  00000-0  19698-3 0  9998
2 41982  97.4808  24.1216 0008864  23.8887 336.2759 15.23503699 41069
FLOCK 3P-85             
1 41983U 17008AM  17322.74913719  .00002743  00000-0  11774-3 0  9996
2 41983  97.4811  23.7545 0008893  28.6344 331.5380 15.23542622 41907
FLOCK 3P-79             
1 41984U 17008AN  17322.61887238  .00002157  00000-0  93279-4 0  9999
2 41984  97.4812  23.6215 0008599  29.1954 330.9762 15.23531751 41883
FLOCK 3P-86             
1 41985U 17008AP  17323.14528306  .00001841  00000-0  80034-4 0  9991
2 41985  97.4808  24.1389 0008489  26.7092 333.4581 15.23535251 41955
FLOCK 3P-36             
1 41986U 17008AQ  17322.75375021  .00003933  00000-0  16767-3 0  9997
2 41986  97.4795  23.6772 0008268  26.1146 334.0507 15.23504834 41385
FLOCK 3P-30             
1 41987U 17008AR  17322.74455076  .00003133  00000-0  13404-3 0  9993
2 41987  97.4794  23.6902 0008143  27.5946 332.5722 15.23545846 41857
FLOCK 3P-34             
1 41988U 17008AS  17322.75724883  .00004049  00000-0  17240-3 0  9999
2 41988  97.4790  23.6590 0008206  23.6468 336.5144 15.23534149 41387
FLOCK 3P-35             
1 41989U 17008AT  17322.75943066  .00002008  00000-0  87095-4 0  9995
2 41989  97.4787  23.6542 0008370  23.3744 336.7872 15.23510674 41384
FLOCK 3P-33             
1 41990U 17008AU  17323.14894789  .00003351  00000-0  14327-3 0  9997
2 41990  97.4789  24.0590 0008030  23.6190 336.5414 15.23521105 41445
LEMUR-2-SATCHMO         
1 41991U 17008AV  17322.75596812  .00002312  00000-0  10195-3 0  9995
2 41991  97.4781  23.5020 0008407  27.3023 332.8654 15.22776982 41375
LEMUR-2-MIA-GRACE       
1 41992U 17008AW  17322.38968417  .00003213  00000-0  13886-3 0  9990
2 41992  97.4787  23.2346 0008337  28.8260 331.3435 15.23181555 41324
LEMUR-2-SMITA-SHARAD    
1 41993U 17008AX  17322.60561271  .00002372  00000-0  10406-3 0  9993
2 41993  97.4783  23.3985 0008367  27.6984 332.4697 15.22934267 41354
LEMUR-2-SPIRE-MINIONS   
1 41994U 17008AY  17322.39719548  .00003187  00000-0  13794-3 0  9990
2 41994  97.4785  23.2174 0008367  27.8063 332.3620 15.23140971 41320
LEMUR-2-RDEATON         
1 41995U 17008AZ  17323.19096223  .00001912  00000-0  84327-4 0  9993
2 41995  97.4782  23.9985 0009725  36.9178 323.2726 15.22990069 42127
LEMUR-2-NOGUECORREIG    
1 41996U 17008BA  17323.10632532  .00001810  00000-0  79567-4 0  9991
2 41996  97.4787  23.9640 0009601  37.8857 322.3053 15.23169300 41330
LEMUR-2-JOBANPUTRA      
1 41997U 17008BB  17323.15323612  .00001651  00000-0  72563-4 0  9995
2 41997  97.4787  24.0559 0009558  37.6470 322.5434 15.23301888 41437
LEMUR-2-TACHIKOMA       
1 41998U 17008BC  17322.40761450  .00002380  00000-0  10453-3 0  9998
2 41998  97.4785  23.2049 0009725  39.7865 320.4083 15.22888693 41247
BGUSAT                  
1 41999U 17008BD  17322.54351887  .00003664  00000-0  15599-3 0  9995
2 41999  97.4797  23.5062 0009508  40.7887 319.4060 15.23592315 41342
DIDO-2                  
1 42000U 17008BE  17323.14322041  .00001566  00000-0  70142-4 0  9991
2 42000  97.4777  23.9026 0009693  37.8063 322.3853 15.22718804 41431
FLOCK 3P-49             
1 42001U 17008BF  17322.60967849  .00003440  00000-0  14688-3 0  9998
2 42001  97.4793  23.5569 0009182  41.2893 318.9036 15.23536268 41887
FLOCK 3P-67             
1 42002U 17008BG  17322.74486233  .00003748  00000-0  15933-3 0  9992
2 42002  97.4789  23.6772 0009061  39.9742 320.2160 15.23630843 42062
FLOCK 3P-68             
1 42003U 17008BH  17323.14289777  .00004942  00000-0  20962-3 0  9997
2 42003  97.4787  24.0601 0009214  37.5004 322.6874 15.23544153 41764
FLOCK 3P-41             
1 42004U 17008BJ  17322.40799817  .00004312  00000-0  18341-3 0  9996
2 42004  97.4790  23.3504 0009046  41.9759 318.2170 15.23526685 41852
FLOCK 3P-45             
1 42005U 17008BK  17322.28074202  .00004396  00000-0  18638-3 0  9998
2 42005  97.4792  23.2241 0009005  42.3521 317.8409 15.23626614 41986
FLOCK 3P-48             
1 42006U 17008BL  17323.13361846  .00002839  00000-0  12184-3 0  9997
2 42006  97.4792  24.0821 0008941  40.3889 319.8010 15.23515779 41904
FLOCK 3P-43             
1 42007U 17008BM  17322.40949088  .00004780  00000-0  20303-3 0  9996
2 42007  97.4791  23.3537 0008873  43.1623 317.0308 15.23515571 42014
FLOCK 3P-42             
1 42008U 17008BN  17322.60565116  .00002773  00000-0  11911-3 0  9990
2 42008  97.4788  23.5456 0008947  42.0767 318.1155 15.23510331 41966
FLOCK 3P-61             
1 42009U 17008BP  17322.60421105  .00002066  00000-0  89536-4 0  9994
2 42009  97.4790  23.5528 0008895  43.9908 316.2035 15.23502011 42018
FLOCK 3P-40             
1 42010U 17008BQ  17322.40059038  .00001929  00000-0  83763-4 0  9999
2 42010  97.4783  23.3453 0008871  45.0104 315.1850 15.23506008 41249
FLOCK 3P-16             
1 42011U 17008BR  17322.71676676  .00002458  00000-0  10602-3 0  9996
2 42011  97.4783  23.6924 0008546  45.1825 315.0105 15.23478376 41233
FLOCK 3P-14             
1 42012U 17008BS  17323.18005455  .00003082  00000-0  13178-3 0  9995
2 42012  97.4790  24.1589 0008671  45.8388 314.3561 15.23575702 41920
FLOCK 3P-53             
1 42013U 17008BT  17323.11764101  .00001854  00000-0  80465-4 0  9998
2 42013  97.4779  24.0611 0008535  44.2535 315.9383 15.23581114 41911
FLOCK 3P-54             
1 42014U 17008BU  17322.39483172  .00002048  00000-0  88842-4 0  9997
2 42014  97.4785  23.3561 0008582  46.8290 313.3663 15.23471566 41971
PEASSS                  
1 42015U 17008BV  17323.16079545  .00001839  00000-0  80196-4 0  9990
2 42015  97.4771  24.1482 0007734  47.7273 312.4618 15.23428461 41939
AL-FARABI 1             
1 42016U 17008BW  17322.41290682  .00002866  00000-0  12235-3 0  9994
2 42016  97.4778  23.4730 0007673  50.7340 309.4576 15.23699738 41943
NAYIF-1 (EO-88)         
1 42017U 17008BX  17322.54144502  .00002767  00000-0  11814-3 0  9990
2 42017  97.4777  23.6053 0007658  50.4742 309.7171 15.23718551 41982
FLOCK 3P-23             
1 42018U 17008BY  17322.72188097  .00002143  00000-0  92864-4 0  9991
2 42018  97.4781  23.5235 0009042  20.4979 339.6618 15.23464778 40826
FLOCK 3P-76             
1 42019U 17008BZ  17323.15180857  .00003039  00000-0  13017-3 0  9993
2 42019  97.4811  24.1442 0008897  25.3448 334.8224 15.23527084 41955
FLOCK 3P-69             
1 42020U 17008CA  17323.15043873  .00002817  00000-0  12092-3 0  9996
2 42020  97.4812  24.1454 0008680  24.4768 335.6879 15.23516225 40843
FLOCK 3P-84             
1 42021U 17008CB  17322.43660858  .00002872  00000-0  12342-3 0  9994
2 42021  97.4809  23.3982 0009136  26.0393 334.1302 15.23461621 41852
FLOCK 3P-59             
1 42022U 17008CC  17322.70108408  .00003923  00000-0  16700-3 0  9993
2 42022  97.4789  23.5829 0008516  26.2252 333.9414 15.23558340 40911
FLOCK 3P-32             
1 42023U 17008CD  17322.76904947  .00004869  00000-0  20679-3 0  9992
2 42023  97.4789  23.6477 0008462  22.5394 337.6213 15.23510508 42068
FLOCK 3P-71             
1 42024U 17008CE  17322.72002534  .00004691  00000-0  19990-3 0  9997
2 42024  97.4817  23.6542 0008991  26.0948 334.0740 15.23417752 40921
FLOCK 3P-77             
1 42025U 17008CF  17323.15286133  .00001710  00000-0  74589-4 0  9990
2 42025  97.4809  24.1333 0008796  25.8459 334.3215 15.23518534 41969
FLOCK 3P-80             
1 42026U 17008CG  17323.13740346  .00002869  00000-0  12299-3 0  9995
2 42026  97.4809  24.1496 0008399  26.6567 333.5100 15.23549592 40105
FLOCK 3P-66             
1 42027U 17008CH  17322.41941851  .00004466  00000-0  18975-3 0  9992
2 42027  97.4793  23.3519 0009196  39.1916 320.9985 15.23544149 41967
FLOCK 3P-65             
1 42028U 17008CJ  17322.61464567  .00003806  00000-0  16217-3 0  9993
2 42028  97.4793  23.5499 0009078  38.9566 321.2323 15.23536457 41899
FLOCK 3P-50             
1 42029U 17008CK  17322.47980784  .00005877  00000-0  24864-3 0  9999
2 42029  97.4796  23.4311 0009003  41.8873 318.3051 15.23553807 41193
FLOCK 3P-52             
1 42030U 17008CL  17322.61245338  .00003239  00000-0  13842-3 0  9990
2 42030  97.4792  23.5485 0009030  40.3178 319.8727 15.23553590 41988
FLOCK 3P-46             
1 42031U 17008CM  17323.13276956  .00001711  00000-0  74615-4 0  9998
2 42031  97.4786  24.0713 0008974  39.3476 320.8411 15.23527372 42091
FLOCK 3P-47             
1 42032U 17008CN  17322.41197615  .00002822  00000-0  12106-3 0  9993
2 42032  97.4789  23.3484 0009027  42.5485 317.6450 15.23532832 41833
FLOCK 3P-44             
1 42033U 17008CP  17322.73340505  .00002218  00000-0  95836-4 0  9998
2 42033  97.4791  23.6926 0009000  43.9384 316.2567 15.23518478 40636
FLOCK 3P-64             
1 42034U 17008CQ  17323.12736678  .00002357  00000-0  10170-3 0  9994
2 42034  97.4785  24.0713 0008887  42.0675 318.1243 15.23497884 42118
FLOCK 3P-63             
1 42035U 17008CR  17322.13974457  .00002400  00000-0  10342-3 0  9994
2 42035  97.4787  23.0880 0008929  45.2183 314.9778 15.23524194 39939
FLOCK 3P-62             
1 42036U 17008CS  17323.17566199  .00003676  00000-0  15598-3 0  9994
2 42036  97.4786  24.1614 0008873  43.5186 316.6749 15.23707958 41298
FLOCK 3P-38             
1 42037U 17008CT  17322.46666331  .00002119  00000-0  91741-4 0  9991
2 42037  97.4788  23.4190 0008665  45.0488 315.1451 15.23511439 41968
FLOCK 3P-39             
1 42038U 17008CU  17322.13648313  .00002765  00000-0  11867-3 0  9993
2 42038  97.4783  23.0816 0008935  45.8815 314.3155 15.23530274 41866
FLOCK 3P-15             
1 42039U 17008CV  17323.12648627  .00001677  00000-0  73279-4 0  9999
2 42039  97.4782  24.0682 0008728  42.5782 317.6130 15.23488208 41290
FLOCK 3P-13             
1 42040U 17008CW  17322.39792100  .00002192  00000-0  94755-4 0  9990
2 42040  97.4790  23.3632 0008651  47.0196 313.1765 15.23524775 41174
FLOCK 3P-55             
1 42041U 17008CX  17323.09883797  .00001814  00000-0  78996-4 0  9991
2 42041  97.4785  24.1074 0008506  47.7997 312.3961 15.23496635 42121
FLOCK 3P-56             
1 42042U 17008CY  17323.14426083  .00003513  00000-0  14808-3 0  9998
2 42042  97.4782  24.1876 0008371  46.8355 313.3581 15.23963477 41926
FLOCK 3P-81             
1 42043U 17008CZ  17322.81861324  .00002276  00000-0  98295-4 0  9991
2 42043  97.4811  23.8145 0008804  27.9178 332.2530 15.23515225 41253
FLOCK 3P-87             
1 42044U 17008DA  17322.17091808  .00005729  00000-0  24278-3 0  9998
2 42044  97.4809  23.1332 0009021  27.0450 333.1255 15.23507012 41303
FLOCK 3P-29             
1 42045U 17008DB  17322.76379969  .00003845  00000-0  16405-3 0  9991
2 42045  97.4790  23.6536 0008477  22.6947 337.4663 15.23490255 41243
FLOCK 3P-82             
1 42046U 17008DC  17322.23727791  .00004555  00000-0  19289-3 0  9996
2 42046  97.4808  23.2052 0008912  27.5389 332.6318 15.23642971 41216
FLOCK 3P-78             
1 42047U 17008DD  17322.76165786  .00003191  00000-0  13662-3 0  9999
2 42047  97.4809  23.7334 0008781  25.2841 334.8824 15.23498900 41226
FLOCK 3P-74             
1 42048U 17008DE  17323.16415059  .00002553  00000-0  10995-3 0  9993
2 42048  97.4811  24.1243 0009097  24.0633 336.1027 15.23490473 41284
FLOCK 3P-31             
1 42049U 17008DF  17322.18087192  .00005669  00000-0  24055-3 0  9991
2 42049  97.4792  23.0562 0008675  25.7055 334.4612 15.23466643 40598
FLOCK 3P-83             
1 42050U 17008DG  17323.16674532  .00001755  00000-0  76561-4 0  9994
2 42050  97.4805  24.1081 0009032  24.8542 335.3128 15.23479826 42010
FLOCK 3P-72             
1 42051U 17008DH  17322.75163913  .00001813  00000-0  78921-4 0  9992
2 42051  97.4813  23.7607 0008548  25.9547 334.2117 15.23506191 39543
LEMUR-2-REDFERN-GOES    
1 42059U 98067LA  17323.09444161  .00023756  00000-0  24599-3 0  9990
2 42059  51.6374 336.6679 0005813 138.8443 221.2992 15.64563479 40209
LEMUR-2-TRUTNA          
1 42067U 98067LC  17322.36234885  .00059230  00000-0  42114-3 0  9997
2 42067  51.6355 334.7430 0004445 109.7939 250.3539 15.73279785 39996
LEMUR-2-AUSTINTACIOUS   
1 42068U 98067LD  17322.48070230  .00030992  00000-0  29701-3 0  9994
2 42068  51.6375 338.5708 0005440 124.6128 235.5382 15.66356153 40058
LEMUR-2-TRUTNAHD        
1 42069U 98067LE  17323.18043215  .00026869  00000-0  27017-3 0  9992
2 42069  51.6384 335.7621 0005124 134.4410 225.7005 15.65233716 40202
HAVELSAT                
1 42700U 98067LH  17323.15274710  .00021969  00000-0  25489-3 0  9994
2 42700  51.6387 340.8206 0004031 168.1352 191.9738 15.61701054 29102
SOMP 2                  
1 42701U 98067LJ  17323.18131804  .00020731  00000-0  24526-3 0  9991
2 42701  51.6384 341.0132 0004060 168.3104 191.7984 15.61233432 29099
COLUMBIA                
1 42702U 98067LK  17323.17502523  .00076868  00000-0  59117-3 0  9997
2 42702  51.6352 336.4410 0003260  99.5970 260.5396 15.71325902 29085
SGSAT                   
1 42703U 98067LL  17323.19279020  .00051450  00000-0  47071-3 0  9999
2 42703  51.6357 338.0625 0003843  66.5067 293.6333 15.67276543 29051
CXBN-2                  
1 42704U 98067LM  17323.12175486  .00021068  00000-0  24837-3 0  9991
2 42704  51.6391 341.3677 0002555  84.6504 275.4781 15.61317598 29011
ICECUBE                 
1 42705U 98067LN  17323.11303909  .00032790  00000-0  35524-3 0  9993
2 42705  51.6414 340.5803 0002942  91.0882 269.0449 15.63235706 29080
PHOENIX                 
1 42706U 98067LP  17323.23257593  .00018567  00000-0  21931-3 0  9997
2 42706  51.6385 340.6078 0001623  83.7668 276.3511 15.61361643 29021
X-CUBESAT               
1 42707U 98067LQ  17323.22615804  .00021843  00000-0  25383-3 0  9996
2 42707  51.6372 340.5525 0001707  81.2733 278.8454 15.61668968 29015
QBEE50-LTU-OC           
1 42708U 98067LR  17323.10690273  .00020523  00000-0  24085-3 0  9999
2 42708  51.6378 341.2572 0001702  84.1373 275.9814 15.61456400 28955
ALTAIR PATHFINDER       
1 42711U 98067LS  17323.17517825  .00012827  00000-0  16727-3 0  9993
2 42711  51.6386 342.4654 0004522 102.2762 257.8737 15.59082729 28655
SHARC                   
1 42712U 98067LT  17323.19429479  .00011950  00000-0  16017-3 0  9991
2 42712  51.6402 342.6079 0002681 103.6681 256.4610 15.58428987 28897
ZA-AEROSAT              
1 42713U 98067LU  17323.10851154  .00018313  00000-0  22519-3 0  9996
2 42713  51.6385 342.0260 0002950  83.1173 277.0156 15.60315962 28650
LINK                    
1 42714U 98067LV  17323.13520344  .00030016  00000-0  32787-3 0  9996
2 42714  51.6365 340.6893 0003318  73.1152 287.0206 15.63070657 28783
CSUNSAT 1               
1 42715U 98067LW  17323.10756423  .00018240  00000-0  22260-3 0  9993
2 42715  51.6391 342.0175 0004811  90.4884 269.6661 15.60513148 28656
UPSAT                   
1 42716U 98067LX  17323.19188383  .00026655  00000-0  29704-3 0  9996
2 42716  51.6384 340.3317 0002278 157.9098 202.1995 15.62626549 28811
SPACECUBE               
1 42717U 98067LY  17323.18676226  .00021507  00000-0  25312-3 0  9996
2 42717  51.6383 341.0462 0002527 163.2025 196.9053 15.61347700 28045
HOOPOE                  
1 42718U 98067LZ  17323.22090531  .00023924  00000-0  27362-3 0  9993
2 42718  51.6381 340.5244 0002435 157.1819 202.9283 15.62020966 28054
CHALLENGER              
1 42721U 98067MA  17323.22620098  .00034710  00000-0  36254-3 0  9999
2 42721  51.6369 339.7947 0004860 139.6051 220.5306 15.64132103 27769
NJUST-1                 
1 42722U 98067MB  17323.14244027  .00017218  00000-0  21483-3 0  9997
2 42722  51.6388 342.2491 0005906 153.6916 206.4378 15.59971278 27728
UNSW-ECO                
1 42723U 98067MC  17322.29526373  .00032048  00000-0  36589-3 0  9991
2 42723  51.6392 345.5958 0005242 143.9085 216.2264 15.61887442 27589
DUTHSAT                 
1 42724U 98067MD  17323.18438175  .00033955  00000-0  36039-3 0  9991
2 42724  51.6380 340.2769 0004040 139.4483 220.6813 15.63738323 27669
LILACSAT-1              
1 42725U 98067ME  17323.18969484  .00020219  00000-0  24497-3 0  9998
2 42725  51.6389 341.8178 0004685 151.7443 208.3805 15.60624960 27648
NSIGHT-1                
1 42726U 98067MF  17323.04224716  .00009146  00000-0  12611-3 0  9997
2 42726  51.6398 343.8395 0005592 160.0361 200.0851 15.58001084 27601
SNUSAT-1                
1 42727U 98067MG  17322.74154149  .00024769  00000-0  30009-3 0  9995
2 42727  51.6377 344.0593 0007207 114.3859 245.7887 15.60473320 27537
QBITO                   
1 42728U 98067MH  17323.21613640  .00022748  00000-0  26857-3 0  9996
2 42728  51.6402 341.2583 0002229 141.6169 218.4984 15.61228285 27456
AALTO-2                 
1 42729U 98067MJ  17323.21498617  .00022620  00000-0  26660-3 0  9993
2 42729  51.6390 341.2395 0002170 139.3409 220.7747 15.61276236 27463
SUSAT                   
1 42730U 98067MK  17323.23026183  .00020665  00000-0  24727-3 0  9991
2 42730  51.6384 341.3366 0002394 140.1587 219.9583 15.60942879 27451
I-INSPIRE II            
1 42731U 98067ML  17322.72899123  .00026331  00000-0  29897-3 0  9996
2 42731  51.6374 343.2234 0006886  97.0969 263.0808 15.62130034 27432
POLYITAN-2-SAU          
1 42732U 98067MM  17322.56679415  .00024421  00000-0  28578-3 0  9992
2 42732  51.6380 344.3936 0006910  97.3949 262.7830 15.61392786 27401
SNUSAT-1B               
1 42733U 98067MN  17323.23059528  .00020625  00000-0  24691-3 0  9999
2 42733  51.6383 341.3300 0006963 103.3879 256.7891 15.60912166 27505
EXALTA-1                
1 42734U 98067MP  17322.60628522  .00029644  00000-0  33649-3 0  9999
2 42734  51.6373 343.9063 0007373 122.4234 237.7474 15.62065096 27365
AOXIANG-1               
1 42735U 98067MQ  17323.19951941  .00017639  00000-0  21881-3 0  9995
2 42735  51.6381 341.8748 0006491 151.2896 208.8455 15.60100942 28868
BEEAGLESAT              
1 42736U 98067MR  17323.33405567  .00021958  00000-0  26620-3 0  9995
2 42736  51.6418 341.0148 0007369 153.1036 327.1223 15.60534367 27575
ATLANTIS                
1 42737U 98067MS  17323.18054014  .00063331  00000-0  53728-3 0  9996
2 42737  51.6346 337.9682 0004914 112.0830 248.0689 15.69034925 27494
LEMUR-2-ANGELA          
1 42752U 17019B   17323.29962851  .00003867  00000-0  15096-3 0  9994
2 42752  51.6449  17.1124 0010829 174.0789 271.8756 15.28261416 25002
LEMUR-2-JENNYBARNA      
1 42753U 17019C   17322.61545189  .00003465  00000-0  13542-3 0  9999
2 42753  51.6428  20.2344 0010367 172.1016 188.0129 15.28557039 24841
LEMUR-2-ROBMOORE        
1 42754U 17019D   17323.30793698  .00003495  00000-0  13801-3 0  9998
2 42754  51.6441  17.1559 0010999 176.4899 271.9645 15.28177781 24989
LEMUR-2-SPIROVISION     
1 42755U 17019E   17323.14864398  .00003501  00000-0  13706-3 0  9999
2 42755  51.6427  17.7861 0010394 176.9715 183.1330 15.28469057 24858
UCLSAT                  
1 42765U 17036A   17323.15872310  .00001884  00000-0  87305-4 0  9992
2 42765  97.4315  21.1045 0013693  92.8506 267.4297 15.21246534 22778
LITUANICASAT-2          
1 42768U 17036D   17323.12681683  .00003013  00000-0  14083-3 0  9991
2 42768  97.4323  20.8469 0017726  83.2317 277.0934 15.20424989 22632
LEMUR-2-SHAINAJOHL      
1 42771U 17036G   17322.72164879  .00003047  00000-0  14252-3 0  9998
2 42771  97.4321  20.4700 0016916  83.8418 276.4744 15.20403324 22515
LEMUR-2-XUENITERENCE    
1 42772U 17036H   17322.65136755  .00002966  00000-0  13867-3 0  9993
2 42772  97.4321  20.4103 0016586  83.8600 276.4525 15.20442324 22508
LEMUR-2-LUCYBRYCE       
1 42773U 17036J   17323.16792872  .00002754  00000-0  12831-3 0  9994
2 42773  97.4320  20.9440 0016306  82.0101 278.2984 15.20631821 22583
LEMUR-2-KUNGFOO         
1 42774U 17036K   17323.17130375  .00002300  00000-0  10805-3 0  9996
2 42774  97.4320  20.9430 0016300  81.8948 278.4136 15.20512810 22579
AALTO-1                 
1 42775U 17036L   17323.17230601  .00001295  00000-0  62535-4 0  9990
2 42775  97.4315  20.9361 0016011  80.7744 279.5302 15.20333902 22589
URSA MAIOR              
1 42776U 17036M   17323.16810407  .00001391  00000-0  66862-4 0  9992
2 42776  97.4319  20.9472 0015866  81.0842 279.2188 15.20391693 22587
COMPASS 2               
1 42777U 17036N   17322.73615461  .00002848  00000-0  13139-3 0  9994
2 42777  97.4333  20.6269 0014883  86.5381 273.7557 15.20960545 22511
LEMUR-2-LYNSEY-SYMO     
1 42779U 17036Q   17322.71389441  .00003317  00000-0  15129-3 0  9993
2 42779  97.4327  20.6407 0014462  92.5659 267.7232 15.21243394 22507
LEMUR-2-LISASAURUS      
1 42780U 17036R   17322.71624392  .00002906  00000-0  13330-3 0  9997
2 42780  97.4323  20.6318 0014372  92.2507 268.0374 15.21142509 22513
LEMUR-2-SAM-AMELIA      
1 42781U 17036S   17322.70965497  .00003241  00000-0  14777-3 0  9990
2 42781  97.4323  20.6391 0014259  92.9433 267.3434 15.21276743 22500
LEMUR-2-MCPEAKE         
1 42782U 17036T   17322.70669800  .00003262  00000-0  14856-3 0  9991
2 42782  97.4325  20.6469 0014132  92.5435 267.7419 15.21311858 22501
DIAMOND RED             
1 42783U 17036U   17322.38809884  .00001879  00000-0  87682-4 0  9994
2 42783  97.4318  20.3027 0014261  94.6584 265.6281 15.20992756 22462
PEGASUS                 
1 42784U 17036V   17322.38287709  .00002256  00000-0  10438-3 0  9995
2 42784  97.4322  20.3124 0014255  95.1084 265.1779 15.21091714 22462
DIAMOND GREEN           
1 42785U 17036W   17322.38718655  .00001955  00000-0  91125-4 0  9993
2 42785  97.4321  20.3083 0014157  95.1627 265.1225 15.20988513 22535
DIAMOND BLUE            
1 42786U 17036X   17322.64873853  .00001908  00000-0  89090-4 0  9991
2 42786  97.4320  20.5690 0013990  94.7267 265.5567 15.20967808 22504
NUDTSAT                 
1 42787U 17036Y   17323.15351702  .00002580  00000-0  11779-3 0  9998
2 42787  97.4320  21.1164 0013817  93.0805 267.2012 15.21425865 22424
SUCHAI                  
1 42788U 17036Z   17323.16031275  .00002119  00000-0  97717-4 0  9995
2 42788  97.4318  21.1054 0013859  92.8622 267.4200 15.21270194 22659
SKCUBE                  
1 42789U 17036AA  17322.23662680  .00002553  00000-0  11711-3 0  9994
2 42789  97.4320  20.1984 0013694  95.6628 264.6170 15.21273556 22434
VZLUSAT-1               
1 42790U 17036AB  17322.42338268  .00003106  00000-0  14101-3 0  9990
2 42790  97.4320  20.4038 0013360  95.6803 264.5957 15.21460968 22464
ROBUSTA-1B              
1 42792U 17036AD  17323.14503215  .00001901  00000-0  87640-4 0  9998
2 42792  97.4316  21.1185 0013237  93.9631 266.3118 15.21409381 22589
CICERO 6                
1 42793U 17036AE  17322.73659494  .00001801  00000-0  83132-4 0  9995
2 42793  97.4313  20.7441 0012347  95.8209 264.4435 15.21456360 22591
D-SAT                   
1 42794U 17036AF  17323.15943784  .00000505  00000-0  50062-4 0  9997
2 42794  97.6237  20.3950 0125921 260.6971  97.9990 14.90706292 22436
TOKI                    
1 42820U 98067MU  17322.31187494  .00022468  00000-0  28070-3 0  9990
2 42820  51.6381 347.1972 0003809  75.9034 284.2383 15.59747580 20882
GHANASAT-1              
1 42821U 98067MV  17322.31965618  .00021897  00000-0  27554-3 0  9994
2 42821  51.6381 347.2493 0003739  78.4045 281.7368 15.59574444 20864
MAZAALAI (NUMSAT-1)     
1 42822U 98067MW  17323.21645226  .00018634  00000-0  23479-3 0  9992
2 42822  51.6383 342.7387 0003688  83.2346 276.9067 15.59657100 20986
BRAC ONNESHA            
1 42823U 98067MX  17323.21837129  .00018678  00000-0  23516-3 0  9998
2 42823  51.6386 342.7566 0006230 109.9913 250.1752 15.59664550 20983
NIGERIAEDUSAT-1         
1 42824U 98067MY  17322.51944206  .00019323  00000-0  24412-3 0  9990
2 42824  51.6392 346.3416 0006071 107.6975 252.4681 15.59547660 20899
LEMUR-2-GREENBERG       
1 42837U 17042N   17322.70549190  .00001072  00000-0  11314-3 0  9991
2 42837  97.6078 227.8791 0013152 171.8914 188.2520 14.91198419 18981
LEMUR-2-ANDIS           
1 42838U 17042P   17322.70371540  .00001129  00000-0  11887-3 0  9992
2 42838  97.6078 227.8807 0013256 171.8181 188.3257 14.91216874 18985
LEMUR-2-MONSON          
1 42839U 17042Q   17322.29401938  .00000801  00000-0  85853-4 0  9993
2 42839  97.6078 227.5006 0013062 172.3691 187.7729 14.91260062 18920
LEMUR-2-FURIAUS         
1 42840U 17042R   17322.55808328  .00001203  00000-0  12591-3 0  9993
2 42840  97.6077 227.7640 0013043 171.8412 188.3021 14.91352842 18954
LEMUR-2-PETERG          
1 42841U 17042S   17322.74815311  .00001167  00000-0  12189-3 0  9997
2 42841  97.6079 227.9740 0012762 169.4482 190.7007 14.91484496 18993
LEMUR-2-DEMBITZ         
1 42842U 17042T   17322.47792537  .00001097  00000-0  11486-3 0  9993
2 42842  97.6077 227.7151 0012744 170.8315 189.3139 14.91504423 18956
LEMUR-2-ZACHARY         
1 42845U 17042W   17322.52683878  .00000856  00000-0  90383-4 0  9995
2 42845  97.6027 227.7194 0012967 175.4980 184.6358 14.91699955 18953
FLOCK 2K-03             
1 42850U 17042AB  17322.79770831  .00010871  00000-0  32472-3 0  9998
2 42850  96.9947 225.0154 0011987 146.6174 213.5828 15.34688068 19344
FLOCK 2K-04             
1 42851U 17042AC  17322.27967493  .00014263  00000-0  42499-3 0  9993
2 42851  96.9951 224.5195 0011677 149.7341 210.4579 15.34707288 19261
FLOCK 2K-01             
1 42852U 17042AD  17322.53869624  .00013748  00000-0  40955-3 0  9992
2 42852  96.9946 224.7671 0011590 147.5767 212.6191 15.34723614 19309
FLOCK 2K-02             
1 42853U 17042AE  17322.70850021  .00003215  00000-0  10233-3 0  9997
2 42853  96.9954 224.8500 0012644 147.8962 212.3054 15.33178648 19329
FLOCK 2K-47             
1 42854U 17042AF  17322.79607289  .00007225  00000-0  21685-3 0  9991
2 42854  96.9945 225.0167 0011433 144.8394 215.3607 15.34665107 19344
FLOCK 2K-48             
1 42855U 17042AG  17323.18582667  .00006610  00000-0  19856-3 0  9992
2 42855  96.9946 225.3944 0011461 143.9227 216.2792 15.34669876 19407
FLOCK 2K-45             
1 42856U 17042AH  17322.79292602  .00006153  00000-0  18498-3 0  9999
2 42856  96.9946 225.0222 0011545 144.2106 215.9914 15.34666880 19344
FLOCK 2K-24             
1 42857U 17042AJ  17322.72660824  .00008048  00000-0  24105-3 0  9995
2 42857  96.9947 224.9608 0011759 142.5453 217.6613 15.34691049 19334
FLOCK 2K-46             
1 42858U 17042AK  17322.79051212  .00009417  00000-0  28150-3 0  9993
2 42858  96.9950 225.0311 0011794 143.7064 216.4983 15.34705256 19346
FLOCK 2K-23             
1 42859U 17042AL  17322.26725615  .00007369  00000-0  22072-3 0  9992
2 42859  96.9951 224.5355 0011746 145.9918 214.2081 15.34716879 19268
FLOCK 2K-21             
1 42860U 17042AM  17322.26569015  .00006352  00000-0  19080-3 0  9990
2 42860  96.9949 224.5372 0011819 145.6815 214.5195 15.34680777 19266
FLOCK 2K-22             
1 42861U 17042AN  17323.19248462  .00006115  00000-0  18439-3 0  9998
2 42861  96.9954 225.3893 0011821 140.8714 219.3388 15.34572807 19405
FLOCK 2K-07             
1 42862U 17042AP  17322.85093814  .00012287  00000-0  36672-3 0  9996
2 42862  96.9952 225.0971 0012107 144.4350 215.7703 15.34684526 19360
FLOCK 2K-08             
1 42863U 17042AQ  17322.52217314  .00013390  00000-0  39929-3 0  9998
2 42863  96.9949 224.7861 0012052 145.8666 214.3356 15.34692975 19305
FLOCK 2K-05             
1 42864U 17042AR  17322.52373419  .00013664  00000-0  40688-3 0  9996
2 42864  96.9953 224.7885 0012133 144.7985 215.4063 15.34733037 19301
FLOCK 2K-40             
1 42865U 17042AS  17322.45554470  .00013696  00000-0  40817-3 0  9996
2 42865  96.9954 224.7312 0012009 146.2566 213.9445 15.34706507 19299
FLOCK 2K-39             
1 42866U 17042AT  17322.25850459  .00007851  00000-0  23513-3 0  9991
2 42866  96.9950 224.5446 0012048 146.2953 213.9060 15.34695943 19266
FLOCK 2K-37             
1 42867U 17042AU  17322.51792645  .00013417  00000-0  40007-3 0  9995
2 42867  96.9952 224.7954 0012026 145.9308 214.2710 15.34695323 19304
FLOCK 2K-38             
1 42868U 17042AV  17322.97126776  .00007208  00000-0  21619-3 0  9991
2 42868  96.9951 225.2321 0012015 143.7358 216.4702 15.34680411 19371
FLOCK 2K-31             
1 42869U 17042AW  17322.77389195  .00006621  00000-0  19877-3 0  9997
2 42869  96.9950 225.0472 0012133 143.0481 217.1601 15.34678150 19347
FLOCK 2K-32             
1 42870U 17042AX  17322.31616082  .00013956  00000-0  41526-3 0  9992
2 42870  96.9948 224.6164 0012144 144.7888 215.4161 15.34750608 19273
FLOCK 2K-29             
1 42871U 17042AY  17322.77107278  .00005116  00000-0  15389-3 0  9992
2 42871  96.9949 225.0534 0012361 142.6209 217.5897 15.34718851 19347
FLOCK 2K-30             
1 42872U 17042AZ  17322.31325668  .00003242  00000-0  98397-4 0  9997
2 42872  96.9948 224.6200 0012207 145.4186 214.7855 15.34698737 19260
FLOCK 2K-44             
1 42873U 17042BA  17322.70291809  .00007567  00000-0  22650-3 0  9992
2 42873  96.9950 224.9956 0013585 133.9535 226.2833 15.34707286 19337
FLOCK 2K-43             
1 42874U 17042BB  17322.27276453  .00003134  00000-0  98033-4 0  9998
2 42874  96.9951 224.5298 0014144 137.6295 222.6043 15.33740194 19269
FLOCK 2K-41             
1 42875U 17042BC  17322.24511019  .00005670  00000-0  17041-3 0  9992
2 42875  96.9952 224.5612 0013603 136.9249 223.3062 15.34687923 19261
FLOCK 2K-36             
1 42876U 17042BD  17322.50274722  .00005434  00000-0  16346-3 0  9994
2 42876  96.9953 224.8169 0013935 136.5675 223.6669 15.34672106 19308
FLOCK 2K-35             
1 42877U 17042BE  17322.30874523  .00003847  00000-0  11626-3 0  9990
2 42877  96.9951 224.6277 0013698 136.7915 223.4407 15.34708281 19278
FLOCK 2K-34             
1 42878U 17042BF  17322.63170503  .00004666  00000-0  14062-3 0  9991
2 42878  96.9951 224.9364 0013929 136.7559 223.4782 15.34686312 19322
FLOCK 2K-33             
1 42879U 17042BG  17322.69398272  .00006521  00000-0  19558-3 0  9990
2 42879  96.9951 225.0021 0013994 136.2091 224.0265 15.34690800 19334
FLOCK 2K-28             
1 42880U 17042BH  17322.26938078  .00003086  00000-0  96541-4 0  9990
2 42880  96.9954 224.5360 0014098 138.2845 221.9476 15.33748193 19264
LEMUR-2-ARTFISCHER      
1 42881U 17042BJ  17322.51355689  .00006551  00000-0  19885-3 0  9995
2 42881  96.9979 224.8429 0014598 138.7365 221.4985 15.34302476 19292
FLOCK 2K-27             
1 42882U 17042BK  17323.21393515  .00010983  00000-0  32768-3 0  9993
2 42882  96.9954 225.5043 0014091 134.8906 225.3485 15.34696046 19413
FLOCK 2K-26             
1 42883U 17042BL  17323.21112080  .00010455  00000-0  31203-3 0  9997
2 42883  96.9949 225.5050 0014038 133.6761 226.5649 15.34699147 19413
FLOCK 2K-25             
1 42884U 17042BM  17322.69552976  .00007869  00000-0  23546-3 0  9997
2 42884  96.9949 224.9985 0014004 135.8660 224.3704 15.34700317 19330
FLOCK 2K-20             
1 42885U 17042BN  17323.20974873  .00010198  00000-0  30439-3 0  9998
2 42885  96.9951 225.5092 0014100 133.5862 226.6555 15.34701482 19418
FLOCK 2K-19             
1 42886U 17042BP  17322.69114737  .00012432  00000-0  37039-3 0  9992
2 42886  96.9954 225.0117 0014094 135.5900 224.6477 15.34710792 19338
FLOCK 2K-18             
1 42887U 17042BQ  17322.67927550  .00003896  00000-0  11777-3 0  9991
2 42887  96.9950 225.0230 0014428 134.7167 225.5255 15.34681355 19334
FLOCK 2K-17             
1 42888U 17042BR  17322.68358207  .00006514  00000-0  19546-3 0  9992
2 42888  96.9945 225.0118 0014307 134.0030 226.2396 15.34673497 19334
FLOCK 2K-16             
1 42889U 17042BS  17322.62012501  .00011020  00000-0  32836-3 0  9996
2 42889  96.9952 224.9567 0013918 134.2496 225.9893 15.34739520 19321
FLOCK 2K-15             
1 42890U 17042BT  17322.67796719  .00004999  00000-0  15024-3 0  9990
2 42890  96.9955 225.0327 0014400 134.4156 225.8269 15.34731307 19336
FLOCK 2K-13             
1 42891U 17042BU  17322.29546554  .00009747  00000-0  29085-3 0  9997
2 42891  96.9950 224.6433 0014254 133.2722 226.9715 15.34721159 19273
FLOCK 2K-14             
1 42892U 17042BV  17323.20248973  .00005905  00000-0  17701-3 0  9998
2 42892  96.9945 225.5105 0014481 131.8027 228.4457 15.34739790 19414
FLOCK 2K-12             
1 42893U 17042BW  17322.67500417  .00003885  00000-0  11711-3 0  9993
2 42893  96.9953 225.0318 0014487 134.3711 225.8723 15.34768087 19338
FLOCK 2K-11             
1 42894U 17042BX  17322.68243133  .00012480  00000-0  37138-3 0  9996
2 42894  96.9951 225.0229 0014456 131.2765 228.9727 15.34741109 19333
FLOCK 2K-10             
1 42895U 17042BY  17322.54612745  .00009041  00000-0  26969-3 0  9990
2 42895  96.9949 224.8980 0014583 133.3848 226.8614 15.34747726 19319
FLOCK 2K-09             
1 42896U 17042BZ  17322.80370027  .00003659  00000-0  11069-3 0  9998
2 42896  96.9953 225.1555 0014387 131.9077 228.3397 15.34694780 19526
FLOCK 2K-06             
1 42897U 17042CA  17323.03793191  .00009272  00000-0  27725-3 0  9999
2 42897  96.9952 225.2934 0012126 143.2310 216.9768 15.34696964 19388
SILU-1 (SILKROAD 1)     
1 42903U 17021F   17322.92011645  .00022289  00000-0  23941-3 0  9997
2 42903  42.7794 153.5847 0009041 267.3684 199.1658 15.63268899 16931
FLOCK 3M-1              
1 42995U 17068J   17322.87257524  .00001273  00000-0  65662-4 0  9998
2 42995  97.3428  76.5405 0018519 158.1110 202.0920 15.17990256  2723
FLOCK 3M-3              
1 42996U 17068K   17322.87068376  .00001271  00000-0  65261-4 0  9997
2 42996  97.3382  76.5306 0017868 158.6234 201.5751 15.18150601  2720
FLOCK 3M-4              
1 42997U 17068L   17323.13337682  .00001132  00000-0  58359-4 0  9993
2 42997  97.3595  76.8480 0017589 158.8635 201.3330 15.18228173  2765
FLOCK 3M-2              
1 42998U 17068M   17322.99803135  .00001330  00000-0  67478-4 0  9990
2 42998  97.3496  76.6954 0015949 154.9153 205.2860 15.18527374  2744
