CUTE-1 (CO-55)          
1 27844U 03031E   19076.92550143  .00000052  00000-0  43256-4 0  9995
2 27844  98.6868  86.5145 0008802 303.2354  56.7979 14.22165053815061
CUBESAT XI-IV (CO-57)   
1 27848U 03031J   19076.96166620  .00000043  00000-0  39602-4 0  9996
2 27848  98.6948  87.0288 0008858 315.5715  44.4751 14.21761964814935
CUBESAT XI-V            
1 28895U 05043F   19076.94470473  .00000110  00000-0  29936-4 0  9990
2 28895  97.9431 222.9351 0015446 285.4397  74.5100 14.63638733713685
CUTE-1.7+APD II (CO-65) 
1 32785U 08021C   19077.17300441  .00000203  00000-0  27521-4 0  9996
2 32785  97.5491  81.2579 0012412 203.6255 156.4394 14.88263672589929
AAUSAT-II               
1 32788U 08021F   19076.59506790  .00000842  00000-0  82606-4 0  9993
2 32788  97.5036  96.4188 0012801 146.2025 214.0014 14.94628176590912
DELFI-C3 (DO-64)        
1 32789U 08021G   19076.71621830  .00000958  00000-0  68420-4 0  9997
2 32789  97.4763 129.1427 0013948  85.4479 274.8341 15.06720680592869
SEEDS II (CO-66)        
1 32791U 08021J   19076.74241803  .00000222  00000-0  27941-4 0  9998
2 32791  97.5303  86.7122 0013316 180.7637 179.3564 14.90753503590188
SWISSCUBE               
1 35932U 09051B   19076.90875874  .00000116  00000-0  37258-4 0  9995
2 35932  98.5761 240.2185 0008815  91.5868 268.6339 14.56253324503236
BEESAT-1                
1 35933U 09051C   19077.39846612  .00000106  00000-0  34862-4 0  9995
2 35933  98.5795 242.4331 0007024 101.6179 258.5807 14.56346627503451
ITUPSAT1                
1 35935U 09051E   19076.99059968  .00000091  00000-0  31957-4 0  9997
2 35935  98.5906 242.2574 0009333  99.6912 260.5339 14.55510755503154
TISAT 1                 
1 36799U 10035E   19076.94032939  .00000357  00000-0  42208-4 0  9990
2 36799  98.1410 226.0950 0012916  36.0758 324.1328 14.91027419470744
M-CUBED & EXP-1 PRIME   
1 37855U 11061F   19076.61075535  .00000888  00000-0  52639-4 0  9995
2 37855 101.7273 284.3713 0174317 352.6716   7.1952 15.05197563402307
STRAND-1                
1 39090U 13009E   19077.05509500  .00000034  00000-0  27090-4 0  9991
2 39090  98.4977 284.5147 0008725 197.5314 162.5571 14.35074116317101
SOMP                    
1 39134U 13015E   19076.92135222  .00001284  00000-0  68646-4 0  9998
2 39134  64.8639 320.9393 0021866 317.1278  42.8143 15.19902632326112
BEESAT-3                
1 39135U 13015F   19076.94376078  .00000777  00000-0  48659-4 0  9995
2 39135  64.8698 337.8886 0009883 295.9573  64.0535 15.17263349325784
BEESAT-2                
1 39136U 13015G   19077.14431641  .00000876  00000-0  54382-4 0  9997
2 39136  64.8713 340.7813 0011402 294.1502  65.8431 15.16707495326137
NEE-01 PEGASO           
1 39151U 13018B   19077.25963134  .00000151  00000-0  26934-4 0  9994
2 39151  97.9688 174.3781 0018106 138.2454 222.0143 14.80010249318052
ESTCUBE 1               
1 39161U 13021C   19077.49128224  .00000161  00000-0  33350-4 0  9999
2 39161  97.9911 163.9750 0008024 263.0802  96.9522 14.72169054314802
POPACS 1                
1 39268U 13055D   19076.95788086  .00003331  00000-0  91265-4 0  9993
2 39268  81.0011  58.6663 0630412 138.0030 227.1320 14.36191308283721
POPACS 2                
1 39269U 13055E   19076.46734265  .00002112  00000-0  61154-4 0  9990
2 39269  81.0118  86.8817 0685846 211.2109 144.6603 14.23435675282007
POPACS 3                
1 39270U 13055F   19076.37824017  .00001252  00000-0  39542-4 0  9997
2 39270  81.0141 102.5744 0714493 256.9544  95.0991 14.15553379280998
ZACUBE-1 (TSHEPISOSAT)  
1 39417U 13066B   19076.94606411  .00000216  00000-0  33559-4 0  9992
2 39417  97.5686  95.6322 0058357 339.5130  20.3743 14.81069420287311
WNISAT-1                
1 39423U 13066H   19077.42603183 -.00000023  00000-0  55131-5 0  9994
2 39423  97.7663  25.9282 0174358 241.1231 117.2374 14.53021686282059
TRITON-1                
1 39427U 13066M   19077.49477590  .00000216  00000-0  41992-4 0  9998
2 39427  97.6677  60.6190 0115369 100.5514 260.8712 14.67792628284813
GOMX-1                  
1 39430U 13066Q   19077.53263413  .00000146  00000-0  35401-4 0  9994
2 39430  97.7347  40.2188 0151098 184.3160 175.6730 14.59207486283163
CUBEBUG-2 (LO-74)       
1 39440U 13066AA  19076.93308934  .00000240  00000-0  40259-4 0  9998
2 39440  97.6015  80.8535 0081021  27.3422 333.2017 14.75807152285094
NEE-02 KRYSAOR          
1 39441U 13066AB  19076.91723122  .00000161  00000-0  29868-4 0  9992
2 39441  97.6046  78.7151 0082660  33.7503 326.8930 14.74872942284965
FUNCUBE-1 (AO-73)       
1 39444U 13066AE  19077.47017293  .00000261  00000-0  38602-4 0  9999
2 39444  97.5675  97.9790 0057273 332.0008  27.8128 14.81878681286271
UWE-3                   
1 39446U 13066AG  19076.96065706  .00000240  00000-0  38529-4 0  9991
2 39446  97.5838  87.7779 0070131   3.9700 356.2053 14.78342302284972
BRITE-CA1 (TORONTO)     
1 40020U 14033L   19077.57065908  .00000099  00000-0  25021-4 0  9993
2 40020  97.7564 286.4566 0088915  90.3656 270.7738 14.66557126253808
DUCHIFAT-1              
1 40021U 14033M   19076.83914138  .00000326  00000-0  39186-4 0  9990
2 40021  97.9224   1.1426 0013076   3.1634 356.9664 14.90547469257710
NANOSATC-BR1            
1 40024U 14033Q   19076.75016276  .00000306  00000-0  37846-4 0  9999
2 40024  97.9131 358.7049 0012452   6.6644 353.4736 14.89773163257080
QB50P1                  
1 40025U 14033R   19076.82387048  .00000254  00000-0  33064-4 0  9996
2 40025  97.9066 356.6598 0012766  11.7980 348.3533 14.88883718257504
QB50P2                  
1 40032U 14033Y   19076.72936921  .00000269  00000-0  35082-4 0  9991
2 40032  97.8999 354.8771 0012103   8.5104 351.6316 14.88422270256895
PERSEUS-M2              
1 40037U 14033AD  19076.79731780  .00000094  00000-0  16922-4 0  9997
2 40037  97.8947 351.5444 0014846  18.4069 341.7681 14.86433620257176
PERSEUS-M1              
1 40039U 14033AF  19077.36334273  .00000074  00000-0  14774-4 0  9990
2 40039  97.8935 351.2821 0014606  14.0217 346.1401 14.86054249257199
POLYITAN-1              
1 40042U 14033AJ  19077.47471308  .00000352  00000-0  43864-4 0  9998
2 40042  97.9143 357.5692 0014695 358.4452   1.6717 14.88592704257518
TIGRISAT                
1 40043U 14033AK  19077.11483495  .00000137  00000-0  27646-4 0  9991
2 40043  97.7718 308.8221 0060923  36.7201 323.8159 14.74236148254962
AEROCUBE 6A             
1 40045U 14033AM  19077.19305836  .00000269  00000-0  46014-4 0  9999
2 40045  97.7927 312.2677 0058899  29.6926 330.7605 14.75330421254923
AEROCUBE 6B             
1 40046U 14033AN  19077.19702185  .00000281  00000-0  47759-4 0  9999
2 40046  97.7872 311.9694 0057962  29.1122 331.3298 14.75310202255067
UKUBE-1                 
1 40074U 14037F   19077.39256431  .00000277  00000-0  40411-4 0  9997
2 40074  98.4222 234.1727 0004998 137.9795 222.1849 14.83985897253966
BRITE-PL2 (HEWELIUSZ)   
1 40119U 14049B   19077.23552638  .00000132  00000-0  22160-4 0  9992
2 40119  97.9045 168.6977 0018059 158.9448 201.2514 14.84377931247956
FIREBIRD 4              
1 40378U 15003C   19077.42606164  .00004066  00000-0  16325-3 0  9990
2 40378  99.1033  38.9341 0129261  38.1393 322.8896 15.18355019227923
GRIFEX                  
1 40379U 15003D   19077.35052510  .00002736  00000-0  11967-3 0  9992
2 40379  99.1019  33.4790 0137163  55.1357 306.2678 15.15154477227606
EXOCUBE (CP10)          
1 40380U 15003E   19076.81731211  .00001847  00000-0  85945-4 0  9996
2 40380  99.1042  29.9029 0142071  66.6852 294.9252 15.13205468227314
TIANWANG 1C (TW-1C)     
1 40926U 15051B   19077.48632391  .00012543  00000-0  19744-3 0  9996
2 40926  97.1496 123.8459 0008656   8.0543  99.1831 15.53681332195830
TIANWANG 1A (TW-1A)     
1 40928U 15051D   19077.52223332  .00003756  00000-0  95379-4 0  9999
2 40928  97.1578 110.8475 0013307  53.0472  81.7971 15.40178999194980
EXACTVIEW 9             
1 40936U 15052G   19077.41317819  .00000799  00000-0  22687-4 0  9997
2 40936   6.0044 358.9732 0010944 275.4581  84.4298 14.76460255187567
ATHENOXAT 1             
1 41168U 15077C   19077.50869478  .00002251  00000-0  84930-4 0  9999
2 41168  14.9877 171.5402 0011578 252.1258 107.7800 15.13408368179992
GALASSIA                
1 41170U 15077E   19076.73159772  .00002158  00000-0  78844-4 0  9998
2 41170  14.9883 170.7351 0013047 265.3468  94.5362 15.13745683179932
VELOX-II                
1 41171U 15077F   19076.49679820  .00001679  00000-0  58669-4 0  9993
2 41171  14.9908 202.2776 0008794 185.4079 174.6147 15.11066098179638
HORYU-4                 
1 41340U 16012D   19077.01779928  .00000528  00000-0  33457-4 0  9990
2 41340  31.0059   4.2072 0014077 288.6256  71.2851 15.01192236169070
E-ST@R-II               
1 41459U 16025D   19077.47343287  .00001251  00000-0  68949-4 0  9998
2 41459  98.1048 159.3616 0167008 308.6120  50.0246 15.05158683158674
AAUSAT 4                
1 41460U 16025E   19077.16186205  .00002163  00000-0  11332-3 0  9997
2 41460  98.0983 160.0556 0158211 303.0660  55.5466 15.06905938158734
DIWATA-1                
1 41463U 98067HT  19077.27377075  .00023565  00000-0  14083-3 0  9990
2 41463  51.6324   5.6649 0002250 119.6904   6.6845 15.77752079165168
BEESAT-4                
1 41619U 16040W   19077.13741246  .00001478  00000-0  66023-4 0  9995
2 41619  97.3786 141.0474 0011141 357.6605   2.4577 15.22853251139770
CANX-7                  
1 41788U 16059F   19077.36346944  .00006126  00000-0  96234-3 0  9994
2 41788  98.2318 151.3884 0022989 297.5603  62.3294 14.72786196132411
RAVAN                   
1 41849U 16067B   19077.22291869  .00001135  00000-0  10095-3 0  9997
2 41849  97.9177 175.0086 0007235 342.3162  17.7807 14.98126678128152
CELTEE 1                
1 41850U 16067C   19077.22966274  .00000133  00000-0  16869-4 0  9991
2 41850  97.9144 173.9259 0008174 342.0531  18.0400 14.96963697128091
OPTICUBE 04             
1 41851U 16067D   19077.49296220  .00000247  00000-0  26855-4 0  9990
2 41851  97.9137 174.0187 0008256 342.9461  17.1481 14.96775056128121
AEROCUBE 8D             
1 41852U 16067E   19077.22201896  .00000572  00000-0  55419-4 0  9996
2 41852  97.9148 173.5706 0008938 342.8797  17.2121 14.96660310128064
AEROCUBE 8C             
1 41853U 16067F   19076.84155584 -.00000285  00000-0 -19682-4 0  9991
2 41853  97.9144 173.1296 0009583 343.2009  16.8893 14.96622042128004
PROMETHEUS 2-1          
1 41854U 16067G   19077.22252939  .00000738  00000-0  69687-4 0  9998
2 41854  97.9156 173.6100 0009558 342.9142  17.1756 14.96811420128061
PROMETHEUS 2-3          
1 41855U 16067H   19076.89090111  .00000659  00000-0  62845-4 0  9994
2 41855  97.9159 173.2865 0009801 344.3500  15.7417 14.96815029128016
INS-1B                  
1 41954U 17008G   19076.77447610  .00001482  00000-0  64627-4 0  9992
2 41954  97.4103 142.9998 0010921 109.8938 250.3477 15.23692554115650
BGUSAT                  
1 41999U 17008BD  19077.41028834  .00002612  00000-0  10528-3 0  9992
2 41999  97.4166 145.6213 0009832 120.9468 239.2738 15.25697331115228
DIDO-2                  
1 42000U 17008BE  19076.76268301  .00001007  00000-0  44841-4 0  9991
2 42000  97.4117 143.5207 0009942 125.4151 234.8016 15.23717442115054
PEASSS                  
1 42015U 17008BV  19076.84932145  .00001299  00000-0  55511-4 0  9999
2 42015  97.4121 144.4224 0007746 128.5802 231.6131 15.24629346115601
AL-FARABI 1             
1 42016U 17008BW  19076.75361942  .00001705  00000-0  70781-4 0  9999
2 42016  97.4134 144.7660 0007656 128.4670 231.7256 15.25200596115731
NAYIF-1 (EO-88)         
1 42017U 17008BX  19077.46472791  .00001733  00000-0  71824-4 0  9994
2 42017  97.4130 145.4796 0007673 126.6298 233.5647 15.25233141115861
PHOENIX                 
1 42706U 98067LP  19077.28171558  .00132438  00000-0  42767-3 0  9990
2 42706  51.6258  23.0523 0003850 135.7520 224.3794 15.89955358105153
ALTAIR PATHFINDER       
1 42711U 98067LS  19077.42804909  .00034331  00000-0  23462-3 0  9999
2 42711  51.6326  46.1125 0004090 124.5867 235.5518 15.74452092104525
SHARC                   
1 42712U 98067LT  19077.34186860  .00140378  00000-0  49023-3 0  9990
2 42712  51.6291  39.4793 0004554 120.4582 239.6873 15.88367497104840
ZA-AEROSAT              
1 42713U 98067LU  19077.33251903  .00090277  00000-0  33897-3 0  9995
2 42713  51.6322  28.7641 0004075 127.9342 232.2032 15.87079943104743
CSUNSAT1                
1 42715U 98067LW  19077.31841234  .00130268  17455-4  39993-3 0  9991
2 42715  51.6285  24.8569 0005013 136.2521 223.8883 15.91616954104793
NJUST-1                 
1 42722U 98067MB  19077.36878867  .00067493  00000-0  31555-3 0  9995
2 42722  51.6356  34.0812 0003196 148.7563 347.4989 15.82617994103747
LILACSAT-1 (LO-90)      
1 42725U 98067ME  19077.30577535  .00648964  23176-3  68970-3 0  9991
2 42725  51.6283  16.8135 0003325 131.4138   0.1000 16.09591145103876
NSIGHT                  
1 42726U 98067MF  19077.38868088  .00020910  00000-0  19228-3 0  9991
2 42726  51.6372  59.5788 0004550 165.0665 195.0467 15.67635707103320
SNUSAT-1B               
1 42727U 98067MG  19077.04948877  .00539822  15163-3  70769-3 0  9993
2 42727  51.6220  19.0421 0006184 158.2827 201.8449 16.06272487103789
SNUSAT-1                
1 42733U 98067MN  19073.81661424  .22721454  12576-4  28234-3 0  9995
2 42733  51.6021  29.3648 0005433 200.7020 239.9908 16.49371243103244
BEEAGLESAT              
1 42736U 98067MR  19077.25444135  .00166127  21671-4  45840-3 0  9992
2 42736  51.6280  23.5819 0004715 158.7323 201.3881 15.93550271103690
UCLSAT                  
1 42765U 17036A   19077.40017467  .00001396  00000-0  63167-4 0  9990
2 42765  97.3631 137.3375 0011391 186.0017 174.1085 15.22500895 96426
LITUANICASAT-2          
1 42768U 17036D   19076.91738821  .00002426  00000-0  10773-3 0  9991
2 42768  97.3664 136.4291 0015463 179.8572 180.2671 15.22395422 96193
AALTO-1                 
1 42775U 17036L   19076.71919663  .00000924  00000-0  44460-4 0  9994
2 42775  97.3620 135.6269 0014064 179.8103 180.3141 15.21172016 96076
URSA MAIOR              
1 42776U 17036M   19076.88498422  .00000936  00000-0  44855-4 0  9999
2 42776  97.3628 135.9078 0013925 179.0459 181.0806 15.21292492 96108
COMPASS 2               
1 42777U 17036N   19077.46956023  .00001854  00000-0  82695-4 0  9995
2 42777  97.3661 137.4137 0012783 178.0274 182.1016 15.22571478 96238
DIAMOND RED             
1 42783U 17036U   19077.15056420  .00001084  00000-0  50430-4 0  9997
2 42783  97.3632 136.7677 0012027 187.9225 172.1823 15.21995514 96178
PEGASUS                 
1 42784U 17036V   19077.40962044  .00001275  00000-0  58348-4 0  9992
2 42784  97.3635 137.1974 0011941 186.7000 173.4079 15.22263705 96223
DIAMOND GREEN           
1 42785U 17036W   19077.14937587  .00001087  00000-0  50590-4 0  9990
2 42785  97.3634 136.7876 0011882 188.4565 171.6473 15.21994535 96160
DIAMOND BLUE            
1 42786U 17036X   19077.14837763  .00001065  00000-0  49596-4 0  9996
2 42786  97.3634 136.7857 0011724 188.6526 171.4510 15.21994307 96161
NUDTSAT                 
1 42787U 17036Y   19076.93687638  .00001499  00000-0  66445-4 0  9990
2 42787  97.3682 137.2685 0009871 188.3180 171.7898 15.23110066 96024
SUCHAI                  
1 42788U 17036Z   19077.11200534  .00001464  00000-0  65851-4 0  9990
2 42788  97.3639 137.1448 0011527 186.9095 173.1985 15.22635642 96263
SKCUBE                  
1 42789U 17036AA  19076.72791155  .00001426  00000-0  64373-4 0  9997
2 42789  97.3636 136.7284 0011328 188.2936 171.8115 15.22552962 96120
VZLUSAT-1               
1 42790U 17036AB  19076.72678436  .00001911  00000-0  83837-4 0  9990
2 42790  97.3647 137.0643 0010960 187.3919 172.7158 15.23119720 96140
ROBUSTA-1B              
1 42792U 17036AD  19077.45731264  .00001427  00000-0  64112-4 0  9999
2 42792  97.3635 137.5674 0010975 186.1597 173.9507 15.22717811 96250
CICERO 6                
1 42793U 17036AE  19076.70644922  .00001014  00000-0  46862-4 0  9995
2 42793  97.3622 136.6883 0010062 189.7195 170.3848 15.22389456 96203
D-SAT                   
1 42794U 17036AF  19077.13222826  .00000319  00000-0  32835-4 0  9991
2 42794  97.5528 125.8442 0128308  90.1836 271.4086 14.91039370 94546
TOKI                    
1 42820U 98067MU  19077.28340457  .00143609  18810-4  43854-3 0  9995
2 42820  51.6283  28.3421 0004671 129.6210 230.5209 15.91676244 97093
MAZAALAI (NUMSAT-1)     
1 42822U 98067MW  19076.92676689  .00138903  00000-0  45487-3 0  9999
2 42822  51.6302  32.0185 0004436 126.4761 233.6654 15.89655406 97015
BRAC ONNESHA            
1 42823U 98067MX  19077.30848437  .00133778  17708-4  42886-3 0  9997
2 42823  51.6276  29.2902 0005440 135.5098 224.6345 15.90759807 97065
NIGERIAEDUSAT-1         
1 42824U 98067MY  19077.16534359  .00133464  00000-0  44322-3 0  9999
2 42824  51.6311  31.4268 0005229 138.7808 221.3593 15.89388880 97016
CORVUS BC2              
1 42846U 17042X   19077.19259603  .00000337  00000-0  38560-4 0  9996
2 42846  97.5764 334.8267 0009924  12.6140 347.5326 14.91933731 91220
CORVUS BC1              
1 42847U 17042Y   19076.74963963  .00000068  00000-0  12004-4 0  9994
2 42847  97.5765 334.4920 0009604  13.9490 346.1993 14.92033582 91154
SILU-1 (SILKROAD 1)     
1 42903U 17021F   19077.43158105  .00309977  49379-4  50707-3 0  9993
2 42903  42.7670  82.4949 0014028 117.9392 355.7300 16.02255793 93352
MIRATA                  
1 43015U 17073C   19076.85529626  .00001034  00000-0  85353-4 0  9993
2 43015  97.7183   1.7011 0257574 100.1969 262.8397 14.78744389 71578
MAKERSAT 0              
1 43016U 17073D   19076.78813935  .00000740  00000-0  62387-4 0  9990
2 43016  97.7216   1.8259 0259533 100.6589 262.3961 14.78567258 71559
ASTERIA                 
1 43020U 98067NH  19077.42759467  .00019570  00000-0  18700-3 0  9998
2 43020  51.6416  69.7314 0002916 109.1197 251.0115 15.66735462 75372
DELLINGR (RBLE)         
1 43021U 98067NJ  19077.21937188  .00010636  00000-0  12781-3 0  9991
2 43021  51.6384  78.7552 0002959  99.9565 260.1763 15.61469775 75234
AEROCUBE 7B (OCSD B)    
1 43042U 17071F   19076.69644657  .00003141  00000-0  85797-4 0  9998
2 43042  51.6381 147.3640 0004623 173.7290 186.3753 15.40580924 71748
AEROCUBE 7C (OCSD C)    
1 43043U 17071G   19076.69688710  .00003416  00000-0  92485-4 0  9994
2 43043  51.6383 147.3794 0004755 175.2272 184.8759 15.40561938 71714
CHEFSAT                 
1 43044U 17071H   19077.54505007  .00005692  00000-0  13757-3 0  9999
2 43044  51.6387 139.6292 0004344 177.8627 182.2378 15.42700468 71895
ASGARDIA 1              
1 43049U 17071N   19077.17537916  .00003829  00000-0  10205-3 0  9992
2 43049  51.6389 144.5948 0002161 191.4999 168.5936 15.40685882 71789
ISARA                   
1 43050U 17071P   19077.53273620  .00006070  00000-0  14807-3 0  9996
2 43050  51.6379 140.2662 0001848 190.0875 170.0074 15.42286207 71876
PROPCUBE 2 (FAUNA)      
1 43052U 17071R   19077.39108332  .00004438  00000-0  11583-3 0  9993
2 43052  51.6389 143.0515 0002088 187.5054 172.5900 15.40920400 71822
CORVUS BC3              
1 43118U 18004H   19076.75458670  .00000892  00000-0  41351-4 0  9992
2 43118  97.4968 144.3785 0009651 209.8604 150.2083 15.22680217 65334
MICROMAS-2A             
1 43131U 18004W   19077.55491888  .00002230  00000-0  95688-4 0  9994
2 43131  97.4989 145.6711 0008817 207.8677 152.2088 15.23753619 65487
CICERO 7                
1 43143U 18004AJ  19076.73468940  .00001661  00000-0  71682-4 0  9994
2 43143  97.4977 145.0565 0006551 219.8529 140.2228 15.23951874 65374
GOMX-4B                 
1 43196U 18015E   19077.24982916  .00000325  00000-0  16399-4 0  9995
2 43196  97.3758 206.1886 0017647 274.5637  85.3588 15.23833259 62268
GOMX-4A                 
1 43197U 18015F   19077.31808472  .00000465  00000-0  22112-4 0  9993
2 43197  97.3751 206.2721 0017302 274.9034 168.8316 15.23931727 62281
1KUNS-PF                
1 43466U 98067NP  19077.23119433  .00020813  00000-0  23278-3 0  9992
2 43466  51.6377  82.5725 0001697  69.8561 290.2615 15.62694054 48448
UBAKUSAT                
1 43467U 98067NQ  19077.46181656  .00013031  00000-0  16048-3 0  9995
2 43467  51.6373  83.3569 0003423  73.6555 286.4815 15.60587399 48467
BATSU-CS1 (IRAZU)       
1 43468U 98067NR  19077.16025240  .00026270  00000-0  27392-3 0  9992
2 43468  51.6372  81.3413 0001826  65.6095 294.5090 15.64337518148442
CUBERRT                 
1 43546U 98067NU  19076.47297044  .00017295  00000-0  20683-3 0  9998
2 43546  51.6379  90.2454 0005416 128.5670 231.5810 15.61085809 38413
TEMPEST-D               
1 43547U 98067NV  19077.19836017  .00004252  00000-0  64901-4 0  9999
2 43547  51.6382  89.8355 0006028 132.1658 227.9847 15.56831121 38160
RAINCUBE                
1 43548U 98067NW  19076.60330590  .00016702  00000-0  21534-3 0  9997
2 43548  51.6370  91.1102 0005673 134.5606 225.5851 15.59127563 38540
HALOSAT                 
1 43549U 98067NX  19077.37330984  .00013639  00000-0  17710-3 0  9997
2 43549  51.6373  87.2563 0005467 141.1968 218.9418 15.59127966 38224
ENDUROSAT ONE           
1 43551U 98067NZ  19076.50998732  .00020958  00000-0  25850-3 0  9991
2 43551  51.6380  90.4938 0005723 144.2040 215.9338 15.60124996 38519
EQUISAT                 
1 43552U 98067PA  19077.20072343  .00013465  00000-0  17306-3 0  9993
2 43552  51.6388  87.6144 0006088 147.5872 212.5496 15.59410775 38574
AEROCUBE 12A            
1 43556U 18046C   19076.61824932  .00000773  00000-0  40282-4 0  9997
2 43556  51.6421 143.0145 0009013  96.7523 263.4482 15.28398297 37325
AEROCUBE 12B            
1 43557U 18046D   19076.62503071  .00000503  00000-0  30735-4 0  9990
2 43557  51.6424 143.0573 0009031  96.9616 263.2392 15.28311235 37278
UITMSAT-1               
1 43589U 98067PD  19077.45903912  .00015299  00000-0  19677-3 0  9995
2 43589  51.6364  87.0662 0005174 155.0441 205.0802 15.59272691 34340
MAYA-1                  
1 43590U 98067PE  19077.26311236  .00014959  00000-0  19244-3 0  9990
2 43590  51.6366  88.0096 0005227 154.9121 205.2126 15.59287442 34248
BHUTAN-1                
1 43591U 98067PF  19077.44923601  .00015038  00000-0  19298-3 0  9994
2 43591  51.6377  87.0108 0005468 157.0774 203.0464 15.59346029 34270
SIRIUSSAT-1             
1 43595U 98067PG  19076.88014244  .00015464  00000-0  20332-3 0  9993
2 43595  51.6365  90.7002 0004054 106.0163 254.1277 15.58680104 33352
SIRIUSSAT-2             
1 43596U 98067PH  19077.22148940  .00014637  00000-0  19387-3 0  9993
2 43596  51.6374  89.2522 0004608 110.1119 250.0370 15.58532131 33406
TANUSHA-3               
1 43597U 98067PJ  19076.90705095  .00019359  00000-0  24584-3 0  9999
2 43597  51.6365  90.1098 0003811 117.2053 242.9329 15.59420247 33360
SURFSAT                 
1 43614U 18070B   19077.42463636  .00002942  00000-0  81128-4 0  9993
2 43614  93.0355 325.5809 0014069 308.5224  51.4767 15.37093181 28234
CP7 (DAVE)              
1 43615U 18070C   19077.42650940  .00002777  00000-0  76700-4 0  9996
2 43615  93.0358 325.5826 0014099 308.0577  51.9403 15.37043616 28236
ELFIN-B                 
1 43616U 18070D   19077.20510417  .00004254  00000-0  11575-3 0  9997
2 43616  93.0319 325.4228 0015124 312.5499  47.4476 15.37456915 28209
ELFIN-A                 
1 43617U 18070E   19077.46135893  .00003806  00000-0  10353-3 0  9992
2 43617  93.0372 325.6721 0014023 308.2200  51.7790 15.37491965 28243
CUBEBEL-1 (BSUSAT-1)    
1 43666U 18083E   19077.43841919  .00000953  00000-0  51037-4 0  9995
2 43666  97.5299 102.5145 0016185 143.2640 324.3674 15.17365132 21294
DEBRISSAT-2             
1 43680U 98067PR  19077.23302654  .00020104  00000-0  25451-3 0  9997
2 43680  51.6335  88.5452 0003178 121.5586 238.5722 15.59475543 42154
CICERO 10               
1 43690U 18088A   19076.90677601  .00001345  00000-0  61428-4 0  9994
2 43690  85.0411  19.5752 0014951 179.2446 180.8820 15.19463160 19266
IRVINE01                
1 43693U 18088D   19076.86128384  .00002999  00000-0  13313-3 0  9996
2 43693  85.0386  19.3933 0018876 166.6362 193.5383 15.20953961 19255
PROXIMA I               
1 43694U 18088E   19076.89276719  .00001079  00000-0  46334-4 0  9994
2 43694  85.0355  19.2593 0020218 158.8420 201.3662 15.21206285 19275
PROXIMA II              
1 43696U 18088G   19076.89225220  .00001075  00000-0  46128-4 0  9994
2 43696  85.0356  19.2601 0020251 158.8097 201.3988 15.21211865 19265
FACSAT-1                
1 43721U 18096C   19077.48284435  .00001415  00000-0  57783-4 0  9998
2 43721  97.4689 147.4735 0016695 297.1997  62.7540 15.25985255 16675
CENTAURI-2              
1 43722U 18096D   19077.54044176  .00002218  00000-0  88479-4 0  9990
2 43722  97.4688 147.5497 0016761 297.5864  62.3671 15.26143565 16674
SIRION PATHFINDER-2     
1 43759U 18099B   19077.49433056  .00000298  00000-0  32467-4 0  9998
2 43759  97.7535 150.5738 0012752 267.9111  92.0650 14.95084416 15649
CORVUS-BC 4             
1 43767U 18099K   19077.19833777  .00000243  00000-0  27782-4 0  9992
2 43767  97.7520 150.1712 0010352 271.9060  88.0974 14.94526102 15604
SHIELDS 1               
1 43850U 18104B   19076.55559007  .00000041  00000-0  00000+0 0  9997
2 43850  85.0281 118.0140 0013041 319.1033  40.9299 15.20989794 13865
STF-1                   
1 43852U 18104D   19076.59423014  .00000041  00000-0  00000+0 0  9991
2 43852  85.0339 118.1051 0013644 335.3776  24.6849 15.20395251 13865
LUME 1                  
1 43908U 18111AJ  19077.49754020  .00001304  00000-0  56269-4 0  9991
2 43908  97.2965 345.2380 0020718 320.6919  39.2814 15.24123451 12409
AOBA VELOX-IV           
1 43940U 19003J   19077.54268885  .00002090  00000-0  89856-4 0  9994
2 43940  97.2878 138.1466 0026019  40.3565  66.4056 15.23443246  9058
CATSAT-2                
1 44029U 98067PV  19076.90797963  .00011854  00000-0  18297-3 0  9991
2 44029  51.6390  94.6475 0004757 153.1706 206.9531 15.54584257  7139
DELPHINI                
1 44030U 98067PW  19077.48597625  .00011371  00000-0  17550-3 0  9995
2 44030  51.6384  91.7562 0004414 151.2227 208.9008 15.54635536  7190
UNITE                   
1 44031U 98067PX  19077.48841292  .00007849  00000-0  12444-3 0  9990
2 44031  51.6386  91.7726 0003299 145.6062 214.5142 15.54406902  7194
TECHEDSAT 8             
1 44032U 98067PY  19077.47203711  .00022348  00000-0  32668-3 0  9999
2 44032  51.6381  91.6644 0003115 133.8681 226.2568 15.55533721  7172
CATSAT-1                
1 44033U 98067PZ  19077.48637456  .00009589  00000-0  14938-3 0  9990
2 44033  51.6389  91.7603 0004632 155.0123 205.1093 15.54591472  7130
