CUTE-1 (CO-55)          
1 27844U 03031E   20025.56272347  .00000025  00000-0  30913-4 0  9994
2 27844  98.6836  35.4575 0010859 110.1977 250.0370 14.22217473859647
CUBESAT XI-IV (CO-57)   
1 27848U 03031J   20025.54771101  .00000018  00000-0  27812-4 0  9994
2 27848  98.6906  35.9835 0010657 121.1136 239.1089 14.21807186859491
CUBESAT XI-V            
1 28895U 05043F   20025.31449571  .00000057  00000-0  19873-4 0  9991
2 28895  97.9864 165.9088 0017066  19.9442 340.2424 14.63731628759521
CUTE-1.7+APD II (CO-65) 
1 32785U 08021C   20025.46829231  .00000142  00000-0  20958-4 0  9995
2 32785  97.5621  19.9153 0011632 248.6669 111.3307 14.88407668636451
AAUSAT-II               
1 32788U 08021F   20025.54982395  .00000139  00000-0  17667-4 0  9997
2 32788  97.4920  36.4529 0011901 171.8889 188.2527 14.94923886637816
DELFI-C3 (DO-64)        
1 32789U 08021G   20025.56917932  .00000532  00000-0  39076-4 0  9990
2 32789  97.4380  73.2762 0013708  90.2985 269.9814 15.07406497640137
SEEDS II (CO-66)        
1 32791U 08021J   20025.44821938  .00000112  00000-0  16702-4 0  9995
2 32791  97.5341  26.0236 0012318 217.3208 142.7156 14.90958264636920
SWISSCUBE               
1 35932U 09051B   20025.48844359  .00000070  00000-0  26857-4 0  9990
2 35932  98.6011 203.1889 0007247 201.0484 159.0416 14.56351387548915
BEESAT-1                
1 35933U 09051C   20025.47851375  .00000074  00000-0  27680-4 0  9995
2 35933  98.6022 205.0170 0005203 212.6948 147.3928 14.56432452548949
ITUPSAT1                
1 35935U 09051E   20025.45788723  .00000041  00000-0  20605-4 0  9995
2 35935  98.6131 205.2139 0007525 213.6162 146.4557 14.55583733548729
TISAT 1                 
1 36799U 10035E   20025.44870167  .00000238  00000-0  29997-4 0  9992
2 36799  98.1776 190.3185 0013534  83.4587 276.8170 14.91254696517665
M-CUBED & EXP-1 PRIME   
1 37855U 11061F   20025.55295201  .00000350  00000-0  25437-4 0  9998
2 37855 101.7268  39.7525 0172064 141.9239 219.4280 15.05951213449549
AEROCUBE 4.5A           
1 38767U 12048K   20025.25639688  .00000054  00000-0  19423-4 0  9994
2 38767  64.6668 327.1706 0158941 183.9146 176.0736 14.92140243 20287
AEROCUBE 4.5B           
1 38768U 12048L   20025.48333381  .00000212  00000-0  29825-4 0  9994
2 38768  64.6670 297.5373 0147683 180.6592 179.4352 14.95755246 20347
STRAND-1                
1 39090U 13009E   20025.52489816  .00000023  00000-0  23236-4 0  9991
2 39090  98.4670 232.5472 0009117 359.9549   0.1634 14.35115328362046
SOMP                    
1 39134U 13015E   20025.43680161  .00001053  00000-0  56309-4 0  9994
2 39134  64.8634  24.9979 0038369 267.0375  92.6361 15.20683417373773
BEESAT-3                
1 39135U 13015F   20025.49397177  .00000849  00000-0  50706-4 0  9990
2 39135  64.8665  46.2529 0045516 268.8831  90.7080 15.17877485373362
BEESAT-2                
1 39136U 13015G   20025.48353321  .00000566  00000-0  38019-4 0  9992
2 39136  64.8708  50.7885 0030842 278.9852  80.7784 15.17292421373278
NEE-01 PEGASO           
1 39151U 13018B   20025.54427354  .00000102  00000-0  20471-4 0  9996
2 39151  97.9719 125.4053 0016620 202.3090 157.7401 14.80120423364388
ESTCUBE 1               
1 39161U 13021C   20025.47273032  .00000051  00000-0  15819-4 0  9998
2 39161  97.9746 111.3500 0009491 347.7909  12.3069 14.72273253360856
POPACS 1                
1 39268U 13055D   20025.48792808  .00002561  00000-0  71230-4 0  9998
2 39268  81.0024  88.2543 0619648 289.5760  63.9553 14.38355709327295
POPACS 2                
1 39269U 13055E   20025.30330125  .00001486  00000-0  41550-4 0  9997
2 39269  81.0155 123.1282 0680714  19.9959 342.6552 14.24890883325451
POPACS 3                
1 39270U 13055F   20025.32869025  .00000671  00000-0  19011-4 0  9999
2 39270  81.0179 142.7940 0712339  76.6206 291.3319 14.16521665325429
ZACUBE-1 (TSHEPISOSAT)  
1 39417U 13066B   20025.54631124  .00000171  00000-0  27804-4 0  9999
2 39417  97.5616  31.6103 0059657  31.1062 329.3661 14.81211286333732
WNISAT-1                
1 39423U 13066H   20025.53982904  .00000005  00000-0  11067-4 0  9990
2 39423  97.8003 316.8864 0175051 344.7793  14.8172 14.53090080327535
TRITON-1                
1 39427U 13066M   20025.45094098  .00000109  00000-0  25294-4 0  9995
2 39427  97.7061 354.5507 0113674 178.0928 182.0735 14.67933157330539
GOMX-1                  
1 39430U 13066Q   20025.47815696  .00000062  00000-0  20832-4 0  9997
2 39430  97.7749 332.8317 0149787 278.3970  80.0260 14.59341800328805
CUBEBUG-2 (LO-74)       
1 39440U 13066AA  20025.56550937  .00000167  00000-0  29954-4 0  9992
2 39440  97.6175  16.1369 0081639  87.5183 273.5371 14.75947506331353
NEE-02 KRYSAOR          
1 39441U 13066AB  20025.41324462  .00000094  00000-0  20331-4 0  9998
2 39441  97.6238  13.6026 0083194  95.9849 265.0850 14.74971944331176
FUNCUBE-1 (AO-73)       
1 39444U 13066AE  20025.55862642  .00000210  00000-0  31981-4 0  9996
2 39444  97.5575  33.7605 0058587  24.0584 336.3347 14.82050243332055
UWE-3                   
1 39446U 13066AG  20025.52972940  .00000182  00000-0  30575-4 0  9994
2 39446  97.5893  23.2879 0071273  60.0326 300.7937 14.78482814331303
AEROCUBE 5A             
1 39465U 13072D   20025.54946754  .00004418  00000-0  36845-3 0  9999
2 39465 120.4988   2.5018 0281568  97.5724 265.7401 14.74927249 20120
AEROCUBE 5B             
1 39466U 13072E   20025.46585140  .00004187  00000-0  30066-3 0  9991
2 39466 120.4947  31.3343 0256245 104.3810 258.5830 14.84134481 20185
BRITE-CA1 (TORONTO)     
1 40020U 14033L   20025.52682256  .00000026  00000-0  12739-4 0  9996
2 40020  97.7314 221.9494 0087620 171.1278 189.1501 14.66616908299664
DUCHIFAT-1              
1 40021U 14033M   20025.38095245  .00000192  00000-0  25381-4 0  9998
2 40021  97.9358 315.8163 0013990  46.6307 313.6074 14.90793889304420
NANOSATC-BR1            
1 40024U 14033Q   20025.52576152  .00000256  00000-0  32484-4 0  9991
2 40024  97.9229 312.7859 0013367  50.2185 310.0207 14.89980972303800
QB50P1                  
1 40025U 14033R   20025.52132325  .00000201  00000-0  27304-4 0  9997
2 40025  97.9127 309.8887 0013669  56.3415 303.9103 14.89058525304182
QB50P2                  
1 40032U 14033Y   20025.52505439  .00000202  00000-0  27660-4 0  9991
2 40032  97.9030 307.6577 0013009  53.4295 306.8116 14.88588764303577
PERSEUS-M2              
1 40037U 14033AD  20025.48351605  .00000067  00000-0  13731-4 0  9998
2 40037  97.8915 302.8978 0015731  66.6607 293.6262 14.86510162303774
PERSEUS-M1              
1 40039U 14033AF  20025.52364987  .00000044  00000-0  11324-4 0  9993
2 40039  97.8888 301.8530 0015554  64.4855 295.7967 14.86130184303702
POLYITAN-1              
1 40042U 14033AJ  20025.42522550  .00000248  00000-0  32521-4 0  9996
2 40042  97.9207 310.2284 0015706  47.1694 313.0839 14.88789042303561
TIGRISAT                
1 40043U 14033AK  20025.60993403  .00000102  00000-0  22213-4 0  9992
2 40043  97.7274 248.6431 0061303 103.1955 257.6104 14.74334068300855
AEROCUBE 6A             
1 40045U 14033AM  20025.58362345  .00000232  00000-0  40377-4 0  9991
2 40045  97.7523 253.4040 0058946  95.2499 265.5441 14.75504835300895
AEROCUBE 6B             
1 40046U 14033AN  20025.59176520  .00000221  00000-0  38815-4 0  9993
2 40046  97.7443 252.8384 0058362  94.5398 266.2482 14.75483724300899
UKUBE-1                 
1 40074U 14037F   20025.43390176  .00000260  00000-0  38306-4 0  9994
2 40074  98.4504 205.2140 0003257 212.3886 147.7126 14.84180050300392
BRITE-PL2 (HEWELIUSZ)   
1 40119U 14049B   20025.47847446  .00000064  00000-0  14063-4 0  9994
2 40119  97.8986 119.1283 0016643 215.8604 144.1494 14.84464283294427
FIREBIRD 4              
1 40378U 15003C   20025.59022715  .00001483  00000-0  60817-4 0  9993
2 40378  99.1136  56.3572 0126377  74.3430 287.1702 15.19534768275457
GRIFEX                  
1 40379U 15003D   20025.54936402  .00000975  00000-0  44920-4 0  9998
2 40379  99.1190  49.0431 0134929  96.5595 265.1014 15.16017657275037
EXOCUBE (CP10)          
1 40380U 15003E   20025.55897536  .00000832  00000-0  40794-4 0  9992
2 40380  99.1247  45.1119 0139861 109.5593 252.0797 15.14006384274771
AEROCUBE 8A             
1 40659U 15025J   20025.31703664  .00010622  00000-0  12761-3 0  9997
2 40659  55.0158 238.2932 0118306 160.5286 200.0326 15.53514490 21122
AEROCUBE 8B             
1 40660U 15025K   20025.58243793  .00011156  00000-0  13273-3 0  9992
2 40660  55.0129 235.3739 0117422 162.8631 197.6422 15.53797471 21177
TIANWANG 1C (TW-1C)     
1 40926U 15051B   20025.39309633  .00013222  00000-0  16047-3 0  9999
2 40926  97.1077  76.5921 0004862 266.7665 104.1171 15.60715404244527
TIANWANG 1A (TW-1A)     
1 40928U 15051D   20025.34654677  .00002192  00000-0  53551-4 0  9993
2 40928  97.1254  56.6317 0010659   2.3576   8.3498 15.41852705243161
EXACTVIEW 9             
1 40936U 15052G   20025.49850234  .00000724  00000-0  12211-4 0  9993
2 40936   6.0027 286.7621 0010216  24.8377 335.2242 14.76538091233915
AEROCUBE 5C             
1 40965U 15058B   20025.57536307  .00000040  00000-0  24472-4 0  9995
2 40965  64.7765 219.6400 0172036 127.4353 234.2547 14.74466994 20099
AEROCUBE 7              
1 40966U 15058C   20025.58440312  .00000086  00000-0  29847-4 0  9998
2 40966  64.7767 218.2923 0170926 127.1681 234.5171 14.74755308 20090
ATHENOXAT 1             
1 41168U 15077C   20025.37145786  .00001651  00000-0  51198-4 0  9991
2 41168  14.9895  38.3145 0011416 282.8222  77.0824 15.14057486227472
GALASSIA                
1 41170U 15077E   20024.65855114  .00001621  00000-0  48941-4 0  9996
2 41170  14.9900  35.8868 0012711 298.7944  61.1100 15.14372194227435
VELOX-II                
1 41171U 15077F   20025.52965264  .00001273  00000-0  34571-4 0  9999
2 41171  14.9921  69.2309 0008745 215.6976 144.2760 15.11490134227218
HORYU-4                 
1 41340U 16012D   20025.56987874  .00000378  00000-0  21920-4 0  9991
2 41340  31.0039 168.0211 0013773 161.3065 198.8078 15.01401677216239
E-ST@R-II               
1 41459U 16025D   20025.50277150  .00000077  00000-0  85786-5 0  9996
2 41459  98.0973 128.1365 0165535 336.5308  22.8428 15.05988763205779
AAUSAT 4                
1 41460U 16025E   20025.51963644  .00000803  00000-0  43918-4 0  9996
2 41460  98.0922 130.0048 0155053 326.9273  32.2316 15.08107363205945
DIWATA-1                
1 41463U 98067HT  20025.42630377  .00064773  13011-4  14971-3 0  9991
2 41463  51.6208 170.1100 0001535 288.5786 125.4853 15.97432854214845
BEESAT-4                
1 41619U 16040W   20025.41884938  .00000967  00000-0  43253-4 0  9999
2 41619  97.3405  88.2359 0010293 334.9044  25.1692 15.23632066187463
CANX-7                  
1 41788U 16059F   20025.51847550  .00007713  00000-0  11103-2 0  9999
2 41788  98.2525 109.9816 0024222  43.2136 317.1002 14.76447891178568
RAVAN                   
1 41849U 16067B   20025.57608400  .00000983  00000-0  87443-4 0  9995
2 41849  97.9258 133.1007 0008286  18.2913 341.8605 14.98430868175079
CELTEE 1                
1 41850U 16067C   20025.50855478  .00000683  00000-0  64400-4 0  9994
2 41850  97.9211 131.1695 0009058  19.3342 340.8221 14.97113401174967
OPTICUBE 04             
1 41851U 16067D   20025.54884346  .00000022  00000-0  71894-5 0  9998
2 41851  97.9193 130.9039 0009024  17.7227 342.4307 14.96872670174954
AEROCUBE 8D             
1 41852U 16067E   20025.56204785  .00000544  00000-0  52764-4 0  9997
2 41852  97.9205 130.7455 0009741  19.1590 340.9996 14.96827109174936
AEROCUBE 8C             
1 41853U 16067F   20025.52335324 -.00000198  00000-0 -11962-4 0  9990
2 41853  97.9209 130.6246 0010455  19.7067 340.4556 14.96796853174924
PROMETHEUS 2-1          
1 41854U 16067G   20025.52161061  .00000042  00000-0  89552-5 0  9993
2 41854  97.9219 130.8658 0010693  18.9868 341.1750 14.97074033174934
PROMETHEUS 2-3          
1 41855U 16067H   20025.52298602 -.00000034  00000-0  23707-5 0  9998
2 41855  97.9222 130.8926 0010898  18.9483 341.2141 14.97082745174931
INS-1B                  
1 41954U 17008G   20025.41368066  .00000947  00000-0  41463-4 0  9994
2 41954  97.3740  92.2801 0010791  89.7732 270.4742 15.24425120163429
BGUSAT                  
1 41999U 17008BD  20025.19520172  .00001518  00000-0  60150-4 0  9995
2 41999  97.3835  95.4457 0009688  99.8216 260.4117 15.26906668162930
DIDO-2                  
1 42000U 17008BE  20025.41909279  .00000629  00000-0  28651-4 0  9995
2 42000  97.3750  92.8286 0010128 105.2215 255.0143 15.24238776162826
PEASSS                  
1 42015U 17008BV  20025.23754735  .00000850  00000-0  36572-4 0  9993
2 42015  97.3767  93.9742 0007954 108.8483 251.3619 15.25294084163360
AL-FARABI 1             
1 42016U 17008BW  20025.46506308  .00001081  00000-0  44756-4 0  9990
2 42016  97.3790  95.0199 0007826 107.4135 252.7960 15.26045271163562
NAYIF-1 (EO-88)         
1 42017U 17008BX  20025.44746852  .00001103  00000-0  45569-4 0  9997
2 42017  97.3786  95.0144 0007828 107.3367 252.8728 15.26082830163583
NSIGHT                  
1 42726U 98067MF  20025.32248714  .00045646  00000-0  18674-3 0  9995
2 42726  51.6292 250.9050 0001676 264.2978  95.7834 15.85596801152638
UCLSAT                  
1 42765U 17036A   20025.43528118  .00000895  00000-0  40713-4 0  9993
2 42765  97.3226  83.4031 0011787 165.3861 194.7719 15.23191375144653
LITUANICASAT-2          
1 42768U 17036D   20025.38783354  .00001514  00000-0  66152-4 0  9999
2 42768  97.3274  83.1361 0015546 158.1606 202.0297 15.23519396143904
AALTO-1                 
1 42775U 17036L   20025.37994294  .00000534  00000-0  26618-4 0  9997
2 42775  97.3205  81.5575 0014486 159.5188 200.6632 15.21627591143763
URSA MAIOR              
1 42776U 17036M   20025.18821502  .00000589  00000-0  28889-4 0  9990
2 42776  97.3217  81.5966 0014294 159.9473 200.2328 15.21787290143748
COMPASS 2               
1 42777U 17036N   20025.46696023  .00001167  00000-0  51750-4 0  9996
2 42777  97.3266  83.6706 0013061 157.8595 202.3209 15.23479933143870
DIAMOND RED             
1 42783U 17036U   20025.43300685  .00000688  00000-0  32563-4 0  9994
2 42783  97.3226  82.8105 0012446 167.5218 192.6329 15.22562901143830
PEGASUS                 
1 42784U 17036V   20025.56357580  .00000795  00000-0  36776-4 0  9994
2 42784  97.3231  83.2731 0012337 166.1921 193.9656 15.22905619143870
DIAMOND GREEN           
1 42785U 17036W   20025.43182701  .00000710  00000-0  33514-4 0  9996
2 42785  97.3229  82.8402 0012331 168.0595 192.0937 15.22564322143908
DIAMOND BLUE            
1 42786U 17036X   20025.43101567  .00000688  00000-0  32549-4 0  9999
2 42786  97.3228  82.8358 0012171 168.1386 192.0140 15.22562926143903
NUDTSAT                 
1 42787U 17036Y   20025.60576443  .00001396  00000-0  60332-4 0  9996
2 42787  97.3275  84.3993 0010321 161.7617 198.3987 15.24072300143787
SUCHAI                  
1 42788U 17036Z   20025.43990582  .00000971  00000-0  43656-4 0  9990
2 42788  97.3238  83.6152 0011929 165.0449 195.1144 15.23395909143952
SKCUBE                  
1 42789U 17036AA  20025.40656557  .00000898  00000-0  40774-4 0  9995
2 42789  97.3233  83.4760 0011793 165.3536 194.8045 15.23263786143863
VZLUSAT-1               
1 42790U 17036AB  20025.39676275  .00001230  00000-0  53525-4 0  9993
2 42790  97.3254  84.1906 0011386 163.4783 196.6828 15.24056403143900
ROBUSTA-1B              
1 42792U 17036AD  20025.11512635  .00000968  00000-0  43479-4 0  9998
2 42792  97.3234  83.3994 0011329 166.4922 193.6620 15.23444091143846
CICERO 6                
1 42793U 17036AE  20025.43948672  .00000622  00000-0  29449-4 0  9996
2 42793  97.3214  83.2946 0010597 166.9901 193.1611 15.22899158143942
D-SAT                   
1 42794U 17036AF  20025.58050938  .00000249  00000-0  26712-4 0  9997
2 42794  97.5124  65.2153 0127630 124.7790 236.5520 14.91206962141253
CORVUS BC2              
1 42846U 17042X   20025.59239458  .00000018  00000-0  69971-5 0  9998
2 42846  97.5426 275.4549 0010690  44.7999 315.4082 14.92052040137958
CORVUS BC1              
1 42847U 17042Y   20025.39664548 -.00000022  00000-0  30681-5 0  9991
2 42847  97.5428 275.4112 0010340  44.9862 315.2194 14.92153052137924
MIRATA                  
1 43015U 17073C   20025.48580170  .00000453  00000-0  40389-4 0  9993
2 43015  97.7232 303.1662 0254587 157.8120 203.4348 14.79370774117935
MAKERSAT 0              
1 43016U 17073D   20025.20555111  .00000290  00000-0  27838-4 0  9994
2 43016  97.7270 303.0960 0257112 159.4521 201.7265 14.79016510117886
ASTERIA                 
1 43020U 98067NH  20025.38124367  .00047038  00000-0  19687-3 0  9998
2 43020  51.6391 262.9630 0002004 218.6355 141.4505 15.85108966124668
DELLINGR (RBLE)         
1 43021U 98067NJ  20025.35040310  .00008402  00000-0  82398-4 0  9993
2 43021  51.6372 294.2417 0001608 192.8038 167.2918 15.67041044124240
AEROCUBE 7B (OCSD B)    
1 43042U 17071F   20025.52930862  .00002637  00000-0  69171-4 0  9999
2 43042  51.6383  52.2416 0003972 237.3012 122.7591 15.42539694120154
AEROCUBE 7C (OCSD C)    
1 43043U 17071G   20025.53043846  .00002659  00000-0  69719-4 0  9990
2 43043  51.6383  52.2639 0004181 242.2634 117.7928 15.42517908120129
CHEFSAT                 
1 43044U 17071H   20025.46487472  .00005516  00000-0  11868-3 0  9996
2 43044  51.6391  42.2825 0003837 245.6133 114.4454 15.46275704120254
ASGARDIA 1              
1 43049U 17071N   20025.53038860  .00002544  00000-0  66878-4 0  9992
2 43049  51.6394  51.5687 0001778 260.7639  99.3146 15.42615837120139
ISARA                   
1 43050U 17071P   20025.43168722  .00003992  00000-0  90442-4 0  9996
2 43050  51.6373  44.2271 0001615 262.3901  97.6902 15.45544215120221
PROPCUBE 2 (FAUNA)      
1 43052U 17071R   20025.49037698  .00002596  00000-0  67229-4 0  9997
2 43052  51.6392  50.5707 0001714 256.5531 103.5264 15.42986431120137
CORVUS BC3              
1 43118U 18004H   20025.30113650  .00000575  00000-0  27371-4 0  9999
2 43118  97.4619  96.6418 0010051 189.7102 170.3942 15.23143150113055
MICROMAS-2A             
1 43131U 18004W   20025.42794344  .00001458  00000-0  61700-4 0  9997
2 43131  97.4657  98.0281 0009015 188.2096 171.8996 15.24777530113141
SPACEBEE-4              
1 43139U 18004AE  20025.44246110  .00001919  00000-0  77779-4 0  9995
2 43139  97.4683  98.9046 0008408 189.0102 171.0987 15.25864138113197
SPACEBEE-3              
1 43140U 18004AF  20025.46337255  .00002352  00000-0  92661-4 0  9999
2 43140  97.4696  99.4064 0008279 187.6371 172.4743 15.26590841113224
SPACEBEE-2              
1 43141U 18004AG  20025.46905938  .00002553  00000-0  99585-4 0  9994
2 43141  97.4708  99.5864 0008286 186.9060 173.2066 15.26838901113233
SPACEBEE-1              
1 43142U 18004AH  20025.46687232  .00002729  00000-0  10535-3 0  9991
2 43142  97.4712  99.7684 0008291 186.9870 173.1254 15.27123012113235
CICERO 7                
1 43143U 18004AJ  20025.43519749  .00001278  00000-0  54345-4 0  9992
2 43143  97.4639  98.2404 0006967 195.4714 164.6312 15.24865093113169
GOMX-4B                 
1 43196U 18015E   20025.51079614  .00000255  00000-0  13410-4 0  9995
2 43196  97.4179 155.3676 0017320 249.9448 109.9917 15.24120596109975
GOMX-4A                 
1 43197U 18015F   20025.48752708  .00000574  00000-0  26372-4 0  9999
2 43197  97.4160 155.3942 0017401 249.7450 174.8666 15.24287126109989
1KUNS-PF                
1 43466U 98067NP  20025.14948218  .00040504  00000-0  23767-3 0  9990
2 43466  51.6325 287.4915 0001390 152.1425 207.9651 15.77859419 97570
UBAKUSAT                
1 43467U 98067NQ  20025.29788037  .00014055  00000-0  12542-3 0  9999
2 43467  51.6357 299.8262 0002073 158.1491 201.9595 15.68726652 97434
BATSU-CS1 (IRAZU)       
1 43468U 98067NR  20025.19100596  .00110756  15736-4  33829-3 0  9999
2 43468  51.6313 274.0951 0003934 174.1455 185.9598 15.91813272197742
CUBERRT                 
1 43546U 98067NU  20025.24485579  .00007867  00000-0  71708-4 0  9990
2 43546  51.6366 298.7291 0002789 247.6495 112.4207 15.68986776 87579
TEMPEST-D               
1 43547U 98067NV  20025.41535929  .00003924  00000-0  53168-4 0  9995
2 43547  51.6386 317.9263 0004476 227.4481 132.6134 15.60352801 87011
RAINCUBE                
1 43548U 98067NW  20025.48013100  .00014008  00000-0  13143-3 0  9998
2 43548  51.6356 305.5311 0003534 240.5634 119.5010 15.67485107 87634
HALOSAT                 
1 43549U 98067NX  20025.50085119  .00015560  00000-0  14634-3 0  9991
2 43549  51.6373 305.7106 0003431 243.1950 116.8696 15.67323172 87198
ENDUROSAT ONE           
1 43551U 98067NZ  20025.45683590  .00018493  00000-0  15052-3 0  9998
2 43551  51.6353 300.1300 0003212 253.4967 106.5678 15.70717362 87674
EQUISAT                 
1 43552U 98067PA  20025.19979925  .00015077  00000-0  14012-3 0  9990
2 43552  51.6381 305.9900 0003935 252.6321 107.4245 15.67647659 87534
AEROCUBE 12A            
1 43556U 18046C   20025.43799024  .00000389  00000-0  25997-4 0  9995
2 43556  51.6427  77.2992 0008724 137.6733 222.4921 15.29329865 85338
AEROCUBE 12B            
1 43557U 18046D   20025.54069344  .00001295  00000-0  57681-4 0  9995
2 43557  51.6431  77.2272 0008722 138.2927 221.8719 15.29124709 85298
UITMSAT-1               
1 43589U 98067PD  20025.07288035  .00020190  00000-0  17812-3 0  9995
2 43589  51.6346 306.5208 0003084 261.5703  98.4945 15.68687824 83251
MAYA-1                  
1 43590U 98067PE  20025.06602363  .00019251  00000-0  17006-3 0  9991
2 43590  51.6353 306.4823 0003185 262.3646  97.6989 15.68692506 83184
BHUTAN-1                
1 43591U 98067PF  20025.49377148  .00016721  00000-0  14786-3 0  9990
2 43591  51.6359 304.1360 0003315 264.2302  95.8317 15.68783406 83250
SIRIUSSAT-1             
1 43595U 98067PG  20025.49761239  .00014797  00000-0  13930-3 0  9993
2 43595  51.6352 307.1228 0002225 202.3261 157.7639 15.67349409 82398
SIRIUSSAT-2             
1 43596U 98067PH  20025.48651117  .00014966  00000-0  14147-3 0  9995
2 43596  51.6361 307.8595 0002671 205.8272 154.2591 15.67235107 82385
TANUSHA-3               
1 43597U 98067PJ  20025.38594369  .00024557  00000-0  19284-3 0  9994
2 43597  51.6334 302.5609 0001834 208.8040 151.2857 15.71375745 82447
SURFSAT                 
1 43614U 18070B   20025.43086354  .00001988  00000-0  52368-4 0  9990
2 43614  93.0344  95.0218 0016046 164.4649 195.7101 15.38501163 76335
CP7 (DAVE)              
1 43615U 18070C   20025.45039332  .00001928  00000-0  50965-4 0  9992
2 43615  93.0348  95.0269 0016199 163.9378 196.2393 15.38389793 76330
ELFIN-B                 
1 43616U 18070D   20025.47206838  .00002696  00000-0  68846-4 0  9992
2 43616  93.0310  94.9468 0016743 166.7136 193.4563 15.39418377 76360
ELFIN-A                 
1 43617U 18070E   20025.45485459  .00002873  00000-0  73052-4 0  9991
2 43617  93.0365  95.3314 0016186 163.2063 196.9731 15.39548821 76361
CUBEBEL-1 (BSUSAT-1)    
1 43666U 18083E   20025.48402576  .00000749  00000-0  40126-4 0  9997
2 43666  97.5032  53.2808 0016181 136.9615 329.8893 15.17969526 68778
DEBRISSAT-2             
1 43680U 98067PR  20025.47261182  .00038534  00000-0  24993-3 0  9994
2 43680  51.6351 298.6691 0001361 191.4092 168.6877 15.75608190 91232
CICERO 10               
1 43690U 18088A   20025.46033548  .00000886  00000-0  39155-4 0  9998
2 43690  85.0396 173.1688 0016984 115.1468 245.1536 15.19991005 66865
IRVINE01                
1 43693U 18088D   20025.42734526  .00002032  00000-0  86171-4 0  9996
2 43693  85.0371 172.2893 0020067 100.6826 259.6677 15.22244075 66939
PROXIMA I               
1 43694U 18088E   20025.48483134  .00000805  00000-0  33519-4 0  9993
2 43694  85.0340 172.0458 0021561  92.8224 267.5486 15.21728201 66949
PROXIMA II              
1 43696U 18088G   20025.41757409  .00000798  00000-0  33201-4 0  9996
2 43696  85.0341 172.0925 0021607  92.9986 267.3729 15.21732133 66934
FACSAT-1                
1 43721U 18096C   20025.44081046  .00001088  00000-0  44013-4 0  9990
2 43721  97.4370  99.7215 0016139 271.2923  88.6467 15.26820016 64413
CENTAURI-2              
1 43722U 18096D   20025.51025441  .00001454  00000-0  57154-4 0  9993
2 43722  97.4376  99.9458 0016210 271.1780  88.7602 15.27217895 64420
INNOSAT-2               
1 43738U 18096V   20025.57362289  .00001842  00000-0  66507-4 0  9993
2 43738  97.4386 101.4088 0022260 280.3887  79.4844 15.29598129 64539
SIRION PATHFINDER-2     
1 43759U 18099B   20025.43241527  .00000068  00000-0  11435-4 0  9994
2 43759  97.7226  99.4371 0013036 308.0179  51.9865 14.95220874 62405
CORVUS-BC 4             
1 43767U 18099K   20025.45387402 -.00000144  00000-0 -79717-5 0  9993
2 43767  97.7208  99.0235 0010665 312.4417  47.5901 14.94658550 62393
MOVE-II                 
1 43780U 18099Y   20025.45343665  .00000015  00000-0  66058-5 0  9990
2 43780  97.7225  99.3610 0012525 319.4719  40.5568 14.95258235 62395
SPACEBEE-7              
1 43816U 18099BL  20025.48893066  .00000643  00000-0  63126-4 0  9997
2 43816  97.7242  99.6968 0012005 303.1388  56.8680 14.95574676 61976
SPACEBEE-5              
1 43817U 18099BM  20025.42651430  .00001039  00000-0  97691-4 0  9993
2 43817  97.7280  99.8813 0011702 302.9566  57.0529 14.96024146 61976
SPACEBEE-6              
1 43818U 18099BN  20025.46848367  .00000553  00000-0  54857-4 0  9992
2 43818  97.7248  99.7542 0012045 302.0796  57.9255 14.95713654 62127
SHIELDS 1               
1 43850U 18104B   20025.41526926  .00000041  00000-0  00000-0 0  9993
2 43850  85.0282 270.5550 0012824 234.4502 125.5583 15.21256500 61573
STF-1                   
1 43852U 18104D   20025.41071645  .00000041  00000-0  00000-0 0  9998
2 43852  85.0306 270.9908 0012232 250.7826 109.2142 15.20981149 61557
ZACUBE-2                
1 43907U 18111AH  20025.57597181  .00000444  00000-0  20900-4 0  9994
2 43907  97.2783 289.5682 0020048 293.9254  65.9884 15.24425607 60090
LUME 1                  
1 43908U 18111AJ  20025.47067346  .00000823  00000-0  35931-4 0  9990
2 43908  97.2783 289.5538 0019896 294.2820  65.6340 15.24742882 60083
AOBA VELOX-IV           
1 43940U 19003J   20025.61830218  .00001233  00000-0  52631-4 0  9991
2 43940  97.2504  81.7136 0024507  16.4970 136.2268 15.24488378 56739
CATSAT-2                
1 44029U 98067PV  20025.52245742  .00010529  00000-0  12928-3 0  9991
2 44029  51.6398 323.1783 0003367 255.2114 104.8507 15.60914713 56013
DELPHINI                
1 44030U 98067PW  20025.54403310  .00011253  00000-0  13527-3 0  9993
2 44030  51.6374 322.5168 0003070 249.1996 110.8669 15.61391479 55991
UNITE                   
1 44031U 98067PX  20025.23790145  .00006883  00000-0  94224-4 0  9992
2 44031  51.6387 327.2522 0002318 243.3387 116.7368 15.58670981 55902
TECHEDSAT 8             
1 44032U 98067PY  20025.51431683  .00056496  00000-0  36854-3 0  9992
2 44032  51.6329 309.5112 0001656 178.9705 181.1298 15.75307261 56140
CATSAT-1                
1 44033U 98067PZ  20025.52231042  .00011238  00000-0  13757-3 0  9993
2 44033  51.6402 323.1809 0003233 254.5534 105.5102 15.60912750 55920
RAAVANA-1               
1 44329U 98067QE  20025.56962367  .00006425  00000-0  10059-3 0  9990
2 44329  51.6411 333.9944 0006521 177.4699 182.6326 15.55112814 34596
UGUISU                  
1 44330U 98067QF  20025.25456382  .00006757  00000-0  10564-3 0  9992
2 44330  51.6409 335.6382 0006539 174.8167 185.2893 15.55052055 34521
NEPALISAT-1             
1 44331U 98067QG  20025.24344895  .00006570  00000-0  10260-3 0  9993
2 44331  51.6410 335.5662 0006522 177.5195 182.5830 15.55140154 34537
SPOOQY-1                
1 44332U 98067QH  20025.56242953  .00006155  00000-0  96652-4 0  9990
2 44332  51.6410 333.9435 0005374 179.5974 180.5022 15.55119286 34543
SPACEBEE-9              
1 44370U 19037F   20025.49890782  .00005801  00000-0  14445-3 0  9999
2 44370  45.0156 199.3584 0012712  55.9139 304.2959 15.41238947 32376
SPACEBEE-8              
1 44371U 19037G   20025.61520309  .00010433  00000-0  23442-3 0  9993
2 44371  45.0178 196.8576 0011083  57.7144 302.4818 15.43551596 32408
IOD-1 GEMS              
1 44385U 98067QK  20025.56676711  .00008871  00000-0  13216-3 0  9992
2 44385  51.6420 334.0019 0003513 137.8242 222.3021 15.55938901 32062
MOVE-IIB                
1 44398U 19038N   20025.56164643  .00000876  00000-0  54561-4 0  9999
2 44398  97.5180 348.8282 0023789 263.1560  96.6964 15.12001338 30835
SONATE                  
1 44400U 19038Q   20025.50322151  .00000445  00000-0  29742-4 0  9992
2 44400  97.5204 348.7890 0023689 261.2966  98.5581 15.11811233 30825
LUCKY-7                 
1 44406U 19038W   20025.40998049  .00000375  00000-0  25537-4 0  9992
2 44406  97.5201 348.7546 0023163 261.5112  98.3493 15.12036821 30800
BEESAT 9                
1 44412U 19038AC  20025.41325409  .00000562  00000-0  36324-4 0  9998
2 44412  97.5196 348.7421 0021272 267.8131  92.0664 15.12054249 30503
JAISAT-1                
1 44419U 19038F   20025.54563698  .00000568  00000-0  36224-4 0  9998
2 44419  97.5197 349.0282 0020138 266.8593  93.0334 15.12537199 30843
SWIATOWID               
1 44426U 98067QL  20025.45472287  .00012734  00000-0  18515-3 0  9998
2 44426  51.6448 334.5381 0004368 127.9336 330.1364 15.56151209 32054
KRAKSAT                 
1 44427U 98067QM  20025.24278689  .00005184  00000-0  86260-4 0  9990
2 44427  51.6425 337.0807 0004262 130.7768 229.3593 15.53878057 32041
VCC A                   
1 44428U 98067QN  20025.57409723  .00006526  00000-0  10397-3 0  9990
2 44428  51.6426 334.7969 0003341 146.7154 213.4048 15.54601869 32101
ENTRYSAT                
1 44429U 98067QP  20025.41725743  .00007781  00000-0  12055-3 0  9994
2 44429  51.6414 335.2419 0003276 136.4773 223.6477 15.55061568 32088
VCC C                   
1 44430U 98067QQ  20025.27257990  .00009443  00000-0  14248-3 0  9997
2 44430  51.6419 335.7804 0003311 145.1772 214.9436 15.55500809 30895
VCC B                   
1 44431U 98067QR  20025.57586649  .00006571  00000-0  10462-3 0  9990
2 44431  51.6419 334.8043 0003505 146.7436 213.3776 15.54606644 32042
DUCHIFAT-3              
1 44854U 19089C   20025.61572894  .00000166  00000-0  19949-4 0  9992
2 44854  36.9675 228.3333 0009578 331.8049  28.2106 14.98954647  6703
