CUTE-1 (CO-55)          
1 27844U 03031E   20052.57802842  .00000051  00000-0  42561-4 0  9995
2 27844  98.6843  62.0636 0010498  39.1390 321.0545 14.22222024863485
CUBESAT XI-IV (CO-57)   
1 27848U 03031J   20052.99305026  .00000037  00000-0  36647-4 0  9999
2 27848  98.6913  63.0169 0010532  49.3050 310.9041 14.21811115863420
CUBESAT XI-V            
1 28895U 05043F   20052.86324277  .00000123  00000-0  32485-4 0  9994
2 28895  97.9894 192.6170 0015497 289.6659  70.2871 14.63739339763556
CUTE-1.7+APD II (CO-65) 
1 32785U 08021C   20052.76257856  .00000197  00000-0  26778-4 0  9992
2 32785  97.5650  45.9678 0013641 154.2155 205.9745 14.88420297640586
AAUSAT-II               
1 32788U 08021F   20052.99284648  .00000292  00000-0  31685-4 0  9998
2 32788  97.4928  62.6684 0013333  87.2677 273.0070 14.94952879642011
DELFI-C3 (DO-64)        
1 32789U 08021G   20053.05034039  .00001072  00000-0  74619-4 0  9995
2 32789  97.4343  99.8435 0011855   3.0690 357.0609 15.07469427644376
SEEDS II (CO-66)        
1 32791U 08021J   20053.03138441  .00000248  00000-0  30359-4 0  9995
2 32791  97.5362  52.3588 0014531 126.7218 233.5338 14.90976099641112
SWISSCUBE               
1 35932U 09051B   20052.69553394  .00000126  00000-0  39414-4 0  9994
2 35932  98.6037 231.2501 0008574 121.7217 238.4817 14.56359723552837
BEESAT-1                
1 35933U 09051C   20052.75279782  .00000102  00000-0  34003-4 0  9991
2 35933  98.6047 233.1544 0006655 131.7126 228.4641 14.56439667552992
ITUPSAT1                
1 35935U 09051E   20052.54184835  .00000071  00000-0  27522-4 0  9997
2 35935  98.6155 233.1517 0008953 132.5113 227.6841 14.55589887552668
TISAT 1                 
1 36799U 10035E   20052.89181536  .00000291  00000-0  35346-4 0  9990
2 36799  98.1807 218.7659 0012027 358.3903   1.7273 14.91274860521550
M-CUBED & EXP-1 PRIME   
1 37855U 11061F   20052.79271335  .00001489  00000-0  81064-4 0  9998
2 37855 101.7255  81.0494 0171839  61.1614 300.6726 15.06017678453642
AEROCUBE 4.5A           
1 38767U 12048K   20052.80219715  .00000632  00000-0  64257-4 0  9997
2 38767  64.6641 241.0480 0155248 175.2536 185.0094 14.92165813 24398
AEROCUBE 4.5B           
1 38768U 12048L   20052.82871174  .00001098  00000-0  94003-4 0  9992
2 38768  64.6656 211.5638 0143988 171.9261 188.4221 14.95798470 24436
STRAND-1                
1 39090U 13009E   20053.06461980  .00000035  00000-0  27312-4 0  9995
2 39090  98.4665 259.5657 0008027 271.2533  88.7733 14.35118702366014
SOMP                    
1 39134U 13015E   20052.79412500  .00001119  00000-0  59149-4 0  9991
2 39134  64.8627 296.2873 0037577 262.6345  97.0511 15.20758952377935
BEESAT-3                
1 39135U 13015F   20052.83605054  .00001106  00000-0  62869-4 0  9994
2 39135  64.8684 317.9844 0045522 264.5071  95.0862 15.17946990377512
BEESAT-2                
1 39136U 13015G   20052.77043137  .00000795  00000-0  49290-4 0  9992
2 39136  64.8696 322.7893 0029858 278.9768  80.7979 15.17341718377809
NEE-01 PEGASO           
1 39151U 13018B   20052.72070679  .00000146  00000-0  26246-4 0  9994
2 39151  97.9699 152.3853 0018337 117.0408 243.2678 14.80130109368411
ESTCUBE 1               
1 39161U 13021C   20053.20161200  .00000100  00000-0  23664-4 0  9995
2 39161  97.9699 138.5460 0008450 252.2725 107.7572 14.72282085364933
POPACS 1                
1 39268U 13055D   20052.33854611  .00003489  00000-0  96110-4 0  9997
2 39268  81.0001  59.8923 0619663 209.8134 146.6383 14.38518103331152
POPACS 2                
1 39269U 13055E   20052.54617353  .00002648  00000-0  76930-4 0  9995
2 39269  81.0133  94.9848 0678783 300.7554  52.8458 14.24998418329334
POPACS 3                
1 39270U 13055F   20052.59175623  .00001218  00000-0  37199-4 0  9997
2 39270  81.0156 115.0102 0711245 358.4511   1.4449 14.16585230308582
ZACUBE-1 (TSHEPISOSAT)  
1 39417U 13066B   20052.70266436  .00000222  00000-0  34328-4 0  9993
2 39417  97.5630  57.2381 0057566 301.5674  57.9927 14.81225010337755
WNISAT-1                
1 39423U 13066H   20053.15231213 -.00000001  00000-0  10088-4 0  9998
2 39423  97.7973 342.5974 0174084 258.3047  99.8575 14.53095877331539
TRITON-1                
1 39427U 13066M   20052.85310489  .00000246  00000-0  46732-4 0  9996
2 39427  97.7105  20.3628 0115160  91.0839 270.3563 14.67946212334559
GOMX-1                  
1 39430U 13066Q   20053.17866946  .00000085  00000-0  24492-4 0  9990
2 39430  97.7793 358.8115 0150492 190.4669 169.3387 14.59349552332844
CUBEBUG-2 (LO-74)       
1 39440U 13066AA  20052.88639978  .00000242  00000-0  40587-4 0  9999
2 39440  97.6209  41.8984 0080201 359.8569   0.2605 14.75961588335384
NEE-02 KRYSAOR          
1 39441U 13066AB  20052.88792311  .00000167  00000-0  30749-4 0  9996
2 39441  97.6273  39.4905 0081950   8.1001 352.1511 14.74982193335221
FUNCUBE-1 (AO-73)       
1 39444U 13066AE  20053.10469346  .00000255  00000-0  37718-4 0  9995
2 39444  97.5587  59.7762 0056557 292.8057  66.7189 14.82066834336724
UWE-3                   
1 39446U 13066AG  20052.93914401  .00000235  00000-0  37863-4 0  9993
2 39446  97.5918  49.1395 0069231 331.0982  28.6403 14.78497026335940
AEROCUBE 5A             
1 39465U 13072D   20052.79733738  .00006510  00000-0  52982-3 0  9997
2 39465 120.4975 100.9930 0279468 124.7559 238.0136 14.75196871 24141
AEROCUBE 5B             
1 39466U 13072E   20052.88043205  .00010928  00000-0  74666-3 0  9992
2 39466 120.4920 131.8466 0252201 132.0659 230.2143 14.84523041 24255
BRITE-CA1 (TORONTO)     
1 40020U 14033L   20053.02174006  .00000059  00000-0  18114-4 0  9990
2 40020  97.7321 247.8782 0088821  84.4007 276.7319 14.66623603303700
DUCHIFAT-1              
1 40021U 14033M   20052.76549756  .00000433  00000-0  49863-4 0  9990
2 40021  97.9371 343.3399 0011995 317.5507  42.4782 14.90816851308508
NANOSATC-BR1            
1 40024U 14033Q   20052.85812758  .00000338  00000-0  40944-4 0  9993
2 40024  97.9237 340.1767 0011338 322.2109  37.8311 14.89999687307870
QB50P1                  
1 40025U 14033R   20052.87064246  .00000301  00000-0  37962-4 0  9993
2 40025  97.9132 337.2215 0011728 329.0133  31.0391 14.89073690307742
QB50P2                  
1 40032U 14033Y   20053.01744129  .00000232  00000-0  30917-4 0  9999
2 40032  97.9033 335.0798 0011025 325.4158  34.6340 14.88603568308183
PERSEUS-M2              
1 40037U 14033AD  20052.81244850  .00000091  00000-0  16527-4 0  9991
2 40037  97.8911 330.0281 0013900 340.4354  19.6326 14.86516972307336
PERSEUS-M1              
1 40039U 14033AF  20052.99422223  .00000081  00000-0  15464-4 0  9992
2 40039  97.8884 329.0983 0013693 337.6468  22.4149 14.86137087307787
POLYITAN-1              
1 40042U 14033AJ  20052.84663328  .00000369  00000-0  45393-4 0  9996
2 40042  97.9214 337.6501 0013709 318.3424  41.6747 14.88810347307647
TIGRISAT                
1 40043U 14033AK  20053.09651268  .00000128  00000-0  26177-4 0  9997
2 40043  97.7253 274.8614 0060360  16.0538 344.2566 14.74343274305205
AEROCUBE 6A             
1 40045U 14033AM  20053.11612737  .00000260  00000-0  44592-4 0  9998
2 40045  97.7502 279.7981 0058097   7.8084 352.4017 14.75521366305194
AEROCUBE 6B             
1 40046U 14033AN  20052.85340927  .00000277  00000-0  46942-4 0  9997
2 40046  97.7420 278.9452 0057296   7.9403 352.2700 14.75500053304910
UKUBE-1                 
1 40074U 14037F   20053.00767042  .00000220  00000-0  33502-4 0  9997
2 40074  98.4532 234.4170 0005332 122.4816 237.6921 14.84196151304485
BRITE-PL2 (HEWELIUSZ)   
1 40119U 14049B   20053.18214644  .00000127  00000-0  21536-4 0  9994
2 40119  97.8956 146.5651 0018622 126.7901 233.5025 14.84472702298530
FIREBIRD 4              
1 40378U 15003C   20053.11405033  .00002475  00000-0  98850-4 0  9990
2 40378  99.1106  89.5466 0124626 342.8483  16.8552 15.19654980279644
GRIFEX                  
1 40379U 15003D   20053.07135662  .00001834  00000-0  80541-4 0  9990
2 40379  99.1168  82.0720 0133684   5.7603 354.5125 15.16105279279217
EXOCUBE (CP10)          
1 40380U 15003E   20052.72112797  .00002029  00000-0  92490-4 0  9990
2 40380  99.1232  77.6299 0138992  20.3227 340.3456 15.14087822278887
AEROCUBE 8A             
1 40659U 15025J   20052.71785267  .00017023  00000-0  19945-3 0  9993
2 40659  55.0180 112.1060 0111560 232.0205 127.0714 15.54419316 25383
AEROCUBE 8B             
1 40660U 15025K   20053.17086439  .00016070  00000-0  18720-3 0  9992
2 40660  55.0150 108.2575 0110612 235.0413 124.0196 15.54730218 25467
TIANWANG 1C (TW-1C)     
1 40926U 15051B   20053.08746220  .00023184  00000-0  27074-3 0  9993
2 40926  97.1032 104.3495 0007545 150.9973 239.6082 15.61583639248849
TIANWANG 1A (TW-1A)     
1 40928U 15051D   20053.06595306  .00003544  00000-0  85003-4 0  9995
2 40928  97.1219  83.6949 0008953 247.7718 170.4035 15.41999167247436
EXACTVIEW 9             
1 40936U 15052G   20051.63891872  .00000770  00000-0  18690-4 0  9999
2 40936   6.0037 100.3491 0010238  34.2724 325.8063 14.76543865237787
AEROCUBE 5C             
1 40965U 15058B   20052.70541797  .00000043  00000-0  24975-4 0  9990
2 40965  64.7786 137.4824 0170017 117.4789 244.3716 14.74479868 24096
AEROCUBE 7              
1 40966U 15058C   20052.70912824  .00000090  00000-0  30391-4 0  9995
2 40966  64.7785 136.1141 0168869 117.2073 244.6354 14.74770887 24096
ATHENOXAT 1             
1 41168U 15077C   20052.64504133  .00002067  00000-0  73190-4 0  9994
2 41168  14.9873 198.2979 0011587 302.6968  57.2235 15.14120880231612
GALASSIA                
1 41170U 15077E   20052.58513070  .00001946  00000-0  65965-4 0  9996
2 41170  14.9876 190.9806 0012837 327.3393  32.6134 15.14432417231674
VELOX-II                
1 41171U 15077F   20053.11387487  .00001525  00000-0  48946-4 0  9991
2 41171  14.9902 227.7463 0008899 238.7652 121.1797 15.11532050231398
HORYU-4                 
1 41340U 16012D   20052.89395781  .00000538  00000-0  34007-4 0  9995
2 41340  31.0061 354.0378 0013793  72.3673 287.8468 15.01421988220349
E-ST@R-II               
1 41459U 16025D   20053.07571040  .00002061  00000-0  10826-3 0  9990
2 41459  98.0976 157.1075 0164923 242.9425 115.4874 15.06064673209923
AAUSAT 4                
1 41460U 16025E   20053.12016034  .00002237  00000-0  11413-3 0  9993
2 41460  98.0907 159.0884 0154186 233.0531 125.6511 15.08203414210100
DIWATA-1                
1 41463U 98067HT  20053.09846707  .00135259  19273-4  22478-3 0  9996
2 41463  51.6251  22.4661 0003271  89.1611 326.4622 16.02695960219270
BEESAT-4                
1 41619U 16040W   20052.73895964  .00001493  00000-0  65062-4 0  9992
2 41619  97.3355 114.9599 0009987 224.4379 135.6058 15.23701441191622
CANX-7                  
1 41788U 16059F   20053.09761029  .00004638  00000-0  66586-3 0  9998
2 41788  98.2527 138.1672 0023021 299.4027  60.4864 14.76806072182631
RAVAN                   
1 41849U 16067B   20052.82114176  .00000325  00000-0  32353-4 0  9995
2 41849  97.9235 160.7778 0007760 270.8828  89.1505 14.98447911179153
CELTEE 1                
1 41850U 16067C   20052.77775846  .00000757  00000-0  70857-4 0  9998
2 41850  97.9200 158.7952 0007005 277.9110  82.1316 14.97126486179043
OPTICUBE 04             
1 41851U 16067D   20052.82236693  .00000189  00000-0  21754-4 0  9998
2 41851  97.9181 158.5204 0007573 279.0295  81.0068 14.96881309179039
AEROCUBE 8D             
1 41852U 16067E   20052.76952192  .00000811  00000-0  76016-4 0  9994
2 41852  97.9195 158.2963 0007973 279.6391  80.3929 14.96843599179005
AEROCUBE 8C             
1 41853U 16067F   20052.86516273 -.00000326  00000-0 -23191-4 0  9991
2 41853  97.9194 158.3092 0008700 282.5808  77.4439 14.96809462179019
PROMETHEUS 2-1          
1 41854U 16067G   20052.79147667  .00000105  00000-0  14381-4 0  9995
2 41854  97.9208 158.4928 0008779 281.6693  78.3542 14.97096433179015
PROMETHEUS 2-3          
1 41855U 16067H   20052.72584638  .00000077  00000-0  11953-4 0  9992
2 41855  97.9210 158.4530 0008962 282.3210  77.7008 14.97105721179005
INS-1B                  
1 41954U 17008G   20052.91651782  .00001335  00000-0  57181-4 0  9995
2 41954  97.3692 119.3380 0008907   2.8010 357.3276 15.24489606167610
BGUSAT                  
1 41999U 17008BD  20052.98064574  .00002410  00000-0  93615-4 0  9995
2 41999  97.3792 122.9225 0008029  14.7917 345.3555 15.27017646167173
DIDO-2                  
1 42000U 17008BE  20052.85981842  .00000920  00000-0  40530-4 0  9993
2 42000  97.3702 119.8208 0008921  22.0286 338.1334 15.24283937167008
PEASSS                  
1 42015U 17008BV  20052.85598894  .00001246  00000-0  52242-4 0  9995
2 42015  97.3719 121.1916 0006912  29.3397 330.8228 15.25353788167571
AL-FARABI 1             
1 42016U 17008BW  20052.74192536  .00001654  00000-0  66873-4 0  9995
2 42016  97.3745 121.9409 0006756  29.0295 331.1318 15.26121426167720
NAYIF-1 (EO-88)         
1 42017U 17008BX  20052.85479269  .00001601  00000-0  64731-4 0  9992
2 42017  97.3740 122.0641 0006753  28.4503 331.7103 15.26159283167762
NSIGHT                  
1 42726U 98067MF  20052.57959958  .00115408  00000-0  37895-3 0  9991
2 42726  51.6293 108.0972 0005248  37.9506 322.1868 15.89671517156962
UCLSAT                  
1 42765U 17036A   20053.09182321  .00001304  00000-0  57845-4 0  9998
2 42765  97.3180 110.3725 0013006  78.4344 281.8352 15.23255815148271
LITUANICASAT-2          
1 42768U 17036D   20052.84105630  .00002201  00000-0  94529-4 0  9998
2 42768  97.3230 109.9391 0016344  70.2456 290.0542 15.23621735148085
AALTO-1                 
1 42775U 17036L   20052.80205904  .00000780  00000-0  37392-4 0  9992
2 42775  97.3158 108.2262 0015505  72.1203 288.1723 15.21667369147933
URSA MAIOR              
1 42776U 17036M   20052.87043049  .00000882  00000-0  41710-4 0  9992
2 42776  97.3169 108.5291 0015303  71.8045 288.4855 15.21831608147957
COMPASS 2               
1 42777U 17036N   20052.85538655  .00001715  00000-0  74498-4 0  9998
2 42777  97.3220 110.4055 0013914  71.4748 288.8000 15.23561931148046
DIAMOND RED             
1 42783U 17036U   20052.83819765  .00001036  00000-0  47445-4 0  9995
2 42783  97.3180 109.5089 0013733  80.6846 279.5943 15.22613751148000
PEGASUS                 
1 42784U 17036V   20052.89683915  .00001192  00000-0  53583-4 0  9991
2 42784  97.3184 109.9169 0013589  79.6815 280.5953 15.22963338148036
DIAMOND GREEN           
1 42785U 17036W   20052.83698863  .00001046  00000-0  47846-4 0  9997
2 42785  97.3183 109.5394 0013633  81.2449 279.0331 15.22615619148077
DIAMOND BLUE            
1 42786U 17036X   20052.83620680  .00001036  00000-0  47409-4 0  9994
2 42786  97.3182 109.5348 0013476  81.4725 278.8038 15.22613669148074
NUDTSAT                 
1 42787U 17036Y   20052.91797153  .00001434  00000-0  61697-4 0  9991
2 42787  97.3234 111.0780 0012929  69.5723 290.6902 15.24150078147947
SUCHAI                  
1 42788U 17036Z   20053.09269454  .00001431  00000-0  62827-4 0  9993
2 42788  97.3190 110.5934 0013111  78.0868 282.1839 15.23465368148163
SKCUBE                  
1 42789U 17036AA  20052.79904500  .00001318  00000-0  58341-4 0  9998
2 42789  97.3186 110.1932 0013012  79.0970 281.1730 15.23327349148039
VZLUSAT-1               
1 42790U 17036AB  20052.84048913  .00001850  00000-0  78803-4 0  9999
2 42790  97.3209 110.9985 0012535  77.8107 282.4534 15.24141230148085
ROBUSTA-1B              
1 42792U 17036AD  20052.83274949  .00001393  00000-0  61174-4 0  9995
2 42792  97.3187 110.4419 0012591  79.6123 280.6533 15.23510892148069
CICERO 6                
1 42793U 17036AE  20052.90439010  .00000884  00000-0  40535-4 0  9998
2 42793  97.3167 110.0601 0011918  81.3591 278.8996 15.22943751148120
D-SAT                   
1 42794U 17036AF  20053.15899936  .00000258  00000-0  27551-4 0  9992
2 42794  97.5090  91.4787 0127121  33.7725 327.1510 14.91222424145364
CORVUS BC2              
1 42846U 17042X   20052.88709860  .00000231  00000-0  28039-4 0  9995
2 42846  97.5399 301.5836 0008458 314.1700  45.8823 14.92062249142023
CORVUS BC1              
1 42847U 17042Y   20053.15891595  .00000305  00000-0  35240-4 0  9998
2 42847  97.5401 301.9924 0008086 312.5872  47.4665 14.92163368142069
MIRATA                  
1 43015U 17073C   20052.81136753  .00001185  00000-0  96152-4 0  9996
2 43015  97.7228 329.4526 0255389  69.1084 293.7266 14.79416203121973
MAKERSAT 0              
1 43016U 17073D   20052.74074538  .00000838  00000-0  69479-4 0  9997
2 43016  97.7263 329.5817 0257943  70.1376 292.7436 14.79048623121943
ASTERIA                 
1 43020U 98067NH  20052.65289017  .00127264  00000-0  43657-3 0  9996
2 43020  51.6408 120.2908 0003191  18.5995 341.5127 15.88774132128996
DELLINGR (RBLE)         
1 43021U 98067NJ  20053.08566392  .00012899  00000-0  12047-3 0  9995
2 43021  51.6366 153.2126 0001990 342.8487  17.2442 15.67689631128591
AEROCUBE 7B (OCSD B)    
1 43042U 17071F   20052.86701375  .00003314  00000-0  83925-4 0  9997
2 43042  51.6369 278.2940 0004121 347.8134  12.2751 15.42747374124374
AEROCUBE 7C (OCSD C)    
1 43043U 17071G   20052.86853689  .00003346  00000-0  84717-4 0  9999
2 43043  51.6369 278.3189 0004383 351.9654   8.1261 15.42725118124343
CHEFSAT                 
1 43044U 17071H   20053.05790197  .00007662  00000-0  15925-3 0  9995
2 43044  51.6370 266.3027 0003998 355.2950   4.7999 15.46675660124521
ASGARDIA 1              
1 43049U 17071N   20053.06116693  .00003019  00000-0  77107-4 0  9997
2 43049  51.6379 276.6638 0002298  18.4021 341.7047 15.42813842124379
ISARA                   
1 43050U 17071P   20052.84424697  .00005604  00000-0  12198-3 0  9990
2 43050  51.6355 269.2852 0001991  18.7644 341.3416 15.45891694124464
PROPCUBE 2 (FAUNA)      
1 43052U 17071R   20052.82012170  .00004058  00000-0  99158-4 0  9993
2 43052  51.6373 276.5733 0002203  15.0605 345.0446 15.43198100124351
CORVUS BC3              
1 43118U 18004H   20053.15577664  .00000819  00000-0  37590-4 0  9997
2 43118  97.4572 124.3165 0012023  99.7694 260.4901 15.23185950117298
MICROMAS-2A             
1 43131U 18004W   20052.85852947  .00002111  00000-0  87754-4 0  9992
2 43131  97.4613 125.3649 0010907 100.8235 259.4231 15.24875170117320
SPACEBEE-4              
1 43139U 18004AE  20052.85322593  .00002760  00000-0  11010-3 0  9990
2 43139  97.4642 126.2779 0010233 102.3386 257.8998 15.25997154117375
SPACEBEE-3              
1 43140U 18004AF  20052.86084241  .00003455  00000-0  13406-3 0  9991
2 43140  97.4654 126.8017 0009984 101.8671 258.3688 15.26752790117405
SPACEBEE-2              
1 43141U 18004AG  20053.12409899  .00003666  00000-0  14094-3 0  9990
2 43141  97.4664 127.2540 0009949 100.7816 259.4543 15.27015511117454
SPACEBEE-1              
1 43142U 18004AH  20052.85460606  .00003883  00000-0  14780-3 0  9996
2 43142  97.4670 127.1817 0009919 101.6055 258.6298 15.27309432117412
CICERO 7                
1 43143U 18004AJ  20053.19236360  .00001820  00000-0  75919-4 0  9994
2 43143  97.4593 125.8995 0009064 107.4002 252.8228 15.24955406117397
GOMX-4B                 
1 43196U 18015E   20052.82251078  .00000452  00000-0  21453-4 0  9990
2 43196  97.4189 182.3963 0019437 150.6985 209.5346 15.24148944114134
GOMX-4A                 
1 43197U 18015F   20053.20022171  .00001129  00000-0  48859-4 0  9995
2 43197  97.4180 182.8266 0019816 149.7748 331.3380 15.24337386114204
1KUNS-PF                
1 43466U 98067NP  20053.11968220  .00066814  00000-0  34104-3 0  9992
2 43466  51.6318 142.7388 0002726   3.2434 356.8585 15.80728268101992
UBAKUSAT                
1 43467U 98067NQ  20052.74508718  .00026993  00000-0  22565-3 0  9995
2 43467  51.6343 159.8655 0001862 316.3260  43.7590 15.69809504101743
BATSU-CS1 (IRAZU)       
1 43468U 98067NR  20053.09492921  .00525076  14196-3  72162-3 0  9991
2 43468  51.6269 125.7956 0007654  11.8225 348.2965 16.05490821202201
CUBERRT                 
1 43546U 98067NU  20053.13679590  .00011734  00000-0  10181-3 0  9992
2 43546  51.6357 156.4906 0003878   5.9043 354.1999 15.69616500 91952
TEMPEST-D               
1 43547U 98067NV  20052.82324628  .00005797  00000-0  74398-4 0  9990
2 43547  51.6366 179.9684 0004945 340.6449  19.4356 15.60764415 91296
RAINCUBE                
1 43548U 98067NW  20052.75795121  .00027015  00000-0  23764-3 0  9990
2 43548  51.6344 166.6909 0004798 356.4549   3.6413 15.68557327 91916
HALOSAT                 
1 43549U 98067NX  20052.78251671  .00016423  00000-0  14865-3 0  9994
2 43549  51.6362 166.9009 0004516 357.7263   2.3712 15.68221278 91478
ENDUROSAT ONE           
1 43551U 98067NZ  20052.73859636  .00039446  00000-0  29548-3 0  9991
2 43551  51.6337 160.5571 0004954   6.5551 353.5511 15.72226879 91961
EQUISAT                 
1 43552U 98067PA  20052.72982396  .00028088  00000-0  24533-3 0  9990
2 43552  51.6366 165.8406 0005374   4.3328 355.7715 15.68705793 91854
AEROCUBE 12A            
1 43556U 18046C   20052.81700144  .00000994  00000-0  46774-4 0  9990
2 43556  51.6423 305.8326 0007644 235.8848 124.1408 15.29424877 89525
AEROCUBE 12B            
1 43557U 18046D   20053.11963630  .00001100  00000-0  50760-4 0  9996
2 43557  51.6426 304.8452 0007763 236.1005 123.9237 15.29193838 89515
UITMSAT-1               
1 43589U 98067PD  20052.77375723  .00032677  00000-0  26991-3 0  9994
2 43589  51.6334 165.2490 0004752  11.4573 348.6531 15.69983372 87603
MAYA-1                  
1 43590U 98067PE  20052.57590905  .00035241  00000-0  29074-3 0  9990
2 43590  51.6341 166.1864 0004851  11.4492 348.6615 15.69973103 87501
BHUTAN-1                
1 43591U 98067PF  20052.68371524  .00034782  00000-0  28600-3 0  9990
2 43591  51.6345 165.4562 0004962  12.2022 347.9095 15.70059641 87524
SIRIUSSAT-1             
1 43595U 98067PG  20052.77749464  .00028161  00000-0  24845-3 0  9997
2 43595  51.6339 168.2951 0003130 337.8547  22.2314 15.68467872 86676
SIRIUSSAT-2             
1 43596U 98067PH  20052.76804858  .00029359  00000-0  25962-3 0  9997
2 43596  51.6345 169.0455 0003536 335.7054  24.3776 15.68385575 86665
TANUSHA-3               
1 43597U 98067PJ  20053.16168407  .00043170  00000-0  30884-3 0  9992
2 43597  51.6395 160.2906 0005108   7.8476 352.2124 15.73267922 86815
SURFSAT                 
1 43614U 18070B   20053.07336108  .00002727  00000-0  71380-4 0  9993
2 43614  93.0301 106.4757 0018062  71.2155 289.1056 15.38628997 80584
CP7 (DAVE)              
1 43615U 18070C   20053.09492923  .00002567  00000-0  67458-4 0  9997
2 43615  93.0303 106.4809 0018197  70.5256 289.7962 15.38512545 80581
ELFIN-B                 
1 43616U 18070D   20052.83760803  .00004088  00000-0  10350-3 0  9992
2 43616  93.0266 106.2884 0018763  73.6924 286.6392 15.39605442 80578
ELFIN-A                 
1 43617U 18070E   20052.88302695  .00004162  00000-0  10495-3 0  9992
2 43617  93.0321 106.7219 0018040  70.7972 289.5233 15.39739806 80586
CUBEBEL-1 (BSUSAT-1)    
1 43666U 18083E   20053.22777054  .00001128  00000-0  58642-4 0  9990
2 43666  97.5016  80.7806 0016247  48.6278  15.6318 15.18027808 72989
DEBRISSAT-2             
1 43680U 98067PR  20052.78399682  .00082605  00000-0  46048-3 0  9998
2 43680  51.6344 157.7832 0003491 355.9914   4.1059 15.78702728 95541
CICERO 10               
1 43690U 18088A   20053.04427960  .00001111  00000-0  49544-4 0  9993
2 43690  85.0414 155.0150 0015663  25.5487 334.6525 15.20044961 71058
IRVINE01                
1 43693U 18088D   20052.77266673  .00002647  00000-0  11259-3 0  9993
2 43693  85.0386 154.2192 0017689   8.2348 351.9180 15.22366215 71094
PROXIMA I               
1 43694U 18088E   20053.03734162  .00001016  00000-0  42809-4 0  9992
2 43694  85.0356 153.8437 0018960 358.5876   1.5309 15.21776202 71135
PROXIMA II              
1 43696U 18088G   20052.77274567  .00001025  00000-0  43217-4 0  9996
2 43696  85.0357 154.0209 0019039 359.4603   0.6615 15.21779514 71098
FACSAT-1                
1 43721U 18096C   20053.16261337  .00001615  00000-0  63710-4 0  9994
2 43721  97.4326 127.3286 0018140 168.4313 191.7346 15.26898985 68645
CENTAURI-2              
1 43722U 18096D   20052.83152466  .00002299  00000-0  88342-4 0  9997
2 43722  97.4333 127.1740 0018170 169.8745 190.2864 15.27320412 68593
INNOSAT-2               
1 43738U 18096V   20053.17921709  .00002987  00000-0  10557-3 0  9992
2 43738  97.4344 129.0249 0023965 178.3071 181.8255 15.29736106 68753
SIRION PATHFINDER-2     
1 43759U 18099B   20053.13776808  .00000391  00000-0  40775-4 0  9995
2 43759  97.7176 126.7182 0013742 206.1392 153.9136 14.95227916 66549
CORVUS-BC 4             
1 43767U 18099K   20053.16958067 -.00000050  00000-0  64872-6 0  9995
2 43767  97.7162 126.2854 0011039 209.0331 151.0277 14.94671485 66533
MOVE-II                 
1 43780U 18099Y   20052.89023502  .00000780  00000-0  75997-4 0  9993
2 43780  97.7183 126.3805 0012730 218.2454 141.7864 14.95285594 66491
SPACEBEE-7              
1 43816U 18099BL  20052.85308644  .00000020  00000-0  69795-5 0  9999
2 43816  97.7194 126.6627 0012997 203.2102 156.8534 14.95593709 66061
SPACEBEE-5              
1 43817U 18099BM  20053.18350154  .00000552  00000-0  54209-4 0  9993
2 43817  97.7234 127.2679 0012983 202.1859 157.8802 14.96073740 66128
SPACEBEE-6              
1 43818U 18099BN  20053.16445064  .00000653  00000-0  63742-4 0  9991
2 43818  97.7209 127.0572 0012924 201.0003 159.0689 14.95749457 66261
SHIELDS 1               
1 43850U 18104B   20052.71346629  .00000042  00000-0  00000-0 0  9997
2 43850  85.0256 252.5045 0016505 132.8656 227.3977 15.21280238 65728
STF-1                   
1 43852U 18104D   20052.77937165  .00000041  00000-0  00000+0 0  9994
2 43852  85.0313 252.9182 0015888 146.5558 213.6823 15.21031684 65712
ZACUBE-2                
1 43907U 18111AH  20053.14480623  .00000568  00000-0  25858-4 0  9994
2 43907  97.2764 316.3456 0021160 190.0485 170.0333 15.24458065 64293
LUME 1                  
1 43908U 18111AJ  20052.83668861  .00001070  00000-0  45729-4 0  9990
2 43908  97.2764 316.1476 0020920 191.0127 169.0656 15.24798653 64253
AOBA VELOX-IV           
1 43940U 19003J   20053.09742384  .00002216  00000-0  92199-4 0  9995
2 43940  97.2452 108.2956 0022390 274.7647 115.3879 15.24586000 60927
CATSAT-2                
1 44029U 98067PV  20052.59815708  .00017261  00000-0  20260-3 0  9991
2 44029  51.6378 186.7561 0004100   2.8253 357.2764 15.61580977 60245
DELPHINI                
1 44030U 98067PW  20052.80248392  .00019152  00000-0  21880-3 0  9996
2 44030  51.6350 185.0573 0004208 358.9870   1.1115 15.62200881 60251
UNITE                   
1 44031U 98067PX  20052.80312038  .00010962  00000-0  14358-3 0  9998
2 44031  51.6365 188.8460 0003124 359.0136   1.0850 15.59146979 60200
TECHEDSAT 8             
1 44032U 98067PY  20052.94570078  .00128158  00000-0  66780-3 0  9997
2 44032  51.6294 167.9099 0005019 347.4842  12.6034 15.80002250 60476
CATSAT-1                
1 44033U 98067PZ  20052.59797038  .00017912  00000-0  21000-3 0  9997
2 44033  51.6380 186.7589 0004014   1.3963 358.7041 15.61581637 60157
RAAVANA-1               
1 44329U 98067QE  20052.81234982  .00012174  00000-0  18087-3 0  9990
2 44329  51.6386 197.9402 0006163 287.2860  72.7457 15.55599946 38836
UGUISU                  
1 44330U 98067QF  20052.75539319  .00012665  00000-0  18829-3 0  9996
2 44330  51.6382 198.3076 0006154 285.5888  74.4423 15.55538459 38808
NEPALISAT-1             
1 44331U 98067QG  20052.80692887  .00013267  00000-0  19621-3 0  9993
2 44331  51.6384 197.9042 0006206 288.8654  71.1665 15.55632371 38826
SPOOQY-1                
1 44332U 98067QH  20052.80516470  .00012875  00000-0  19094-3 0  9995
2 44332  51.6384 197.8892 0005081 291.4627  68.5822 15.55593280 38784
SPACEBEE-9              
1 44370U 19037F   20053.17061766  .00010134  00000-0  24247-3 0  9993
2 44370  45.0055  45.0935 0013147 229.4159 130.5655 15.41664406 36644
SPACEBEE-8              
1 44371U 19037G   20053.17793713  .00018475  00000-0  39849-3 0  9998
2 44371  45.0058  42.6181 0010312 239.0961 120.9152 15.44300592 36666
IOD-1 GEMS              
1 44385U 98067QK  20052.85717166  .00017061  00000-0  24101-3 0  9990
2 44385  51.6394 197.5196 0002715 252.3302 107.7393 15.56663880 36315
MOVE-IIB                
1 44398U 19038N   20053.22416731  .00001361  00000-0  82395-4 0  9997
2 44398  97.5205  16.0622 0024887 164.7376 195.4504 15.12059591 35013
SONATE                  
1 44400U 19038Q   20053.16951395  .00000525  00000-0  34322-4 0  9992
2 44400  97.5246  16.0265 0025696 162.8535 197.3569 15.11836181 35008
LUCKY-7                 
1 44406U 19038W   20052.87354830  .00000526  00000-0  34165-4 0  9992
2 44406  97.5243  15.8010 0025104 163.6793 196.5252 15.12069202 34951
BEESAT 9                
1 44412U 19038AC  20053.14109771  .00000739  00000-0  46479-4 0  9999
2 44412  97.5238  16.0476 0023052 168.1971 191.9805 15.12098052 34698
JAISAT-1                
1 44419U 19038F   20052.86771493  .00000802  00000-0  49506-4 0  9995
2 44419  97.5238  15.9544 0021897 168.3454 191.8288 15.12579980 34971
SWIATOWID               
1 44426U 98067QL  20052.99861203  .00022147  00000-0  30685-3 0  9998
2 44426  51.6423 196.7349 0003735 237.8346 226.9061 15.56992837 36340
KRAKSAT                 
1 44427U 98067QM  20053.08676813  .00008949  00000-0  14157-3 0  9991
2 44427  51.6398 198.2953 0003373 239.3411 120.7247 15.54263617 36373
VCC A                   
1 44428U 98067QN  20052.63310159  .00012128  00000-0  18377-3 0  9992
2 44428  51.6399 199.7678 0002617 259.3179 100.7517 15.55072307 36315
ENTRYSAT                
1 44429U 98067QP  20052.66030924  .00014516  00000-0  21418-3 0  9998
2 44429  51.6389 199.1911 0002443 250.5223 109.5504 15.55621397 36322
VCC C                   
1 44430U 98067QQ  20052.76377500  .00018418  00000-0  26408-3 0  9994
2 44430  51.6390 198.3885 0002611 265.7801  94.2892 15.56199620 35165
VCC B                   
1 44431U 98067QR  20052.69899410  .00012169  00000-0  18429-3 0  9997
2 44431  51.6394 199.4532 0002797 257.9240 102.1437 15.55084281 36267
DUCHIFAT-3              
1 44854U 19089C   20053.12677669  .00000317  00000-0  32065-4 0  9997
2 44854  36.9672  65.7740 0007995 207.8606 152.1739 14.98974982 10839
