CUTE-1 (CO-55)          
1 27844U 03031E   20152.26657922  .00000048  00000-0  41361-4 0  9992
2 27844  98.6817 160.2616 0011109 103.7657 256.4758 14.22239786877697
CUBESAT XI-IV (CO-57)   
1 27848U 03031J   20152.00674694  .00000036  00000-0  36297-4 0  9992
2 27848  98.6885 160.5610 0010896 115.4627 244.7679 14.21826212877497
CUBESAT XI-V            
1 28895U 05043F   20152.32466392  .00000116  00000-0  31121-4 0  9999
2 28895  98.0073 289.1618 0016144 339.3833  20.6717 14.63770950778102
CUTE-1.7+APD II (CO-65) 
1 32785U 08021C   20152.32396471  .00000203  00000-0  27405-4 0  9998
2 32785  97.5722 141.0950 0012803 183.3178 176.7957 14.88470061655326
AAUSAT-II               
1 32788U 08021F   20152.05111356  .00000228  00000-0  25725-4 0  9998
2 32788  97.4912 157.3245 0013293 111.0289 249.2356 14.95054280656814
DELFI-C3 (DO-64)        
1 32789U 08021G   20152.34459498  .00001327  00000-0  90798-4 0  9996
2 32789  97.4192 195.7438 0012495  22.9374 337.2410 15.07703530659234
SEEDS II (CO-66)        
1 32791U 08021J   20151.88473569  .00000266  00000-0  32207-4 0  9994
2 32791  97.5402 146.8120 0013880 154.8388 205.3510 14.91046209655761
SWISSCUBE               
1 35932U 09051B   20152.45334371  .00000128  00000-0  39874-4 0  9993
2 35932  98.6102 334.1918 0007720 170.1557 189.9792 14.56393278567350
BEESAT-1                
1 35933U 09051C   20152.29917729  .00000102  00000-0  34026-4 0  9996
2 35933  98.6101 335.8953 0005646 180.7626 179.3563 14.56469018567407
ITUPSAT1                
1 35935U 09051E   20152.07766710  .00000087  00000-0  31066-4 0  9999
2 35935  98.6208 335.8692 0007916 183.9199 176.1936 14.55615378567173
TISAT 1                 
1 36799U 10035E   20152.39506307  .00000210  00000-0  27176-4 0  9996
2 36799  98.1934 322.0144 0012925  32.1184 328.0818 14.91353037536587
M-CUBED & EXP-1 PRIME   
1 37855U 11061F   20151.77500514  .00001723  00000-0  92000-4 0  9993
2 37855 101.7127 231.0735 0171305 127.4373 234.2565 15.06269135468546
AEROCUBE 4.5A           
1 38767U 12048K   20152.45789629  .00000456  00000-0  52033-4 0  9998
2 38767  64.6664 289.4572 0142726 142.2898 218.8324 14.92279622 39260
AEROCUBE 4.5B           
1 38768U 12048L   20151.30550649  .00000525  00000-0  53923-4 0  9996
2 38768  64.6673 261.9298 0131735 138.7325 222.3838 14.95945548 39163
STRAND-1                
1 39090U 13009E   20152.48602316  .00000037  00000-0  27937-4 0  9996
2 39090  98.4582 357.0415 0008778 342.9587  17.1303 14.35131760380256
SOMP                    
1 39134U 13015E   20151.82149596  .00001011  00000-0  54077-4 0  9993
2 39134  64.8629 335.0845 0034060 246.1567 113.5990 15.21026062393377
BEESAT-3                
1 39135U 13015F   20152.04892940  .00000790  00000-0  47840-4 0  9990
2 39135  64.8657 357.6224 0037069 250.8473 108.8639 15.18147894392571
BEESAT-2                
1 39136U 13015G   20151.95773532  .00000771  00000-0  47848-4 0  9992
2 39136  64.8695   2.8281 0030012 280.4432  79.3312 15.17540740392465
NEE-01 PEGASO           
1 39151U 13018B   20152.23064604  .00000129  00000-0  23911-4 0  9999
2 39151  97.9719 251.1655 0017768 152.1968 208.0197 14.80167854383138
ESTCUBE 1               
1 39161U 13021C   20152.49403760  .00000090  00000-0  22001-4 0  9998
2 39161  97.9633 235.8647 0008529 298.6881  61.3456 14.72317501379544
POPACS 1                
1 39268U 13055D   20152.47392798  .00001465  00000-0  40301-4 0  9999
2 39268  81.0004 314.1134 0616329 272.6879  80.3952 14.39193310345551
POPACS 2                
1 39269U 13055E   20151.25716001  .00001787  00000-0  50215-4 0  9994
2 39269  81.0145 352.9845 0678338  13.6927 348.1665 14.25424548344619
POPACS 3                
1 39270U 13055F   20152.31655495  .00001709  00000-0  51345-4 0  9992
2 39270  81.0173  13.3077 0710918  72.0702 295.6632 14.16848988343402
ZACUBE-1 (TSHEPISOSAT)  
1 39417U 13066B   20152.40972640  .00000193  00000-0  30630-4 0  9991
2 39417  97.5645 151.3810 0058162 335.2941  24.5489 14.81272665352510
WNISAT-1                
1 39423U 13066H   20152.37842330  .00000049  00000-0  20037-4 0  9996
2 39423  97.8020  75.0272 0174654 309.1589  49.4192 14.53117641345941
TRITON-1                
1 39427U 13066M   20152.57451714  .00000154  00000-0  32200-4 0  9996
2 39427  97.7236 114.4410 0114308 131.4557 229.6512 14.67998212349382
GOMX-1                  
1 39430U 13066Q   20152.59577640  .00000147  00000-0  36086-4 0  9997
2 39430  97.7902  92.1423 0149634 237.4883 121.1769 14.59397130347348
CUBEBUG-2 (LO-74)       
1 39440U 13066AA  20151.52501815  .00000187  00000-0  32767-4 0  9997
2 39440  97.6299 135.0177 0081161  39.3275 321.3791 14.76008100349935
NEE-02 KRYSAOR          
1 39441U 13066AB  20152.40645514  .00000123  00000-0  24459-4 0  9990
2 39441  97.6372 133.3787 0082822  45.1930 315.5974 14.75015474351059
FUNCUBE-1 (AO-73)       
1 39444U 13066AE  20152.28225276  .00000242  00000-0  35973-4 0  9993
2 39444  97.5590 153.4818 0057076 327.9403  31.8344 14.82124581350821
UWE-3                   
1 39446U 13066AG  20152.42396900  .00000183  00000-0  30863-4 0  9991
2 39446  97.5977 143.0548 0070136   6.7198 353.4938 14.78543199350649
AEROCUBE 5A             
1 39465U 13072D   20152.58115829  .00001923  00000-0  18724-3 0  9999
2 39465 120.4930 102.0673 0258653 226.6192 131.3048 14.76381459 38878
AEROCUBE 5B             
1 39466U 13072E   20152.42803608  .00003847  00000-0  29574-3 0  9994
2 39466 120.4896 137.3708 0229782 235.1861 122.7378 14.85969030 39046
BRITE-CA1 (TORONTO)     
1 40020U 14033L   20152.08368192  .00000038  00000-0  14606-4 0  9996
2 40020  97.7313 341.2916 0088552 127.5676 233.3614 14.66645923318220
DUCHIFAT-1              
1 40021U 14033M   20152.50086675  .00000354  00000-0  41726-4 0  9991
2 40021  97.9424  83.6329 0012692 350.4164   9.6810 14.90899979323364
NANOSATC-BR1            
1 40024U 14033Q   20152.51431586  .00000177  00000-0  24247-4 0  9992
2 40024  97.9274  80.0819 0012102 355.4254   4.6851 14.90069871322714
QB50P1                  
1 40025U 14033R   20151.78278754  .00000207  00000-0  27887-4 0  9994
2 40025  97.9152  76.0943 0012574   4.7674 355.3660 14.89133379322971
QB50P2                  
1 40032U 14033Y   20151.69205533  .00000173  00000-0  24550-4 0  9993
2 40032  97.9042  73.5117 0011900   2.2760 357.8509 14.88659426322865
PERSEUS-M2              
1 40037U 14033AD  20152.29960690  .00000058  00000-0  12800-4 0  9994
2 40037  97.8894  68.7762 0014748  14.4248 345.7386 14.86542826322115
PERSEUS-M1              
1 40039U 14033AF  20152.50680435  .00000038  00000-0  10601-4 0  9991
2 40039  97.8860  67.7734 0014541  11.8460 348.3095 14.86162602322055
POLYITAN-1              
1 40042U 14033AJ  20152.51503519  .00000204  00000-0  27792-4 0  9997
2 40042  97.9239  77.3438 0014501 352.0198   8.0786 14.88880862322472
TIGRISAT                
1 40043U 14033AK  20152.59013772  .00000094  00000-0  21058-4 0  9999
2 40043  97.7119   9.6607 0061170  54.0518 306.6344 14.74376491319569
AEROCUBE 6A             
1 40045U 14033AM  20152.19073440  .00000194  00000-0  34951-4 0  9992
2 40045  97.7373  14.6784 0059024  46.9057 313.7070 14.75571678319568
AEROCUBE 6B             
1 40046U 14033AN  20151.65794638  .00000230  00000-0  40088-4 0  9991
2 40046  97.7283  13.4612 0058206  47.7832 312.8296 14.75558090319863
UKUBE-1                 
1 40074U 14037F   20152.58054112  .00000273  00000-0  39765-4 0  9992
2 40074  98.4551 339.9152 0004239 162.3457 197.7900 14.84261695319256
BRITE-PL2 (HEWELIUSZ)   
1 40119U 14049B   20151.79491221  .00000092  00000-0  17387-4 0  9998
2 40119  97.8938 244.1889 0017891 162.3896 197.7943 14.84504295313074
FIREBIRD 4              
1 40378U 15003C   20151.60559009  .00001621  00000-0  65562-4 0  9992
2 40378  99.0961 208.2539 0124237  14.1426 346.3231 15.20044696294604
GRIFEX                  
1 40379U 15003D   20152.32446699  .00001424  00000-0  63036-4 0  9998
2 40379  99.1033 201.1370 0133537  36.2906 324.7288 15.16388874294259
EXOCUBE (CP10)          
1 40380U 15003E   20152.10661852  .00001194  00000-0  56050-4 0  9998
2 40380  99.1104 196.5789 0138801  51.4453 309.9117 15.14345522293926
AEROCUBE 8A             
1 40659U 15025J   20151.85990824  .00016992  00000-0  18093-3 0  9992
2 40659  55.0172  14.3820 0110097 128.9741 232.1167 15.56933946 40810
AEROCUBE 8B             
1 40660U 15025K   20152.16291193  .00018548  00000-0  19485-3 0  9997
2 40660  55.0146  10.9645 0109072 131.5969 229.4479 15.57304680 40872
TIANWANG 1C (TW-1C)     
1 40926U 15051B   20152.63939672  .00017582  00000-0  17845-3 0  9999
2 40926  97.0853 204.3089 0007623 139.3212  13.2661 15.65237070264399
TIANWANG 1A (TW-1A)     
1 40928U 15051D   20152.60251522  .00002126  00000-0  50871-4 0  9994
2 40928  97.1105 180.8439 0008644 244.2437 215.0082 15.42533683262771
EXACTVIEW 9             
1 40936U 15052G   20152.55188765  .00000740  00000-0  14467-4 0  9997
2 40936   6.0026 100.7923 0010203  22.1322 337.9245 14.76571508252723
AEROCUBE 5C             
1 40965U 15058B   20152.33867283 -.00000032  00000-0  16121-4 0  9994
2 40965  64.7774 195.7539 0167912  80.2845 281.7178 14.74520088 38782
AEROCUBE 7              
1 40966U 15058C   20152.32243125 -.00000004  00000-0  19390-4 0  9997
2 40966  64.7775 194.3083 0166791  79.9676 282.0201 14.74819514 38780
ATHENOXAT 1             
1 41168U 15077C   20152.37447113  .00001654  00000-0  50830-4 0  9996
2 41168  14.9870 186.7273 0011290 250.4616 109.4486 15.14354308246752
GALASSIA                
1 41170U 15077E   20151.37253642  .00001502  00000-0  42219-4 0  9994
2 41170  14.9875 185.9831 0012582 263.2511  96.6378 15.14648866246675
VELOX-II                
1 41171U 15077F   20152.42356779  .00001273  00000-0  34309-4 0  9993
2 41171  14.9907 222.2264 0008656 174.6475 185.3939 15.11685850246443
HORYU-4                 
1 41340U 16012D   20152.21467016  .00000419  00000-0  24918-4 0  9991
2 41340  31.0055  81.5662 0013857 337.1700  22.8319 15.01494331235287
E-ST@R-II               
1 41459U 16025D   20151.12858798 -.00000107  00000-0 -54649-6 0  9998
2 41459  98.1017 260.1649 0163703 273.3938  84.8581 15.06363394224680
AAUSAT 4                
1 41460U 16025E   20152.55385035  .00001126  00000-0  59347-4 0  9995
2 41460  98.0983 263.9331 0152515 257.4583 100.9529 15.08654354225099
BEESAT-4                
1 41619U 16040W   20152.15712302  .00001148  00000-0  50296-4 0  9993
2 41619  97.3204 212.0998 0009608 235.2055 124.8278 15.23972476206763
CANX-7                  
1 41788U 16059F   20152.51440994  .00004516  00000-0  62748-3 0  9991
2 41788  98.2543 239.9232 0022841 358.4962   1.6221 14.78214182197316
RAVAN                   
1 41849U 16067B   20152.38217480  .00000873  00000-0  78046-4 0  9996
2 41849  97.9314 261.9438 0006404 304.8174  55.2445 14.98545075194068
CELTEE 1                
1 41850U 16067C   20151.22549040  .00000071  00000-0  11418-4 0  9990
2 41850  97.9249 258.5505 0007771 313.9640  46.0939 14.97172388193776
OPTICUBE 04             
1 41851U 16067D   20152.42275331 -.00000051  00000-0  88461-6 0  9996
2 41851  97.9241 259.3928 0007892 312.2194  47.8357 14.96917225193934
AEROCUBE 8D             
1 41852U 16067E   20152.30499870  .00000587  00000-0  56446-4 0  9999
2 41852  97.9251 259.1079 0008252 313.3636  46.6897 14.96901196193896
AEROCUBE 8C             
1 41853U 16067F   20152.26929490 -.00000311  00000-0 -21811-4 0  9996
2 41853  97.9255 258.9785 0008970 316.3078  43.7433 14.96870393193889
PROMETHEUS 2-1          
1 41854U 16067G   20151.70790259  .00000805  00000-0  74906-4 0  9993
2 41854  97.9259 258.7264 0008819 315.6886  44.3628 14.97181736193818
PROMETHEUS 2-3          
1 41855U 16067H   20151.84211938  .00000819  00000-0  76086-4 0  9997
2 41855  97.9262 258.8942 0008988 315.6813  44.3688 14.97192189193836
INS-1B                  
1 41954U 17008G   20152.41512734  .00001154  00000-0  49425-4 0  9995
2 41954  97.3550 217.1198 0009173  12.7711 347.3757 15.24746706182775
BGUSAT                  
1 41999U 17008BD  20152.44021215  .00002033  00000-0  78388-4 0  9993
2 41999  97.3662 221.1939 0008334  23.6767 336.4854 15.27445881182350
DIDO-2                  
1 42000U 17008BE  20152.44027021  .00000667  00000-0  30013-4 0  9992
2 42000  97.3558 217.6569 0009157  31.0078 329.1698 15.24452618182177
PEASSS                  
1 42015U 17008BV  20152.43031889  .00001053  00000-0  44261-4 0  9994
2 42015  97.3581 219.2129 0007156  37.7413 322.4326 15.25584330182758
AL-FARABI 1             
1 42016U 17008BW  20152.46082010  .00001264  00000-0  51317-4 0  9994
2 42016  97.3610 220.2594 0007005  37.2253 322.9471 15.26416538182931
NAYIF-1 (EO-88)         
1 42017U 17008BX  20152.43999290  .00001353  00000-0  54648-4 0  9998
2 42017  97.3604 220.2498 0007045  36.5738 323.5980 15.26457182182956
UCLSAT                  
1 42765U 17036A   20152.14607561  .00001115  00000-0  49526-4 0  9999
2 42765  97.3019 206.8514 0013125  88.1352 272.1388 15.23493935163948
LITUANICASAT-2          
1 42768U 17036D   20151.80100804  .00001890  00000-0  80626-4 0  9998
2 42768  97.3074 206.4608 0016456  80.2041 280.1054 15.24014832163158
AALTO-1                 
1 42775U 17036L   20152.22553787  .00000729  00000-0  35014-4 0  9996
2 42775  97.2995 204.7952 0015592  81.6138 278.6865 15.21819989163056
URSA MAIOR              
1 42776U 17036M   20152.15115878  .00000825  00000-0  39030-4 0  9993
2 42776  97.3007 205.0000 0015407  81.6360 278.6622 15.22000868163052
COMPASS 2               
1 42777U 17036N   20152.28133102  .00001590  00000-0  68596-4 0  9997
2 42777  97.3064 207.3545 0014027  79.9698 280.3121 15.23880403163186
DIAMOND RED             
1 42783U 17036U   20152.39568001  .00000932  00000-0  42715-4 0  9990
2 42783  97.3020 206.3800 0013818  89.0695 271.2125 15.22809090163156
PEGASUS                 
1 42784U 17036V   20152.10216015  .00001014  00000-0  45698-4 0  9990
2 42784  97.3023 206.5053 0013666  89.0450 271.2353 15.23183513163139
DIAMOND GREEN           
1 42785U 17036W   20151.86879961  .00000894  00000-0  41108-4 0  9995
2 42785  97.3021 205.9027 0013729  91.2319 269.0491 15.22807943163149
DIAMOND BLUE            
1 42786U 17036X   20152.06513214  .00000878  00000-0  40398-4 0  9997
2 42786  97.3021 206.0890 0013563  90.8168 269.4623 15.22808539163179
NUDTSAT                 
1 42787U 17036Y   20152.63341643  .00001429  00000-0  60928-4 0  9990
2 42787  97.3072 208.3788 0012556  76.7672 283.4966 15.24476261163138
SUCHAI                  
1 42788U 17036Z   20152.39531822  .00001276  00000-0  55879-4 0  9993
2 42788  97.3032 207.3629 0013219  86.8232 273.4518 15.23728742163280
SKCUBE                  
1 42789U 17036AA  20152.17693136  .00001215  00000-0  53582-4 0  9999
2 42789  97.3025 207.0083 0013098  87.7261 272.5476 15.23572794163165
VZLUSAT-1               
1 42790U 17036AB  20152.16278732  .00001483  00000-0  63134-4 0  9992
2 42790  97.3051 207.9154 0012594  86.0243 274.2434 15.24465251163215
ROBUSTA-1B              
1 42792U 17036AD  20152.39553658  .00001226  00000-0  53773-4 0  9995
2 42792  97.3028 207.4670 0012688  87.4369 272.8321 15.23760162163225
CICERO 6                
1 42793U 17036AE  20152.37528724  .00000843  00000-0  38562-4 0  9993
2 42793  97.3005 206.8767 0011989  89.6656 270.5955 15.23119099163266
D-SAT                   
1 42794U 17036AF  20152.13108873  .00000167  00000-0  19561-4 0  9994
2 42794  97.4945 185.6439 0127633  63.2261 298.1949 14.91272477160119
CORVUS BC2              
1 42846U 17042X   20151.80372596  .00000031  00000-0  82784-5 0  9995
2 42846  97.5254  36.1558 0009171 346.8889  13.2091 14.92101360156779
CORVUS BC1              
1 42847U 17042Y   20151.93473018 -.00000019  00000-0  33447-5 0  9990
2 42847  97.5257  36.4473 0008784 346.0129  14.0846 14.92202504156791
MIRATA                  
1 43015U 17073C   20152.56611320  .00000825  00000-0  68273-4 0  9990
2 43015  97.7200  65.4242 0254808 103.5696 259.4036 14.79615308136722
MAKERSAT 0              
1 43016U 17073D   20151.71071775  .00000557  00000-0  47847-4 0  9997
2 43016  97.7236  64.7852 0257487 107.3630 255.5918 14.79190735136589
DELLINGR (RBLE)         
1 43021U 98067NJ  20151.99865148  .00014626  00000-0  12204-3 0  9990
2 43021  51.6370   9.0094 0001048  32.4576 327.6486 15.70329195144126
AEROCUBE 7B (OCSD B)    
1 43042U 17071F   20152.40399357  .00003214  00000-0  79721-4 0  9999
2 43042  51.6364 150.2163 0004584 351.8067   8.2843 15.43499643139746
AEROCUBE 7C (OCSD C)    
1 43043U 17071G   20152.40708642  .00003330  00000-0  82340-4 0  9991
2 43043  51.6364 150.2518 0004843 355.5566   4.5376 15.43474308139712
CHEFSAT                 
1 43044U 17071H   20152.31901405  .00009354  00000-0  18298-3 0  9996
2 43044  51.6367 136.4291 0004787   2.3733 357.7277 15.48152855139897
ASGARDIA 1              
1 43049U 17071N   20152.01251181  .00002918  00000-0  73175-4 0  9992
2 43049  51.6376 151.4381 0002684  14.6545 345.4518 15.43520466139669
ISARA                   
1 43050U 17071P   20152.41914582  .00006048  00000-0  12536-3 0  9990
2 43050  51.6347 138.4813 0002780  18.6509 341.4580 15.47186691139875
PROPCUBE 2 (FAUNA)      
1 43052U 17071R   20152.19796890  .00003381  00000-0  82112-4 0  9992
2 43052  51.6369 148.9445 0002642  12.9508 347.1546 15.43966058139707
CORVUS BC3              
1 43118U 18004H   20152.28273445  .00000747  00000-0  34385-4 0  9990
2 43118  97.4443 222.6949 0011969 110.1508 250.1017 15.23344270132380
MICROMAS-2A             
1 43131U 18004W   20152.32836687  .00001763  00000-0  72988-4 0  9993
2 43131  97.4491 224.4105 0010869 109.0439 251.1977 15.25237889132486
SPACEBEE-4              
1 43139U 18004AE  20152.24549807  .00002868  00000-0  11257-3 0  9995
2 43139  97.4522 225.4677 0010321 110.0824 250.1526 15.26502687132534
SPACEBEE-3              
1 43140U 18004AF  20152.00340142  .00003232  00000-0  12323-3 0  9993
2 43140  97.4538 225.8845 0010031 109.5728 250.6595 15.27379347132535
SPACEBEE-2              
1 43141U 18004AG  20152.51043416  .00003375  00000-0  12739-3 0  9993
2 43141  97.4552 226.6389 0010036 107.6719 252.5617 15.27681883132625
SPACEBEE-1              
1 43142U 18004AH  20151.17239216  .00003205  00000-0  11990-3 0  9990
2 43142  97.4554 225.5504 0009964 111.3407 248.8897 15.28019204132428
CICERO 7                
1 43143U 18004AJ  20152.19872773  .00001437  00000-0  59953-4 0  9992
2 43143  97.4470 224.4674 0008975 116.3548 243.8612 15.25282961132489
GOMX-4B                 
1 43196U 18015E   20152.61100748  .00000494  00000-0  23117-4 0  9990
2 43196  97.4338 281.2778 0019469 159.8064 200.3949 15.24245496129333
GOMX-4A                 
1 43197U 18015F   20152.62691787  .00000678  00000-0  30399-4 0  9994
2 43197  97.4353 281.3756 0019787 159.8840 212.1989 15.24483687129356
1KUNS-PF                
1 43466U 98067NP  20151.89737048  .00516451  14321-3  59775-3 0  9990
2 43466  51.6236 342.9965 0008009 274.5515  85.4583 16.08211605117712
UBAKUSAT                
1 43467U 98067NQ  20152.03123493  .00030246  00000-0  20593-3 0  9996
2 43467  51.6336  11.3519 0000281 127.2195 232.8830 15.74613246117361
CUBERRT                 
1 43546U 98067NU  20151.97798990  .00012521  00000-0  93587-4 0  9996
2 43546  51.6360  11.0309 0002889  36.7139 323.4057 15.73139597107490
TEMPEST-D               
1 43547U 98067NV  20151.82257738  .00004915  00000-0  60311-4 0  9998
2 43547  51.6379  40.8775 0004657   0.3566 359.7431 15.62363740106768
RAINCUBE                
1 43548U 98067NW  20152.18488369  .00032443  00000-0  23203-3 0  9990
2 43548  51.6347  18.3806 0003397  43.5700 316.5567 15.73423938107544
HALOSAT                 
1 43549U 98067NX  20151.09804637  .00016147  00000-0  12219-3 0  9998
2 43549  51.6363  24.6968 0003282  46.5826 313.5445 15.72581445106927
ENDUROSAT ONE           
1 43551U 98067NZ  20151.85448137  .00054279  00000-0  28818-3 0  9994
2 43551  51.6354  10.1303 0002363  62.6428 297.4814 15.79951878107591
EQUISAT                 
1 43552U 98067PA  20151.64193945  .00028613  00000-0  20472-3 0  9997
2 43552  51.6369  20.1155 0003892  47.8108 312.3221 15.73482461107402
AEROCUBE 12A            
1 43556U 18046C   20151.66795184  .00000792  00000-0  39459-4 0  9999
2 43556  51.6408 191.0138 0007870 230.2259 129.8029 15.29759346104655
AEROCUBE 12B            
1 43557U 18046D   20151.72550754  .00001102  00000-0  50428-4 0  9994
2 43557  51.6409 191.3869 0007943 230.1534 129.8747 15.29480900104606
UITMSAT-1               
1 43589U 98067PD  20151.69613486  .00039874  00000-0  25352-3 0  9992
2 43589  51.6359  18.0430 0003611  71.4026 288.7366 15.76043035103173
MAYA-1                  
1 43590U 98067PE  20151.87912526  .00039558  00000-0  25141-3 0  9996
2 43590  51.6326  17.0184 0003409  66.9438 293.1921 15.76056689103137
BHUTAN-1                
1 43591U 98067PF  20151.66312265  .00038370  00000-0  24268-3 0  9998
2 43591  51.6375  17.8956 0003636  71.3264 288.8130 15.76181572103106
SIRIUSSAT-1             
1 43595U 98067PG  20152.06978873  .00032429  00000-0  22841-3 0  9994
2 43595  51.6339  20.5770 0001423  50.6053 309.5072 15.73786206102289
SIRIUSSAT-2             
1 43596U 98067PH  20152.06685538  .00033519  00000-0  23704-3 0  9998
2 43596  51.6348  21.3804 0001619  38.7514 321.3601 15.73674456102275
TANUSHA-3               
1 43597U 98067PJ  20152.58673017  .00065595  00000-0  29188-3 0  9996
2 43597  51.6299   6.6024 0000733 148.8555 211.2492 15.83685643102518
SURFSAT                 
1 43614U 18070B   20152.43637972  .00002763  00000-0  71223-4 0  9992
2 43614  93.0197 147.5552 0017479  50.5433 309.7364 15.39112047 95869
CP7 (DAVE)              
1 43615U 18070C   20152.53124577  .00002404  00000-0  62261-4 0  9990
2 43615  93.0200 147.5858 0017589  49.7415 310.5374 15.38970638 95875
ELFIN-B                 
1 43616U 18070D   20152.39146606  .00004294  00000-0  10636-3 0  9999
2 43616  93.0161 147.4651 0018125  51.7624 308.5259 15.40284520 95896
ELFIN-A                 
1 43617U 18070E   20152.36182051  .00004540  00000-0  11185-3 0  9995
2 43617  93.0213 147.9505 0017401  49.3990 310.8776 15.40457656 95895
CUBEBEL-1 (BSUSAT-1)    
1 43666U 18083E   20152.50623378  .00000713  00000-0  38058-4 0  9998
2 43666  97.4896 179.1393 0016520  62.2869  80.4615 15.18229121 88046
DEBRISSAT-2             
1 43680U 98067PR  20151.69072398  .11468650  12477-4  51439-3 0  9995
2 43680  51.6154 356.6377 0010832 273.4515  86.5274 16.42437352111263
CICERO 10               
1 43690U 18088A   20151.39141109  .00000753  00000-0  32794-4 0  9998
2 43690  85.0382  90.2223 0015848  24.8875 335.3126 15.20209138 86017
IRVINE01                
1 43693U 18088D   20152.40725420  .00002537  00000-0  10642-3 0  9997
2 43693  85.0351  88.2952 0018014   2.6896 357.4439 15.22810163 86253
PROXIMA I               
1 43694U 18088E   20151.53574028  .00000937  00000-0  39156-4 0  9991
2 43694  85.0326  88.7040 0019042 356.8278   3.2839 15.21946379 86112
PROXIMA II              
1 43696U 18088G   20152.38872726  .00000979  00000-0  41002-4 0  9992
2 43696  85.0327  88.1432 0018957 353.5818   6.5177 15.21950757 86242
FACSAT-1                
1 43721U 18096C   20152.30660399  .00001357  00000-0  53542-4 0  9996
2 43721  97.4210 225.9730 0017674 177.9166 182.2150 15.27179668 83778
CENTAURI-2              
1 43722U 18096D   20151.74871172  .00001706  00000-0  65562-4 0  9990
2 43722  97.4220 225.6766 0017659 179.6023 180.5234 15.27692052 83692
INNOSAT-2               
1 43738U 18096V   20152.45882520  .00002846  00000-0  99169-4 0  9991
2 43738  97.4236 228.2822 0023396 185.5058 174.5929 15.30249853 83939
SIRION PATHFINDER-2     
1 43759U 18099B   20152.44696492 -.00000261  00000-0 -18490-4 0  9996
2 43759  97.7057 224.3963 0012998 236.8767 123.1207 14.95271720 81397
CORVUS-BC 4             
1 43767U 18099K   20152.31491368 -.00000192  00000-0 -12417-4 0  9992
2 43767  97.7039 223.6961 0010475 240.9970 119.0201 14.94717681 81349
MOVE-II                 
1 43780U 18099Y   20152.32766745  .00000367  00000-0  38397-4 0  9999
2 43780  97.7062 224.2047 0012162 249.0126 110.9793 14.95384263 81354
SPACEBEE-7              
1 43816U 18099BL  20151.66826264  .00000484  00000-0  48678-4 0  9991
2 43816  97.7075 223.9371 0012259 233.9473 126.0613 14.95678790 80830
SPACEBEE-5              
1 43817U 18099BM  20151.62884256  .00001160  00000-0  10771-3 0  9997
2 43817  97.7132 224.3158 0011742 232.9092 127.1056 14.96278411 80846
SPACEBEE-6              
1 43818U 18099BN  20152.30287138  .00000316  00000-0  33424-4 0  9993
2 43818  97.7095 224.6921 0012030 231.5095 128.5048 14.95870521 81087
SHIELDS 1               
1 43850U 18104B   20152.56159914  .00000042  00000-0  00000-0 0  9990
2 43850  85.0304 186.5199 0016719 126.6158 233.6635 15.21371420 80905
STF-1                   
1 43852U 18104D   20152.57340519  .00000042  00000-0  00000-0 0  9996
2 43852  85.0341 187.0410 0016145 139.0461 221.2082 15.21247872 80887
ZACUBE-2                
1 43907U 18111AH  20152.32189863  .00000374  00000-0  17925-4 0  9997
2 43907  97.2672  52.6009 0020795 199.9435 160.0993 15.24575310 79404
LUME 1                  
1 43908U 18111AJ  20152.44787070  .00000848  00000-0  36634-4 0  9999
2 43908  97.2672  52.8824 0020544 199.0083 161.0391 15.25010165 79433
AOBA VELOX-IV           
1 43940U 19003J   20152.12134392  .00001521  00000-0  63485-4 0  9997
2 43940  97.2290 203.9941 0022025 285.8222  74.0588 15.24957165 76009
CATSAT-2                
1 44029U 98067PV  20152.32888236  .00019679  00000-0  20364-3 0  9999
2 44029  51.6394  42.8167 0004149  37.3884 322.7399 15.64720627 75847
DELPHINI                
1 44030U 98067PW  20152.16534235  .00021760  00000-0  21634-3 0  9995
2 44030  51.6354  42.3690 0003792  39.1785 320.9484 15.65661073 75805
UNITE                   
1 44031U 98067PX  20152.40952599  .00008687  00000-0  10730-3 0  9998
2 44031  51.6386  47.8176 0003164  31.2489 328.8693 15.61027927 75750
CATSAT-1                
1 44033U 98067PZ  20152.39270928  .00021957  00000-0  22651-3 0  9997
2 44033  51.6396  42.4991 0004025  36.3544 323.7724 15.64720132 75765
RAAVANA-1               
1 44329U 98067QE  20151.93605572  .00009565  00000-0  13360-3 0  9999
2 44329  51.6396  61.9557 0004846 303.9901  56.0630 15.57589007 54279
UGUISU                  
1 44330U 98067QF  20152.01178549  .00009617  00000-0  13467-3 0  9996
2 44330  51.6394  61.7076 0004859 302.1129  57.9391 15.57514293 54268
NEPALISAT-1             
1 44331U 98067QG  20152.18538863  .00010615  00000-0  14733-3 0  9991
2 44331  51.6392  60.6197 0004938 306.5095  53.5442 15.57622852 54302
SPOOQY-1                
1 44332U 98067QH  20152.44446850  .00010435  00000-0  14542-3 0  9993
2 44332  51.6393  59.3470 0003935 312.6853  47.3807 15.57538137 54307
SPACEBEE-9              
1 44370U 19037F   20152.58029627  .00005251  00000-0  12330-3 0  9992
2 44370  45.0139 210.0667 0011339  80.7876 279.4298 15.43224655 51999
SPACEBEE-8              
1 44371U 19037G   20152.56821478  .00010723  00000-0  21277-3 0  9995
2 44371  45.0179 204.9315 0008966  80.4375 279.7532 15.47210141 52049
IOD-1 GEMS              
1 44385U 98067QK  20152.45659953  .00014326  00000-0  18178-3 0  9994
2 44385  51.6408  57.9767 0001156 245.5842 114.5030 15.59701276 51849
MOVE-IIB                
1 44398U 19038N   20151.95226006  .00000855  00000-0  52858-4 0  9998
2 44398  97.5349 113.4082 0024884 184.0395 176.0639 15.12288310 49930
SONATE                  
1 44400U 19038Q   20152.44582920  .00000413  00000-0  27773-4 0  9995
2 44400  97.5386 113.9122 0025098 180.8753 179.2438 15.11940053 50005
LUCKY-7                 
1 44406U 19038W   20151.93510823  .00000390  00000-0  26259-4 0  9999
2 44406  97.5380 113.5058 0024479 182.2940 177.8182 15.12201388 49926
BEESAT 9                
1 44412U 19038AC  20152.46396080  .00000564  00000-0  36242-4 0  9998
2 44412  97.5373 114.0091 0022414 185.8850 174.2121 15.12274651 49707
JAISAT-1                
1 44419U 19038F   20152.42352873  .00000652  00000-0  40784-4 0  9997
2 44419  97.5374 114.2206 0021294 185.0286 175.0734 15.12757890 50022
SWIATOWID               
1 44426U 98067QL  20152.55549733  .00014182  00000-0  17479-3 0  9998
2 44426  51.6424  56.9922 0001559 222.3669 197.7139 15.60481208 51870
KRAKSAT                 
1 44427U 98067QM  20152.14453999  .00005363  00000-0  83274-4 0  9990
2 44427  51.6441  63.8344 0002178 240.8594 260.6481 15.55735971 51788
VCC A                   
1 44428U 98067QN  20151.98583986  .00009223  00000-0  13203-3 0  9995
2 44428  51.6414  63.0787 0001428 274.4109  85.6720 15.56973568 51782
ENTRYSAT                
1 44429U 98067QP  20151.32465218  .00008782  00000-0  12193-3 0  9997
2 44429  51.6395  65.3896 0001113 253.9776 106.1093 15.57878760 51691
VCC C                   
1 44430U 98067QQ  20152.14409827  .00015562  00000-0  20207-3 0  9993
2 44430  51.6394  60.3721 0000887 289.1333  70.9563 15.59009541 50651
VCC B                   
1 44431U 98067QR  20151.92178889  .00009218  00000-0  13180-3 0  9993
2 44431  51.6407  63.3885 0001563 272.2963  87.7850 15.57008316 51715
ATL-1                   
1 44830U 19084G   20151.82447786  .00056389  00000-0  34276-3 0  9992
2 44830  96.9775  20.8311 0024802 305.5334  54.3620 15.76882044 27675
SMOG-P                  
1 44832U 19084J   20151.89845419  .00061255  00000-0  35473-3 0  9994
2 44832  96.9776  21.0428 0023398 303.4689  56.4341 15.78004333 27693
DUCHIFAT-3              
1 44854U 19089C   20152.50933986  .00000230  00000-0  24983-4 0  9990
2 44854  36.9668 198.4850 0009204 292.8968  67.0788 14.99058395 25757
ORBITAL FACTORY 2 (OF-2)
1 45113U 19071C   20152.27784259  .00001720  00000-0  64146-4 0  9991
2 45113  51.6446  86.5148 0013137 358.6118   1.4825 15.33291912 18499
