CUTE-1 (CO-55)          
1 27844U 03031E   20117.02042687  .00000039  00000-0  37288-4 0  9996
2 27844  98.6836 125.5438 0009399 200.6463 159.4336 14.22233464872689
CUBESAT XI-IV (CO-57)   
1 27848U 03031J   20117.45408311  .00000028  00000-0  32381-4 0  9994
2 27848  98.6905 126.5231 0009076 212.2043 147.8581 14.21820867872554
CUBESAT XI-V            
1 28895U 05043F   20117.32549856  .00000126  00000-0  33038-4 0  9997
2 28895  98.0010 255.1651 0018194  86.1169 274.2113 14.63760361772981
CUTE-1.7+APD II (CO-65) 
1 32785U 08021C   20117.36693233  .00000201  00000-0  27275-4 0  9992
2 32785  97.5713 107.6820 0011797 311.0915  48.9283 14.88453701650127
AAUSAT-II               
1 32788U 08021F   20117.24760818  .00000497  00000-0  50333-4 0  9994
2 32788  97.4928 124.0667 0010376 225.3615 134.6761 14.95020381651515
DELFI-C3 (DO-64)        
1 32789U 08021G   20117.16867199  .00000822  00000-0  57849-4 0  9997
2 32789  97.4236 161.7871 0013508 130.5983 229.6423 15.07621933653930
SEEDS II (CO-66)        
1 32791U 08021J   20117.45770248  .00000358  00000-0  41502-4 0  9993
2 32791  97.5403 113.9089 0011647 277.0664  82.9231 14.91022985650630
SWISSCUBE               
1 35932U 09051B   20117.55209919  .00000121  00000-0  38429-4 0  9992
2 35932  98.6093 298.1713 0006386 289.2568  70.7938 14.56381346562270
BEESAT-1                
1 35933U 09051C   20117.46847283  .00000093  00000-0  31917-4 0  9998
2 35933  98.6096 299.9433 0004751 307.0962  52.9800 14.56458588562412
ITUPSAT1                
1 35935U 09051E   20117.43279013  .00000057  00000-0  24226-4 0  9992
2 35935  98.6204 300.1138 0007042 303.3624  56.6897 14.55606177562103
TISAT 1                 
1 36799U 10035E   20117.50582056  .00000252  00000-0  31416-4 0  9993
2 36799  98.1901 285.7962 0013268 136.1088 224.1186 14.91327553531182
M-CUBED & EXP-1 PRIME   
1 37855U 11061F   20117.43126325  .00000860  00000-0  50415-4 0  9997
2 37855 101.7151 179.0343 0171282 229.2645 129.3589 15.06174986463371
AEROCUBE 4.5A           
1 38767U 12048K   20117.20721270  .00000246  00000-0  34936-4 0  9999
2 38767  64.6676  39.6765 0146661 154.3137 206.5357 14.92241723 34002
AEROCUBE 4.5B           
1 38768U 12048L   20117.41125949  .00000529  00000-0  53806-4 0  9995
2 38768  64.6685   8.5069 0135388 150.4891 210.3955 14.95892579 34093
STRAND-1                
1 39090U 13009E   20117.06815839  .00000034  00000-0  26832-4 0  9997
2 39090  98.4618 322.3320 0010389  81.5663 278.6700 14.35127085375195
SOMP                    
1 39134U 13015E   20117.30205624  .00001126  00000-0  59245-4 0  9992
2 39134  64.8624  87.0646 0035751 252.1538 107.5689 15.20944265387743
BEESAT-3                
1 39135U 13015F   20117.26661789  .00000672  00000-0  42184-4 0  9995
2 39135  64.8648 109.9504 0040300 256.5027 103.1607 15.18087188387295
BEESAT-2                
1 39136U 13015G   20117.49092891  .00000979  00000-0  58191-4 0  9998
2 39136  64.8657 114.0199 0029124 281.3005  78.4849 15.17468702387236
NEE-01 PEGASO           
1 39151U 13018B   20117.55113324  .00000157  00000-0  27706-4 0  9996
2 39151  97.9694 216.7352 0015583 268.1803  91.7624 14.80154853377994
ESTCUBE 1               
1 39161U 13021C   20117.22209628  .00000133  00000-0  28853-4 0  9996
2 39161  97.9640 201.2998 0010649  51.1507 309.0645 14.72305400374352
POPACS 1                
1 39268U 13055D   20117.36497832  .00004330  00000-0  11763-3 0  9996
2 39268  81.0026 351.2325 0618496  17.0223 345.0720 14.39025220341970
POPACS 2                
1 39269U 13055E   20117.42257306  .00002412  00000-0  67398-4 0  9999
2 39269  81.0177  27.9425 0679544 112.0046 255.4734 14.25247085338577
POPACS 3                
1 39270U 13055F   20117.28699801  .00001461  00000-0  44457-4 0  9999
2 39270  81.0185  49.0169 0710694 172.5606 188.6837 14.16749219317746
ZACUBE-1 (TSHEPISOSAT)  
1 39417U 13066B   20117.48581538  .00000205  00000-0  31858-4 0  9999
2 39417  97.5651 118.4019 0060498  88.3995 272.4147 14.81255377347343
WNISAT-1                
1 39423U 13066H   20117.39878460  .00000090  00000-0  27117-4 0  9994
2 39423  97.8021  42.4384 0176410  57.9968 303.8236 14.53109425340868
TRITON-1                
1 39427U 13066M   20117.47091234  .00000167  00000-0  34848-4 0  9997
2 39427  97.7212  81.3032 0112253 244.0845 114.8757 14.67983854344035
GOMX-1                  
1 39430U 13066Q   20117.42323577  .00000252  00000-0  54630-4 0  9990
2 39430  97.7867  59.1046 0151044 349.1130  10.6807 14.59382072342211
CUBEBUG-2 (LO-74)       
1 39440U 13066AA  20117.01882359  .00000183  00000-0  32206-4 0  9992
2 39440  97.6283 102.4286 0080879 149.5110 211.0840 14.75992293344843
NEE-02 KRYSAOR          
1 39441U 13066AB  20117.47005565  .00000114  00000-0  23188-4 0  9992
2 39441  97.6354 100.4039 0082230 156.6540 203.8438 14.75004358344743
FUNCUBE-1 (AO-73)       
1 39444U 13066AE  20117.51338873  .00000271  00000-0  39289-4 0  9994
2 39444  97.5598 120.6284 0059597  80.9598 279.8354 14.82103512345676
UWE-3                   
1 39446U 13066AG  20117.50327693  .00000193  00000-0  31956-4 0  9999
2 39446  97.5971 110.0793 0071310 118.6672 242.1734 14.78526827344891
AEROCUBE 5A             
1 39465U 13072D   20117.56818124  .00003742  00000-0  32864-3 0  9998
2 39465 120.4961 335.3037 0264892 190.5372 169.0047 14.76189159 33705
AEROCUBE 5B             
1 39466U 13072E   20117.50593104  .00004777  00000-0  35440-3 0  9993
2 39466 120.4921   9.0658 0235504 198.5429 160.6924 14.85745963 33853
BRITE-CA1 (TORONTO)     
1 40020U 14033L   20117.49372294  .00000056  00000-0  18034-4 0  9999
2 40020  97.7323 308.6790 0086119 238.0428 121.2383 14.66638768313039
DUCHIFAT-1              
1 40021U 14033M   20117.53377701  .00000354  00000-0  41768-4 0  9994
2 40021  97.9407  48.4596 0014380  97.2578 263.0275 14.90872501318155
NANOSATC-BR1            
1 40024U 14033Q   20117.59494914  .00000327  00000-0  39803-4 0  9996
2 40024  97.9262  45.0673 0013668 101.0182 259.2574 14.90046564317519
QB50P1                  
1 40025U 14033R   20117.31186525  .00000247  00000-0  32156-4 0  9998
2 40025  97.9145  41.6318 0013830 108.4213 251.8509 14.89113370317845
QB50P2                  
1 40032U 14033Y   20117.54626458  .00000252  00000-0  33023-4 0  9995
2 40032  97.9037  39.4466 0013246 104.8081 255.4605 14.88640951317268
PERSEUS-M2              
1 40037U 14033AD  20117.36490042  .00000090  00000-0  16339-4 0  9999
2 40037  97.8898  34.1025 0015613 120.1181 240.1584 14.86534214317429
PERSEUS-M1              
1 40039U 14033AF  20117.29385182  .00000084  00000-0  15800-4 0  9996
2 40039  97.8865  32.8591 0015501 118.3662 241.9119 14.86153931316826
POLYITAN-1              
1 40042U 14033AJ  20117.56783596  .00000282  00000-0  36075-4 0  9998
2 40042  97.9229  42.3818 0016092  99.2057 261.0981 14.88859683317273
TIGRISAT                
1 40043U 14033AK  20117.57076858  .00000135  00000-0  27158-4 0  9995
2 40043  97.7166 336.3164 0060221 165.0134 195.2877 14.74365125314405
AEROCUBE 6A             
1 40045U 14033AM  20117.13185432  .00000219  00000-0  38476-4 0  9996
2 40045  97.7416 341.1251 0058017 157.8954 202.4777 14.75553295314391
AEROCUBE 6B             
1 40046U 14033AN  20117.61590824  .00000262  00000-0  44663-4 0  9998
2 40046  97.7329 340.9188 0057448 155.5594 204.8360 14.75538083314463
UKUBE-1                 
1 40074U 14037F   20117.45749894  .00000341  00000-0  47932-4 0  9998
2 40074  98.4553 302.6993 0003528 298.9835  61.1026 14.84239733314047
BRITE-PL2 (HEWELIUSZ)   
1 40119U 14049B   20117.48621830  .00000117  00000-0  20285-4 0  9996
2 40119  97.8926 210.2245 0015959 279.6765  80.2646 14.84493062307989
FIREBIRD 4              
1 40378U 15003C   20117.37383173  .00002201  00000-0  87371-4 0  9992
2 40378  99.0996 167.0113 0125411 127.6476 233.6211 15.19896692289409
GRIFEX                  
1 40379U 15003D   20117.35045188  .00001425  00000-0  63229-4 0  9995
2 40379  99.1078 159.1994 0133845 151.5696 209.2919 15.16274130288958
EXOCUBE (CP10)          
1 40380U 15003E   20117.34988395  .00001249  00000-0  58662-4 0  9991
2 40380  99.1151 154.9975 0138560 165.6817 194.8399 15.14253899288660
AEROCUBE 8A             
1 40659U 15025J   20117.43854970  .00009905  00000-0  11141-3 0  9992
2 40659  55.0152 173.5011 0112371  41.6017 319.3500 15.55979622 35455
AEROCUBE 8B             
1 40660U 15025K   20117.42835604  .00011920  00000-0  13132-3 0  9998
2 40660  55.0124 171.6262 0111583  43.4205 317.5552 15.56319459 35461
TIANWANG 1C (TW-1C)     
1 40926U 15051B   20117.51964214  .00018729  00000-0  19985-3 0  9998
2 40926  97.0896 169.0057 0004141 279.4768 188.2606 15.63976647258902
TIANWANG 1A (TW-1A)     
1 40928U 15051D   20117.57984571  .00002870  00000-0  68335-4 0  9998
2 40928  97.1135 146.6686 0011245  25.6657 126.3684 15.42360217257377
EXACTVIEW 9             
1 40936U 15052G   20117.42842555  .00000777  00000-0  19492-4 0  9991
2 40936   6.0042 351.2532 0011096 248.0420 111.8528 14.76563401247527
AEROCUBE 5C             
1 40965U 15058B   20117.47757504  .00000090  00000-0  30621-4 0  9998
2 40965  64.7780 301.3281 0167894  93.3339 268.6987 14.74508474 33647
AEROCUBE 7              
1 40966U 15058C   20117.46838560  .00000125  00000-0  34590-4 0  9998
2 40966  64.7780 299.9097 0166802  93.0252 268.9953 14.74805351 33644
ATHENOXAT 1             
1 41168U 15077C   20117.26685459  .00001894  00000-0  63660-4 0  9993
2 41168  14.9883  84.2869 0011421 122.1852 237.9577 15.14285674241428
GALASSIA                
1 41170U 15077E   20117.52308627  .00001808  00000-0  58384-4 0  9996
2 41170  14.9887  74.4277 0012710 152.0046 208.0960 15.14587376241539
VELOX-II                
1 41171U 15077F   20117.12202247  .00001434  00000-0  43571-4 0  9991
2 41171  14.9905 120.1403 0008796  45.6138 314.4902 15.11640394241095
HORYU-4                 
1 41340U 16012D   20117.57928954  .00000492  00000-0  30518-4 0  9998
2 41340  31.0056 302.1335 0013946 352.9840   7.0599 15.01472977230075
E-ST@R-II               
1 41459U 16025D   20117.51699385  .00000914  00000-0  49932-4 0  9999
2 41459  98.0978 224.8217 0165770  26.9229 334.0481 15.06310991219626
AAUSAT 4                
1 41460U 16025E   20117.33444436  .00001624  00000-0  82925-4 0  9994
2 41460  98.0944 226.7754 0154755  16.9796 343.6494 15.08567898219786
BEESAT-4                
1 41619U 16040W   20117.42198073  .00001341  00000-0  58393-4 0  9998
2 41619  97.3241 178.1770 0011247  12.4172 347.7340 15.23886227201478
CANX-7                  
1 41788U 16059F   20117.24308373  .00009605  00000-0  13349-2 0  9992
2 41788  98.2519 203.7905 0032984 107.8915 252.5947 14.77697601192102
RAVAN                   
1 41849U 16067B   20117.05915910  .00000959  00000-0  85204-4 0  9993
2 41849  97.9290 226.0380 0010391  66.2453 293.9858 14.98525037188774
CELTEE 1                
1 41850U 16067C   20117.54114767 -.00000329  00000-0 -23192-4 0  9991
2 41850  97.9220 224.4083 0009985  64.6150 295.6103 14.97160202188730
OPTICUBE 04             
1 41851U 16067D   20117.32897370 -.00000149  00000-0 -76942-5 0  9998
2 41851  97.9214 223.8402 0010387  67.6223 292.6097 14.96912893188687
AEROCUBE 8D             
1 41852U 16067E   20117.34439694 -.00000179  00000-0 -10256-4 0  9990
2 41852  97.9213 223.6886 0010760  67.4045 292.8313 14.96882846188661
AEROCUBE 8C             
1 41853U 16067F   20117.57531510  .00000817  00000-0  76494-4 0  9999
2 41853  97.9215 223.8315 0011470  69.7568 290.4885 14.96849153188692
PROMETHEUS 2-1          
1 41854U 16067G   20117.55574071  .00000344  00000-0  35051-4 0  9996
2 41854  97.9217 224.1084 0011270  67.9352 292.3065 14.97150582188706
PROMETHEUS 2-3          
1 41855U 16067H   20117.42285691  .00000324  00000-0  33322-4 0  9997
2 41855  97.9219 224.0036 0011475  68.7786 291.4660 14.97160315188685
INS-1B                  
1 41954U 17008G   20117.23822571  .00001318  00000-0  56166-4 0  9991
2 41954  97.3581 182.5653 0010601 120.5676 239.6609 15.24660543177414
BGUSAT                  
1 41999U 17008BD  20117.19374190  .00002119  00000-0  81917-4 0  9996
2 41999  97.3684 186.3786 0009498 128.6681 231.5410 15.27300961176972
DIDO-2                  
1 42000U 17008BE  20117.12564738  .00000824  00000-0  36473-4 0  9990
2 42000  97.3590 182.9781 0009636 136.6409 223.5588 15.24398212176790
PEASSS                  
1 42015U 17008BV  20117.46957364  .00001134  00000-0  47575-4 0  9994
2 42015  97.3611 184.8127 0007486 136.5607 223.6223 15.25507659177421
AL-FARABI 1             
1 42016U 17008BW  20117.45333918  .00001549  00000-0  62438-4 0  9992
2 42016  97.3637 185.7571 0007394 135.9345 224.2484 15.26317993177598
NAYIF-1 (EO-88)         
1 42017U 17008BX  20117.43343311  .00001541  00000-0  62058-4 0  9999
2 42017  97.3633 185.7485 0007458 135.7461 224.4375 15.26358125177613
NSIGHT                  
1 42726U 98067MF  20116.07643009  .13690248  12613-4  18337-3 0  9995
2 42726  51.6113 128.9553 0003404 226.2479 133.8270 16.49117643167130
UCLSAT                  
1 42765U 17036A   20117.40003894  .00001168  00000-0  51909-4 0  9994
2 42765  97.3060 173.0274 0010643 201.2045 158.8752 15.23415621158654
LITUANICASAT-2          
1 42768U 17036D   20117.59151895  .00002049  00000-0  87588-4 0  9993
2 42768  97.3114 173.1090 0014402 191.9449 168.1449 15.23882559157940
AALTO-1                 
1 42775U 17036L   20117.57310361  .00000740  00000-0  35548-4 0  9999
2 42775  97.3038 171.1582 0013370 194.9170 165.1674 15.21768359157782
URSA MAIOR              
1 42776U 17036M   20117.30553347  .00000809  00000-0  38400-4 0  9990
2 42776  97.3050 171.1607 0013169 195.5403 164.5431 15.21942820157755
COMPASS 2               
1 42777U 17036N   20117.41241051  .00001552  00000-0  67323-4 0  9991
2 42777  97.3104 173.3710 0011921 192.4659 167.6285 15.23770590157877
DIAMOND RED             
1 42783U 17036U   20117.56844434  .00000980  00000-0  44896-4 0  9992
2 42783  97.3061 172.5120 0011296 203.0220 157.0512 15.22743098157856
PEGASUS                 
1 42784U 17036V   20117.28339575  .00001091  00000-0  49097-4 0  9999
2 42784  97.3065 172.6239 0011163 203.0234 157.0504 15.23109447157835
DIAMOND GREEN           
1 42785U 17036W   20117.56724196  .00001005  00000-0  45957-4 0  9994
2 42785  97.3063 172.5445 0011184 203.6297 156.4428 15.22742536157929
DIAMOND BLUE            
1 42786U 17036X   20117.43502821  .00000956  00000-0  43872-4 0  9998
2 42786  97.3063 172.4117 0011003 204.2265 155.8456 15.22742834157821
NUDTSAT                 
1 42787U 17036Y   20117.58121693  .00001706  00000-0  72472-4 0  9991
2 42787  97.3122 174.1921 0009508 203.9064 156.1734 15.24365944157794
SUCHAI                  
1 42788U 17036Z   20117.39181320  .00001297  00000-0  56975-4 0  9999
2 42788  97.3073 173.2704 0010779 200.6170 159.4634 15.23638973157950
SKCUBE                  
1 42789U 17036AA  20117.23559179  .00001221  00000-0  54027-4 0  9997
2 42789  97.3067 172.9864 0010639 201.3583 158.7211 15.23489233157842
VZLUSAT-1               
1 42790U 17036AB  20117.43853628  .00001655  00000-0  70396-4 0  9995
2 42790  97.3091 174.0484 0010248 197.9410 162.1467 15.24356020157926
ROBUSTA-1B              
1 42792U 17036AD  20117.39280649  .00001198  00000-0  52783-4 0  9991
2 42792  97.3069 173.3747 0010223 200.8363 159.2459 15.23675859157898
CICERO 6                
1 42793U 17036AE  20117.29241585  .00000851  00000-0  39036-4 0  9998
2 42793  97.3047 172.7499 0009445 203.4668 156.6140 15.23059022157923
D-SAT                   
1 42794U 17036AF  20117.57490926  .00000359  00000-0  36298-4 0  9995
2 42794  97.4991 152.7862 0126359 177.4484 182.7408 14.91254596154960
CORVUS BC2              
1 42846U 17042X   20117.26706785 -.00000007  00000-0  45231-5 0  9998
2 42846  97.5300   3.1577 0011232  91.8486 268.4020 14.92088335151628
CORVUS BC1              
1 42847U 17042Y   20117.40041041 -.00000021  00000-0  31605-5 0  9998
2 42847  97.5301   3.4452 0010879  90.7930 269.4536 14.92189381151641
MIRATA                  
1 43015U 17073C   20117.46649491  .00000611  00000-0  53151-4 0  9992
2 43015  97.7209  31.6579 0252455 217.9313 140.3883 14.79570018131531
MAKERSAT 0              
1 43016U 17073D   20117.27766151  .00000402  00000-0  36966-4 0  9998
2 43016  97.7246  31.6657 0255177 219.4783 138.7595 14.79158857131491
ASTERIA                 
1 43020U 98067NH  20115.24608386  .13500826  12580-4  23780-3 0  9993
2 43020  51.6421 146.4962 0005584 252.9464 107.0954 16.47464318139010
DELLINGR (RBLE)         
1 43021U 98067NJ  20117.56134421  .00011851  00000-0  10332-3 0  9995
2 43021  51.6349 184.7881 0000744 257.5331 102.5583 15.69487064138712
AEROCUBE 7B (OCSD B)    
1 43042U 17071F   20117.56865336  .00003998  00000-0  97626-4 0  9995
2 43042  51.6379 321.0969 0004245 208.3755 151.7000 15.43267627134365
AEROCUBE 7C (OCSD C)    
1 43043U 17071G   20117.57116821  .00004014  00000-0  98074-4 0  9993
2 43043  51.6378 321.1286 0004436 213.1598 146.9111 15.43242217134333
CHEFSAT                 
1 43044U 17071H   20117.13390966  .00007230  00000-0  14568-3 0  9998
2 43044  51.6379 310.2077 0004236 216.5616 143.5083 15.47684809134442
ASGARDIA 1              
1 43049U 17071N   20117.56630061  .00003720  00000-0  91370-4 0  9990
2 43049  51.6389 320.4131 0001950 223.2944 136.7889 15.43304514134346
ISARA                   
1 43050U 17071P   20117.53596455  .00006831  00000-0  14239-3 0  9991
2 43050  51.6363 310.5357 0001960 221.4182 138.6657 15.46783971134474
PROPCUBE 2 (FAUNA)      
1 43052U 17071R   20117.43785378  .00003716  00000-0  90022-4 0  9990
2 43052  51.6383 319.5737 0001963 217.8582 142.2267 15.43728923134331
CORVUS BC3              
1 43118U 18004H   20117.46794387  .00000760  00000-0  35012-4 0  9997
2 43118  97.4469 188.1576 0009055 228.7181 131.3277 15.23290636127081
MICROMAS-2A             
1 43131U 18004W   20117.22798696  .00001846  00000-0  76606-4 0  9993
2 43131  97.4513 189.4696 0007959 227.3869 132.6699 15.25116577127133
SPACEBEE-4              
1 43139U 18004AE  20117.17359603  .00002391  00000-0  94900-4 0  9999
2 43139  97.4540 190.4738 0007332 226.8954 133.1672 15.26329584127181
SPACEBEE-3              
1 43140U 18004AF  20117.27879310  .00003021  00000-0  11619-3 0  9990
2 43140  97.4555 191.1843 0007107 223.9950 136.0723 15.27168422127236
SPACEBEE-2              
1 43141U 18004AG  20117.46499795  .00003493  00000-0  13274-3 0  9999
2 43141  97.4568 191.5968 0007133 222.3941 137.6748 15.27456138127277
SPACEBEE-1              
1 43142U 18004AH  20117.37896071  .00003404  00000-0  12816-3 0  9991
2 43142  97.4571 191.7411 0007136 222.1629 137.9062 15.27784679127266
CICERO 7                
1 43143U 18004AJ  20117.29640985  .00001679  00000-0  69812-4 0  9995
2 43143  97.4493 189.7302 0005972 236.3715 123.6953 15.25176559127165
GOMX-4B                 
1 43196U 18015E   20117.48876227  .00000469  00000-0  22166-4 0  9993
2 43196  97.4293 246.4490 0017349 289.2137  70.7219 15.24213807123986
GOMX-4A                 
1 43197U 18015F   20117.58360043  .00000843  00000-0  37223-4 0  9995
2 43197  97.4279 246.6144 0017466 289.8845 125.9559 15.24432832124017
1KUNS-PF                
1 43466U 98067NP  20117.27625934  .00109508  15703-4  31971-3 0  9999
2 43466  51.6256 167.5070 0006740   6.9988 353.1112 15.92658583112173
UBAKUSAT                
1 43467U 98067NQ  20117.48898295  .00024140  00000-0  17705-3 0  9992
2 43467  51.6321 188.7027 0000773 347.6096  12.4884 15.73010476111924
CUBERRT                 
1 43546U 98067NU  20116.57810783  .00009822  00000-0  79393-4 0  9997
2 43546  51.6346 192.3903 0002810 262.4420  97.6259 15.71578623101923
TEMPEST-D               
1 43547U 98067NV  20117.53313344  .00004602  00000-0  57807-4 0  9993
2 43547  51.6367 213.8791 0004500 220.3572 139.7088 15.61918969101401
RAINCUBE                
1 43548U 98067NW  20117.48903869  .00021395  00000-0  16560-3 0  9993
2 43548  51.6330 196.1996 0003616 273.9625  86.0960 15.71811466102085
HALOSAT                 
1 43549U 98067NX  20117.46895509  .00025415  00000-0  19982-3 0  9991
2 43549  51.6349 196.8799 0003189 278.7899  81.2738 15.71322337101639
ENDUROSAT ONE           
1 43551U 98067NZ  20117.47912014  .00038939  00000-0  23578-3 0  9997
2 43551  51.6348 187.8559 0004021 301.4622  58.5985 15.77162374102168
EQUISAT                 
1 43552U 98067PA  20117.58330038  .00023230  00000-0  17870-3 0  9996
2 43552  51.6352 194.6823 0004308 280.1984  79.8529 15.71897804102040
AEROCUBE 12A            
1 43556U 18046C   20117.23942730  .00000925  00000-0  44121-4 0  9995
2 43556  51.6435 356.4166 0008923 107.2586 252.9371 15.29654917 99388
AEROCUBE 12B            
1 43557U 18046D   20117.35621249  .00000973  00000-0  46108-4 0  9998
2 43557  51.6436 356.4364 0008977 107.8460 252.3500 15.29390526 99343
UITMSAT-1               
1 43589U 98067PD  20117.49689368  .00027832  00000-0  19539-3 0  9995
2 43589  51.6308 193.9382 0004394 297.5157  62.5395 15.73940649 97784
MAYA-1                  
1 43590U 98067PE  20117.48981355  .00025785  00000-0  18131-3 0  9999
2 43590  51.6309 193.9009 0004525 297.9706  62.0834 15.73948940 97711
BHUTAN-1                
1 43591U 98067PF  20117.59363424  .00029962  00000-0  20887-3 0  9995
2 43591  51.6319 193.1516 0004591 297.8795  62.1738 15.74060916 97733
SIRIUSSAT-1             
1 43595U 98067PG  20117.50712834  .00025156  00000-0  19234-3 0  9998
2 43595  51.6317 197.7893 0001901 285.8019  74.2769 15.71997590 96844
SIRIUSSAT-2             
1 43596U 98067PH  20117.50186297  .00025986  00000-0  19945-3 0  9997
2 43596  51.6328 198.5743 0002028 274.1465  85.9301 15.71885794 96839
TANUSHA-3               
1 43597U 98067PJ  20117.58219193  .00051455  00000-0  27834-3 0  9994
2 43597  51.6295 188.4099 0003526 329.2136  30.8658 15.79558471 96972
SURFSAT                 
1 43614U 18070B   20117.45486700  .00002444  00000-0  63433-4 0  9996
2 43614  93.0209 133.1023 0015765 167.6937 192.4706 15.38946696 90486
CP7 (DAVE)              
1 43615U 18070C   20117.28650941  .00002232  00000-0  58174-4 0  9999
2 43615  93.0210 133.0261 0015886 167.9533 192.2104 15.38813167 90454
ELFIN-B                 
1 43616U 18070D   20117.24078007  .00002954  00000-0  73884-4 0  9999
2 43616  93.0173 132.9345 0016295 170.1729 189.9848 15.40050660 90487
ELFIN-A                 
1 43617U 18070E   20117.47491036  .00003655  00000-0  90897-4 0  9998
2 43617  93.0227 133.5001 0015835 165.7480 194.4225 15.40215473 90527
CUBEBEL-1 (BSUSAT-1)    
1 43666U 18083E   20117.57148782  .00000953  00000-0  49895-4 0  9994
2 43666  97.4925 144.5388 0014946 174.7238 313.3083 15.18162577 82747
DEBRISSAT-2             
1 43680U 98067PR  20117.43017996  .00158979  20737-4  44679-3 0  9996
2 43680  51.6288 180.6056 0008107 355.6695   4.4240 15.93180184105790
CICERO 10               
1 43690U 18088A   20117.16207709  .00000905  00000-0  39855-4 0  9998
2 43690  85.0346 112.7787 0016498 135.4620 224.7950 15.20155517 80810
IRVINE01                
1 43693U 18088D   20117.51229771  .00002521  00000-0  10609-3 0  9994
2 43693  85.0320 111.3922 0020114 118.5245 241.8025 15.22651312 80949
PROXIMA I               
1 43694U 18088E   20117.54262976  .00000982  00000-0  41096-4 0  9996
2 43694  85.0289 111.1894 0021482 111.7343 248.6188 15.21885518 80955
PROXIMA II              
1 43696U 18088G   20117.54093252  .00000980  00000-0  41000-4 0  9990
2 43696  85.0290 111.1936 0021527 111.6744 248.6793 15.21888120 80943
FACSAT-1                
1 43721U 18096C   20117.57876824  .00001286  00000-0  51041-4 0  9991
2 43721  97.4229 191.4304 0016231 309.4183  50.5619 15.27091746 78479
CENTAURI-2              
1 43722U 18096D   20117.49074236  .00001859  00000-0  71494-4 0  9990
2 43722  97.4240 191.5703 0016210 309.6547  50.3261 15.27576435 78463
INNOSAT-2               
1 43738U 18096V   20117.34201246  .00002354  00000-0  82970-4 0  9996
2 43738  97.4251 193.1778 0022138 317.3002  42.6517 15.30086687 78568
SIRION PATHFINDER-2     
1 43759U 18099B   20117.51510024 -.00000232  00000-0 -15836-4 0  9990
2 43759  97.7079 190.0528 0014260   2.8825 357.2475 14.95256481 76171
CORVUS-BC 4             
1 43767U 18099K   20117.50399417 -.00000060  00000-0 -24224-6 0  9991
2 43767  97.7063 189.5090 0011909   8.4417 351.7002 14.94702440 76148
MOVE-II                 
1 43780U 18099Y   20117.46517691  .00000541  00000-0  54216-4 0  9991
2 43780  97.7084 189.9206 0013614  15.1614 345.0012 14.95348954 76142
SPACEBEE-7              
1 43816U 18099BL  20117.14720344  .00000835  00000-0  80223-4 0  9990
2 43816  97.7099 189.9673 0013097   1.1182 359.0066 14.95651852 75671
SPACEBEE-5              
1 43817U 18099BM  20117.18791887  .00000656  00000-0  63254-4 0  9991
2 43817  97.7143 190.3737 0012764   0.6218 359.5017 14.96206401 75693
SPACEBEE-6              
1 43818U 18099BN  20117.45152138  .00000170  00000-0  20410-4 0  9990
2 43818  97.7111 190.3816 0013080 359.2644   0.8556 14.95826578 75871
SHIELDS 1               
1 43850U 18104B   20117.30626448  .00000041  00000-0  00000-0 0  9993
2 43850  85.0316 209.8103 0012350 261.3497  98.6372 15.21344104 75542
STF-1                   
1 43852U 18104D   20117.31490284  .00000041  00000-0  00000-0 0  9993
2 43852  85.0342 210.3093 0011878 276.3796  83.6147 15.21185798 75524
ZACUBE-2                
1 43907U 18111AH  20117.53533117  .00000543  00000-0  24799-4 0  9991
2 43907  97.2699  18.8507 0020700 331.4165  28.5936 15.24538783 74109
LUME 1                  
1 43908U 18111AJ  20117.40844073  .00001082  00000-0  46037-4 0  9992
2 43908  97.2700  18.8647 0020487 331.7086  28.3038 15.24944549 74095
AOBA VELOX-IV           
1 43940U 19003J   20117.63255894  .00002209  00000-0  91015-4 0  9999
2 43940  97.2332 170.6787 0025278  49.8577 100.8915 15.24836923 70754
CATSAT-2                
1 44029U 98067PV  20117.57487554  .00017225  00000-0  18584-3 0  9991
2 44029  51.6387 218.7105 0003859 258.7116 101.3445 15.63762298 70408
DELPHINI                
1 44030U 98067PW  20116.72802468  .00015772  00000-0  16570-3 0  9992
2 44030  51.6349 221.9653 0003773 257.7634 102.2938 15.64519617 70257
UNITE                   
1 44031U 98067PX  20117.51361914  .00009368  00000-0  11777-3 0  9995
2 44031  51.6375 223.5157 0002715 246.8449 113.2259 15.60448466 70305
TECHEDSAT 8             
1 44032U 98067PY  20111.15468586  .13178104  12516-4  85387-3 0  9999
2 44032  51.6107 221.1148 0008059 315.3167  44.7209 16.40789031 69743
CATSAT-1                
1 44033U 98067PZ  20116.87171258  .00014526  00000-0  15786-3 0  9991
2 44033  51.6387 222.2695 0003621 255.2925 104.7668 15.63732706 70207
RAAVANA-1               
1 44329U 98067QE  20117.34789883  .00008796  00000-0  12617-3 0  9993
2 44329  51.6391 235.2027 0005748 167.8890 192.2241 15.56984928 48889
UGUISU                  
1 44330U 98067QF  20117.35787265  .00008712  00000-0  12536-3 0  9996
2 44330  51.6388 235.2657 0005730 166.0511 194.0640 15.56913400 48866
NEPALISAT-1             
1 44331U 98067QG  20117.59797771  .00010685  00000-0  15157-3 0  9990
2 44331  51.6391 233.8725 0005735 169.9764 190.1343 15.57021539 48915
SPOOQY-1                
1 44332U 98067QH  20117.40598903  .00009240  00000-0  13242-3 0  9995
2 44332  51.6394 234.8371 0004731 171.5711 188.5361 15.56940233 48846
SPACEBEE-9              
1 44370U 19037F   20117.49121118  .00009019  00000-0  20908-3 0  9997
2 44370  45.0136  46.1368 0013382 242.3812 117.5696 15.42747810 46572
SPACEBEE-8              
1 44371U 19037G   20117.50025478  .00017063  00000-0  34459-3 0  9996
2 44371  45.0135  41.9921 0010220 249.2911 110.6706 15.46287481 46612
IOD-1 GEMS              
1 44385U 98067QK  20117.52692678  .00015162  00000-0  19898-3 0  9993
2 44385  51.6406 233.4378 0001994 123.6185 236.4998 15.58751375 46397
MOVE-IIB                
1 44398U 19038N   20117.34626579  .00001066  00000-0  65153-4 0  9999
2 44398  97.5318  79.2606 0024018 309.9456  49.9664 15.12220608 44704
SONATE                  
1 44400U 19038Q   20117.36898247  .00000492  00000-0  32421-4 0  9992
2 44400  97.5351  79.3015 0023936 307.9700  51.9368 15.11909287 44708
LUCKY-7                 
1 44406U 19038W   20117.52595285  .00000623  00000-0  39729-4 0  9996
2 44406  97.5348  79.5428 0023367 307.2284  52.6814 15.12163440 44728
BEESAT 9                
1 44412U 19038AC  20117.46081573  .00000855  00000-0  53088-4 0  9997
2 44412  97.5340  79.4598 0021575 313.9309  46.0140 15.12222484 44414
JAISAT-1                
1 44419U 19038F   20117.49770103  .00000914  00000-0  55782-4 0  9990
2 44419  97.5341  79.7212 0020424 313.2380  46.7145 15.12705460 44740
SWIATOWID               
1 44426U 98067QL  20117.58822302  .00019798  00000-0  25164-3 0  9996
2 44426  51.6420 232.8332 0002458 126.7063 352.0242 15.59382971 46410
KRAKSAT                 
1 44427U 98067QM  20117.55591860  .00007440  00000-0  11460-3 0  9991
2 44427  51.6408 236.6233 0003453 118.6250 241.5089 15.55297605 46408
VCC A                   
1 44428U 98067QN  20117.51268103  .00009187  00000-0  13433-3 0  9991
2 44428  51.6409 235.5887 0002491 140.0541 220.0634 15.56401214 46419
ENTRYSAT                
1 44429U 98067QP  20117.51210150  .00011538  00000-0  16207-3 0  9996
2 44429  51.6393 234.8164 0002096 129.8943 230.2233 15.57202182 46427
VCC C                   
1 44430U 98067QQ  20117.32831277  .00013423  00000-0  18107-3 0  9992
2 44430  51.6390 235.0997 0001869 146.4358 213.6753 15.58131777 45237
VCC B                   
1 44431U 98067QR  20116.74306751  .00010898  00000-0  15796-3 0  9996
2 44431  51.6401 239.4388 0002634 137.2748 222.8449 15.56414935 46238
ATL-1                   
1 44830U 19084G   20117.33285093  .00039953  00000-0  27598-3 0  9998
2 44830  96.9823 346.1459 0032142  79.0667 281.4211 15.73715973 22244
SMOG-P                  
1 44832U 19084J   20117.36388956  .00047451  00000-0  31724-3 0  9993
2 44832  96.9828 346.2641 0031209  77.7618 282.7140 15.74481349 22253
DUCHIFAT-3              
1 44854U 19089C   20117.20655908  .00000464  00000-0  43971-4 0  9990
2 44854  36.9672  47.1103 0008445 350.7827   9.2774 14.99032973 20456
ORBITAL FACTORY 2 (OF-2)
1 45113U 19071C   20117.47209494  .00001849  00000-0  68333-4 0  9991
2 45113  51.6429 254.6205 0012739 228.3914 131.5977 15.33166022 13150
