CUTE-1 (CO-55)          
1 27844U 03031E   20285.01871671  .00000056  00000-0  44911-4 0  9994
2 27844  98.6836 291.0152 0010989  82.0473 278.1951 14.22260366896567
CUBESAT XI-IV (CO-57)   
1 27848U 03031J   20284.79755325  .00000042  00000-0  39016-4 0  9994
2 27848  98.6900 291.3627 0010881  93.9951 266.2470 14.21844393896365
CUBESAT XI-V            
1 28895U 05043F   20284.86845355  .00000142  00000-0  36138-4 0  9996
2 28895  98.0264  58.1004 0015479 277.3283  82.6161 14.63807538797494
CUTE-1.7+APD II (CO-65) 
1 32785U 08021C   20285.49366376  .00000223  00000-0  29543-4 0  9991
2 32785  97.5843 268.4715 0014500 106.5158 253.7654 14.88527973675208
AAUSAT-II               
1 32788U 08021F   20284.96706586  .00000514  00000-0  51739-4 0  9991
2 32788  97.4957 284.3580 0012639  34.6137 325.5905 14.95175933676674
DELFI-C3 (DO-64)        
1 32789U 08021G   20284.86963344  .00001322  00000-0  89836-4 0  9995
2 32789  97.4078 323.5863 0010360 280.9530  79.0533 15.07989878679206
SEEDS II (CO-66)        
1 32791U 08021J   20284.68937273  .00000210  00000-0  26444-4 0  9991
2 32791  97.5498 273.8029 0014861  79.7436 280.5458 14.91128091675559
SWISSCUBE               
1 35932U 09051B   20284.77347475  .00000133  00000-0  41120-4 0  9996
2 35932  98.6116 110.7849 0008406 128.2971 231.8983 14.56432105586614
BEESAT-1                
1 35933U 09051C   20284.47524742  .00000104  00000-0  34481-4 0  9998
2 35933  98.6102 112.3439 0006425 138.9848 221.1833 14.56502971586720
ITUPSAT1                
1 35935U 09051E   20285.08749258  .00000090  00000-0  31789-4 0  9991
2 35935  98.6207 113.1593 0008764 139.2429 220.9425 14.55645079586523
TISAT 1                 
1 36799U 10035E   20285.03640526  .00000502  00000-0  56358-4 0  9994
2 36799  98.2025  99.8234 0011297 315.8684  44.1631 14.91442937556359
M-CUBED & EXP-1 PRIME   
1 37855U 11061F   20284.87852522  .00001252  00000-0  68695-4 0  9990
2 37855 101.7253  72.8633 0170003  92.3026 269.7662 15.06628974488580
AEROCUBE 4.5A           
1 38767U 12048K   20285.47881508  .00000276  00000-0  38179-4 0  9991
2 38767  64.6661 233.5126 0134138  94.3592 267.2860 14.92395874 59115
AEROCUBE 4.5B           
1 38768U 12048L   20285.13511718  .00000524  00000-0  54490-4 0  9998
2 38768  64.6674 201.0762 0124132  89.3773 272.1563 14.96107948 59183
STRAND-1                
1 39090U 13009E   20285.51135967  .00000037  00000-0  28069-4 0  9997
2 39090  98.4461 127.3078 0008216 304.2113  55.8293 14.35147298399359
SOMP                    
1 39134U 13015E   20285.14919883  .00001361  00000-0  69292-4 0  9993
2 39134  64.8617 262.4486 0023341 226.3681 133.5512 15.21349932413655
BEESAT-3                
1 39135U 13015F   20284.51164867  .00000788  00000-0  47565-4 0  9999
2 39135  64.8661 289.7666 0029244 224.8719 135.0044 15.18414129412686
BEESAT-2                
1 39136U 13015G   20284.47365623  .00001120  00000-0  64293-4 0  9996
2 39136  64.8738 295.2786 0035304 267.4058  92.3027 15.17806492412964
NEE-01 PEGASO           
1 39151U 13018B   20285.53803146  .00000140  00000-0  25411-4 0  9991
2 39151  97.9764  23.5757 0018391  85.2821 275.0491 14.80211364402857
ESTCUBE 1               
1 39161U 13021C   20285.22041673  .00000149  00000-0  31249-4 0  9996
2 39161  97.9594   5.8993 0008435 225.3965 134.6556 14.72358383399073
POPACS 1                
1 39268U 13055D   20284.94154689  .00002263  00000-0  61949-4 0  9990
2 39268  81.0037 174.0078 0612124 238.9552 115.0175 14.40215054364612
POPACS 2                
1 39269U 13055E   20285.16603944  .00003510  00000-0  10012-3 0  9999
2 39269  81.0158 214.5067 0675414 343.9702  14.0991 14.26051143363692
POPACS 3                
1 39270U 13055F   20284.92560921  .00002200  00000-0  66707-4 0  9999
2 39270  81.0151 238.0136 0709543  51.2311 315.0097 14.17161770341483
ZACUBE-1 (TSHEPISOSAT)  
1 39417U 13066B   20284.94237662  .00000187  00000-0  29851-4 0  9990
2 39417  97.5727 276.5822 0057259 259.0056 100.4713 14.81331341372131
WNISAT-1                
1 39423U 13066H   20285.34318004  .00000035  00000-0  17101-4 0  9999
2 39423  97.7963 198.8955 0173843 254.2403 103.9556 14.53143991365255
TRITON-1                
1 39427U 13066M   20285.41816337  .00000286  00000-0  53090-4 0  9998
2 39427  97.7396 239.9852 0115009  67.4334 293.8994 14.68057777368877
GOMX-1                  
1 39430U 13066Q   20285.39962242  .00000167  00000-0  39213-4 0  9995
2 39430  97.7955 216.9553 0150549 178.7919 181.3672 14.59445631366713
CUBEBUG-2 (LO-74)       
1 39440U 13066AA  20285.47879270  .00000255  00000-0  42402-4 0  9995
2 39440  97.6440 261.6419 0079250 324.4885  35.1065 14.76067883370895
NEE-02 KRYSAOR          
1 39441U 13066AB  20284.89087805  .00000178  00000-0  32520-4 0  9990
2 39441  97.6518 258.5397 0081070 336.0352  23.7092 14.75056101369423
FUNCUBE-1 (AO-73)       
1 39444U 13066AE  20284.94079584  .00000238  00000-0  35541-4 0  9997
2 39444  97.5660 278.8704 0056405 250.4202 109.0917 14.82196362370470
UWE-3                   
1 39446U 13066AG  20284.93036389  .00000217  00000-0  35426-4 0  9993
2 39446  97.6095 268.2648 0068504 293.6956  65.7078 14.78600485369636
AEROCUBE 5A             
1 39465U 13072D   20285.07955665  .00007316  00000-0  59149-3 0  9998
2 39465 120.4927 222.0804 0265569   5.6838 354.7144 14.77365659 58447
AEROCUBE 5B             
1 39466U 13072E   20284.79727105  .00010485  00000-0  70330-3 0  9999
2 39466 120.4885 264.1657 0236794  16.6756 344.1935 14.87505200 58724
BRITE-CA1 (TORONTO)     
1 40020U 14033L   20285.46091572  .00000079  00000-0  21677-4 0  9991
2 40020  97.7320 107.0427 0088644  62.9381 298.0836 14.66664111337775
DUCHIFAT-1              
1 40021U 14033M   20284.78021590  .00000410  00000-0  47362-4 0  9997
2 40021  97.9467 216.7473 0011396 268.1622  91.8290 14.90997965343073
NANOSATC-BR1            
1 40024U 14033Q   20285.06930739  .00000329  00000-0  39939-4 0  9996
2 40024  97.9296 213.0332 0010711 272.6188  87.3803 14.90153724342972
QB50P1                  
1 40025U 14033R   20285.36229057  .00000251  00000-0  32567-4 0  9998
2 40025  97.9154 209.6574 0010994 279.8879  80.1097 14.89204805342852
QB50P2                  
1 40032U 14033Y   20284.77655079  .00000238  00000-0  31471-4 0  9995
2 40032  97.9026 206.2824 0010371 278.8175  81.1867 14.88726248342143
PERSEUS-M2              
1 40037U 14033AD  20284.76733438  .00000086  00000-0  15886-4 0  9998
2 40037  97.8842 200.2193 0013109 297.2798  62.7082 14.86571998341796
PERSEUS-M1              
1 40039U 14033AF  20284.80632152  .00000104  00000-0  18084-4 0  9990
2 40039  97.8799 198.9084 0012918 295.1316  64.8559 14.86192345342216
POLYITAN-1              
1 40042U 14033AJ  20285.37781722  .00000275  00000-0  35300-4 0  9994
2 40042  97.9242 210.2817 0013123 269.7600  90.2113 14.88956592342750
TIGRISAT                
1 40043U 14033AK  20285.13177215  .00000119  00000-0  24880-4 0  9993
2 40043  97.6954 135.7202 0059624 346.1595  13.7977 14.74416251339398
AEROCUBE 6A             
1 40045U 14033AM  20285.16678826  .00000221  00000-0  38860-4 0  9999
2 40045  97.7205 141.8066 0057401 336.9512  22.9124 14.75630813339415
AEROCUBE 6B             
1 40046U 14033AN  20285.17698427  .00000234  00000-0  40738-4 0  9991
2 40046  97.7108 140.9541 0056515 335.9743  23.8832 14.75630915339550
UKUBE-1                 
1 40074U 14037F   20285.11357567  .00000220  00000-0  33359-4 0  9993
2 40074  98.4512 120.3344 0005128  99.4087 260.7702 14.84335896338915
BRITE-PL2 (HEWELIUSZ)   
1 40119U 14049B   20285.52245904  .00000083  00000-0  16294-4 0  9998
2 40119  97.8942  16.5962 0018823  90.1650 270.1721 14.84540656333000
FIREBIRD 4              
1 40378U 15003C   20285.48047243  .00001512  00000-0  61206-4 0  9998
2 40378  99.0868   9.5012 0121733 286.4432  72.3448 15.20506670314948
GRIFEX                  
1 40379U 15003D   20285.47133462  .00000923  00000-0  42639-4 0  9991
2 40379  99.0913   0.7124 0131140 313.9572  45.0897 15.16721508314434
EXOCUBE (CP10)          
1 40380U 15003E   20284.77430621  .00000818  00000-0  40070-4 0  9992
2 40380  99.0976 355.2013 0136603 332.3686  27.0326 15.14626096314004
AEROCUBE 8A             
1 40659U 15025J   20285.51001920  .00020609  00000-0  19548-3 0  9999
2 40659  55.0139 114.6262 0100489 117.6458 243.4825 15.60677463 61656
AEROCUBE 8B             
1 40660U 15025K   20284.81846595  .00023173  00000-0  21634-3 0  9996
2 40660  55.0109 115.4306 0099536 118.0398 243.0751 15.61073367 61569
TIANWANG 1C (TW-1C)     
1 40926U 15051B   20285.44584179  .00034081  00000-0  26533-3 0  9990
2 40926  97.0699 338.2955 0004840  29.3513  95.9299 15.71653790285201
TIANWANG 1A (TW-1A)     
1 40928U 15051D   20285.37004833  .00003222  00000-0  74240-4 0  9990
2 40928  97.1027 310.3729 0011854 117.7524   7.3905 15.43248042283248
EXACTVIEW 9             
1 40936U 15052G   20284.46595241  .00000798  00000-0  22448-4 0  9995
2 40936   6.0031 240.1705 0009891  91.7568 268.3692 14.76600987272258
AEROCUBE 5C             
1 40965U 15058B   20285.33728607  .00000067  00000-0  27400-4 0  9996
2 40965  64.7775 152.9450 0177180  31.7509 329.4132 14.74572556 58392
AEROCUBE 7              
1 40966U 15058C   20284.88676729  .00000149  00000-0  36769-4 0  9992
2 40966  64.7774 152.6251 0176085  31.5742 329.5783 14.74884081 58334
ATHENOXAT 1             
1 41168U 15077C   20284.69036759  .00002163  00000-0  77011-4 0  9993
2 41168  14.9888 295.7799 0011167 293.0223  66.8920 15.14624758266834
GALASSIA                
1 41170U 15077E   20283.66299989  .00002140  00000-0  75017-4 0  9997
2 41170  14.9892 294.7912 0012464 306.3960  53.5211 15.14909460266758
VELOX-II                
1 41171U 15077F   20285.50529379  .00001560  00000-0  50378-4 0  9990
2 41171  14.9921 329.7510 0008618 219.6623 140.3068 15.11861479266606
HORYU-4                 
1 41340U 16012D   20284.50309192  .00000531  00000-0  33312-4 0  9992
2 41340  31.0059 319.0741 0013825 210.8888 149.0935 15.01577915255184
E-ST@R-II               
1 41459U 16025D   20285.55963380  .00001819  00000-0  94327-4 0  9991
2 41459  98.1133  41.6885 0164031 180.5307 179.5780 15.06746480244920
AAUSAT 4                
1 41460U 16025E   20285.38206239  .00003984  00000-0  19430-3 0  9993
2 41460  98.1112  44.2584 0152900 168.6095 191.8636 15.09220020245127
BEESAT-4                
1 41619U 16040W   20284.90864990  .00001371  00000-0  58860-4 0  9996
2 41619  97.3071 341.6509 0012405 127.6102 232.6264 15.24307785226983
CANX-7                  
1 41788U 16059F   20285.25130664  .00008913  00000-0  11806-2 0  9992
2 41788  98.2574  16.1697 0023805 279.2342  80.6170 14.79943740216933
RAVAN                   
1 41849U 16067B   20284.85450536  .00000673  00000-0  61241-4 0  9992
2 41849  97.9416  36.7359 0008317 207.9875 152.0900 14.98649964213906
CELTEE 1                
1 41850U 16067C   20284.82344263 -.00000306  00000-0 -21148-4 0  9997
2 41850  97.9358  34.0841 0007894 218.7751 141.2904 14.97238588213765
OPTICUBE 04             
1 41851U 16067D   20284.90804728  .00000239  00000-0  26073-4 0  9999
2 41851  97.9340  33.7237 0008146 218.9907 141.0728 14.96959176213751
AEROCUBE 8D             
1 41852U 16067E   20285.25862483  .00000863  00000-0  80287-4 0  9991
2 41852  97.9354  33.9226 0008619 216.7054 143.3578 14.96974310213789
AEROCUBE 8C             
1 41853U 16067F   20285.35973547 -.00000118  00000-0 -49845-5 0  9998
2 41853  97.9345  33.9192 0009202 221.5762 138.4760 14.96935672213798
PROMETHEUS 2-1          
1 41854U 16067G   20285.37018310  .00000356  00000-0  35986-4 0  9991
2 41854  97.9350  34.3346 0009693 219.5445 140.5070 14.97287929213817
PROMETHEUS 2-3          
1 41855U 16067H   20285.03575328  .00000324  00000-0  33209-4 0  9993
2 41855  97.9353  34.0336 0009839 221.3940 138.6537 14.97297017213769
INS-1B                  
1 41954U 17008G   20285.16585051  .00001239  00000-0  52393-4 0  9998
2 41954  97.3426 347.4374 0007374 248.9054 111.1396 15.25058653203008
BGUSAT                  
1 41999U 17008BD  20285.47199158  .00002074  00000-0  78651-4 0  9993
2 41999  97.3555 352.5570 0006153 254.2980 105.7581 15.27979727202669
DIDO-2                  
1 42000U 17008BE  20285.15466033  .00000760  00000-0  33618-4 0  9995
2 42000  97.3432 347.8847 0006691 272.8282  87.2190 15.24670235202398
PEASSS                  
1 42015U 17008BV  20285.17500253  .00001103  00000-0  45842-4 0  9990
2 42015  97.3462 349.7475 0004598 275.6094  84.4620 15.25866690202997
AL-FARABI 1             
1 42016U 17008BW  20284.67120183  .00001507  00000-0  60016-4 0  9993
2 42016  97.3495 350.4946 0004391 276.7036  83.3704 15.26778954203106
NAYIF-1 (EO-88)         
1 42017U 17008BX  20285.17106956  .00001480  00000-0  58906-4 0  9997
2 42017  97.3489 350.9964 0004477 273.4139  86.6588 15.26823449203205
UCLSAT                  
1 42765U 17036A   20285.40091979  .00001133  00000-0  49922-4 0  9995
2 42765  97.2880 336.4622 0010604 346.4042  13.6908 15.23784719183646
LITUANICASAT-2          
1 42768U 17036D   20285.39601657  .00001824  00000-0  76874-4 0  9999
2 42768  97.2945 336.6277 0013413 333.0338  27.0202 15.24508802183509
AALTO-1                 
1 42775U 17036L   20284.71018525  .00000698  00000-0  33485-4 0  9997
2 42775  97.2855 333.2751 0013074 341.3017  18.7737 15.22009521183205
URSA MAIOR              
1 42776U 17036M   20285.14529627  .00000788  00000-0  37201-4 0  9996
2 42776  97.2867 334.0325 0012820 339.4019  20.6699 15.22209327183286
COMPASS 2               
1 42777U 17036N   20285.30118289  .00001551  00000-0  66295-4 0  9997
2 42777  97.2929 336.9042 0011224 336.2726  23.7993 15.24274690183446
DIAMOND RED             
1 42783U 17036U   20285.38365026  .00000904  00000-0  41259-4 0  9999
2 42783  97.2880 335.5909 0011380 348.4946  11.6029 15.23050540183393
PEGASUS                 
1 42784U 17036V   20285.38457681  .00001045  00000-0  46698-4 0  9998
2 42784  97.2886 336.0885 0011206 347.1918  12.9033 15.23458871183423
DIAMOND GREEN           
1 42785U 17036W   20285.18545479  .00000915  00000-0  41730-4 0  9997
2 42785  97.2884 335.4375 0011323 349.9266  10.1742 15.23046068183355
DIAMOND BLUE            
1 42786U 17036X   20285.38164334  .00000902  00000-0  41167-4 0  9997
2 42786  97.2882 335.6227 0011163 349.5713  10.5291 15.23050716183388
NUDTSAT                 
1 42787U 17036Y   20284.94413306  .00002285  00000-0  94580-4 0  9998
2 42787  97.2926 337.3367 0011277 345.2193  14.8711 15.24896502183299
SUCHAI                  
1 42788U 17036Z   20285.36542633  .00001270  00000-0  55160-4 0  9996
2 42788  97.2895 336.7696 0010671 345.4985  14.5945 15.24055067183537
SKCUBE                  
1 42789U 17036AA  20284.89888639  .00001202  00000-0  52635-4 0  9992
2 42789  97.2889 336.1315 0010636 347.7402  12.3575 15.23875568183375
VZLUSAT-1               
1 42790U 17036AB  20284.86876202  .00001654  00000-0  69319-4 0  9992
2 42790  97.2916 337.2542 0009997 345.1993  14.8951 15.24869851183438
ROBUSTA-1B              
1 42792U 17036AD  20285.23186615  .00001229  00000-0  53438-4 0  9991
2 42792  97.2892 336.7437 0010172 347.1730  12.9247 15.24079606183458
CICERO 6                
1 42793U 17036AE  20285.14013353  .00000812  00000-0  37048-4 0  9996
2 42793  97.2865 335.9045 0009670 351.2927   8.8141 15.23335831183473
D-SAT                   
1 42794U 17036AF  20285.05043344  .00000117  00000-0  15598-4 0  9994
2 42794  97.4852 311.9312 0125461 339.8087  19.8193 14.91335446179929
CORVUS BC2              
1 42846U 17042X   20285.11956239 -.00000032  00000-0  20871-5 0  9990
2 42846  97.5045 163.3540 0008049 249.0937 110.9421 14.92147482176658
CORVUS BC1              
1 42847U 17042Y   20285.37560620 -.00000024  00000-0  28515-5 0  9998
2 42847  97.5046 163.7888 0007743 247.1557 112.8846 14.92249653176695
MIRATA                  
1 43015U 17073C   20284.69784126  .00001448  00000-0  11585-3 0  9990
2 43015  97.7113 192.5021 0253612  32.8340 328.8345 14.79856141156261
MAKERSAT 0              
1 43016U 17073D   20285.30366338  .00001051  00000-0  85763-4 0  9991
2 43016  97.7147 193.2391 0256481  32.2273 329.4324 14.79365538156329
DELLINGR (RBLE)         
1 43021U 98067NJ  20285.49357234  .00017593  00000-0  12325-3 0  9995
2 43021  51.6339  45.4499 0000401 143.9358 216.1668 15.74324659165123
AEROCUBE 7B (OCSD B)    
1 43042U 17071F   20285.09478112  .00004371  00000-0  10177-3 0  9992
2 43042  51.6367 218.7901 0005156 107.3941 252.7610 15.44472603160245
AEROCUBE 7C (OCSD C)    
1 43043U 17071G   20284.25893267  .00003877  00000-0  91402-4 0  9993
2 43043  51.6366 222.9738 0005355 108.1975 251.9594 15.44437224160081
CHEFSAT                 
1 43044U 17071H   20284.24781080  .00010017  00000-0  18197-3 0  9995
2 43044  51.6362 203.7250 0005126 117.0922 243.0590 15.50197896160343
ASGARDIA 1              
1 43049U 17071N   20284.38025224  .00003871  00000-0  91288-4 0  9999
2 43049  51.6378 221.6219 0003038 118.3983 241.7310 15.44432558160110
ISARA                   
1 43050U 17071P   20285.02330047  .00007081  00000-0  13687-3 0  9998
2 43050  51.6347 203.5014 0003101 125.1025 235.0255 15.48934171160402
PROPCUBE 2 (FAUNA)      
1 43052U 17071R   20285.17138833  .00004144  00000-0  95387-4 0  9990
2 43052  51.6372 215.6704 0003034 118.3103 241.8190 15.44963715160256
CORVUS BC3              
1 43118U 18004H   20284.76593155  .00000714  00000-0  32843-4 0  9993
2 43118  97.4337 354.0429 0010621  16.9603 343.1987 15.23539422152553
MICROMAS-2A             
1 43131U 18004W   20284.76894544  .00001683  00000-0  68914-4 0  9998
2 43131  97.4393 356.2092 0009204  15.7323 344.4200 15.25676078152677
SPACEBEE-4              
1 43139U 18004AE  20284.76498748  .00002422  00000-0  93755-4 0  9995
2 43139  97.4434 357.6835 0008455  16.5974 343.5540 15.27144629152759
SPACEBEE-3              
1 43140U 18004AF  20284.76791355  .00003081  00000-0  11484-3 0  9997
2 43140  97.4454 358.5681 0007980  15.1221 345.0255 15.28186065152801
SPACEBEE-2              
1 43141U 18004AG  20284.85378030  .00003249  00000-0  11967-3 0  9991
2 43141  97.4467 358.9912 0007899  13.7173 346.4280 15.28542002152839
SPACEBEE-1              
1 43142U 18004AH  20284.79275044  .00003484  00000-0  12652-3 0  9999
2 43142  97.4473 359.2648 0007835  13.5771 346.5678 15.28957558152837
CICERO 7                
1 43143U 18004AJ  20285.16178595  .00001727  00000-0  70635-4 0  9999
2 43143  97.4370 356.7530 0007768  25.3169 334.8448 15.25685910152756
GOMX-4B                 
1 43196U 18015E   20284.88569451  .00000386  00000-0  18590-4 0  9994
2 43196  97.4536  52.6560 0020001  60.4295 299.8933 15.24465151149485
GOMX-4A                 
1 43197U 18015F   20285.41586451  .00000947  00000-0  41082-4 0  9999
2 43197  97.4530  53.3132 0020498  59.2572  12.5497 15.24684580149582
UBAKUSAT                
1 43467U 98067NQ  20285.49664351  .00054003  00000-0  23643-3 0  9992
2 43467  51.6334  41.4999 0001847 323.1570  36.9306 15.84106022138441
CUBERRT                 
1 43546U 98067NU  20284.63836988  .00101165  00000-0  49661-3 0  9992
2 43546  51.6324  47.8223 0000867 326.6438  33.4510 15.81415377128418
TEMPEST-D               
1 43547U 98067NV  20285.17955680  .00005709  00000-0  64520-4 0  9993
2 43547  51.6354  86.9772 0004872 130.6832 229.4587 15.64161497127621
RAINCUBE                
1 43548U 98067NW  20284.85690518  .00062292  00000-0  28408-3 0  9998
2 43548  51.6294  53.6953 0001554 246.2145 113.8695 15.83184226128489
HALOSAT                 
1 43549U 98067NX  20285.07480467  .00036712  00000-0  18779-3 0  9992
2 43549  51.6340  54.5477 0001641 222.6666 137.4209 15.80944819128051
ENDUROSAT ONE           
1 43551U 98067NZ  20285.46680293  .01144546  11811-4  65888-3 0  9992
2 43551  51.6219  28.1910 0010327 338.2563  21.8015 16.18104396128847
EQUISAT                 
1 43552U 98067PA  20285.45519927  .00055029  00000-0  25336-3 0  9991
2 43552  51.6296  49.5663 0002342 239.7216 120.3555 15.83030123128529
AEROCUBE 12A            
1 43556U 18046C   20284.46337965  .00001798  00000-0  72971-4 0  9996
2 43556  51.6397 272.8189 0008106 352.5676   7.5183 15.30151686124986
AEROCUBE 12B            
1 43557U 18046D   20284.67748004  .00000893  00000-0  42829-4 0  9994
2 43557  51.6418 272.7314 0008209 352.5302   7.5555 15.29827144124957
UITMSAT-1               
1 43589U 98067PD  20284.76996550  .00112921  15850-4  35835-3 0  9998
2 43589  51.6310  46.9977 0004066 295.3018  64.7567 15.91060080124230
MAYA-1                  
1 43590U 98067PE  20284.63599862  .00112903  15849-4  35821-3 0  9994
2 43590  51.6257  47.5355 0003806 296.3966  63.6649 15.91066450124149
BHUTAN-1                
1 43591U 98067PF  20284.59123995  .00115437  16098-4  35776-3 0  9991
2 43591  51.6319  47.3939 0004145 295.2457  64.8119 15.91506310124144
SIRIUSSAT-1             
1 43595U 98067PG  20285.55399908  .00055276  00000-0  23108-3 0  9993
2 43595  51.6265  50.7564 0001578 253.4141 106.7824 15.85065114123360
SIRIUSSAT-2             
1 43596U 98067PH  20285.49736666  .00104203  00000-0  43069-3 0  9996
2 43596  51.6224  51.9118 0004506 326.5630  33.4245 15.85042981123341
SURFSAT                 
1 43614U 18070B   20284.85203702  .00002789  00000-0  70499-4 0  9996
2 43614  93.0287 202.3623 0012150 246.9821 113.0153 15.39795558116232
CP7 (DAVE)              
1 43615U 18070C   20284.83042779  .00002585  00000-0  65756-4 0  9994
2 43615  93.0289 202.3362 0012323 246.7356 113.2601 15.39616326116222
ELFIN-B                 
1 43616U 18070D   20284.82600815  .00003793  00000-0  91365-4 0  9992
2 43616  93.0245 202.3195 0012482 247.7049 112.2884 15.41237909116282
ELFIN-A                 
1 43617U 18070E   20285.03823024  .00004110  00000-0  98166-4 0  9996
2 43617  93.0300 203.0182 0011955 242.0874 117.9171 15.41495677116321
CUBEBEL-1 (BSUSAT-1)    
1 43666U 18083E   20285.42768729  .00000970  00000-0  50316-4 0  9992
2 43666  97.4820 310.7177 0014093 323.0212 151.2135 15.18474594108211
CICERO 10               
1 43690U 18088A   20284.94159644  .00001000  00000-0  43984-4 0  9998
2 43690  85.0414   2.2200 0012838 242.1551 117.8389 15.20417446106282
IRVINE01                
1 43693U 18088D   20285.51755514  .00002209  00000-0  90950-4 0  9990
2 43693  85.0384   0.1610 0016266 217.1643 142.8475 15.23387909106519
PROXIMA I               
1 43694U 18088E   20285.45864197  .00000952  00000-0  39591-4 0  9999
2 43694  85.0356   0.1193 0017891 210.7725 149.2470 15.22167354106481
PROXIMA II              
1 43696U 18088G   20284.73361475  .00000995  00000-0  41452-4 0  9998
2 43696  85.0357   0.6036 0017837 213.5704 146.4409 15.22166855106377
FACSAT-1                
1 43721U 18096C   20285.45674843  .00001721  00000-0  66361-4 0  9996
2 43721  97.4117 358.3680 0019165  74.3713  52.9127 15.27541070104090
CENTAURI-2              
1 43722U 18096D   20284.76130274  .00001899  00000-0  71574-4 0  9993
2 43722  97.4130 358.0710 0018959  76.5903 283.7449 15.28171590104001
INNOSAT-2               
1 43738U 18096V   20285.12690773  .00003330  00000-0  11307-3 0  9995
2 43738  97.4156   0.9037 0024698  79.3209   8.1052 15.30926135104227
SIRION PATHFINDER-2     
1 43759U 18099B   20285.47968582  .00000231  00000-0  26064-4 0  9999
2 43759  97.6956 355.1008 0014746 150.0538 210.1532 14.95323813101272
CORVUS-BC 4             
1 43767U 18099K   20284.86145607  .00000625  00000-0  62688-4 0  9994
2 43767  97.6920 353.7777 0012162 155.6481 204.5279 14.94769528101144
MOVE-II                 
1 43780U 18099Y   20285.41427224  .00000952  00000-0  90941-4 0  9995
2 43780  97.6967 355.0094 0014156 161.4319 198.7421 14.95510444101243
SPACEBEE-7              
1 43816U 18099BL  20284.93014305  .00000359  00000-0  37308-4 0  9992
2 43816  97.6976 354.9951 0014259 148.6136 211.5939 14.95782559100752
SPACEBEE-5              
1 43817U 18099BM  20285.16634929  .00001026  00000-0  95210-4 0  9997
2 43817  97.7045 355.8738 0014132 146.7940 213.4171 14.96523406100817
SPACEBEE-6              
1 43818U 18099BN  20284.74383044  .00001002  00000-0  94303-4 0  9996
2 43818  97.6997 355.0118 0014355 148.6548 211.5532 14.96010329100881
SHIELDS 1               
1 43850U 18104B   20285.48679917  .00000487  00000-0  19801-4 0  9994
2 43850  85.0254  98.6390 0015250  12.7762 347.3863 15.21482530101118
STF-1                   
1 43852U 18104D   20284.91155991  .00001155  00000-0  49394-4 0  9997
2 43852  85.0295  99.6307 0015549  28.5492 331.6598 15.21503020101007
ZACUBE-2                
1 43907U 18111AH  20285.50734402  .00000667  00000-0  29598-4 0  9993
2 43907  97.2520 181.6958 0023238  92.7985   9.3389 15.24709110 99691
LUME 1                  
1 43908U 18111AJ  20285.17833391  .00001033  00000-0  43589-4 0  9998
2 43908  97.2522 181.6348 0022892  93.5486 266.8371 15.25262140 99663
AOBA VELOX-IV           
1 43940U 19003J   20284.91381758  .00001789  00000-0  73038-4 0  9991
2 43940  97.2159 332.1779 0023928 170.5951 189.5741 15.25411178 96240
CATSAT-2                
1 44029U 98067PV  20284.92830596  .00021961  00000-0  18595-3 0  9997
2 44029  51.6375  89.1220 0003379 179.4387 180.6615 15.69630186 96637
DELPHINI                
1 44030U 98067PW  20284.91766636  .00032415  00000-0  25307-3 0  9996
2 44030  51.6324  86.6177 0003164 182.0305 178.0680 15.71349282 96638
UNITE                   
1 44031U 98067PX  20284.76558714  .00012319  00000-0  13530-3 0  9992
2 44031  51.6367 100.0044 0003064 154.1281 205.9867 15.63633527 96447
CATSAT-1                
1 44033U 98067PZ  20284.92818487  .00022077  00000-0  18689-3 0  9990
2 44033  51.6379  89.1303 0003431 178.4066 181.6942 15.69632116 96549
RAAVANA-1               
1 44329U 98067QE  20284.77115315  .00011891  00000-0  14814-3 0  9999
2 44329  51.6374 115.1235 0005329  82.1204 278.0394 15.60378275 74990
UGUISU                  
1 44330U 98067QF  20284.79092917  .00012285  00000-0  15350-3 0  9999
2 44330  51.6356 115.2233 0005326  82.2021 277.9577 15.60261823 74975
NEPALISAT-1             
1 44331U 98067QG  20284.82648459  .00012455  00000-0  15479-3 0  9993
2 44331  51.6359 114.7131 0005351  85.5006 274.6598 15.60389397 74993
SPOOQY-1                
1 44332U 98067QH  20284.77452961  .00011373  00000-0  14276-3 0  9991
2 44332  51.6367 115.1243 0004592  89.0972 271.0547 15.60233641 74949
SPACEBEE-9              
1 44370U 19037F   20285.13725738  .00009876  00000-0  20939-3 0  9997
2 44370  45.0051 188.1436 0012833 153.9563 206.1975 15.45312398 72487
SPACEBEE-8              
1 44371U 19037G   20285.41163870  .00019197  00000-0  32026-3 0  9999
2 44371  45.0053 175.8459 0012104 167.7836 192.3352 15.51653973 72631
IOD-1 GEMS              
1 44385U 98067QK  20285.42872001  .00021736  00000-0  22614-3 0  9992
2 44385  51.6379 107.5603 0001036  44.5097 315.5981 15.64517251 72613
MOVE-IIB                
1 44398U 19038N   20285.20092298  .00001712  00000-0  10107-3 0  9991
2 44398  97.5482 245.0480 0026787  88.0428 272.3870 15.12582321 70071
SONATE                  
1 44400U 19038Q   20284.93723919  .00000853  00000-0  53003-4 0  9993
2 44400  97.5527 244.7908 0026889  88.1855 272.2454 15.12069097 70026
LUCKY-7                 
1 44406U 19038W   20284.86578692  .00000634  00000-0  40055-4 0  9997
2 44406  97.5533 244.8653 0026265  88.3952 272.0287 15.12355300 70011
BEESAT 9                
1 44412U 19038AC  20284.85683961  .00000911  00000-0  55812-4 0  9994
2 44412  97.5522 244.8403 0024329  93.6623 266.7391 15.12480298 69718
JAISAT-1                
1 44419U 19038F   20284.90639433  .00000974  00000-0  58662-4 0  9997
2 44419  97.5524 245.2414 0023188  92.4420 267.9466 15.12964754 70057
SWIATOWID               
1 44426U 98067QL  20285.55064465  .00030807  00000-0  29683-3 0  9991
2 44426  51.6381 105.2458 0001298  65.6892 334.4645 15.66238740 72670
KRAKSAT                 
1 44427U 98067QM  20285.40975814  .00009161  00000-0  12754-3 0  9995
2 44427  51.6403 117.0389 0003047  46.1402  23.0143 15.57742914 72548
VCC A                   
1 44428U 98067QN  20284.81446867  .00012067  00000-0  15468-3 0  9995
2 44428  51.6383 116.9615 0002120  65.5662 294.5552 15.59610569 72495
ENTRYSAT                
1 44429U 98067QP  20284.75781941  .00014564  00000-0  17475-3 0  9998
2 44429  51.6367 115.0392 0001581  62.3846 297.7308 15.61161232 72517
VCC C                   
1 44430U 98067QQ  20284.81413308  .00022470  00000-0  24626-3 0  9997
2 44430  51.6363 112.4212 0001328  92.9853 267.1293 15.63163953 71385
VCC B                   
1 44431U 98067QR  20284.81005241  .00012304  00000-0  15710-3 0  9990
2 44431  51.6372 116.9035 0002210  65.2950 294.8273 15.59694276 72434
ATL-1                   
1 44830U 19084G   20283.37625441  .14504533  23319-5  28099-3 0  9997
2 44830  96.9282 155.2233 0011473 239.9810 120.0357 16.46538413 48546
SMOG-P                  
1 44832U 19084J   20272.06303716  .11453400  23230-5  63587-3 0  9997
2 44832  96.9437 144.0914 0010614 231.8961 128.1384 16.41416157 46773
DUCHIFAT-3              
1 44854U 19089C   20284.92354330  .00000392  00000-0  38028-4 0  9996
2 44854  36.9657 135.9102 0009479 280.8665  79.1007 14.99150878 45632
EYESAT-NANO             
1 44877U 19092E   20284.77839284  .00001014  00000-0  54593-4 0  9991
2 44877  97.4574 106.2049 0013157 344.6687  15.4145 15.17041563 45074
ORBITAL FACTORY 2 (OF-2)
1 45113U 19071C   20284.89345646  .00002034  00000-0  72643-4 0  9998
2 45113  51.6422 165.7312 0013561 112.6631 247.5786 15.33789304 38842
M2 PATHFINDER           
1 45727U 20037E   20284.75200035 -.00000387  00000-0 -33293-4 0  9999
2 45727  97.7051 102.1923 0011640 278.2160  81.7721 14.91234048 15202
