CUTE-1 (CO-55)          
1 27844U 03031E   18280.45908127  .00000060  00000-0  46925-4 0  9993
2 27844  98.6880 287.4630 0010675  51.0349 309.1778 14.22136609792150
CUBESAT XI-IV (CO-57)   
1 27848U 03031J   18281.01277440  .00000044  00000-0  39930-4 0  9997
2 27848  98.6964 288.4428 0010668  59.4790 300.7439 14.21737972792090
CUBESAT XI 5            
1 28895U 05043F   18280.67180214  .00000133  00000-0  34314-4 0  9998
2 28895  97.9250  67.6760 0018126  75.5894 284.7319 14.63587628690339
CUTE-1.7+APD II (CO-65) 
1 32785U 08021C   18281.00899369  .00000233  00000-0  30874-4 0  9994
2 32785  97.5476 287.8030 0013840  30.4393 329.7625 14.88184373565952
AAUSAT-II               
1 32788U 08021F   18280.64385194  .00000147  00000-0  18684-4 0  9991
2 32788  97.5156 302.4325 0011187 339.0080  21.0680 14.94468823566972
DELFI-C3 (DO-64)        
1 32789U 08021G   18280.71647534  .00000972  00000-0  70144-4 0  9994
2 32789  97.5005 332.6224 0010818 273.6940  86.3050 15.06345295568728
SEEDS II (CO-66)        
1 32791U 08021J   18280.84559748  .00000425  00000-0  48669-4 0  9990
2 32791  97.5341 293.2461 0013599  10.2746 349.8748 14.90641165566295
SWISSCUBE               
1 35932U 09051B   18279.88879464  .00000123  00000-0  38837-4 0  9997
2 35932  98.5604  73.8330 0006905 220.7022 139.3659 14.56201074479652
BEESAT                  
1 35933U 09051C   18279.90825025  .00000117  00000-0  37312-4 0  9995
2 35933  98.5641  75.4706 0004921 233.4888 126.5856 14.56300312479726
ITUPSAT 1               
1 35935U 09051E   18279.88881668  .00000066  00000-0  26377-4 0  9991
2 35935  98.5751  75.7009 0007277 231.0686 128.9862 14.55472315479541
M-CUBED & EXP-1 PRIME   
1 37855U 11061F   18279.92690742  .00001573  00000-0  87112-4 0  9992
2 37855 101.7176  39.6243 0175663 111.4849 250.5193 15.04767946377984
STRAND-1                
1 39090U 13009E   18279.80876171  .00000035  00000-0  27534-4 0  9992
2 39090  98.5107 124.6868 0008654 332.9739  27.0995 14.35052446293816
AIST-2 (RS-43)          
1 39133U 13015D   18280.97806096  .00000106  00000-0  19837-4 0  9992
2 39133  64.8734 215.1887 0010360 212.9031 147.1445 15.04614102300174
SOMP                    
1 39134U 13015E   18279.90282138  .00001009  00000-0  56730-4 0  9995
2 39134  64.8625 125.4525 0003952 301.3859  58.6881 15.19456518301493
BEESAT-3                
1 39135U 13015F   18279.91230495  .00000736  00000-0  47068-4 0  9996
2 39135  64.8669 140.2462 0011750 234.4581 125.5450 15.16905346301200
BEESAT-2                
1 39136U 13015G   18280.97698086  .00000947  00000-0  58527-4 0  9995
2 39136  64.8678 139.9073 0012109 235.1690 124.8297 15.16366337301697
NEE-01 PEGASUS          
1 39151U 13018B   18280.74033332  .00000155  00000-0  27523-4 0  9990
2 39151  97.9758  14.0185 0015893 306.9802  52.9954 14.79947019294166
ESTCUBE 1               
1 39161U 13021C   18280.99635631  .00000136  00000-0  29519-4 0  9998
2 39161  98.0043   5.1219 0010947  60.5442 299.6850 14.72109964291044
POPACS 1                
1 39268U 13055D   18279.85304854  .00002567  00000-0  72818-4 0  9996
2 39268  81.0039 229.0712 0632497 256.9454  96.0435 14.35232907258996
POPACS 2                
1 39269U 13055E   18280.67500321  .00004187  00000-0  12286-3 0  9998
2 39269  81.0135 252.4977 0688349 317.5884  37.3985 14.22793922259135
POPACS 3                
1 39270U 13055F   18279.27884222  .00003986  00000-0  12503-3 0  9997
2 39270  81.0146 267.5105 0717702   1.5022 358.8072 14.15067666237369
ZACUBE-1 (TSHEPISOSAT)  
1 39417U 13066B   18280.54034573  .00000212  00000-0  33009-4 0  9994
2 39417  97.5805 303.1395 0059975 145.9439 214.5646 14.80988199263426
WNISAT-1                
1 39423U 13066H   18280.94034769  .00000159  00000-0  40997-4 0  9996
2 39423  97.7404 236.3923 0176319  25.5401 335.4382 14.52983642258609
GOMX 1                  
1 39430U 13066Q   18280.97423132  .00000270  00000-0  58281-4 0  9992
2 39430  97.7109 249.7981 0150992 335.1151  24.2820 14.59136360259595
CUBEBUG-2 (LO-74)       
1 39440U 13066AA  18280.63035172  .00000204  00000-0  35407-4 0  9991
2 39440  97.6008 289.1828 0080166 189.2832 170.6902 14.75728865262507
NEE-02 KRYSAOR          
1 39441U 13066AB  18280.98849429  .00000128  00000-0  25307-4 0  9991
2 39441  97.6020 287.5742 0081501 193.8132 166.0848 14.74817982262402
FUNCUBE-1 (AO-73)       
1 39444U 13066AE  18280.54406694  .00000264  00000-0  38882-4 0  9992
2 39444  97.5809 304.8087 0059210 140.9401 219.6111 14.81782987262297
UWE-3                   
1 39446U 13066AG  18280.73128159  .00000211  00000-0  34665-4 0  9999
2 39446  97.5891 295.8652 0070496 167.5104 192.7876 14.78263217261745
BRITE-TORONTO           
1 40020U 14033L   18280.66318081  .00000065  00000-0  19776-4 0  9994
2 40020  97.7713 133.1919 0086198 246.2177 112.9971 14.66523266230062
DUCHIFAT-1              
1 40021U 14033M   18280.71809569  .00000487  00000-0  55858-4 0  9996
2 40021  97.9133 199.6272 0013151 161.4484 198.7216 14.90403700233714
NANOSATC-BR1            
1 40024U 14033Q   18279.74058354  .00000294  00000-0  36623-4 0  9993
2 40024  97.9056 196.6630 0012351 166.8671 193.2870 14.89652386232960
QB50P1                  
1 40025U 14033R   18280.72683743  .00000287  00000-0  36705-4 0  9993
2 40025  97.9005 195.8687 0012577 168.6679 191.4824 14.88785035233536
QB50P2                  
1 40032U 14033Y   18280.71703972  .00000272  00000-0  35460-4 0  9998
2 40032  97.8951 194.4071 0012080 164.2260 195.9335 14.88326689233466
PERSEUS-M2              
1 40037U 14033AD  18280.84159609  .00000076  00000-0  14866-4 0  9998
2 40037  97.8924 191.7038 0014415 174.8659 185.2706 14.86388639233260
PERSEUS-M1              
1 40039U 14033AF  18280.82792295  .00000084  00000-0  15914-4 0  9996
2 40039  97.8917 190.9795 0014351 171.8141 188.3311 14.86010172233201
POLYITAN-1              
1 40042U 14033AJ  18280.80716990  .00000281  00000-0  36304-4 0  9991
2 40042  97.9082 196.1289 0015034 158.7159 201.4686 14.88472990233469
TIGRISAT                
1 40043U 14033AK  18280.91346482  .00000137  00000-0  27784-4 0  9991
2 40043  97.7905 154.0124 0059572 194.2647 165.6882 14.74180091231218
AEROCUBE 6A             
1 40045U 14033AM  18279.88768265  .00000272  00000-0  46670-4 0  9999
2 40045  97.8093 155.7399 0057283 191.4959 168.4946 14.75219206230991
AEROCUBE 6B             
1 40046U 14033AN  18280.90713167  .00000264  00000-0  45540-4 0  9992
2 40046  97.8048 156.5224 0056818 187.4067 172.6310 14.75207323231288
UKUBE-1                 
1 40074U 14037F   18280.96761097  .00000217  00000-0  33280-4 0  9994
2 40074  98.4040  64.0361 0003929 324.6316  35.4635 14.83873124230024
BRITE-PL 2              
1 40119U 14049B   18279.84328782  .00000080  00000-0  16024-4 0  9997
2 40119  97.9159   7.6173 0016823 337.7453  22.3029 14.84326279223868
FIREBIRD 4              
1 40378U 15003C   18280.73492193  .00001534  00000-0  65909-4 0  9994
2 40378  99.0815 204.8456 0129486 215.7195 143.5321 15.17685824203398
GRIFEX                  
1 40379U 15003D   18280.72461189  .00001183  00000-0  55606-4 0  9998
2 40379  99.0821 200.3976 0136557 230.2003 128.7138 15.14674980203132
EXOCUBE                 
1 40380U 15003E   18279.72327423  .00000970  00000-0  48459-4 0  9991
2 40380  99.0856 196.7658 0141090 241.8747 116.8160 15.12806263202803
TIANWANG 1C (TW-1C)     
1 40926U 15051B   18280.93839328  .00007717  00000-0  13533-3 0  9997
2 40926  97.1733 322.8079 0008808 215.6932 267.4386 15.50798829170778
TIANWANG 1A (TW-1A)     
1 40928U 15051D   18281.01170916  .00002289  00000-0  60767-4 0  9991
2 40928  97.1768 312.7483 0009847 275.4458 150.1422 15.39276004170138
EXACTVIEW 9             
1 40936U 15052G   18275.02213287  .00000784  00000-0  20730-4 0  9998
2 40936   6.0049 112.3776 0010044  68.0735 292.0460 14.76419197162784
ATHENOXAT 1             
1 41168U 15077C   18280.30992825  .00001812  00000-0  61852-4 0  9995
2 41168  14.9839 279.5762 0011879 156.7308 315.4005 15.13028021155383
GALASSIA                
1 41170U 15077E   18280.66995848  .00001922  00000-0  67000-4 0  9998
2 41170  14.9888 270.9857 0013098 184.9588 175.0604 15.13389979155497
VELOX 2                 
1 41171U 15077F   18280.68268733  .00001596  00000-0  54345-4 0  9992
2 41171  14.9915 295.9238 0009006 117.9096 242.2137 15.10821014155275
HORYU-IV                
1 41340U 16012D   18279.43954649  .00000522  00000-0  33102-4 0  9995
2 41340  31.0056 318.9752 0014021 116.5414 243.6661 15.01071088144620
E-ST@R-II               
1 41459U 16025D   18280.90644883  .00000906  00000-0  50782-4 0  9999
2 41459  98.1277 349.5318 0171463 130.2145 231.4226 15.04708828134371
AAUSAT 4                
1 41460U 16025E   18280.77295484  .00001614  00000-0  85841-4 0  9996
2 41460  98.1193 350.0839 0162148 125.7598 235.8783 15.06273772134436
DIWATA-1                
1 41463U 98067HT  18280.94622281  .00010758  00000-0  82166-4 0  9999
2 41463  51.6373 115.6694 0001438 147.7531 355.1734 15.72812775139737
BEESAT-4                
1 41619U 16040W   18279.88143809  .00001351  00000-0  61398-4 0  9991
2 41619  97.4037 341.4316 0011211 190.5079 169.5925 15.22419826115084
CANX-7                  
1 41788U 16059F   18280.82522817  .00003599  00000-0  59410-3 0  9991
2 41788  98.2178 348.1105 0031349 102.0744 258.3828 14.70730234108652
ALSAT 1N                
1 41789U 16059G   18280.92207472  .00000041  00000-0  16804-4 0  9990
2 41789  98.1076 342.0447 0029635  92.5530 267.9065 14.64183925108518
RAVAN                   
1 41849U 16067B   18280.71141837  .00000408  00000-0  39780-4 0  9990
2 41849  97.9237  11.1336 0009172 145.1716 215.0107 14.97925075103979
CELTEE 1                
1 41850U 16067C   18279.72902949  .00000653  00000-0  62187-4 0  9999
2 41850  97.9222   9.3857 0009846 145.2868 214.8998 14.96872358103787
OPTICUBE 04             
1 41851U 16067D   18280.84229498 -.00000070  00000-0 -83209-6 0  9991
2 41851  97.9214  10.3950 0009597 144.5936 215.5924 14.96708938103943
AEROCUBE 8D             
1 41852U 16067E   18280.69085319 -.00000156  00000-0 -83863-5 0  9997
2 41852  97.9235  10.0754 0010415 143.8144 216.3783 14.96562967103908
AEROCUBE 8C             
1 41853U 16067F   18280.70770819  .00000005  00000-0  58002-5 0  9994
2 41853  97.9227  10.0478 0010744 146.7141 213.4757 14.96522041103905
PROMETHEUS 2-1          
1 41854U 16067G   18279.83596208 -.00000044  00000-0  14362-5 0  9990
2 41854  97.9235   9.2042 0010980 149.1641 211.0227 14.96658971103779
PROMETHEUS 2-3          
1 41855U 16067H   18280.70784823  .00000181  00000-0  21189-4 0  9996
2 41855  97.9235  10.0941 0011254 147.1499 213.0423 14.96658449103907
ITF-2                   
1 41932U 98067KU  18279.58976797  .00066233  00000-0  26357-3 0  9990
2 41932  51.6276 123.2109 0003391 246.9964 113.0682 15.86010182 98383
AOBA-VELOX 3            
1 41935U 98067KX  18280.94063378  .00306246  50344-4  59895-3 0  9991
2 41935  51.6279 105.8225 0005508 268.4546  91.5833 15.99636601 98833
INS-1B                  
1 41954U 17008G   18279.74046401  .00001261  00000-0  56138-4 0  9999
2 41954  97.4350 342.7176 0008361 330.8643  29.2126 15.23285793 90981
BGUSAT                  
1 41999U 17008BD  18280.77301862  .00002219  00000-0  91701-4 0  9997
2 41999  97.4399 345.1525 0007652 346.2607  13.8421 15.25038702 90582
DIDO-2                  
1 42000U 17008BE  18280.78740855  .00001036  00000-0  46512-4 0  9997
2 42000  97.4365 344.2378 0008064 348.1003  12.0042 15.23412153 90544
PEASSS                  
1 42015U 17008BV  18280.96712220  .00001334  00000-0  57579-4 0  9994
2 42015  97.4364 345.0120 0006191 358.4100   1.7116 15.24263764 91095
AL-FARABI 1             
1 42016U 17008BW  18280.72998673  .00001526  00000-0  64536-4 0  9991
2 42016  97.4375 345.0629 0006066 359.6168   0.5064 15.24740046 91193
NAYIF-1 (EO-88)         
1 42017U 17008BX  18279.73801147  .00001460  00000-0  61848-4 0  9990
2 42017  97.4373 344.0856 0006145   3.4960 356.6320 15.24762806 91069
HAVELSAT                
1 42700U 98067LH  18280.87506405  .00062777  00000-0  35371-3 0  9998
2 42700  51.6289 135.6839 0001634 300.1920  59.8919 15.78578566 79779
CXBN-2                  
1 42704U 98067LM  18280.99274240  .00061302  00000-0  35329-3 0  9990
2 42704  51.6311 136.5106 0002315 217.7140 142.3698 15.78082685 79695
PHOENIX                 
1 42706U 98067LP  18280.98492492  .00039111  00000-0  26979-3 0  9996
2 42706  51.6334 139.4872 0001417 203.5824 156.5110 15.74177760 79644
X-CUBESAT               
1 42707U 98067LQ  18280.98179581  .00074229  00000-0  39016-3 0  9993
2 42707  51.6301 134.0510 0002117 221.5370 138.5471 15.80047339 79705
QBEE50-LTU-OC           
1 42708U 98067LR  18279.68336184  .00043639  00000-0  25275-3 0  9996
2 42708  51.6308 142.7404 0001421 189.8214 170.2760 15.78117148 79438
ALTAIR PATHFINDER       
1 42711U 98067LS  18280.89948125  .00021381  00000-0  19720-3 0  9997
2 42711  51.6346 151.7300 0003155 227.8894 132.1835 15.67549883 79132
SHARC                   
1 42712U 98067LT  18280.90045426  .00042749  00000-0  35384-3 0  9997
2 42712  51.6352 152.5550 0002142 209.5210 150.5667 15.69810915 79361
ZA-AEROSAT              
1 42713U 98067LU  18280.98867355  .00039391  00000-0  28962-3 0  9992
2 42713  51.6331 143.2547 0002235 208.0254 152.0625 15.72678647 79254
CSUNSAT 1               
1 42715U 98067LW  18279.86629694  .00026768  00000-0  18959-3 0  9990
2 42715  51.6329 147.7766 0003465 214.3091 145.7684 15.73760818 79099
SPACECUBE               
1 42717U 98067LY  18280.98618621  .00062245  00000-0  35810-3 0  9990
2 42717  51.6257 136.3742 0001032 275.7778  84.3105 15.78117138 78710
HOOPOE                  
1 42718U 98067LZ  18280.98550371  .00108952  00000-0  46534-3 0  9999
2 42718  51.6258 130.3103 0002422 241.7012 118.3747 15.84348516 78796
NJUST-1                 
1 42722U 98067MB  18280.93759222  .00033383  00000-0  26109-3 0  9996
2 42722  51.6339 145.9549 0003426 288.5809  71.4816 15.71290487 78284
UNSW-ECO                
1 42723U 98067MC  18279.81672164  .00089899  00000-0  34157-3 0  9996
2 42723  51.6365 135.3718 0003224 253.8821 106.1829 15.86844268 78301
LILACSAT-1              
1 42725U 98067ME  18280.81072968  .00034430  00000-0  22318-3 0  9993
2 42725  51.6344 141.3221 0002439 273.3607  86.7114 15.75676265 78232
NSIGHT-1                
1 42726U 98067MF  18280.88381527  .00016185  00000-0  17603-3 0  9993
2 42726  51.6382 158.4797 0003901 294.1050  65.9536 15.63610900 78025
SNUSAT-1                
1 42727U 98067MG  18280.95163548  .00051150  00000-0  32997-3 0  9997
2 42727  51.6317 140.6832 0004593 248.8142 111.2367 15.75594253 78227
I-INSPIRE II            
1 42731U 98067ML  18279.75267711  .00112139  00000-0  39723-3 0  9994
2 42731  51.6318 134.0659 0005074 227.3995 132.6582 15.88169536 78097
POLYITAN-2-SAU          
1 42732U 98067MM  18279.86694681  .00040607  00000-0  22069-3 0  9992
2 42732  51.6318 140.9210 0004682 228.8672 131.1926 15.79554906 78016
SNUSAT-1B               
1 42733U 98067MN  18280.98258300  .00058141  00000-0  35360-3 0  9992
2 42733  51.6295 138.6635 0004681 238.8994 121.1547 15.76882781 78147
EXALTA-1                
1 42734U 98067MP  18280.95825821  .00207716  27091-4  64079-3 0  9994
2 42734  51.6224 126.2111 0005434 257.2838 102.7561 15.91331236 78255
BEEAGLESAT              
1 42736U 98067MR  18280.98487001  .00046764  00000-0  31870-3 0  9997
2 42736  51.6331 141.7019 0003424 281.9026  78.1589 15.74372216 78165
UCLSAT                  
1 42765U 17036A   18279.71431911  .00001200  00000-0  55311-4 0  9997
2 42765  97.3892 337.7086 0012974  51.3083 308.9312 15.22109956 71678
LITUANICASAT-2          
1 42768U 17036D   18280.72158757  .00002126  00000-0  96460-4 0  9995
2 42768  97.3911 338.2580 0016413  37.5365 322.7013 15.21794366 71675
AALTO-1                 
1 42775U 17036L   18280.93796610  .00000963  00000-0  46508-4 0  9997
2 42775  97.3880 338.1945 0015053  35.7656 324.4584 15.20926058 71636
URSA MAIOR              
1 42776U 17036M   18280.72073531  .00000926  00000-0  44732-4 0  9991
2 42776  97.3888 338.0575 0014898  36.7005 323.5248 15.21020711 71604
COMPASS 2               
1 42777U 17036N   18279.78577390  .00001545  00000-0  70406-4 0  9993
2 42777  97.3916 337.7248 0013865  42.9374 317.2942 15.22073805 71481
DIAMOND RED             
1 42783U 17036U   18279.94063733  .00000971  00000-0  45885-4 0  9994
2 42783  97.3892 337.7196 0013586  50.5281 309.7155 15.21678765 71505
PEGASUS                 
1 42784U 17036V   18279.89759039  .00001103  00000-0  51409-4 0  9997
2 42784  97.3894 337.7860 0013497  50.5947 309.6482 15.21908392 71500
DIAMOND GREEN           
1 42785U 17036W   18279.93938906  .00000933  00000-0  44217-4 0  9994
2 42785  97.3894 337.7349 0013487  51.1187 309.1250 15.21678512 71578
DIAMOND BLUE            
1 42786U 17036X   18280.72764159  .00001065  00000-0  50046-4 0  9995
2 42786  97.3893 338.5086 0013284  48.8462 311.3918 15.21682603 71616
NUDTSAT                 
1 42787U 17036Y   18280.75559543  .00001803  00000-0  80453-4 0  9993
2 42787  97.3902 338.9486 0012902  47.5587 312.6738 15.22597482 71497
SUCHAI                  
1 42788U 17036Z   18280.95116888  .00001594  00000-0  72283-4 0  9996
2 42788  97.3894 338.9706 0013022  47.1927 313.0402 15.22223436 71747
SKCUBE                  
1 42789U 17036AA  18279.83648984  .00001242  00000-0  57073-4 0  9999
2 42789  97.3894 337.8587 0012936  50.7472 309.4910 15.22162724 71498
VZLUSAT-1               
1 42790U 17036AB  18279.62640801  .00001653  00000-0  73994-4 0  9994
2 42790  97.3901 337.8447 0012567  51.6277 308.6087 15.22607195 71477
ROBUSTA-1B              
1 42792U 17036AD  18280.64873751  .00001368  00000-0  62299-4 0  9991
2 42792  97.3892 338.7430 0012472  49.2888 310.9429 15.22321501 71634
CICERO 6                
1 42793U 17036AE  18280.72317417  .00001102  00000-0  51115-4 0  9994
2 42793  97.3882 338.7669 0011701  50.4741 309.7528 15.22093534 71711
D-SAT                   
1 42794U 17036AF  18280.59521799  .00000122  00000-0  16390-4 0  9997
2 42794  97.5792 330.9307 0125343 268.0922  90.5938 14.90938312 70471
TOKI                    
1 42820U 98067MU  18280.99815608  .00044636  00000-0  31948-3 0  9992
2 42820  51.6327 144.8083 0002986 205.7693 154.3157 15.73251164 71589
MAZAALAI (NUMSAT-1)     
1 42822U 98067MW  18280.92971485  .00043124  00000-0  31489-3 0  9994
2 42822  51.6330 145.8627 0002833 207.6406 152.4442 15.72797539 71546
BRAC ONNESHA            
1 42823U 98067MX  18279.89892510  .00026105  00000-0  19167-3 0  9999
2 42823  51.6333 151.0037 0004078 234.2260 125.8360 15.72928299 71408
NIGERIAEDUSAT-1         
1 42824U 98067MY  18280.89502885  .00040799  00000-0  30010-3 0  9990
2 42824  51.6338 146.4291 0003976 238.7252 121.3357 15.72646255 71529
CORVUS BC2              
1 42846U 17042X   18280.75462936  .00000154  00000-0  20566-4 0  9992
2 42846  97.5850 179.4940 0009650 172.5216 187.6149 14.91865021 67150
CORVUS BC1              
1 42847U 17042Y   18280.79190868  .00000270  00000-0  31918-4 0  9991
2 42847  97.5852 179.5960 0009308 171.5346 188.6032 14.91963828 67155
SILU-1 (SILKROAD 1)     
1 42903U 17021F   18280.64576800  .00032732  00000-0  19099-3 0  9992
2 42903  42.7775   4.3080 0014907  12.5485 137.4565 15.77603034 67654
MIRATA                  
1 43015U 17073C   18280.85828466  .00001123  00000-0  94655-4 0  9997
2 43015  97.7065 207.1700 0255806 264.6900  92.5080 14.78407828 47788
MAKERSAT 0              
1 43016U 17073D   18280.77716671  .00000663  00000-0  58139-4 0  9998
2 43016  97.7092 207.2470 0257397 265.0296  92.1489 14.78334306 47761
ASTERIA                 
1 43020U 98067NH  18280.98408691  .00019738  00000-0  22855-3 0  9996
2 43020  51.6417 166.7145 0002039 214.5865 145.4996 15.61833126 50100
DELLINGR (RBLE)         
1 43021U 98067NJ  18280.94021912  .00009478  00000-0  12578-3 0  9991
2 43021  51.6398 170.1240 0002047 203.5905 156.4994 15.58987095 50051
OSIRIS-3U               
1 43027U 98067NL  18280.92713449  .00063139  00000-0  48097-3 0  9997
2 43027  51.6360 157.2141 0003699 190.7948 169.2971 15.71631233 50108
AEROCUBE 7B             
1 43042U 17071F   18279.92522304  .00002931  00000-0  83459-4 0  9991
2 43042  51.6387 216.9023 0004467 318.0816  41.9826 15.39516993 46816
AEROCUBE 7C             
1 43043U 17071G   18279.92517556  .00002937  00000-0  83622-4 0  9993
2 43043  51.6390 216.9093 0004603 319.8570  40.2074 15.39519849 46782
CHEFSAT                 
1 43044U 17071H   18279.85441791  .00005265  00000-0  13587-3 0  9992
2 43044  51.6390 215.7294 0004454 319.9470  40.1186 15.40860648 46799
ASGARDIA 1              
1 43049U 17071N   18281.00033711  .00004096  00000-0  11215-3 0  9993
2 43049  51.6392 211.3491 0002377 353.1040   6.9912 15.39646596 46948
ISARA                   
1 43050U 17071P   18280.84357469  .00005369  00000-0  13945-3 0  9991
2 43050  51.6388 211.0712 0002211 351.9593   8.1356 15.40614802 46936
FAUNA                   
1 43052U 17071R   18280.84800280  .00003530  00000-0  97518-4 0  9994
2 43052  51.6394 211.8436 0002220 349.4220  10.6718 15.39814320 46929
CORVUS BC3              
1 43118U 18004H   18280.60686968  .00000818  00000-0  38419-4 0  9994
2 43118  97.5217 343.3561 0012071  66.0718 294.1781 15.22425219 40812
MICROMAS-2A             
1 43131U 18004W   18279.73068095  .00001840  00000-0  80807-4 0  9990
2 43131  97.5230 342.7106 0011235  71.7776 288.4683 15.23176894 40694
GOMX4-B                 
1 43196U 18015E   18279.91747602  .00000417  00000-0  20203-4 0  9994
2 43196  97.3603  46.6560 0020085 122.0883 238.2304 15.23761684 37543
GOMX4-A                 
1 43197U 18015F   18280.98128255  .00000435  00000-0  20930-4 0  9998
2 43197  97.3614  47.7034 0020848 119.1303 335.2377 15.23781516 37718
1KUNS-PF                
1 43466U 98067NP  18280.96092644  .00016758  00000-0  22499-3 0  9998
2 43466  51.6397 174.0018 0001257 133.3641 226.7457 15.58052936 23263
UBAKUSAT                
1 43467U 98067NQ  18280.92268090  .00012105  00000-0  16874-3 0  9997
2 43467  51.6398 174.4998 0002902 172.7358 187.3676 15.57353801 23265
BATSU-CS1 (IRAZU)       
1 43468U 98067NR  18280.74205310  .00013344  00000-0  17687-3 0  9993
2 43468  51.6396 174.7909 0001361 126.1534 233.9584 15.58609191123226
CUBERRT                 
1 43546U 98067NU  18280.73344649  .00010722  00000-0  15696-3 0  9993
2 43546  51.6397 176.9751 0005072 251.1776 108.8665 15.56159387 13349
TEMPEST-D               
1 43547U 98067NV  18279.91339724  .00005671  00000-0  88814-4 0  9990
2 43547  51.6393 181.2475 0005195 250.8692 109.1737 15.55371699 12891
RAINCUBE                
1 43548U 98067NW  18280.74240565  .00008853  00000-0  13239-3 0  9991
2 43548  51.6394 177.0343 0005022 260.7388  99.3035 15.55835917 13475
HALOSAT                 
1 43549U 98067NX  18280.99970023  .00013409  00000-0  19685-3 0  9992
2 43549  51.6395 175.7532 0005055 263.9124  96.1292 15.55829789 13077
ENDUROSAT ONE           
1 43551U 98067NZ  18280.98047802  .00014530  00000-0  20903-3 0  9995
2 43551  51.6390 175.6247 0005417 271.5779  88.4592 15.56303735 13481
EQUISAT                 
1 43552U 98067PA  18280.72754742  .00009102  00000-0  13456-3 0  9990
2 43552  51.6394 176.9365 0005699 271.6919  88.3420 15.56108486 13407
AEROCUBE 12A            
1 43556U 18046C   18280.80828739  .00000853  00000-0  43725-4 0  9997
2 43556  51.6430 193.7289 0007880 241.9180 118.1003 15.27879492 12732
AEROCUBE 12B            
1 43557U 18046D   18279.95845660  .00000618  00000-0  35257-4 0  9994
2 43557  51.6432 197.8052 0007933 238.6915 121.3288 15.27848740 12559
UITMSAT-1               
1 43589U 98067PD  18280.76263788  .00009347  00000-0  14019-3 0  9996
2 43589  51.6392 177.1677 0004995 282.1119  77.9313 15.55675349  9148
MAYA-1                  
1 43590U 98067PE  18280.76158027  .00009394  00000-0  14071-3 0  9997
2 43590  51.6393 177.1611 0005094 283.3413  76.7010 15.55702997  9073
BHUTAN-1                
1 43591U 98067PF  18280.76016556  .00009360  00000-0  14002-3 0  9995
2 43591  51.6395 177.1518 0005196 284.8526  75.1890 15.55742864  9072
SIRIUSSAT-1             
1 43595U 98067PG  18280.96993939  .00012610  00000-0  18916-3 0  9990
2 43595  51.6393 176.2983 0003197 221.5300 138.5449 15.55307898  8287
SIRIUSSAT-2             
1 43596U 98067PH  18280.97465876  .00012475  00000-0  18818-3 0  9996
2 43596  51.6402 176.3353 0003774 227.9484 132.1186 15.55163367  8284
TANUSHA-3               
1 43597U 98067PJ  18280.97187809  .00015180  00000-0  22598-3 0  9990
2 43597  51.6383 176.3071 0003021 239.7078 120.3614 15.55334966  8285
SURFSAT                 
1 43614U 18070B   18279.95058570  .00002390  00000-0  67648-4 0  9999
2 43614  93.0249 258.3834 0015164 199.0914 160.9771 15.36271300  3282
CP-7 (DAVE)             
1 43615U 18070C   18279.95044015  .00002263  00000-0  64049-4 0  9990
2 43615  93.0246 258.3833 0015108 198.8452 161.2243 15.36279942  3289
ELFIN-B                 
1 43616U 18070D   18280.66612048 -.00000006  00000-0  00000+0 0  9994
2 43616  93.0243 258.6641 0016912 199.9834 160.1250 15.36335165  3395
ELFIN-A                 
1 43617U 18070E   18280.73097792 -.00000006  00000-0  00000+0 0  9996
2 43617  93.0273 258.7137 0015386 195.9184 164.2191 15.36363739  3407
