CUTE-1 (CO-55)          
1 27844U 03031E   18172.60189390  .00000046  00000-0  40305-4 0  9993
2 27844  98.6861 181.1933 0009874   6.6028 353.5278 14.22118678776789
CUBESAT XI-IV (CO-57)   
1 27848U 03031J   18172.56245767  .00000037  00000-0  36863-4 0  9997
2 27848  98.6946 181.5539 0009985  16.8850 343.2658 14.21722182776656
CUBESAT XI 5            
1 28895U 05043F   18172.37839683  .00000122  00000-0  32208-4 0  9994
2 28895  97.9096 323.6641 0018025  59.1516 301.1458 14.63555134674255
CUTE-1.7+APD II (CO-65) 
1 32785U 08021C   18172.48562332  .00000197  00000-0  27031-4 0  9992
2 32785  97.5467 184.4588 0013853  30.6848 329.5176 14.88133146549743
AAUSAT-II               
1 32788U 08021F   18172.57451821  .00000305  00000-0  33410-4 0  9994
2 32788  97.5212 198.8979 0011271 342.1050  17.9772 14.94366130550734
DELFI-C3 (DO-64)        
1 32789U 08021G   18172.23116796  .00001612  00000-0  11440-3 0  9997
2 32789  97.5116 226.9386 0010803 285.5754  74.4280 15.06097123552296
SEEDS II (CO-66)        
1 32791U 08021J   18172.76867135  .00000235  00000-0  29361-4 0  9990
2 32791  97.5356 190.0976 0013604  10.7020 349.4486 14.90568710550194
SWISSCUBE               
1 35932U 09051B   18172.35318216  .00000107  00000-0  35202-4 0  9999
2 35932  98.5460 323.6136 0007482 188.1782 171.9295 14.56167778464006
BEESAT                  
1 35933U 09051C   18172.38010984  .00000113  00000-0  36540-4 0  9997
2 35933  98.5498 325.1918 0005411 198.8255 161.2742 14.56271000464155
ITUPSAT 1               
1 35935U 09051E   18172.36850293  .00000088  00000-0  31470-4 0  9990
2 35935  98.5611 325.4327 0007797 197.4294 162.6635 14.55447255463902
M-CUBED & EXP-1 PRIME   
1 37855U 11061F   18172.73001123  .00001640  00000-0  90961-4 0  9993
2 37855 101.7155 237.5871 0176497  68.8698 293.1278 15.04471041362338
STRAND-1                
1 39090U 13009E   18172.64199505  .00000005  00000-0  17085-4 0  9992
2 39090  98.5215  18.9693 0008041 287.1539  72.8766 14.35029654278469
AIST-2 (RS-43)          
1 39133U 13015D   18172.76816083  .00000023  00000-0  14135-4 0  9990
2 39133  64.8719 197.3135 0022119 222.1764 137.7654 15.04562435283904
SOMP                    
1 39134U 13015E   18172.21560919  .00001203  00000-0  66314-4 0  9992
2 39134  64.8636 113.8782 0012472 214.5726 145.4592 15.19188572285134
BEESAT 3                
1 39135U 13015F   18172.37600516  .00001026  00000-0  61946-4 0  9997
2 39135  64.8681 126.7691 0019951 236.9075 123.0136 15.16695687285280
BEESAT-2                
1 39136U 13015G   18172.28123251  .00000880  00000-0  55305-4 0  9993
2 39136  64.8689 129.8720 0022290 236.4791 123.4206 15.16163278285217
NEE-01 PEGASUS          
1 39151U 13018B   18172.76402291  .00000131  00000-0  24357-4 0  9992
2 39151  97.9753 266.7970 0015737 295.9029  64.0560 14.79908589278195
ESTCUBE 1               
1 39161U 13021C   18172.71768846  .00000127  00000-0  28010-4 0  9998
2 39161  98.0083 258.5086 0010746  49.9526 310.2621 14.72073340275119
POPACS 1                
1 39268U 13055D   18172.45844184  .00004055  00000-0  11494-3 0  9995
2 39268  81.0033 341.8039 0637200 213.6898 142.2226 14.34251824243594
POPACS 2                
1 39269U 13055E   18172.48894293  .00001062  00000-0  31148-4 0  9999
2 39269  81.0151   3.8132 0690691 270.8581  81.3582 14.22146292242532
POPACS 3                
1 39270U 13055F   18171.28994863  .00000646  00000-0  20141-4 0  9990
2 39270  81.0171  17.3130 0718444 310.6174  43.4581 14.14689260222097
ZACUBE-1 (TSHEPISOSAT)  
1 39417U 13066B   18172.63895346  .00000160  00000-0  26513-4 0  9991
2 39417  97.5865 201.0408 0060204 139.4787 221.0932 14.80943044247450
WNISAT-1                
1 39423U 13066H   18172.68340255  .00000101  00000-0  29769-4 0  9998
2 39423  97.7284 136.4199 0176188   3.8143 356.4355 14.52958806242886
GOMX 1                  
1 39430U 13066Q   18172.76099801  .00000181  00000-0  42214-4 0  9991
2 39430  97.6977 149.3048 0150524 316.5916  42.3510 14.59087644243814
CUBEBUG-2 (LO-74)       
1 39440U 13066AA  18172.61590825  .00000178  00000-0  31781-4 0  9991
2 39440  97.6007 187.5901 0080506 180.0348 180.0871 14.75680515245373
NEE-02 KRYSAOR          
1 39441U 13066AB  18172.56866922  .00000127  00000-0  25195-4 0  9996
2 39441  97.6011 185.7360 0081800 185.3548 174.6796 14.74783410245266
FUNCUBE-1 (AO-73)       
1 39444U 13066AE  18172.56502840  .00000242  00000-0  36188-4 0  9997
2 39444  97.5874 202.5015 0059433 135.1520 225.4519 14.81724321245712
UWE-3                   
1 39446U 13066AG  18172.56341753  .00000192  00000-0  32219-4 0  9998
2 39446  97.5922 193.8564 0070764 160.3104 200.0865 14.78214625245177
BRITE-TORONTO           
1 40020U 14033L   18172.65477668  .00000059  00000-0  18681-4 0  9997
2 40020  97.7859  30.7510 0086374 230.1464 129.2120 14.66499268214231
DUCHIFAT-1              
1 40021U 14033M   18172.35554332  .00000243  00000-0  30851-4 0  9997
2 40021  97.9162  91.0823 0013307 158.3087 201.8696 14.90318717217577
NANOSATC-BR1            
1 40024U 14033Q   18172.73455168  .00000272  00000-0  34433-4 0  9991
2 40024  97.9096  89.6963 0012598 159.1928 200.9804 14.89580511217558
QB50P1                  
1 40025U 14033R   18172.58349423  .00000262  00000-0  34080-4 0  9998
2 40025  97.9054  87.9733 0012715 164.2014 195.9601 14.88723615216935
QB50P2                  
1 40032U 14033Y   18172.74222772  .00000200  00000-0  27697-4 0  9999
2 40032  97.9008  86.8244 0012257 158.9590 201.2133 14.88268681217408
PERSEUS-M2              
1 40037U 14033AD  18172.32335123  .00000082  00000-0  15494-4 0  9993
2 40037  97.8994  83.9320 0014555 170.4756 189.6738 14.86361671216641
PERSEUS-M1              
1 40039U 14033AF  18172.55140504  .00000070  00000-0  14325-4 0  9996
2 40039  97.8991  83.5171 0014497 166.4579 193.7027 14.85983592216618
POLYITAN-1              
1 40042U 14033AJ  18172.30486291  .00000273  00000-0  35522-4 0  9996
2 40042  97.9130  87.8253 0015165 155.2163 204.9785 14.88405922217328
TIGRISAT                
1 40043U 14033AK  18172.71863603  .00000111  00000-0  23992-4 0  9997
2 40043  97.8083  49.8727 0059887 182.9061 177.1808 14.74146295215271
AEROCUBE 6A             
1 40045U 14033AM  18172.64977550  .00000258  00000-0  44711-4 0  9992
2 40045  97.8253  52.1194 0057781 177.2151 182.9392 14.75156445215186
AEROCUBE 6B             
1 40046U 14033AN  18172.58318549  .00000223  00000-0  39633-4 0  9992
2 40046  97.8219  51.9061 0057161 176.8402 183.3180 14.75148741214937
UKUBE-1                 
1 40074U 14037F   18172.60229418  .00000247  00000-0  36958-4 0  9999
2 40074  98.3887 310.0825 0003629 313.1610  46.9291 14.83809603213957
BRITE-PL 2              
1 40119U 14049B   18172.32034463  .00000084  00000-0  16575-4 0  9997
2 40119  97.9181 260.8892 0016639 328.6342  31.3878 14.84296481207826
FIREBIRD 4              
1 40378U 15003C   18172.72560719  .00001117  00000-0  49743-4 0  9998
2 40378  99.0870  75.4321 0130641 215.1247 144.1317 15.17261879187011
GRIFEX                  
1 40379U 15003D   18172.70294067  .00000811  00000-0  39991-4 0  9991
2 40379  99.0896  71.5265 0137455 227.9961 130.9496 15.14362990186785
EXOCUBE                 
1 40380U 15003E   18172.62933391  .00000629  00000-0  33407-4 0  9997
2 40380  99.0942  69.2993 0141834 235.5174 123.2588 15.12566471186615
TIANWANG 1C (TW-1C)     
1 40926U 15051B   18172.66794884  .00008412  00000-0  15632-3 0  9999
2 40926  97.1822 214.9895 0007700 256.3636 222.0356 15.49126082154003
TIANWANG 1A (TW-1A)     
1 40928U 15051D   18172.50093139  .00002430  00000-0  65494-4 0  9995
2 40928  97.1846 206.4049 0010501 312.7520 153.9378 15.38738926153447
EXACTVIEW 9             
1 40936U 15052G   18172.54491637  .00000581  00000-0 -77100-5 0  9998
2 40936   5.9964 123.0134 0010396  52.1019 308.0608 14.76389239147614
ATHENOXAT 1             
1 41168U 15077C   18172.56821694  .00001571  00000-0  49071-4 0  9999
2 41168  14.9883 348.2427 0012049  99.7477 305.5065 15.12794145139044
GALASSIA                
1 41170U 15077E   18172.57167503  .00001723  00000-0  56605-4 0  9995
2 41170  14.9898 342.7650 0013078 123.0668 237.0910 15.13179048139099
VELOX 2                 
1 41171U 15077F   18172.60010706  .00001390  00000-0  42582-4 0  9991
2 41171  14.9924   4.4715 0008901  61.5390 298.5827 15.10667590138900
HORYU-IV                
1 41340U 16012D   18172.64251694  .00000435  00000-0  26514-4 0  9992
2 41340  31.0052 278.6004 0013907 137.4793 222.6922 15.00996051128569
E-ST@R-II               
1 41459U 16025D   18172.43574265  .00002059  00000-0  11025-3 0  9990
2 41459  98.1379 235.3500 0172301 133.9467 227.6103 15.04418253118067
AAUSAT 4                
1 41460U 16025E   18172.67611568  .00002382  00000-0  12568-3 0  9998
2 41460  98.1272 236.1117 0163198 129.0255 232.5653 15.05849279118162
DIWATA-1                
1 41463U 98067HT  18172.64617576  .00012335  00000-0  10329-3 0  9991
2 41463  51.6402 309.7918 0001655 121.7222 337.7644 15.70426768122701
BEESAT-4                
1 41619U 16040W   18172.21058018  .00001299  00000-0  59655-4 0  9991
2 41619  97.4146 235.3018 0010760 208.6879 151.3767 15.22136799 98709
CANX-7                  
1 41788U 16059F   18172.81334442  .00008445  00000-0  14190-2 0  9995
2 41788  98.2117 239.3465 0033902  87.9136 272.7221 14.69509000 92784
ALSAT 1N                
1 41789U 16059G   18172.74180754  .00000058  00000-0  20144-4 0  9993
2 41789  98.1186 235.4602 0029716  74.0988 286.3479 14.64160408 92685
RAVAN                   
1 41849U 16067B   18172.75731110  .00000087  00000-0  12631-4 0  9992
2 41849  97.9262 261.5771 0009165 141.1388 219.0494 14.97783963 87819
CELTEE 1                
1 41850U 16067C   18172.23679187  .00000034  00000-0  82673-5 0  9998
2 41850  97.9239 260.4958 0009559 144.5409 215.6450 14.96817464 87703
OPTICUBE 04             
1 41851U 16067D   18172.20244187  .00000463  00000-0  45822-4 0  9994
2 41851  97.9242 260.3738 0009871 143.3812 216.8085 14.96676764 87696
AEROCUBE 8D             
1 41852U 16067E   18172.30661556  .00000188  00000-0  21877-4 0  9997
2 41852  97.9246 260.3226 0010546 145.8910 214.2990 14.96496034 87697
AEROCUBE 8C             
1 41853U 16067F   18172.18715024  .00000677  00000-0  64983-4 0  9992
2 41853  97.9248 260.1640 0011080 146.4839 213.7085 14.96461859 87673
PROMETHEUS 2-1          
1 41854U 16067G   18172.19333953  .00000936  00000-0  87512-4 0  9992
2 41854  97.9257 260.1801 0011460 145.8527 214.3433 14.96569686 87673
PROMETHEUS 2-3          
1 41855U 16067H   18172.73086291  .00000929  00000-0  86875-4 0  9996
2 41855  97.9262 260.7291 0011642 144.3347 215.8654 14.96569425 87756
ITF-2                   
1 41932U 98067KU  18172.55128695  .00030035  00000-0  18731-3 0  9993
2 41932  51.6316 318.3481 0003774 230.3580 129.7087 15.76629619 81457
WASEDA-SAT3             
1 41933U 98067KV  18172.57158106  .00053640  00000-0  24010-3 0  9990
2 41933  51.6339 310.8263 0003482 255.8386 104.2230 15.83635738 81556
AOBA-VELOX 3            
1 41935U 98067KX  18172.74557585  .00045191  00000-0  23114-3 0  9991
2 41935  51.6353 312.8346 0003706 245.0804 114.9813 15.80843098 81645
INS-1B                  
1 41954U 17008G   18172.72261896  .00001183  00000-0  53256-4 0  9997
2 41954  97.4457 236.6496 0008843 348.1446  11.9581 15.23021954 74693
BGUSAT                  
1 41999U 17008BD  18172.23152761  .00002027  00000-0  85082-4 0  9992
2 41999  97.4499 237.2323 0008434   9.7537 350.3863 15.24611249 74046
DIDO-2                  
1 42000U 17008BE  18172.13826446  .00000890  00000-0  40598-4 0  9992
2 42000  97.4474 236.5039 0008751  10.0821 350.0590 15.23206210 74009
PEASSS                  
1 42015U 17008BV  18172.24589878  .00001097  00000-0  48207-4 0  9990
2 42015  97.4472 237.0722 0006898  20.2704 339.8806 15.24018929 74533
AL-FARABI 1             
1 42016U 17008BW  18172.23743391  .00001382  00000-0  59266-4 0  9996
2 42016  97.4480 237.2641 0006780  20.9279 339.2235 15.24434706 74668
NAYIF-1 (EO-88)         
1 42017U 17008BX  18172.42854022  .00001386  00000-0  59387-4 0  9990
2 42017  97.4478 237.4607 0006740  20.6612 339.4897 15.24459449 74717
HAVELSAT                
1 42700U 98067LH  18172.66367646  .00025551  00000-0  19985-3 0  9999
2 42700  51.6354 331.8821 0004005 263.1886  96.8656 15.71439781 62721
CXBN-2                  
1 42704U 98067LM  18172.68632934  .00024479  00000-0  19534-3 0  9998
2 42704  51.6362 332.8001 0002100 203.5465 156.5437 15.70992839 62638
ICECUBE                 
1 42705U 98067LN  18172.62369385  .00060034  00000-0  31437-3 0  9993
2 42705  51.6447 324.9567 0002677 260.6127  99.4572 15.80212336 62790
PHOENIX                 
1 42706U 98067LP  18172.69201562  .00017884  00000-0  15422-3 0  9994
2 42706  51.6360 333.5854 0001394 200.5131 159.5810 15.69344262 62618
X-CUBESAT               
1 42707U 98067LQ  18172.70652490  .00027560  00000-0  21022-3 0  9992
2 42707  51.6322 331.3491 0001642 215.0321 145.0570 15.71997865 62639
QBEE50-LTU-OC           
1 42708U 98067LR  18172.71959285  .00026913  00000-0  21308-3 0  9994
2 42708  51.6367 332.2507 0001560 216.6559 143.4332 15.71122189 62587
ALTAIR PATHFINDER       
1 42711U 98067LS  18172.72763747  .00011769  00000-0  12517-3 0  9990
2 42711  51.6368 340.5907 0003823 192.7215 167.3684 15.64511759 62183
SHARC                   
1 42712U 98067LT  18172.73109310  .00019411  00000-0  20305-3 0  9998
2 42712  51.6382 342.1728 0002671 204.1063 155.9807 15.64460242 62403
ZA-AEROSAT              
1 42713U 98067LU  18172.72461802  .00019042  00000-0  17288-3 0  9991
2 42713  51.6354 336.0422 0002342 186.8239 173.2726 15.68028492 62248
LINK                    
1 42714U 98067LV  18172.68921399  .00064266  00000-0  32544-3 0  9999
2 42714  51.6249 324.3528 0002575 243.6945 116.3793 15.80916919 62508
CSUNSAT 1               
1 42715U 98067LW  18172.67834539  .00020471  00000-0  18089-3 0  9996
2 42715  51.6361 335.7535 0003832 190.6802 169.4114 15.68636433 62241
SPACECUBE               
1 42717U 98067LY  18172.68239936  .00024987  00000-0  19894-3 0  9990
2 42717  51.6339 332.7287 0002798 259.0225 101.0458 15.71032318 61651
HOOPOE                  
1 42718U 98067LZ  18172.70739777  .00035021  00000-0  24627-3 0  9993
2 42718  51.6356 329.8964 0002868 260.7352  99.3323 15.73780699 61696
CHALLENGER              
1 42721U 98067MA  18172.63431282  .00124865  00000-0  43254-3 0  9991
2 42721  51.6270 319.4452 0006718 280.2514  79.7734 15.88560412 61522
NJUST-1                 
1 42722U 98067MB  18172.72419675  .00016849  00000-0  15967-3 0  9996
2 42722  51.6363 337.5614 0005145 244.1989 115.8476 15.67056251 61292
UNSW-ECO                
1 42723U 98067MC  18172.70597436  .00037241  00000-0  25313-3 0  9992
2 42723  51.6383 329.9216 0004708 248.5632 111.4865 15.74533636 61373
LILACSAT-1              
1 42725U 98067ME  18172.69519299  .00020641  00000-0  17548-3 0  9990
2 42725  51.6365 335.1087 0004259 245.3009 114.7545 15.69573871 61228
NSIGHT-1                
1 42726U 98067MF  18172.72934807  .00006160  00000-0  76280-4 0  9990
2 42726  51.6394 344.4115 0004793 245.2325 114.8170 15.61583778 61111
SNUSAT-1                
1 42727U 98067MG  18172.70690738  .00022182  00000-0  18852-3 0  9993
2 42727  51.6342 335.1328 0005929 213.2201 146.8425 15.69520742 61194
I-INSPIRE II            
1 42731U 98067ML  18171.99936785  .00037791  00000-0  25075-3 0  9990
2 42731  51.6350 332.6233 0005093 206.5854 153.4884 15.75081358 61056
POLYITAN-2-SAU          
1 42732U 98067MM  18172.71250311  .00027932  00000-0  21493-3 0  9992
2 42732  51.6353 332.1767 0005260 201.9568 158.1205 15.71769829 61123
SNUSAT-1B               
1 42733U 98067MN  18172.67655953  .00024735  00000-0  20349-3 0  9996
2 42733  51.6355 334.2068 0005470 204.1408 155.9334 15.70239136 61090
EXALTA-1                
1 42734U 98067MP  18172.67791525  .00041949  00000-0  26884-3 0  9999
2 42734  51.6298 328.8727 0005938 234.7328 125.3117 15.75823756 61112
BEEAGLESAT              
1 42736U 98067MR  18172.61353282  .00020410  00000-0  17881-3 0  9996
2 42736  51.6353 336.0365 0005398 242.1118 117.9332 15.68841346 61129
UCLSAT                  
1 42765U 17036A   18172.61441017  .00001183  00000-0  54959-4 0  9993
2 42765  97.4005 232.3919 0013415  65.3369 294.9263 15.21863784 55972
LITUANICASAT-2          
1 42768U 17036D   18172.60731699  .00001884  00000-0  86817-4 0  9999
2 42768  97.4019 231.9831 0017117  55.5468 304.7382 15.21393710 55230
AALTO-1                 
1 42775U 17036L   18172.24421480  .00000731  00000-0  36252-4 0  9999
2 42775  97.3998 231.5095 0015581  54.8945 305.3748 15.20757950 55115
URSA MAIOR              
1 42776U 17036M   18172.23058274  .00000828  00000-0  40553-4 0  9992
2 42776  97.4005 231.5479 0015443  55.1660 305.1026 15.20836389 55118
COMPASS 2               
1 42777U 17036N   18172.61469815  .00001550  00000-0  71313-4 0  9993
2 42777  97.4026 232.3190 0014413  57.4853 302.7773 15.21748192 55180
DIAMOND RED             
1 42783U 17036U   18172.61448267  .00000987  00000-0  46910-4 0  9996
2 42783  97.4006 232.2462 0014005  65.1170 295.1520 15.21469807 55189
PEGASUS                 
1 42784U 17036V   18172.38936818  .00001106  00000-0  51883-4 0  9994
2 42784  97.4008 232.0957 0013929  65.8428 294.4262 15.21672442 55159
DIAMOND GREEN           
1 42785U 17036W   18172.61336411  .00001009  00000-0  47871-4 0  9998
2 42785  97.4008 232.2584 0013906  65.7569 294.5119 15.21472362 55250
DIAMOND BLUE            
1 42786U 17036X   18172.61250397  .00000998  00000-0  47384-4 0  9992
2 42786  97.4008 232.2576 0013749  65.9797 294.2877 15.21471734 55252
NUDTSAT                 
1 42787U 17036Y   18172.56901329  .00001614  00000-0  73070-4 0  9992
2 42787  97.4013 232.4778 0013470  65.4673 294.7966 15.22253174 55031
SUCHAI                  
1 42788U 17036Z   18172.21438915  .00001313  00000-0  60548-4 0  9993
2 42788  97.4010 232.0233 0013553  66.3918 293.8740 15.21942125 55204
SKCUBE                  
1 42789U 17036AA  18172.60840105  .00001224  00000-0  56729-4 0  9992
2 42789  97.4007 232.4054 0013368  65.2297 295.0329 15.21905082 55183
VZLUSAT-1               
1 42790U 17036AB  18172.22959324  .00001591  00000-0  72051-4 0  9999
2 42790  97.4012 232.1512 0013044  66.7658 293.4950 15.22272297 55138
ROBUSTA-1B              
1 42792U 17036AD  18172.11646040  .00001261  00000-0  58117-4 0  9998
2 42792  97.4006 231.9845 0012974  67.7863 292.4748 15.22045877 55124
CICERO 6                
1 42793U 17036AE  18172.24263345  .00000919  00000-0  43358-4 0  9996
2 42793  97.3999 232.1038 0012132  68.5937 291.6592 15.21884872 55212
D-SAT                   
1 42794U 17036AF  18172.60738863  .00000130  00000-0  17155-4 0  9990
2 42794  97.5911 227.0980 0125439 267.5180  91.1673 14.90874153 54380
TOKI                    
1 42820U 98067MU  18172.68642389  .00020513  00000-0  18635-3 0  9998
2 42820  51.6353 338.0320 0002994 181.4258 178.6730 15.67955671 54567
MAZAALAI (NUMSAT-1)     
1 42822U 98067MW  18172.59330966  .00019272  00000-0  17747-3 0  9998
2 42822  51.6356 338.9161 0002983 185.4967 174.5997 15.67666253 54546
BRAC ONNESHA            
1 42823U 98067MX  18172.46157204  .00019269  00000-0  17674-3 0  9992
2 42823  51.6362 339.5537 0005215 203.7848 156.2909 15.67756027 54528
NIGERIAEDUSAT-1         
1 42824U 98067MY  18172.67755857  .00019687  00000-0  18192-3 0  9994
2 42824  51.6366 338.7631 0005081 204.8732 155.2020 15.67556859 54528
CORVUS BC2              
1 42846U 17042X   18172.29793621  .00000082  00000-0  13461-4 0  9995
2 42846  97.5972  75.0235 0009619 173.5983 186.5361 14.91822326 50988
CORVUS BC1              
1 42847U 17042Y   18172.27533729  .00000323  00000-0  37247-4 0  9991
2 42847  97.5971  75.0518 0009285 173.0199 187.1151 14.91920856 50975
SILU-1 (SILKROAD 1)     
1 42903U 17021F   18172.73921831  .00025791  00000-0  19416-3 0  9990
2 42903  42.7784 300.6357 0013305 330.2051 181.4089 15.71877628 50640
MIRATA                  
1 43015U 17073C   18172.35319645  .00000667  00000-0  58943-4 0  9998
2 43015  97.7042 103.1961 0256576 257.9463  99.2892 14.78150103 31757
MAKERSAT 0              
1 43016U 17073D   18172.33798600  .00000407  00000-0  38190-4 0  9993
2 43016  97.7073 103.2992 0257927 258.0288  99.1906 14.78159428 31748
ASTERIA                 
1 43020U 98067NH  18172.75890158  .00010712  00000-0  13922-3 0  9992
2 43020  51.6422 351.3841 0002602 178.1305 181.9698 15.59384546 33201
DELLINGR (RBLE)         
1 43021U 98067NJ  18172.74996055  .00005893  00000-0  84888-4 0  9999
2 43021  51.6399 352.7987 0002573 169.2225 190.8823 15.57599034 33184
OSIRIS-3U               
1 43027U 98067NL  18172.68671924  .00025263  00000-0  26111-3 0  9990
2 43027  51.6382 347.8617 0003414 172.5786 187.5260 15.64582667 33125
AEROCUBE 7B             
1 43042U 17071F   18172.08150052  .00002614  00000-0  77058-4 0  9993
2 43042  51.6398  22.5449 0004423 278.6322  81.4161 15.38876562 30203
AEROCUBE 7C             
1 43043U 17071G   18172.60102079  .00002441  00000-0  72628-4 0  9994
2 43043  51.6402  20.0181 0004479 284.4630  75.5857 15.38879871 30251
CHEFSAT                 
1 43044U 17071H   18172.73723083  .00004585  00000-0  12381-3 0  9993
2 43044  51.6404  18.6973 0004342 283.2714  76.7786 15.39780843 30283
ASGARDIA 1              
1 43049U 17071N   18172.77619479  .00003011  00000-0  86803-4 0  9999
2 43049  51.6402  18.9440 0002005 310.8441  49.2369 15.39016207 30273
ISARA                   
1 43050U 17071P   18172.09048394  .00003656  00000-0  10123-3 0  9994
2 43050  51.6401  21.8755 0001795 303.1546  56.9266 15.39629966 30174
FAUNA                   
1 43052U 17071R   18172.76430778  .00002728  00000-0  79274-4 0  9993
2 43052  51.6403  18.8728 0001889 307.0737  53.0074 15.39150728 30274
CORVUS BC3              
1 43118U 18004H   18172.61189836  .00000769  00000-0  36485-4 0  9993
2 43118  97.5328 235.2108 0012331  81.5217 278.7416 15.22255933 24387
MICROMAS-2A             
1 43131U 18004W   18172.24187472  .00001719  00000-0  76510-4 0  9990
2 43131  97.5337 234.9488 0011551  85.7684 274.4872 15.22815162 24336
GOMX4-B                 
1 43196U 18015E   18172.60968433  .00000260  00000-0  13773-4 0  9999
2 43196  97.3481 301.4467 0019730 137.2853 222.9925 15.23546871 21209
GOMX4-A                 
1 43197U 18015F   18172.69218146  .00000492  00000-0  23331-4 0  9996
2 43197  97.3477 301.5320 0020561 138.6726 329.6532 15.23663317 21228
UBAKUSAT                
1 43466U 98067NP  18172.68338248  .00012063  00000-0  17856-3 0  9996
2 43466  51.6426 355.9356 0001996 127.5128 308.6091 15.55721242  6407
1KUNS-PF                
1 43467U 98067NQ  18172.68349501  .00009226  00000-0  13874-3 0  9994
2 43467  51.6421 355.9379 0004245 142.7340 293.3890 15.55622540  6401
BATSU-CS1 (IRAZU)       
1 43468U 98067NR  18172.73149557  .00013654  00000-0  20001-3 0  9990
2 43468  51.6423 355.6596 0001585 118.6473 241.4679 15.55879178106394
