CUTE-1 (CO-55)          
1 27844U 03031E   18231.49080553  .00000038  00000-0  36724-4 0  9998
2 27844  98.6871 239.2136 0009673 181.4465 178.6686 14.22128188785151
CUBESAT XI-IV (CO-57)   
1 27848U 03031J   18231.46778584  .00000030  00000-0  33555-4 0  9998
2 27848  98.6956 239.6097 0009353 192.3075 167.7875 14.21730571785021
CUBESAT XI 5            
1 28895U 05043F   18231.37939615  .00000121  00000-0  31998-4 0  9990
2 28895  97.9175  20.3051 0015816 226.3451 133.6441 14.63571399683116
CUTE-1.7+APD II (CO-65) 
1 32785U 08021C   18231.45445460  .00000170  00000-0  24053-4 0  9999
2 32785  97.5471 240.6120 0012956 181.7673 178.3500 14.88159222558511
AAUSAT-II               
1 32788U 08021F   18231.49801554  .00000450  00000-0  46774-4 0  9991
2 32788  97.5191 255.3578 0013107 131.2209 229.0144 14.94419586559537
DELFI-C3 (DO-64)        
1 32789U 08021G   18231.22605503  .00001582  00000-0  11180-3 0  9998
2 32789  97.5073 284.4265 0014047  84.6277 275.6553 15.06227151561277
SEEDS II (CO-66)        
1 32791U 08021J   18231.50676669  .00000285  00000-0  34448-4 0  9995
2 32791  97.5351 246.1599 0013885 161.2277 198.9456 14.90606204558867
SWISSCUBE               
1 35932U 09051B   18231.37783347  .00000127  00000-0  39643-4 0  9993
2 35932  98.5536  24.0853 0008000  25.2229 334.9357 14.56185092472594
BEESAT                  
1 35933U 09051C   18231.46933493  .00000088  00000-0  30824-4 0  9991
2 35933  98.5574  25.7667 0006492  39.3029 320.8638 14.56286122472676
ITUPSAT 1               
1 35935U 09051E   18231.42242448  .00000090  00000-0  31750-4 0  9994
2 35935  98.5687  25.9700 0008698  32.6869 327.4864 14.55460653472497
M-CUBED & EXP-1 PRIME   
1 37855U 11061F   18231.51698637  .00000557  00000-0  36713-4 0  9998
2 37855 101.7143 326.4422 0175899 254.7356 103.4351 15.04583937370700
STRAND-1                
1 39090U 13009E   18231.55953420  .00000027  00000-0  24839-4 0  9991
2 39090  98.5168  77.1019 0010350 106.8549 253.3772 14.35036991286890
AIST-2 (RS-43)          
1 39133U 13015D   18231.52632910  .00000093  00000-0  18982-4 0  9996
2 39133  64.8744  11.5416 0015906 214.8185 145.1895 15.04587814292731
SOMP                    
1 39134U 13015E   18231.59067246  .00000942  00000-0  53767-4 0  9991
2 39134  64.8630 281.7867 0005831 226.9545 133.1094 15.19324532294155
BEESAT-3                
1 39135U 13015F   18231.58544893  .00000888  00000-0  54824-4 0  9993
2 39135  64.8694 295.9896 0018362 233.3878 126.5560 15.16808407293876
BEESAT-2                
1 39136U 13015G   18231.57760569  .00000593  00000-0  40514-4 0  9997
2 39136  64.8697 298.9708 0016988 235.5746 124.3774 15.16267671293814
NEE-01 PEGASUS          
1 39151U 13018B   18231.24878165  .00000120  00000-0  22827-4 0  9996
2 39151  97.9760 324.8744 0018517 103.8313 256.4960 14.79928347286846
ESTCUBE 1               
1 39161U 13021C   18231.17351165  .00000133  00000-0  29049-4 0  9996
2 39161  98.0074 316.0746 0008729 210.3785 149.6953 14.72092198283710
POPACS 1                
1 39268U 13055D   18231.46665447  .00004311  00000-0  11984-3 0  9994
2 39268  81.0022 279.8976 0636017  39.8426 324.7697 14.34805403252050
POPACS 2                
1 39269U 13055E   18231.51495238  .00002858  00000-0  81207-4 0  9990
2 39269  81.0161 303.0951 0691373  99.9364 268.0518 14.22468795250924
POPACS 3                
1 39270U 13055F   18231.54861367  .00001901  00000-0  58002-4 0  9990
2 39270  81.0187 316.0422 0719372 138.0136 227.8558 14.14867010251318
ZACUBE-1 (TSHEPISOSAT)  
1 39417U 13066B   18231.08294793  .00000132  00000-0  23214-4 0  9999
2 39417  97.5841 256.3517 0057834 310.1779  49.4379 14.80965354256109
WNISAT-1                
1 39423U 13066H   18231.42599119  .00000049  00000-0  19299-4 0  9999
2 39423  97.7322 190.6480 0175198 179.5480 180.5896 14.52969701251410
GOMX 1                  
1 39430U 13066Q   18231.60022858  .00000163  00000-0  38119-4 0  9997
2 39430  97.7028 203.9272 0152584 129.9996 231.4715 14.59109807252218
CUBEBUG-2 (LO-74)       
1 39440U 13066AA  18231.47166387  .00000188  00000-0  33337-4 0  9993
2 39440  97.6008 242.9453 0080199 351.1582   8.8210 14.75706081255250
NEE-02 KRYSAOR          
1 39441U 13066AB  18231.25683321  .00000116  00000-0  23666-4 0  9997
2 39441  97.6015 240.8589 0081820 357.2419   2.8329 14.74801410253911
FUNCUBE-1 (AO-73)       
1 39444U 13066AE  18231.51826018  .00000211  00000-0  32553-4 0  9992
2 39444  97.5848 258.3687 0056853 303.7384  55.8420 14.81755751255034
UWE-3                   
1 39446U 13066AG  18231.04749100  .00000167  00000-0  29083-4 0  9992
2 39446  97.5909 249.0145 0069412 331.9523  27.7955 14.78240395254403
BRITE-TORONTO           
1 40020U 14033L   18231.53794181  .00000021  00000-0  11962-4 0  9996
2 40020  97.7790  86.6172 0088617  43.7825 317.0362 14.66511928222872
DUCHIFAT-1              
1 40021U 14033M   18231.30442802  .00000333  00000-0  40049-4 0  9996
2 40021  97.9134 150.1334 0012467 337.4184  22.6483 14.90361764226353
NANOSATC-BR1            
1 40024U 14033Q   18231.57840406  .00000334  00000-0  40878-4 0  9991
2 40024  97.9063 148.5234 0011811 339.1492  20.9242 14.89617857225796
QB50P1                  
1 40025U 14033R   18231.59574321  .00000229  00000-0  30543-4 0  9995
2 40025  97.9016 146.8568 0012101 343.5290  16.5532 14.88754902225711
QB50P2                  
1 40032U 14033Y   18231.57084303  .00000224  00000-0  30316-4 0  9990
2 40032  97.8966 145.4473 0011410 339.6829  20.3932 14.88298288225636
PERSEUS-M2              
1 40037U 14033AD  18231.29503272  .00000060  00000-0  13043-4 0  9991
2 40037  97.8947 142.5088 0014119 348.8592  11.2309 14.86375575225403
PERSEUS-M1              
1 40039U 14033AF  18231.40341367  .00000084  00000-0  15916-4 0  9998
2 40039  97.8943 141.9379 0013890 345.3349  14.7461 14.85996950225350
POLYITAN-1              
1 40042U 14033AJ  18231.53128852  .00000248  00000-0  32789-4 0  9997
2 40042  97.9092 146.9497 0014095 331.5505  28.4941 14.88440417225625
TIGRISAT                
1 40043U 14033AK  18231.63557813  .00000101  00000-0  22483-4 0  9990
2 40043  97.7995 106.6063 0060071 355.8699   4.2006 14.74164282223659
AEROCUBE 6A             
1 40045U 14033AM  18231.59385579  .00000213  00000-0  38268-4 0  9997
2 40045  97.8174 109.0965 0058156 350.2095   9.7976 14.75190357223636
AEROCUBE 6B             
1 40046U 14033AN  18231.59547883  .00000222  00000-0  39594-4 0  9999
2 40046  97.8135 108.9221 0057192 349.4783  10.5225 14.75178930223630
UKUBE-1                 
1 40074U 14037F   18231.33728775  .00000216  00000-0  33236-4 0  9997
2 40074  98.3953  11.8173 0005462 107.3287 252.8523 14.83842398222665
BRITE-PL 2              
1 40119U 14049B   18231.23917949  .00000092  00000-0  17430-4 0  9992
2 40119  97.9176 319.3789 0018642 129.3732 230.9137 14.84312084216654
FIREBIRD 4              
1 40378U 15003C   18231.48239456  .00002650  00000-0  11026-3 0  9993
2 40378  99.0809 145.8274 0131404  20.5064 340.1371 15.17465368195921
GRIFEX                  
1 40379U 15003D   18231.50717226  .00001982  00000-0  89368-4 0  9995
2 40379  99.0828 141.6824 0138714  33.9216 327.0786 15.14506299195689
EXOCUBE                 
1 40380U 15003E   18231.57015070  .00001568  00000-0  74604-4 0  9999
2 40380  99.0875 139.4581 0143335  41.4334 319.7655 15.12676209195521
TIANWANG 1C (TW-1C)     
1 40926U 15051B   18231.56941377  .00009006  00000-0  16219-3 0  9997
2 40926  97.1784 273.6346 0010884  51.9136 105.4424 15.49965955163127
TIANWANG 1A (TW-1A)     
1 40928U 15051D   18231.41687992  .00002934  00000-0  77868-4 0  9994
2 40928  97.1815 264.1512 0013739  92.4076  31.6204 15.39003019162509
EXACTVIEW 9             
1 40936U 15052G   18230.97806887  .00000759  00000-0  17251-4 0  9993
2 40936   6.0074  66.2933 0010631 168.7270 191.3096 14.76404978156261
ATHENOXAT 1             
1 41168U 15077C   18231.39119331  .00001666  00000-0  54070-4 0  9994
2 41168  14.9875 277.6761 0011921 198.7000 269.2373 15.12905159147968
GALASSIA                
1 41170U 15077E   18231.43431650  .00001688  00000-0  54516-4 0  9992
2 41170  14.9883 271.6520 0013109 220.8063 139.1276 15.13278283148020
VELOX 2                 
1 41171U 15077F   18231.56156229  .00001368  00000-0  41142-4 0  9999
2 41171  14.9913 294.3272 0008919 157.8617 202.2089 15.10738908147832
HORYU-IV                
1 41340U 16012D   18231.42806329  .00000428  00000-0  26010-4 0  9998
2 41340  31.0044 264.5170 0014094   0.5451 359.5198 15.01032684137409
E-ST@R-II               
1 41459U 16025D   18231.42785630  .00000594  00000-0  35724-4 0  9990
2 41459  98.1321 297.4623 0168598 296.7313  61.6736 15.04569598126932
AAUSAT 4                
1 41460U 16025E   18231.41102907  .00000641  00000-0  37592-4 0  9999
2 41460  98.1242 298.0494 0160685 292.2487  66.1782 15.06064124127008
DIWATA-1                
1 41463U 98067HT  18231.42269755  .00012892  00000-0  10276-3 0  9994
2 41463  51.6389   9.3054 0001170  24.6832  73.4383 15.71567376131941
BEESAT-4                
1 41619U 16040W   18231.57002147  .00001235  00000-0  56623-4 0  9990
2 41619  97.4102 293.8283 0011880  16.8002 343.3626 15.22285216107735
CANX-7                  
1 41788U 16059F   18231.49206669  .00004540  00000-0  75776-3 0  9994
2 41788  98.2157 298.3954 0027221 246.2736 113.5582 14.70197790101402
ALSAT 1N                
1 41789U 16059G   18231.44490087  .00000056  00000-0  19829-4 0  9995
2 41789  98.1141 293.3181 0027062 247.8575 111.9760 14.64172589101270
RAVAN                   
1 41849U 16067B   18231.21148561  .00000977  00000-0  88245-4 0  9993
2 41849  97.9267 320.9004 0007119 324.4314  35.6433 14.97868877 96560
CELTEE 1                
1 41850U 16067C   18231.19753259  .00000731  00000-0  69075-4 0  9996
2 41850  97.9238 320.2274 0007524 322.2032  37.8660 14.96848443 96523
OPTICUBE 04             
1 41851U 16067D   18231.23596040 -.00000200  00000-0 -12211-4 0  9998
2 41851  97.9229 320.1636 0008116 321.9118  38.1528 14.96690703 96525
AEROCUBE 8D             
1 41852U 16067E   18231.54736519  .00000093  00000-0  13536-4 0  9999
2 41852  97.9250 320.3165 0008649 322.4494  37.6122 14.96533838 96555
AEROCUBE 8C             
1 41853U 16067F   18231.49616544 -.00000295  00000-0 -20609-4 0  9994
2 41853  97.9244 320.2234 0009225 321.9904  38.0665 14.96493680 96542
PROMETHEUS 2-1          
1 41854U 16067G   18231.23038023 -.00000140  00000-0 -69342-5 0  9994
2 41854  97.9250 319.9793 0009537 322.1573  37.8976 14.96615057 96508
PROMETHEUS 2-3          
1 41855U 16067H   18231.43366932 -.00000038  00000-0  19771-5 0  9996
2 41855  97.9251 320.1910 0009685 321.3405  38.7121 14.96612563 96538
ITF-2                   
1 41932U 98067KU  18231.48990034  .00041310  00000-0  21412-3 0  9993
2 41932  51.6314  13.6056 0002133  75.5346 284.5892 15.80598844 90763
WASEDA-SAT3             
1 41933U 98067KV  18231.42663293  .00109843  15709-4  32555-3 0  9994
2 41933  51.6317   2.4558 0002876 343.1018  16.9892 15.92403641 90900
AOBA-VELOX 3            
1 41935U 98067KX  18231.48911806  .00068353  00000-0  25700-3 0  9996
2 41935  51.6340   6.7702 0001521  19.2882 340.8180 15.87167770 90950
INS-1B                  
1 41954U 17008G   18231.25954270  .00001284  00000-0  57295-4 0  9995
2 41954  97.4412 294.6837 0010817 126.5079 233.7156 15.23155548 83601
BGUSAT                  
1 41999U 17008BD  18231.42777931  .00002091  00000-0  87074-4 0  9995
2 41999  97.4459 296.1030 0009667 140.3759 219.8187 15.24823682 83064
DIDO-2                  
1 42000U 17008BE  18231.45698964  .00000942  00000-0  42654-4 0  9998
2 42000  97.4429 295.3419 0009683 141.7940 218.3985 15.23309300 83034
PEASSS                  
1 42015U 17008BV  18231.59826271  .00001095  00000-0  47931-4 0  9996
2 42015  97.4428 296.0157 0007465 145.0715 215.1014 15.24141347 83572
AL-FARABI 1             
1 42016U 17008BW  18231.44171473  .00001435  00000-0  61104-4 0  9994
2 42016  97.4436 296.1059 0007338 145.3993 214.7723 15.24588284 83683
NAYIF-1 (EO-88)         
1 42017U 17008BX  18231.43494791  .00001407  00000-0  59949-4 0  9998
2 42017  97.4434 296.1065 0007317 145.6317 214.5396 15.24613214 83708
HAVELSAT                
1 42700U 98067LH  18231.49413564  .00033431  00000-0  22769-3 0  9997
2 42700  51.6348  30.2262 0002982 137.6273 222.4957 15.74549161 71986
CXBN-2                  
1 42704U 98067LM  18231.46999625  .00031326  00000-0  21813-3 0  9995
2 42704  51.6355  31.5903 0001167  54.1820 305.9287 15.74071946 71882
ICECUBE                 
1 42705U 98067LN  18231.53968358  .00117199  00000-0  39401-3 0  9998
2 42705  51.6463  17.8606 0002254 356.1099   3.9889 15.89213413 72136
PHOENIX                 
1 42706U 98067LP  18231.48952776  .00021843  00000-0  17091-3 0  9991
2 42706  51.6355  33.2261 0000971  72.2820 287.8284 15.71541383 71859
X-CUBESAT               
1 42707U 98067LQ  18231.57356389  .00033302  00000-0  21840-3 0  9990
2 42707  51.6323  29.1616 0000657  67.6722 292.4347 15.75427420 71900
QBEE50-LTU-OC           
1 42708U 98067LR  18231.49660527  .00033514  00000-0  23065-3 0  9990
2 42708  51.6358  30.9972 0000517  71.2242 288.8813 15.74308278 71834
ALTAIR PATHFINDER       
1 42711U 98067LS  18231.53000871  .00014429  00000-0  14398-3 0  9992
2 42711  51.6363  42.5355 0003600  64.2107 295.9260 15.65912247 71399
SHARC                   
1 42712U 98067LT  18231.51732368  .00025598  00000-0  24168-3 0  9999
2 42712  51.6373  44.0175 0001973  78.1486 281.9731 15.66851440 71614
ZA-AEROSAT              
1 42713U 98067LU  18231.57412629  .00019663  00000-0  16387-3 0  9991
2 42713  51.6350  36.0313 0001819  56.8375 303.2797 15.70099461 71481
LINK                    
1 42714U 98067LV  18231.55547961  .00138978  18304-4  42842-3 0  9994
2 42714  51.6212  16.7619 0004338 319.4769  40.5914 15.91511637 71846
CSUNSAT 1               
1 42715U 98067LW  18231.49966524  .00023399  00000-0  18697-3 0  9999
2 42715  51.6353  35.5548 0003049  54.9004 305.2279 15.70988855 71486
SPACECUBE               
1 42717U 98067LY  18231.59168131  .00029705  00000-0  20666-3 0  9996
2 42717  51.6328  30.8377 0001858 133.7895 226.3258 15.74121514 70921
HOOPOE                  
1 42718U 98067LZ  18230.86010337  .00053400  00000-0  30925-3 0  9998
2 42718  51.6302  30.4267 0001151 124.4859 235.6250 15.78032258 70869
NJUST-1                 
1 42722U 98067MB  18231.54830187  .00018849  00000-0  16438-3 0  9993
2 42722  51.6358  38.1407 0004870 112.3315 247.8198 15.69018995 70521
UNSW-ECO                
1 42723U 98067MC  18231.58096157  .00050660  00000-0  27583-3 0  9999
2 42723  51.6388  26.3138 0002127 122.0828 238.0380 15.79425761 70669
LILACSAT-1              
1 42725U 98067ME  18231.60292806  .00026166  00000-0  19773-3 0  9999
2 42725  51.6361  33.9856 0003456 115.9767 244.1588 15.72248592 70501
NSIGHT-1                
1 42726U 98067MF  18231.52464961  .00011139  00000-0  12864-3 0  9992
2 42726  51.6391  47.8309 0005468 110.5678 249.5903 15.62445608 70303
SNUSAT-1                
1 42727U 98067MG  18231.55228662  .00026279  00000-0  19870-3 0  9997
2 42727  51.6333  34.3286 0004874  78.2943 281.8602 15.72225269 70440
I-INSPIRE II            
1 42731U 98067ML  18231.04049910  .00068815  00000-0  35792-3 0  9996
2 42731  51.6359  27.8556 0002765  39.7903 320.3301 15.80306086 70378
POLYITAN-2-SAU          
1 42732U 98067MM  18231.58817442  .00035767  00000-0  23691-3 0  9994
2 42732  51.6344  30.0685 0003959  61.5763 298.5635 15.75155068 70399
SNUSAT-1B               
1 42733U 98067MN  18231.55428411  .00027541  00000-0  19989-3 0  9992
2 42733  51.6348  32.8726 0004345  67.3705 292.7753 15.73167013 70354
EXALTA-1                
1 42734U 98067MP  18231.55452970  .00061018  00000-0  30052-3 0  9991
2 42734  51.6277  24.4484 0002574  86.8473 273.2823 15.81540775 70412
BEEAGLESAT              
1 42736U 98067MR  18231.55235117  .00024612  00000-0  19363-3 0  9996
2 42736  51.6344  35.1164 0004623 111.2453 248.9039 15.71322625 70386
UCLSAT                  
1 42765U 17036A   18231.45895752  .00001142  00000-0  53024-4 0  9997
2 42765  97.3957 290.2750 0010956 207.2914 152.7748 15.21987641 64331
LITUANICASAT-2          
1 42768U 17036D   18231.60009206  .00001813  00000-0  83251-4 0  9998
2 42768  97.3976 289.9871 0015163 198.1095 161.9603 15.21589981 64200
AALTO-1                 
1 42775U 17036L   18231.39555220  .00000727  00000-0  35987-4 0  9990
2 42775  97.3950 289.5888 0013672 196.7890 163.2894 15.20840460 64101
URSA MAIOR              
1 42776U 17036M   18231.24709733  .00000800  00000-0  39220-4 0  9991
2 42776  97.3957 289.5075 0013498 197.4370 162.6404 15.20927822 64089
COMPASS 2               
1 42777U 17036N   18231.59440091  .00001440  00000-0  66174-4 0  9998
2 42777  97.3981 290.3435 0012362 198.4874 161.5915 15.21910976 64152
DIAMOND RED             
1 42783U 17036U   18231.60614811  .00000901  00000-0  42978-4 0  9997
2 42783  97.3958 290.2387 0011581 207.1924 152.8707 15.21575390 64153
PEGASUS                 
1 42784U 17036V   18231.37291438  .00001051  00000-0  49327-4 0  9990
2 42784  97.3961 290.1006 0011481 208.0852 151.9766 15.21791206 64122
DIAMOND GREEN           
1 42785U 17036W   18231.60492773  .00000877  00000-0  41900-4 0  9996
2 42785  97.3961 290.2526 0011459 207.8156 152.2469 15.21577672 64224
DIAMOND BLUE            
1 42786U 17036X   18231.60410050  .00000859  00000-0  41113-4 0  9991
2 42786  97.3960 290.2516 0011292 207.9956 152.0674 15.21576634 64220
NUDTSAT                 
1 42787U 17036Y   18231.59475471  .00001562  00000-0  70522-4 0  9996
2 42787  97.3969 290.5839 0011071 206.2141 153.8536 15.22424282 64019
SUCHAI                  
1 42788U 17036Z   18231.58152532  .00001208  00000-0  55753-4 0  9992
2 42788  97.3962 290.4317 0011115 206.7504 153.3161 15.22081643 64233
SKCUBE                  
1 42789U 17036AA  18231.12250870  .00001099  00000-0  51099-4 0  9994
2 42789  97.3960 289.9691 0010915 208.3950 151.6693 15.22033633 64080
VZLUSAT-1               
1 42790U 17036AB  18231.58327822  .00001508  00000-0  68168-4 0  9998
2 42790  97.3966 290.5797 0010624 206.3098 153.7600 15.22440416 64162
ROBUSTA-1B              
1 42792U 17036AD  18231.61105333  .00001212  00000-0  55779-4 0  9991
2 42792  97.3959 290.5249 0010507 207.3132 152.7553 15.22184906 64174
CICERO 6                
1 42793U 17036AE  18231.61284884  .00000893  00000-0  42147-4 0  9990
2 42793  97.3951 290.4994 0009629 208.2156 151.8560 15.21986170 64240
D-SAT                   
1 42794U 17036AF  18231.60249213  .00000225  00000-0  24839-4 0  9994
2 42794  97.5860 283.8443 0128493  71.5037 290.0095 14.90910803 63172
TOKI                    
1 42820U 98067MU  18231.46890468  .00024287  00000-0  19920-3 0  9993
2 42820  51.6345  38.3223 0002202  44.3638 315.7536 15.70336794 63810
MAZAALAI (NUMSAT-1)     
1 42822U 98067MW  18231.57878661  .00021865  00000-0  18246-3 0  9997
2 42822  51.6351  38.3149 0002272  50.8399 309.2800 15.69989808 63808
BRAC ONNESHA            
1 42823U 98067MX  18231.50647376  .00023615  00000-0  19541-3 0  9992
2 42823  51.6355  38.6032 0004282  71.8386 288.3077 15.70135592 63773
NIGERIAEDUSAT-1         
1 42824U 98067MY  18230.83980659  .00027378  00000-0  22846-3 0  9994
2 42824  51.6360  42.4221 0004263  69.4349 290.7106 15.69838522 63652
CORVUS BC2              
1 42846U 17042X   18231.32235498  .00000143  00000-0  19523-4 0  9991
2 42846  97.5906 131.8973 0009484 356.0056   4.1086 14.91843742 59785
CORVUS BC1              
1 42847U 17042Y   18231.49705280  .00000036  00000-0  88791-5 0  9996
2 42847  97.5905 132.1244 0009109 355.2910   4.8222 14.91943231 59800
SILU-1 (SILKROAD 1)     
1 42903U 17021F   18231.46017130  .00029896  00000-0  20118-3 0  9995
2 42903  42.7769 304.1588 0013288  23.7553  91.7344 15.74432997 59891
MIRATA                  
1 43015U 17073C   18231.38143756  .00001591  00000-0  12936-3 0  9993
2 43015  97.7039 159.7491 0259350  65.8779 296.9323 14.78241442 40478
MAKERSAT 0              
1 43016U 17073D   18231.56944029  .00001011  00000-0  83747-4 0  9992
2 43016  97.7069 160.0688 0260698  65.3555 297.4569 14.78221233 40507
ASTERIA                 
1 43020U 98067NH  18230.99077567  .00013064  00000-0  16137-3 0  9998
2 43020  51.6420  58.5611 0002687  56.0908 304.0341 15.60506511 42298
DELLINGR (RBLE)         
1 43021U 98067NJ  18231.57056220  .00005948  00000-0  83550-4 0  9993
2 43021  51.6406  57.8961 0002523  51.8384 308.2835 15.58267787 42350
OSIRIS-3U               
1 43027U 98067NL  18231.51955050  .00031334  00000-0  28518-3 0  9992
2 43027  51.6375  49.2663 0002163  32.5822 327.5307 15.67644716 42346
AEROCUBE 7B             
1 43042U 17071F   18231.62501362  .00003118  00000-0  89071-4 0  9991
2 43042  51.6392  92.3859 0005599 130.7612 229.3859 15.39194358 39373
AEROCUBE 7C             
1 43043U 17071G   18231.56008448  .00003026  00000-0  86736-4 0  9995
2 43043  51.6395  92.7082 0005672 132.3607 227.7858 15.39192837 39330
CHEFSAT                 
1 43044U 17071H   18231.59272171  .00004287  00000-0  11452-3 0  9997
2 43044  51.6398  91.4577 0005715 130.9978 229.1501 15.40297467 39352
ASGARDIA 1              
1 43049U 17071N   18231.60046062  .00002485  00000-0  72738-4 0  9995
2 43049  51.6395  92.2365 0003006 144.8911 215.2272 15.39315627 39347
ISARA                   
1 43050U 17071P   18231.60171501  .00003946  00000-0  10684-3 0  9998
2 43050  51.6392  91.5096 0002969 140.4012 219.7190 15.40104418 39355
FAUNA                   
1 43052U 17071R   18231.58310455  .00002120  00000-0  63256-4 0  9997
2 43052  51.6394  92.1309 0002953 140.3913 219.7287 15.39466347 39330
CORVUS BC3              
1 43118U 18004H   18231.37624100  .00000731  00000-0  34814-4 0  9993
2 43118  97.5282 294.0766 0009356 228.0083 132.0357 15.22340822 33323
MICROMAS-2A             
1 43131U 18004W   18231.44257274  .00001621  00000-0  71993-4 0  9998
2 43131  97.5293 294.3147 0008480 230.1417 129.9074 15.22997185 33341
GOMX4-B                 
1 43196U 18015E   18231.58411752  .00000343  00000-0  17188-4 0  9995
2 43196  97.3540 359.2395 0017555 297.0982  62.8464 15.23712364 30185
GOMX4-A                 
1 43197U 18015F   18231.59055934  .00000485  00000-0  23059-4 0  9994
2 43197  97.3550 359.2526 0017912 297.6851 118.0374 15.23716243 30196
1KUNS-PF                
1 43466U 98067NP  18231.55328293  .00009908  00000-0  14216-3 0  9998
2 43466  51.6398  61.5230 0000451  83.6322 276.4721 15.56812108 15561
UBAKUSAT                
1 43467U 98067NQ  18231.56228307  .00007106  00000-0  10534-3 0  9992
2 43467  51.6403  61.5859 0002509  19.8408 340.2681 15.56440692 15579
BATSU-CS1 (IRAZU)       
1 43468U 98067NR  18231.54118902  .00012542  00000-0  17586-3 0  9994
2 43468  51.6395  61.4421 0000390 100.4995 259.6041 15.57155101115559
CUBERRT                 
1 43546U 98067NU  18231.52327171  .00010538  00000-0  16007-3 0  9999
2 43546  51.6442  62.8061 0007247  72.2381 287.9472 15.55156850  5681
TEMPEST-D               
1 43547U 98067NV  18231.58907411  .00003567  00000-0  59478-4 0  9991
2 43547  51.6426  62.4937 0007373  75.0171 285.1630 15.54901608  5370
HALOSAT                 
1 43549U 98067NX  18231.59059859  .00009370  00000-0  14424-3 0  9997
2 43549  51.6432  62.5036 0007022  86.4143 273.7644 15.54946617  5384
ENDUROSAT ONE           
1 43551U 98067NZ  18231.58443405  .00010396  00000-0  15757-3 0  9993
2 43551  51.6421  62.4643 0007727  89.6196 270.5711 15.55230234  5790
EQUISAT                 
1 43552U 98067PA  18231.58468560  .00008906  00000-0  13627-3 0  9991
2 43552  51.6413  62.4659 0007892  92.3108 267.8960 15.55179973  5760
AEROCUBE 12A            
1 43556U 18046C   18231.55348402  .00002000  00000-0  85666-4 0  9995
2 43556  51.6437  69.6664 0009129  68.8635 291.3319 15.27707676  5208
AEROCUBE 12B            
1 43557U 18046D   18231.55343286  .00001727  00000-0  75754-4 0  9993
2 43557  51.6435  69.6661 0009132  68.7590 291.4364 15.27703528  5154
UITMSAT-1               
1 43589U 98067PD  18231.54065612  .00008867  00000-0  13822-3 0  9991
2 43589  51.6398  62.9314 0006767 101.9462 258.2288 15.54678970  1487
MAYA-1                  
1 43590U 98067PE  18230.64059708  .00009937  00000-0  15394-3 0  9997
2 43590  51.6398  67.4201 0006893  99.7442 260.4327 15.54690463  1273
BHUTAN-1                
1 43591U 98067PF  18230.57612497  .00009769  00000-0  15126-3 0  9996
2 43591  51.6400  67.7396 0006996 100.7580 259.4199 15.54725643  1269
SIRIUSSAT 1             
1 43595U 98067PG  18231.54398012 -.00000485  00000-0  00000+0 0  9990
2 43595  51.6365  62.9514 0006466  42.8548 317.2945 15.54308731   596
