CUTE-1 (CO-55)          
1 27844U 03031E   20126.02544869  .00000060  00000-0  46879-4 0  9995
2 27844  98.6830 134.4145 0009937 174.1625 185.9670 14.22235213873961
CUBESAT XI-IV (CO-57)   
1 27848U 03031J   20126.25059873  .00000041  00000-0  38563-4 0  9990
2 27848  98.6899 135.1892 0009590 185.7077 174.3993 14.21822309873834
CUBESAT XI-V            
1 28895U 05043F   20126.34875255  .00000106  00000-0  29279-4 0  9994
2 28895  98.0027 263.9275 0017937  59.7049 300.5926 14.63763449774533
CUTE-1.7+APD II (CO-65) 
1 32785U 08021C   20126.44234299  .00000202  00000-0  27338-4 0  9995
2 32785  97.5716 116.3559 0011440 277.3033  82.6884 14.88458610651549
AAUSAT-II               
1 32788U 08021F   20125.74776742  .00000473  00000-0  48198-4 0  9991
2 32788  97.4920 132.1898 0011224 194.7791 165.3104 14.95026463652880
DELFI-C3 (DO-64)        
1 32789U 08021G   20125.86329055  .00001389  00000-0  94966-4 0  9997
2 32789  97.4224 170.1818 0013833 104.5737 255.7026 15.07645144655246
SEEDS II (CO-66)        
1 32791U 08021J   20125.71217802  .00000236  00000-0  29246-4 0  9999
2 32791  97.5403 121.7977 0011728 245.6815 114.3179 14.91029371651865
SWISSCUBE               
1 35932U 09051B   20125.72780608  .00000138  00000-0  42128-4 0  9998
2 35932  98.6098 306.6092 0006361 259.5054 100.5426 14.56384309563506
BEESAT-1                
1 35933U 09051C   20126.46814261  .00000115  00000-0  36900-4 0  9990
2 35933  98.6098 309.2327 0004552 272.8922  87.1754 14.56461537563726
ITUPSAT1                
1 35935U 09051E   20126.43772439  .00000066  00000-0  26328-4 0  9997
2 35935  98.6206 309.4073 0006880 271.3272  88.7136 14.55608687563445
TISAT 1                 
1 36799U 10035E   20125.69143775  .00000444  00000-0  50650-4 0  9997
2 36799  98.1910 294.2924 0013585 111.6790 248.5875 14.91334622532603
M-CUBED & EXP-1 PRIME   
1 37855U 11061F   20126.13363288  .00001196  00000-0  66698-4 0  9998
2 37855 101.7141 192.2217 0171336 203.4359 155.8978 15.06193754465151
AEROCUBE 4.5A           
1 38767U 12048K   20125.85242133  .00000244  00000-0  34899-4 0  9991
2 38767  64.6675  12.6470 0145637 151.3810 209.5396 14.92249729 35294
AEROCUBE 4.5B           
1 38768U 12048L   20126.10220781  .00000619  00000-0  60626-4 0  9999
2 38768  64.6673 341.1803 0134418 147.4825 213.4661 14.95906169 35391
STRAND-1                
1 39090U 13009E   20126.13179902  .00000029  00000-0  25078-4 0  9994
2 39090  98.4608 331.2161 0010216  57.6516 302.5657 14.35128360376495
SOMP                    
1 39134U 13015E   20125.78414255  .00001213  00000-0  63036-4 0  9995
2 39134  64.8637  59.5500 0035606 250.7146 109.0129 15.20970298389033
BEESAT-3                
1 39135U 13015F   20126.35757841  .00000739  00000-0  45375-4 0  9999
2 39135  64.8656  80.5919 0039309 255.2637 104.4131 15.18105915389060
BEESAT-2                
1 39136U 13015G   20126.38787248  .00000982  00000-0  58273-4 0  9998
2 39136  64.8675  85.3173 0029293 281.3205  78.4630 15.17491077388978
NEE-01 PEGASO           
1 39151U 13018B   20126.27173264  .00000133  00000-0  24544-4 0  9995
2 39151  97.9699 225.3922 0015855 237.4947 122.4733 14.80158417379296
ESTCUBE 1               
1 39161U 13021C   20126.46486729  .00000141  00000-0  30157-4 0  9990
2 39161  97.9639 210.3575 0010065  24.7496 335.4192 14.72309267375713
POPACS 1                
1 39268U 13055D   20125.63842161  .00003557  00000-0  97071-4 0  9991
2 39268  81.0022 342.4894 0617753 352.4662   6.7545 14.39098499341690
POPACS 2                
1 39269U 13055E   20125.70648028  .00002864  00000-0  80197-4 0  9997
2 39269  81.0177  19.3866 0679488  87.9363 279.9425 14.25292934339752
POPACS 3                
1 39270U 13055F   20125.47994839  .00001462  00000-0  44086-4 0  9997
2 39270  81.0192  40.6647 0710884 149.0476 215.4703 14.16769325339607
ZACUBE-1 (TSHEPISOSAT)  
1 39417U 13066B   20125.72711161  .00000223  00000-0  34146-4 0  9995
2 39417  97.5649 126.1841 0060307  62.0630 298.6671 14.81259917348564
WNISAT-1                
1 39423U 13066H   20126.35031069  .00000113  00000-0  31948-4 0  9999
2 39423  97.8033  50.7784 0176155  30.2647 330.8579 14.53112224342167
TRITON-1                
1 39427U 13066M   20126.46834757  .00000179  00000-0  36640-4 0  9996
2 39427  97.7189  89.7932 0112735 215.1662 144.2066 14.67988036345555
GOMX-1                  
1 39430U 13066Q   20126.47342530  .00000211  00000-0  47489-4 0  9994
2 39430  97.7872  67.6039 0150370 320.5360  38.4957 14.59387023343533
CUBEBUG-2 (LO-74)       
1 39440U 13066AA  20125.76409896  .00000192  00000-0  33400-4 0  9991
2 39440  97.6288 110.6871 0081442 121.4768 239.4435 14.75996630347334
NEE-02 KRYSAOR          
1 39441U 13066AB  20126.42470915  .00000117  00000-0  23504-4 0  9997
2 39441  97.6359 108.8549 0082864 127.9387 232.9349 14.75007495347224
FUNCUBE-1 (AO-73)       
1 39444U 13066AE  20125.74996325  .00000269  00000-0  39147-4 0  9990
2 39444  97.5596 128.4112 0059311  54.6144 306.0591 14.82109106346895
UWE-3                   
1 39446U 13066AG  20126.43656273  .00000191  00000-0  31744-4 0  9993
2 39446  97.5973 118.5143 0071558  90.1548 270.7864 14.78531460346808
AEROCUBE 5A             
1 39465U 13072D   20126.44036663  .00002472  00000-0  22855-3 0  9993
2 39465 120.4966   7.4236 0263076 199.6238 159.4526 14.76259231 35012
AEROCUBE 5B             
1 39466U 13072E   20125.78269741  .00003043  00000-0  23668-3 0  9993
2 39466 120.4937  39.4724 0233915 207.1886 151.6752 14.85822001 35084
BRITE-CA1 (TORONTO)     
1 40020U 14033L   20126.43117242  .00000105  00000-0  26250-4 0  9997
2 40020  97.7321 317.1064 0086641 209.1940 150.4408 14.66641251314454
DUCHIFAT-1              
1 40021U 14033M   20125.78902738  .00000245  00000-0  30664-4 0  9996
2 40021  97.9411  56.7624 0014402  73.0051 287.2744 14.90879954319381
NANOSATC-BR1            
1 40024U 14033Q   20126.12339050  .00000236  00000-0  30315-4 0  9992
2 40024  97.9267  53.6182 0013722  76.1028 284.1715 14.90052864319309
QB50P1                  
1 40025U 14033R   20126.04723800  .00000202  00000-0  27405-4 0  9993
2 40025  97.9148  50.3643 0013955  82.7469 277.5333 14.89118952319147
QB50P2                  
1 40032U 14033Y   20125.81389323  .00000201  00000-0  27520-4 0  9990
2 40032  97.9039  47.6942 0013325  80.6302 279.6421 14.88645877318497
PERSEUS-M2              
1 40037U 14033AD  20125.71156318  .00000051  00000-0  11990-4 0  9997
2 40037  97.8898  42.3867 0015864  95.1275 265.1752 14.86536489318169
PERSEUS-M1              
1 40039U 14033AF  20125.77730650  .00000043  00000-0  11087-4 0  9990
2 40039  97.8864  41.2706 0015717  93.0740 267.2274 14.86156143318599
POLYITAN-1              
1 40042U 14033AJ  20125.83424530  .00000215  00000-0  28890-4 0  9999
2 40042  97.9232  50.6509 0016127  74.5769 285.7228 14.88865368318502
TIGRISAT                
1 40043U 14033AK  20126.25780704  .00000128  00000-0  26103-4 0  9993
2 40043  97.7155 344.5900 0060897 137.2381 223.3590 14.74368163315980
AEROCUBE 6A             
1 40045U 14033AM  20126.15095158  .00000232  00000-0  40398-4 0  9994
2 40045  97.7405 349.7589 0058732 129.0587 231.5870 14.75558350315962
AEROCUBE 6B             
1 40046U 14033AN  20125.88915189  .00000226  00000-0  39547-4 0  9996
2 40046  97.7319 348.8295 0058054 129.1519 231.4871 14.75542516315680
UKUBE-1                 
1 40074U 14037F   20126.49111325  .00000265  00000-0  38850-4 0  9998
2 40074  98.4556 312.2710 0003363 261.6107  98.4747 14.84245289315384
BRITE-PL2 (HEWELIUSZ)   
1 40119U 14049B   20126.11395905  .00000119  00000-0  20628-4 0  9990
2 40119  97.8927 218.7652 0016084 248.8790 111.0705 14.84496104309353
FIREBIRD 4              
1 40378U 15003C   20126.39300470  .00002442  00000-0  96269-4 0  9996
2 40378  99.0988 177.8787 0125433  97.7974 263.7517 15.19945406290773
GRIFEX                  
1 40379U 15003D   20126.25927770  .00001651  00000-0  72305-4 0  9996
2 40379  99.1064 169.8835 0134140 122.1783 239.2537 15.16306505290308
EXOCUBE (CP10)          
1 40380U 15003E   20126.33670584  .00001270  00000-0  59380-4 0  9990
2 40380  99.1137 165.7509 0138962 136.0825 225.1548 15.14280479290036
AEROCUBE 8A             
1 40659U 15025J   20126.43124707  .00015025  00000-0  16358-3 0  9995
2 40659  55.0145 131.9514 0112354  64.4449 296.8151 15.56242854 36853
AEROCUBE 8B             
1 40660U 15025K   20125.52007729  .00014388  00000-0  15555-3 0  9999
2 40660  55.0120 134.2186 0111544  63.9905 297.2568 15.56559371 36728
TIANWANG 1C (TW-1C)     
1 40926U 15051B   20126.41558535  .00019188  00000-0  20184-3 0  9995
2 40926  97.0888 177.9448 0004592 234.4464 252.6571 15.64334199260292
TIANWANG 1A (TW-1A)     
1 40928U 15051D   20126.53365348  .00002824  00000-0  67166-4 0  9999
2 40928  97.1130 155.4068 0010276 354.2051 162.0706 15.42413190258750
EXACTVIEW 9             
1 40936U 15052G   20126.41196622  .00000767  00000-0  18112-4 0  9994
2 40936   6.0038 287.2072 0010339  11.3431 348.6930 14.76565890248859
AEROCUBE 5C             
1 40965U 15058B   20126.02331888  .00000020  00000-0  22208-4 0  9997
2 40965  64.7782 275.4466 0167816  90.1428 271.8906 14.74512530 34908
AEROCUBE 7              
1 40966U 15058C   20126.14802537  .00000079  00000-0  29154-4 0  9996
2 40966  64.7784 273.6106 0166731  89.7815 272.2393 14.74810476 34928
ATHENOXAT 1             
1 41168U 15077C   20126.35675073  .00001779  00000-0  57507-4 0  9999
2 41168  14.9892  17.6054 0011496 248.3768 111.5329 15.14307509242800
GALASSIA                
1 41170U 15077E   20125.35991918  .00001830  00000-0  59456-4 0  9993
2 41170  14.9894  16.9126 0012749 260.9149  98.9729 15.14605392242726
VELOX-II                
1 41171U 15077F   20126.16195025  .00001390  00000-0  41036-4 0  9995
2 41171  14.9919  54.0938 0008838 171.0349 189.0130 15.11654971242460
HORYU-4                 
1 41340U 16012D   20126.02215815  .00000404  00000-0  23884-4 0  9994
2 41340  31.0048 248.3682 0013812  77.0767 283.1410 15.01479175231344
E-ST@R-II               
1 41459U 16025D   20126.48458556  .00001066  00000-0  57746-4 0  9999
2 41459  98.0973 234.2481 0164861 356.9243   3.0945 15.06336556220974
AAUSAT 4                
1 41460U 16025E   20126.55395937  .00001385  00000-0  71678-4 0  9996
2 41460  98.0964 236.5008 0153637 345.9135  13.7820 15.08595924221174
BEESAT-4                
1 41619U 16040W   20126.15518787  .00001106  00000-0  48629-4 0  9996
2 41619  97.3230 186.7072 0010290 341.0503  19.0350 15.23910690202802
CANX-7                  
1 41788U 16059F   20126.51919420  .00011221  00000-0  15523-2 0  9996
2 41788  98.2516 213.2889 0030517  81.7694 278.7028 14.77905095193470
RAVAN                   
1 41849U 16067B   20126.34063628 -.00000273  00000-0 -17657-4 0  9993
2 41849  97.9297 235.4727 0009562  35.3856 324.7999 14.98532508190168
CELTEE 1                
1 41850U 16067C   20125.82861680  .00000233  00000-0  25451-4 0  9996
2 41850  97.9219 232.8064 0009360  41.6042 318.5890 14.97160667189972
OPTICUBE 04             
1 41851U 16067D   20126.41996036 -.00000068  00000-0 -66170-6 0  9990
2 41851  97.9212 233.0484 0009539  40.4399 319.7529 14.96909361190048
AEROCUBE 8D             
1 41852U 16067E   20126.10131876  .00000506  00000-0  49382-4 0  9999
2 41852  97.9221 232.5585 0010356  43.1684 317.0347 14.96887089189972
AEROCUBE 8C             
1 41853U 16067F   20126.26554740 -.00000228  00000-0 -14568-4 0  9997
2 41853  97.9226 232.6340 0011029  42.3303 317.8767 14.96857447189996
PROMETHEUS 2-1          
1 41854U 16067G   20125.84323230  .00000911  00000-0  84094-4 0  9997
2 41854  97.9233 232.5071 0011184  44.7607 315.4515 14.97162293189949
PROMETHEUS 2-3          
1 41855U 16067H   20126.37863053  .00000996  00000-0  91360-4 0  9996
2 41855  97.9237 233.0802 0011370  43.3962 316.8152 14.97174138190022
INS-1B                  
1 41954U 17008G   20126.16390066  .00001103  00000-0  47448-4 0  9997
2 41954  97.3572 191.3342 0010823  94.0333 266.2142 15.24685534178773
BGUSAT                  
1 41999U 17008BD  20126.43152444  .00002132  00000-0  82297-4 0  9996
2 41999  97.3680 195.5039 0009832 101.8364 258.3979 15.27345105178387
DIDO-2                  
1 42000U 17008BE  20125.72468273  .00000809  00000-0  35827-4 0  9997
2 42000  97.3580 191.4236 0010118 110.8697 249.3625 15.24414196178104
PEASSS                  
1 42015U 17008BV  20125.73437527  .00001132  00000-0  47453-4 0  9990
2 42015  97.3603 192.9460 0007941 113.0501 247.1576 15.25528786178686
AL-FARABI 1             
1 42016U 17008BW  20126.17264548  .00001430  00000-0  57776-4 0  9991
2 42016  97.3629 194.3513 0007851 111.2884 248.9194 15.26346561178926
NAYIF-1 (EO-88)         
1 42017U 17008BX  20125.75917129  .00001511  00000-0  60834-4 0  9994
2 42017  97.3624 193.9549 0007910 111.9702 248.2378 15.26386121178886
NSIGHT                  
1 42726U 98067MF  20116.07643009  .13690248  12613-4  18337-3 0  9995
2 42726  51.6113 128.9553 0003404 226.2479 133.8270 16.49117643167130
UCLSAT                  
1 42765U 17036A   20125.80756122  .00001010  00000-0  45227-4 0  9998
2 42765  97.3048 181.2133 0011556 171.2687 188.8754 15.23436540159937
LITUANICASAT-2          
1 42768U 17036D   20126.12775498  .00001765  00000-0  75752-4 0  9997
2 42768  97.3102 181.4325 0015319 162.3585 197.8187 15.23918149159249
AALTO-1                 
1 42775U 17036L   20126.38427336  .00000720  00000-0  34647-4 0  9996
2 42775  97.3025 179.7130 0014305 164.1123 196.0565 15.21782782159125
URSA MAIOR              
1 42776U 17036M   20125.78695145  .00000703  00000-0  33736-4 0  9994
2 42776  97.3038 179.3988 0014069 165.8117 194.3517 15.21958058159045
COMPASS 2               
1 42777U 17036N   20125.81795422  .00001381  00000-0  60135-4 0  9994
2 42777  97.3093 181.5644 0012822 163.3344 196.8318 15.23798930159152
DIAMOND RED             
1 42783U 17036U   20126.37396399  .00000920  00000-0  42291-4 0  9994
2 42783  97.3048 181.0767 0012243 171.7048 188.4393 15.22761442159192
PEGASUS                 
1 42784U 17036V   20125.82400443  .00000908  00000-0  41314-4 0  9991
2 42784  97.3054 180.9362 0012077 172.5371 187.6048 15.23129025159130
DIAMOND GREEN           
1 42785U 17036W   20126.24133949  .00000928  00000-0  42617-4 0  9992
2 42785  97.3051 180.9817 0012114 172.6682 187.4734 15.22760753159162
DIAMOND BLUE            
1 42786U 17036X   20125.58342288  .00000956  00000-0  43821-4 0  9996
2 42786  97.3051 180.3375 0011880 175.0200 185.1157 15.22760273159068
NUDTSAT                 
1 42787U 17036Y   20126.57425508  .00001719  00000-0  72924-4 0  9998
2 42787  97.3120 182.9664 0009588 166.9759 193.1729 15.24398295159163
SUCHAI                  
1 42788U 17036Z   20125.79809585  .00001133  00000-0  50086-4 0  9998
2 42788  97.3061 181.4594 0011681 170.7658 189.3797 15.23662516159231
SKCUBE                  
1 42789U 17036AA  20125.70838509  .00001222  00000-0  54030-4 0  9990
2 42789  97.3056 181.2376 0011550 171.2739 188.8702 15.23512129159136
VZLUSAT-1               
1 42790U 17036AB  20125.64392367  .00001615  00000-0  68691-4 0  9996
2 42790  97.3080 182.0524 0011144 168.9837 191.1647 15.24385319159179
ROBUSTA-1B              
1 42792U 17036AD  20125.79889090  .00001027  00000-0  45629-4 0  9991
2 42792  97.3058 181.5637 0011133 170.9817 189.1622 15.23697486159174
CICERO 6                
1 42793U 17036AE  20125.76761818  .00000729  00000-0  33800-4 0  9992
2 42793  97.3036 180.9958 0010340 173.0246 187.1137 15.23074732159216
D-SAT                   
1 42794U 17036AF  20126.36503897  .00000244  00000-0  26242-4 0  9995
2 42794  97.4978 161.1464 0127144 148.2285 212.6687 14.91259478156277
CORVUS BC2              
1 42846U 17042X   20125.71684619  .00000074  00000-0  12477-4 0  9996
2 42846  97.5288  11.2328 0011095  67.5932 292.6462 14.92092302152887
CORVUS BC1              
1 42847U 17042Y   20126.38607362  .00000032  00000-0  83167-5 0  9990
2 42847  97.5290  12.0340 0010727  65.1679 295.0656 14.92193468152985
MIRATA                  
1 43015U 17073C   20125.78501965  .00000479  00000-0  42609-4 0  9997
2 43015  97.7207  39.6613 0253038 190.7190 168.8571 14.79580429132767
MAKERSAT 0              
1 43016U 17073D   20126.27499494  .00000356  00000-0  33142-4 0  9992
2 43016  97.7244  40.3207 0255832 190.0735 169.5296 14.79167253132813
ASTERIA                 
1 43020U 98067NH  20115.24608386  .13500826  12580-4  23780-3 0  9993
2 43020  51.6421 146.4962 0005584 252.9464 107.0954 16.47464318139010
DELLINGR (RBLE)         
1 43021U 98067NJ  20126.41112254  .00012001  00000-0  10357-3 0  9994
2 43021  51.6343 139.6364 0000787 316.6208  43.4727 15.69720226140107
AEROCUBE 7B (OCSD B)    
1 43042U 17071F   20125.85709438  .00003005  00000-0  75515-4 0  9998
2 43042  51.6372 280.4440 0004061 242.8759 117.1813 15.43337775135645
AEROCUBE 7C (OCSD C)    
1 43043U 17071G   20125.79499324  .00002895  00000-0  73170-4 0  9993
2 43043  51.6372 280.7941 0004271 247.2666 112.7869 15.43311729135603
CHEFSAT                 
1 43044U 17071H   20126.10867940  .00005172  00000-0  10610-3 0  9993
2 43044  51.6376 265.8918 0004121 255.7494 104.3037 15.47832172135836
ASGARDIA 1              
1 43049U 17071N   20125.85455718  .00002825  00000-0  71452-4 0  9999
2 43049  51.6383 279.7599 0001878 263.1683  96.9090 15.43370621135610
ISARA                   
1 43050U 17071P   20126.45141770  .00006614  00000-0  13752-3 0  9996
2 43050  51.6359 266.5712 0001919 268.6825  91.3943 15.46918991135842
PROPCUBE 2 (FAUNA)      
1 43052U 17071R   20125.78854159  .00003016  00000-0  74622-4 0  9992
2 43052  51.6377 278.5872 0001854 258.5507 101.5271 15.43802242135629
CORVUS BC3              
1 43118U 18004H   20125.81046391  .00000636  00000-0  29785-4 0  9992
2 43118  97.4462 196.4346 0009781 196.7927 163.2987 15.23304699128357
MICROMAS-2A             
1 43131U 18004W   20125.62608353  .00001846  00000-0  76512-4 0  9992
2 43131  97.4507 197.8302 0008720 195.0012 165.0968 15.25150215128419
SPACEBEE-4              
1 43139U 18004AE  20125.69609801  .00002636  00000-0  10417-3 0  9995
2 43139  97.4540 198.9775 0008168 194.4514 165.6492 15.26377434128486
SPACEBEE-3              
1 43140U 18004AF  20125.73106546  .00003224  00000-0  12357-3 0  9999
2 43140  97.4555 199.6307 0007992 192.0474 168.0575 15.27226612128522
SPACEBEE-2              
1 43141U 18004AG  20126.11219724  .00002902  00000-0  11054-3 0  9991
2 43141  97.4566 200.2431 0008052 189.9466 170.1615 15.27516769128597
SPACEBEE-1              
1 43142U 18004AH  20126.15526775  .00003196  00000-0  12023-3 0  9996
2 43142  97.4571 200.5214 0008055 189.4346 170.6744 15.27853113128608
CICERO 7                
1 43143U 18004AJ  20126.28464271  .00001624  00000-0  67572-4 0  9997
2 43143  97.4486 198.6766 0006733 199.9808 160.1167 15.25209474128531
GOMX-4B                 
1 43196U 18015E   20125.89189271  .00000407  00000-0  19605-4 0  9999
2 43196  97.4298 254.7779 0017332 256.9029 103.0273 15.24222422125262
GOMX-4A                 
1 43197U 18015F   20126.51181813  .00000704  00000-0  31559-4 0  9996
2 43197  97.4292 255.4684 0017417 254.9094 167.4337 15.24446712125371
1KUNS-PF                
1 43466U 98067NP  20126.24071893  .00171483  22696-4  42425-3 0  9991
2 43466  51.6249 120.0793 0005130  48.1044 312.0400 15.95571086113602
UBAKUSAT                
1 43467U 98067NQ  20126.44532979  .00024984  00000-0  17960-3 0  9991
2 43467  51.6319 142.7578 0001171  25.7974 334.3083 15.73460126113339
CUBERRT                 
1 43546U 98067NU  20125.54179428  .00010547  00000-0  82838-4 0  9992
2 43546  51.6332 146.4992 0002826 305.0212  55.0521 15.72170712103331
TEMPEST-D               
1 43547U 98067NV  20126.10634638  .00004546  00000-0  56985-4 0  9991
2 43547  51.6360 170.6348 0004324 257.4101 102.6409 15.62007895102747
RAINCUBE                
1 43548U 98067NW  20125.68949851  .00022159  00000-0  16846-3 0  9991
2 43548  51.6318 154.2086 0003757 312.3171  47.7508 15.72213775103371
HALOSAT                 
1 43549U 98067NX  20125.79916624  .00014055  00000-0  11106-3 0  9996
2 43549  51.6349 154.2569 0003259 317.1657  42.9087 15.71684014102949
ENDUROSAT ONE           
1 43551U 98067NZ  20126.41104751  .00041462  00000-0  24261-3 0  9997
2 43551  51.6330 141.7456 0004159 339.2739  20.8092 15.77903371103571
EQUISAT                 
1 43552U 98067PA  20126.10112912  .00020185  00000-0  15326-3 0  9993
2 43552  51.6341 151.0619 0004392 317.0403  43.0252 15.72310112103384
AEROCUBE 12A            
1 43556U 18046C   20126.25512048  .00002009  00000-0  81180-4 0  9993
2 43556  51.6426 313.1057 0008714 138.5046 221.6597 15.29690215100762
AEROCUBE 12B            
1 43557U 18046D   20126.24277103  .00001115  00000-0  50968-4 0  9990
2 43557  51.6429 313.7629 0008732 137.9133 222.2519 15.29424039100701
UITMSAT-1               
1 43589U 98067PD  20125.49553048  .00030033  00000-0  20587-3 0  9991
2 43589  51.6304 152.8463 0004588 332.9443  27.1317 15.74451645 99047
MAYA-1                  
1 43590U 98067PE  20126.31351352  .00029540  00000-0  20205-3 0  9997
2 43590  51.6296 148.5679 0004663 334.9461  25.1311 15.74510756 99104
BHUTAN-1                
1 43591U 98067PF  20125.78204502  .00028994  00000-0  19773-3 0  9992
2 43591  51.6321 151.0769 0004637 334.4336  25.6433 15.74590832 99024
SIRIUSSAT-1             
1 43595U 98067PG  20125.70652985  .00025347  00000-0  19020-3 0  9994
2 43595  51.6318 155.7903 0002088 331.1031  28.9852 15.72437472 98139
SIRIUSSAT-2             
1 43596U 98067PH  20125.57471396  .00025828  00000-0  19462-3 0  9999
2 43596  51.6323 157.2311 0002135 317.3813  42.7019 15.72326978 98107
TANUSHA-3               
1 43597U 98067PJ  20126.12037016  .00053091  00000-0  27429-3 0  9994
2 43597  51.6285 144.1637 0003772   5.0198 355.0841 15.80553253 98320
SURFSAT                 
1 43614U 18070B   20126.10306713  .00002531  00000-0  65510-4 0  9998
2 43614  93.0201 136.6757 0017246 137.0258 223.2347 15.38992323 91813
CP7 (DAVE)              
1 43615U 18070C   20125.67534806  .00002450  00000-0  63693-4 0  9996
2 43615  93.0203 136.4918 0017360 138.1849 222.0735 15.38855645 91743
ELFIN-B                 
1 43616U 18070D   20126.14265490  .00003293  00000-0  82084-4 0  9991
2 43616  93.0165 136.6145 0017849 138.3555 221.9062 15.40110697 91850
ELFIN-A                 
1 43617U 18070E   20125.79108890  .00003117  00000-0  77322-4 0  9996
2 43617  93.0218 136.9449 0017302 136.4308 223.8316 15.40278167 91804
CUBEBEL-1 (BSUSAT-1)    
1 43666U 18083E   20126.53993826  .00001140  00000-0  58996-4 0  9998
2 43666  97.4919 153.4225 0015672 143.7021   9.5044 15.18183436 84102
DEBRISSAT-2             
1 43680U 98067PR  20126.26372041  .00260243  38363-4  58577-3 0  9996
2 43680  51.6278 133.8060 0006338  32.2574 327.8821 15.97160102107209
CICERO 10               
1 43690U 18088A   20126.44362180  .00000824  00000-0  36100-4 0  9994
2 43690  85.0353 106.6610 0017229 105.4801 254.8345 15.20172887 82202
IRVINE01                
1 43693U 18088D   20126.18709640  .00002131  00000-0  89238-4 0  9997
2 43693  85.0323 105.6494 0020510  90.4675 269.8918 15.22694349 82262
PROXIMA I               
1 43694U 18088E   20125.69585283  .00001005  00000-0  42084-4 0  9995
2 43694  85.0295 105.7951 0021693  85.0413 275.3305 15.21901847 82189
PROXIMA II              
1 43696U 18088G   20126.08864957  .00000873  00000-0  36318-4 0  9994
2 43696  85.0297 105.5384 0021731  83.6875 276.6841 15.21904421 82247
FACSAT-1                
1 43721U 18096C   20126.35918166  .00001199  00000-0  47757-4 0  9995
2 43721  97.4223 200.1647 0015919 275.3522  84.5900 15.27115616 79813
CENTAURI-2              
1 43722U 18096D   20125.80981927  .00001510  00000-0  58568-4 0  9999
2 43722  97.4233 199.8528 0015899 277.2692  82.6739 15.27606520 79732
INNOSAT-2               
1 43738U 18096V   20126.30137174  .00002352  00000-0  82813-4 0  9994
2 43738  97.4250 202.1341 0021749 283.1922  76.6892 15.30132830 79939
SIRION PATHFINDER-2     
1 43759U 18099B   20126.34848146  .00000569  00000-0  56838-4 0  9998
2 43759  97.7073 198.7382 0013361 332.9646  27.0877 14.95261025 77480
CORVUS-BC 4             
1 43767U 18099K   20125.73815117  .00000470  00000-0  48490-4 0  9997
2 43767  97.7054 197.5964 0011064 340.3817  19.6976 14.94705040 77376
MOVE-II                 
1 43780U 18099Y   20125.76265035  .00000539  00000-0  54012-4 0  9996
2 43780  97.7081 198.0812 0012948 347.7306  12.3597 14.95362713 77382
SPACEBEE-7              
1 43816U 18099BL  20125.71060724 -.00000060  00000-0 -24283-6 0  9999
2 43816  97.7093 198.3949 0012524 331.0593  28.9933 14.95660695 76952
SPACEBEE-5              
1 43817U 18099BM  20126.41690526  .00001452  00000-0  13373-3 0  9996
2 43817  97.7141 199.4692 0011748 328.9443  31.1082 14.96228260 77074
SPACEBEE-6              
1 43818U 18099BN  20126.14772919  .00000953  00000-0  90386-4 0  9999
2 43818  97.7106 198.9433 0012152 329.4245  30.6266 14.95838362 77177
SHIELDS 1               
1 43850U 18104B   20125.72550117  .00000041  00000-0  00000+0 0  9996
2 43850  85.0310 204.2514 0013079 224.6777 135.3507 15.21353071 76827
STF-1                   
1 43852U 18104D   20125.93230814  .00000041  00000-0  00000+0 0  9990
2 43852  85.0333 204.6225 0012447 238.2694 121.7419 15.21205326 76835
ZACUBE-2                
1 43907U 18111AH  20126.39612218  .00000492  00000-0  22731-4 0  9992
2 43907  97.2693  27.4485 0019986 298.2543  61.6677 15.24549408 75453
LUME 1                  
1 43908U 18111AJ  20125.80752347  .00000866  00000-0  37418-4 0  9999
2 43908  97.2694  27.0197 0019760 300.2462  59.6819 15.24963324 75378
AOBA VELOX-IV           
1 43940U 19003J   20122.67935571  .00002295  00000-0  94415-4 0  9998
2 43940  97.2321 175.5541 0024757  33.1416  83.9199 15.24860275 71521
CATSAT-2                
1 44029U 98067PV  20125.69012577  .00012634  00000-0  13647-3 0  9996
2 44029  51.6378 177.6591 0003909 297.5139  62.5458 15.64032191 71677
DELPHINI                
1 44030U 98067PW  20125.60566131  .00014945  00000-0  15539-3 0  9998
2 44030  51.6342 177.0021 0003818 300.1991  59.8626 15.64834237 71642
UNITE                   
1 44031U 98067PX  20125.71048262  .00008100  00000-0  10208-3 0  9995
2 44031  51.6371 182.2591 0002720 287.5913  72.4783 15.60606084 71589
TECHEDSAT 8             
1 44032U 98067PY  20111.15468586  .13178104  12516-4  85387-3 0  9999
2 44032  51.6107 221.1148 0008059 315.3167  44.7209 16.40789031 69743
CATSAT-1                
1 44033U 98067PZ  20125.68998702  .00011567  00000-0  12551-3 0  9990
2 44033  51.6380 177.6639 0003705 296.9471  63.1145 15.64017889 71581
RAAVANA-1               
1 44329U 98067QE  20126.46141948  .00008381  00000-0  11972-3 0  9993
2 44329  51.6386 189.5701 0005151 202.8534 157.2229 15.57174454 50309
UGUISU                  
1 44330U 98067QF  20126.47180877  .00008204  00000-0  11764-3 0  9993
2 44330  51.6386 189.6355 0005149 201.0549 159.0232 15.57104124 50289
NEPALISAT-1             
1 44331U 98067QG  20126.45459396  .00008458  00000-0  12062-3 0  9990
2 44331  51.6389 189.5234 0005209 204.1558 155.9190 15.57204615 50294
SPOOQY-1                
1 44332U 98067QH  20125.74964366  .00007883  00000-0  11328-3 0  9995
2 44332  51.6389 193.0625 0004206 204.6152 155.4639 15.57111887 50145
SPACEBEE-9              
1 44370U 19037F   20125.90840905  .00006915  00000-0  16152-3 0  9992
2 44370  45.0161 359.1133 0013651 288.6327  71.3079 15.42878551 47873
SPACEBEE-8              
1 44371U 19037G   20126.02701546  .00013719  00000-0  27614-3 0  9999
2 44371  45.0177 354.0976 0011052 291.0704  68.8995 15.46541819 47933
IOD-1 GEMS              
1 44385U 98067QK  20126.43754138  .00013308  00000-0  17367-3 0  9992
2 44385  51.6401 188.7011 0001537 144.2558 215.8537 15.59027225 47778
MOVE-IIB                
1 44398U 19038N   20125.88209231  .00000886  00000-0  54795-4 0  9998
2 44398  97.5326  87.6814 0023561 278.6974  81.1588 15.12241039 45992
SONATE                  
1 44400U 19038Q   20126.17133260  .00000493  00000-0  32442-4 0  9992
2 44400  97.5361  87.9849 0023569 275.7109  84.1434 15.11919057 46032
LUCKY-7                 
1 44406U 19038W   20126.39299077  .00000513  00000-0  33414-4 0  9994
2 44406  97.5358  88.2929 0022988 274.6296  85.2309 15.12175571 46068
BEESAT 9                
1 44412U 19038AC  20125.86430979  .00000645  00000-0  40973-4 0  9994
2 44412  97.5348  87.7523 0021121 282.9844  76.9028 15.12237788 45688
JAISAT-1                
1 44419U 19038F   20126.16310588  .00000795  00000-0  48975-4 0  9994
2 44419  97.5350  88.2788 0019955 281.1765  78.7223 15.12721601 46053
SWIATOWID               
1 44426U 98067QL  20126.42598738  .00016336  00000-0  20628-3 0  9997
2 44426  51.6425 188.4169 0001949 142.9434 307.5625 15.59710184 47798
KRAKSAT                 
1 44427U 98067QM  20126.50574556  .00006181  00000-0  95950-4 0  9997
2 44427  51.6426 191.9224 0003634 149.7478 316.7579 15.55434929 47793
VCC A                   
1 44428U 98067QN  20125.47404542  .00009327  00000-0  13547-3 0  9996
2 44428  51.6405 195.7618 0001989 165.1008 195.0042 15.56563097 47650
ENTRYSAT                
1 44429U 98067QP  20125.46927807  .00011568  00000-0  16131-3 0  9992
2 44429  51.6389 194.9609 0001675 151.9037 208.2045 15.57396554 47664
VCC C                   
1 44430U 98067QQ  20125.47295122  .00014147  00000-0  18863-3 0  9993
2 44430  51.6386 194.2458 0001258 170.9534 189.1481 15.58390225 46499
VCC B                   
1 44431U 98067QR  20125.47476250  .00009496  00000-0  13764-3 0  9993
2 44431  51.6396 195.7555 0002065 164.7002 195.4053 15.56594853 47591
ATL-1                   
1 44830U 19084G   20126.35940546  .00050538  00000-0  33592-3 0  9994
2 44830  96.9816 355.2107 0030241  46.3648 314.0119 15.74647041 23669
SMOG-P                  
1 44832U 19084J   20126.13174659  .00052220  00000-0  33531-3 0  9999
2 44832  96.9825 355.0805 0029207  46.0293 314.3375 15.75476110 23639
DUCHIFAT-3              
1 44854U 19089C   20126.33207397  .00000362  00000-0  35725-4 0  9994
2 44854  36.9683 353.1848 0007187  65.0610 295.0882 14.99041423 21829
ORBITAL FACTORY 2 (OF-2)
1 45113U 19071C   20126.14117573  .00001244  00000-0  49745-4 0  9996
2 45113  51.6441 212.7536 0012645 261.1998  98.7552 15.33205689 14482
