CUTE-1 (CO-55)          
1 27844U 03031E   20185.26130067  .00000032  00000-0  34055-4 0  9999
2 27844  98.6809 192.7574 0010187  17.1407 343.0113 14.22244853882344
CUBESAT XI-IV (CO-57)   
1 27848U 03031J   20185.01106750  .00000028  00000-0  32479-4 0  9991
2 27848  98.6875 193.0693 0010315  29.6039 330.5720 14.21830872882187
CUBESAT XI-V            
1 28895U 05043F   20185.13619634  .00000074  00000-0  23135-4 0  9992
2 28895  98.0118 321.0538 0015785 227.9582 132.0278 14.63779848782900
CUTE-1.7+APD II (CO-65) 
1 32785U 08021C   20185.06226140  .00000136  00000-0  20180-4 0  9998
2 32785  97.5730 172.3925 0014637  82.5490 277.7390 14.88482910660198
AAUSAT-II               
1 32788U 08021F   20184.97983112  .00000168  00000-0  20271-4 0  9995
2 32788  97.4907 188.7884 0012039  12.1554 347.9955 14.95082589661638
DELFI-C3 (DO-64)        
1 32789U 08021G   20185.39502594  .00001138  00000-0  78313-4 0  9992
2 32789  97.4170 227.6391 0010333 259.2324 100.7742 15.07769868664314
SEEDS II (CO-66)        
1 32791U 08021J   20184.96909273  .00000101  00000-0  15487-4 0  9994
2 32791  97.5406 178.4345 0014665  55.1879 305.0717 14.91065048660692
SWISSCUBE               
1 35932U 09051B   20185.22454059  .00000093  00000-0  32064-4 0  9995
2 35932  98.6106   8.0142 0008834  80.7295 279.4900 14.56403068572128
BEESAT-1                
1 35933U 09051C   20185.20608304  .00000077  00000-0  28344-4 0  9996
2 35933  98.6102   9.8607 0007040  91.8818 268.3186 14.56477615572191
ITUPSAT1                
1 35935U 09051E   20185.48504371  .00000059  00000-0  24649-4 0  9991
2 35935  98.6207  10.3465 0009347  90.4059 269.8208 14.55622952572031
TISAT 1                 
1 36799U 10035E   20185.20382492  .00000187  00000-0  24920-4 0  9996
2 36799  98.1955 356.0829 0010818 279.6222  80.3773 14.91373587541279
M-CUBED & EXP-1 PRIME   
1 37855U 11061F   20185.25220711  .00000456  00000-0  30451-4 0  9995
2 37855 101.7141 281.8010 0170790  28.0782 332.9514 15.06354878473587
AEROCUBE 4.5A           
1 38767U 12048K   20185.22814529  .00000042  00000-0  19019-4 0  9995
2 38767  64.6648 186.9925 0139410 130.8979 230.4308 14.92306616 44154
AEROCUBE 4.5B           
1 38768U 12048L   20185.39922269  .00000149  00000-0  26015-4 0  9997
2 38768  64.6662 154.7231 0128394 126.5586 234.7428 14.95979862 44263
STRAND-1                
1 39090U 13009E   20185.46359731  .00000038  00000-0  28411-4 0  9999
2 39090  98.4553  29.3466 0008109 232.8196 127.2250 14.35135802385003
SOMP                    
1 39134U 13015E   20185.22147312  .00000646  00000-0  37929-4 0  9998
2 39134  64.8617 226.7225 0032206 240.9979 118.7920 15.21095306398070
BEESAT-3                
1 39135U 13015F   20185.24881774  .00000513  00000-0  34526-4 0  9991
2 39135  64.8667 250.3984 0035568 243.4680 116.2799 15.18212566397613
BEESAT-2                
1 39136U 13015G   20185.17100041  .00000485  00000-0  33766-4 0  9998
2 39136  64.8702 255.6749 0031700 278.0585  81.6945 15.17596609397893
NEE-01 PEGASO           
1 39151U 13018B   20185.21982731  .00000063  00000-0  15338-4 0  9994
2 39151  97.9741 283.9268 0018101  52.7698 307.5163 14.80177748388016
ESTCUBE 1               
1 39161U 13021C   20185.18324750  .00000093  00000-0  22477-4 0  9991
2 39161  97.9644 267.8988 0009309 181.8456 178.2723 14.72327736384358
POPACS 1                
1 39268U 13055D   20185.21909988  .00004128  00000-0  11198-3 0  9992
2 39268  81.0026 279.4909 0616937 175.3243 185.4105 14.39378395350266
POPACS 2                
1 39269U 13055E   20185.08783895  .00000723  00000-0  20675-4 0  9993
2 39269  81.0151 317.9981 0676639 275.1858  77.2504 14.25500233348216
POPACS 3                
1 39270U 13055F   20185.15116297  .00000416  00000-0  12300-4 0  9994
2 39270  81.0162 339.8136 0709463 337.8458  19.3396 14.16925859348052
ZACUBE-1 (TSHEPISOSAT)  
1 39417U 13066B   20185.23934149  .00000140  00000-0  24015-4 0  9992
2 39417  97.5646 182.3845 0057653 225.0795 134.5733 14.81286296357378
WNISAT-1                
1 39423U 13066H   20185.36174210 -.00000070  00000-0 -38932-5 0  9996
2 39423  97.8003 105.7613 0174248 205.6715 153.5745 14.53122983350731
TRITON-1                
1 39427U 13066M   20185.49613782  .00000164  00000-0  33962-4 0  9995
2 39427  97.7248 145.5293 0114740  27.1311 333.5836 14.68013370354214
GOMX-1                  
1 39430U 13066Q   20185.57476113  .00000082  00000-0  23510-4 0  9990
2 39430  97.7915 123.1301 0151757 133.3534 228.0424 14.59407294352151
CUBEBUG-2 (LO-74)       
1 39440U 13066AA  20185.42043276  .00000127  00000-0  24856-4 0  9999
2 39440  97.6313 167.0400 0078588 288.8204  70.4494 14.76022540356134
NEE-02 KRYSAOR          
1 39441U 13066AB  20184.90013671  .00000068  00000-0  17062-4 0  9993
2 39441  97.6387 164.0577 0080317 299.6982  59.6250 14.75024823354686
FUNCUBE-1 (AO-73)       
1 39444U 13066AE  20184.95798072  .00000161  00000-0  26138-4 0  9994
2 39444  97.5588 184.3581 0056877 217.9668 141.7530 14.82141282356255
UWE-3                   
1 39446U 13066AG  20185.24632683  .00000120  00000-0  22668-4 0  9993
2 39446  97.5985 174.0550 0068317 258.0770 101.2777 14.78556212354904
AEROCUBE 5A             
1 39465U 13072D   20185.15288612  .00001665  00000-0  16738-3 0  9995
2 39465 120.4922 220.0127 0255939 260.7246  96.4780 14.76517103 43683
AEROCUBE 5B             
1 39466U 13072E   20185.25991235  .00002410  00000-0  19557-3 0  9990
2 39466 120.4880 258.0300 0228430 270.2775  87.2111 14.86149551 43922
BRITE-CA1 (TORONTO)     
1 40020U 14033L   20185.44509615  .00000027  00000-0  12957-4 0  9994
2 40020  97.7306  12.7396 0087926  22.6019 337.9021 14.66649620323108
DUCHIFAT-1              
1 40021U 14033M   20185.05127805  .00000115  00000-0  17571-4 0  9994
2 40021  97.9429 116.3834 0011506 232.6532 127.3638 14.90921434328214
NANOSATC-BR1            
1 40024U 14033Q   20185.35149119  .00000252  00000-0  31984-4 0  9998
2 40024  97.9276 113.0149 0010815 236.5848 123.4335 14.90088521328127
QB50P1                  
1 40025U 14033R   20185.04379340  .00000103  00000-0  16877-4 0  9995
2 40025  97.9152 109.3519 0010958 245.8758 114.1314 14.89149539327927
QB50P2                  
1 40032U 14033Y   20185.23252020  .00000102  00000-0  17013-4 0  9991
2 40032  97.9038 106.9761 0010408 241.4896 118.5273 14.88674810327336
PERSEUS-M2              
1 40037U 14033AD  20185.21480293  .00000039  00000-0  10632-4 0  9998
2 40037  97.8884 101.4452 0012910 260.0013  99.9746 14.86548360327003
PERSEUS-M1              
1 40039U 14033AF  20185.22840741  .00000031  00000-0  97647-5 0  9993
2 40039  97.8848 100.2163 0012757 257.7482 102.2305 14.86169433326911
POLYITAN-1              
1 40042U 14033AJ  20185.04241546  .00000111  00000-0  17845-4 0  9995
2 40042  97.9237 109.8898 0013211 236.0731 123.9230 14.88897014327318
TIGRISAT                
1 40043U 14033AK  20185.16579300  .00000088  00000-0  20360-4 0  9990
2 40043  97.7083  40.6621 0058755 308.9355  50.6626 14.74385964324363
AEROCUBE 6A             
1 40045U 14033AM  20185.21464114  .00000129  00000-0  25892-4 0  9995
2 40045  97.7337  46.2694 0056374 300.1777  59.3856 14.75585545324433
AEROCUBE 6B             
1 40046U 14033AN  20185.15679227  .00000216  00000-0  38333-4 0  9993
2 40046  97.7246  45.4687 0055666 299.3134  60.2520 14.75576963324427
UKUBE-1                 
1 40074U 14037F   20185.47844533  .00000184  00000-0  29157-4 0  9995
2 40074  98.4561  14.7713 0005609  72.4226 287.7588 14.84279537324134
BRITE-PL2 (HEWELIUSZ)   
1 40119U 14049B   20185.22709536  .00000054  00000-0  12883-4 0  9998
2 40119  97.8954 277.2914 0018645  60.3184 299.9883 14.84513168318121
FIREBIRD 4              
1 40378U 15003C   20185.43967425  .00000817  00000-0  35521-4 0  9993
2 40378  99.0942 249.0151 0122667 260.4867  98.2483 15.20124854299743
GRIFEX                  
1 40379U 15003D   20185.38233469  .00000536  00000-0  27021-4 0  9996
2 40379  99.1010 240.7713 0131596 286.2302  72.4481 15.16452728299262
EXOCUBE (CP10)          
1 40380U 15003E   20185.14298615  .00000442  00000-0  24187-4 0  9992
2 40380  99.1080 236.0945 0136777 302.0503  56.7499 15.14405364298920
AEROCUBE 8A             
1 40659U 15025J   20185.35934315  .00007517  00000-0  83530-4 0  9999
2 40659  55.0149 219.2892 0102443 215.8625 143.5506 15.57931242 46032
AEROCUBE 8B             
1 40660U 15025K   20185.26936778  .00007237  00000-0  79818-4 0  9999
2 40660  55.0123 217.5966 0101472 217.6514 141.7392 15.58301414 46033
TIANWANG 1C (TW-1C)     
1 40926U 15051B   20185.41808613  .00016596  00000-0  16085-3 0  9990
2 40926  97.0837 237.3038 0006104  48.4983  78.3596 15.66421897269521
TIANWANG 1A (TW-1A)     
1 40928U 15051D   20185.49743287  .00002147  00000-0  51035-4 0  9997
2 40928  97.1082 212.9368 0012122 123.5974  14.9372 15.42685117267845
EXACTVIEW 9             
1 40936U 15052G   20185.10847215  .00000718  00000-0  11271-4 0  9991
2 40936   6.0022 228.6676 0009908 126.5355 233.5685 14.76577109257546
AEROCUBE 5C             
1 40965U 15058B   20185.16483426  .00000003  00000-0  20212-4 0  9997
2 40965  64.7791  96.3402 0169137  68.0632 293.8354 14.74530761 43623
AEROCUBE 7              
1 40966U 15058C   20185.14190945  .00000037  00000-0  24160-4 0  9990
2 40966  64.7791  94.8684 0168065  67.7419 294.1412 14.74832116 43625
ATHENOXAT 1             
1 41168U 15077C   20184.97784416  .00001329  00000-0  33606-4 0  9998
2 41168  14.9887 307.5160 0011426 344.3330  15.6637 15.14406760251702
GALASSIA                
1 41170U 15077E   20184.95735229  .00001316  00000-0  32450-4 0  9999
2 41170  14.9889 299.4615 0012669  10.7442 349.3149 15.14700890251772
VELOX-II                
1 41171U 15077F   20185.08489848  .00001109  00000-0  24925-4 0  9996
2 41171  14.9923 343.5784 0008859 267.7420  92.1886 15.11718805251397
HORYU-4                 
1 41340U 16012D   20185.45355294  .00000289  00000-0  15074-4 0  9995
2 41340  31.0040 229.8931 0013960 307.8330  52.1042 15.01512092240285
E-ST@R-II               
1 41459U 16025D   20185.40390865  .00000938  00000-0  51003-4 0  9991
2 41459  98.1050 296.2259 0165243 157.6572 203.1963 15.06452579229840
AAUSAT 4                
1 41460U 16025E   20185.31775294  .00003108  00000-0  15352-3 0  9994
2 41460  98.1037 298.5199 0154647 146.6498 214.4597 15.08792900230034
BEESAT-4                
1 41619U 16040W   20185.11770734  .00000945  00000-0  41788-4 0  9998
2 41619  97.3184 244.2810 0012641 120.3198 239.9291 15.24046549211788
CANX-7                  
1 41788U 16059F   20185.27237875  .00005825  00000-0  79992-3 0  9995
2 41788  98.2559 273.5095 0024704 237.4769 122.4054 14.78560194202157
RAVAN                   
1 41849U 16067B   20185.23393742  .00000126  00000-0  15709-4 0  9990
2 41849  97.9338 295.3563 0008665 186.3286 173.7828 14.98565394198984
CELTEE 1                
1 41850U 16067C   20185.24369308  .00000558  00000-0  53527-4 0  9993
2 41850  97.9287 293.0464 0008731 185.3068 174.8062 14.97188814198861
OPTICUBE 04             
1 41851U 16067D   20185.24361983  .00000531  00000-0  51476-4 0  9997
2 41851  97.9277 292.6570 0008731 187.7461 172.3627 14.96928562198846
AEROCUBE 8D             
1 41852U 16067E   20185.25984086  .00000386  00000-0  38919-4 0  9999
2 41852  97.9291 292.5105 0009223 188.0098 172.0977 14.96922978198821
AEROCUBE 8C             
1 41853U 16067F   20185.22492449 -.00000030  00000-0  26801-5 0  9999
2 41853  97.9277 292.3784 0009770 192.8877 167.2096 14.96879925198812
PROMETHEUS 2-1          
1 41854U 16067G   20185.25797463  .00000693  00000-0  65171-4 0  9993
2 41854  97.9298 292.7503 0009926 188.3248 171.7810 14.97212114198832
PROMETHEUS 2-3          
1 41855U 16067H   20185.25830719  .00000678  00000-0  63871-4 0  9994
2 41855  97.9301 292.7841 0010089 188.8643 171.2402 14.97221819198833
INS-1B                  
1 41954U 17008G   20185.16212799  .00000816  00000-0  35714-4 0  9991
2 41954  97.3533 249.2812 0007478 239.9857 120.0639 15.24812376187761
BGUSAT                  
1 41999U 17008BD  20185.19437227  .00001439  00000-0  56106-4 0  9998
2 41999  97.3651 253.5459 0006216 249.1548 110.9026 15.27556887187353
DIDO-2                  
1 42000U 17008BE  20185.45638079  .00000567  00000-0  25922-4 0  9992
2 42000  97.3541 250.0706 0006701 261.9463  98.1014 15.24497307187205
PEASSS                  
1 42015U 17008BV  20185.15942035  .00000690  00000-0  29932-4 0  9997
2 42015  97.3567 251.4116 0004570 267.4335  92.6380 15.25643902187749
AL-FARABI 1             
1 42016U 17008BW  20185.17189376  .00000957  00000-0  39432-4 0  9993
2 42016  97.3596 252.4940 0004420 265.4042  94.6692 15.26493231187922
NAYIF-1 (EO-88)         
1 42017U 17008BX  20185.15019156  .00000962  00000-0  39566-4 0  9994
2 42017  97.3591 252.4834 0004449 264.6038  95.4693 15.26534706187942
UCLSAT                  
1 42765U 17036A   20185.11705961  .00000718  00000-0  32904-4 0  9995
2 42765  97.2996 238.9376 0010461 339.9044  20.1780 15.23556167168969
LITUANICASAT-2          
1 42768U 17036D   20185.15409392  .00001351  00000-0  58332-4 0  9998
2 42768  97.3052 238.9705 0013433 326.5721  33.4668 15.24124387168236
AALTO-1                 
1 42775U 17036L   20185.16723676  .00000488  00000-0  24427-4 0  9999
2 42775  97.2970 236.7596 0012832 330.8380  29.2139 15.21862204168068
URSA MAIOR              
1 42776U 17036M   20185.15464756  .00000531  00000-0  26166-4 0  9991
2 42776  97.2983 237.0387 0012636 330.6555  29.3970 15.22046854168070
COMPASS 2               
1 42777U 17036N   20185.17801264  .00001077  00000-0  47318-4 0  9991
2 42777  97.3042 239.4074 0011123 329.1533  30.9050 15.23966865168190
DIAMOND RED             
1 42783U 17036U   20185.38158154  .00000635  00000-0  29997-4 0  9996
2 42783  97.2996 238.4466 0011197 340.5230  19.5578 15.22862852168176
PEGASUS                 
1 42784U 17036V   20185.14556090  .00000721  00000-0  33334-4 0  9998
2 42784  97.3000 238.6487 0011066 340.1835  19.8971 15.23244745168166
DIAMOND GREEN           
1 42785U 17036W   20185.18324632  .00000640  00000-0  30243-4 0  9994
2 42785  97.2998 238.2899 0011145 341.9976  18.0864 15.22863538168212
DIAMOND BLUE            
1 42786U 17036X   20185.11674769  .00000621  00000-0  29409-4 0  9998
2 42786  97.2998 238.2205 0011003 342.5820  17.5038 15.22862628168128
NUDTSAT                 
1 42787U 17036Y   20185.25461336  .00001137  00000-0  48942-4 0  9994
2 42787  97.3040 240.1854 0011593 336.4069  23.6629 15.24568569168102
SUCHAI                  
1 42788U 17036Z   20185.09844588  .00000859  00000-0  38531-4 0  9994
2 42788  97.3009 239.2055 0010543 338.9515  21.1287 15.23799929168262
SKCUBE                  
1 42789U 17036AA  20185.14615928  .00000806  00000-0  36498-4 0  9997
2 42789  97.3003 239.0998 0010454 339.1659  20.9151 15.23639822168187
VZLUSAT-1               
1 42790U 17036AB  20185.17811323  .00001088  00000-0  46995-4 0  9995
2 42790  97.3029 240.1072 0009849 337.0017  23.0779 15.24553652168248
ROBUSTA-1B              
1 42792U 17036AD  20185.09802067  .00000842  00000-0  37769-4 0  9999
2 42792  97.3006 239.3092 0010049 340.1175  19.9669 15.23829306168200
CICERO 6                
1 42793U 17036AE  20185.15746857  .00000569  00000-0  26970-4 0  9999
2 42793  97.2981 238.7542 0009479 343.3703  16.7221 15.23167142168259
D-SAT                   
1 42794U 17036AF  20185.14295435  .00000027  00000-0  79329-5 0  9996
2 42794  97.4922 217.0218 0124905 313.1789  45.9045 14.91287032165034
CORVUS BC2              
1 42846U 17042X   20185.20008796 -.00000025  00000-0  27625-5 0  9991
2 42846  97.5214  68.0477 0008461 218.3241 141.7378 14.92112365161751
CORVUS BC1              
1 42847U 17042Y   20185.46294093 -.00000082  00000-0 -28230-5 0  9994
2 42847  97.5216  68.4711 0008143 216.1752 143.8918 14.92213791161791
MIRATA                  
1 43015U 17073C   20185.22836057  .00000864  00000-0  72091-4 0  9991
2 43015  97.7186  96.8436 0253307 357.5198   2.4739 14.79686703141559
MAKERSAT 0              
1 43016U 17073D   20185.19431588  .00000612  00000-0  52729-4 0  9995
2 43016  97.7223  96.9884 0256075 358.7138   1.3384 14.79242539141539
DELLINGR (RBLE)         
1 43021U 98067NJ  20185.46342054  .00009542  00000-0  78853-4 0  9999
2 43021  51.6336 197.9836 0001848  88.5025 271.6184 15.71085359149386
AEROCUBE 7B (OCSD B)    
1 43042U 17071F   20185.16282482  .00002441  00000-0  62364-4 0  9994
2 43042  51.6384 349.4705 0005007 103.9240 256.2303 15.43703883144805
AEROCUBE 7C (OCSD C)    
1 43043U 17071G   20185.49015397  .00002338  00000-0  60172-4 0  9990
2 43043  51.6385 347.9213 0005216 108.8284 251.3269 15.43679593144827
CHEFSAT                 
1 43044U 17071H   20184.91213280  .00005393  00000-0  10750-3 0  9998
2 43044  51.6384 335.3419 0004720 114.1041 246.0441 15.48581498144943
ASGARDIA 1              
1 43049U 17071N   20185.48314992  .00002177  00000-0  56574-4 0  9990
2 43049  51.6396 347.2000 0002898 120.9995 239.1276 15.43714359144821
ISARA                   
1 43050U 17071P   20185.03350910  .00005008  00000-0  10403-3 0  9999
2 43050  51.6366 337.5273 0002706 123.3839 236.7408 15.47541886144924
PROPCUBE 2 (FAUNA)      
1 43052U 17071R   20184.88214889  .00002505  00000-0  62803-4 0  9998
2 43052  51.6389 348.4541 0002885 116.6434 243.4848 15.44171580144755
CORVUS BC3              
1 43118U 18004H   20185.19144222  .00000485  00000-0  23387-4 0  9995
2 43118  97.4432 255.3357 0010340   7.0294 353.1086 15.23387206137394
MICROMAS-2A             
1 43131U 18004W   20185.19563349  .00001158  00000-0  48828-4 0  9990
2 43131  97.4481 257.1270 0009082   6.9905 353.1458 15.25333082137494
SPACEBEE-4              
1 43139U 18004AE  20185.15058844  .00001743  00000-0  69268-4 0  9994
2 43139  97.4518 258.3014 0008410   8.8672 351.2714 15.26642851137557
SPACEBEE-3              
1 43140U 18004AF  20185.15120641  .00002230  00000-0  85484-4 0  9991
2 43140  97.4536 259.0127 0007989   7.8646 352.2717 15.27556949137593
SPACEBEE-2              
1 43141U 18004AG  20185.45508442  .00002395  00000-0  90743-4 0  9990
2 43141  97.4550 259.5854 0007849   6.1245 354.0088 15.27868362137657
SPACEBEE-1              
1 43142U 18004AH  20185.15717844  .00002462  00000-0  92207-4 0  9998
2 43142  97.4554 259.5572 0007837   6.8411 353.2934 15.28229188137613
CICERO 7                
1 43143U 18004AJ  20185.19639735  .00001076  00000-0  45507-4 0  9996
2 43143  97.4460 257.3067 0007663  18.4473 341.7041 15.25366806137515
GOMX-4B                 
1 43196U 18015E   20184.97531050  .00000188  00000-0  10644-4 0  9999
2 43196  97.4402 313.3928 0020155  53.5134 306.7956 15.24270675134265
GOMX-4A                 
1 43197U 18015F   20185.13398050  .00000515  00000-0  23791-4 0  9991
2 43197  97.4391 313.6441 0020345  52.7281  51.1680 15.24526679134309
UBAKUSAT                
1 43467U 98067NQ  20185.45882922  .00019325  00000-0  12448-3 0  9992
2 43467  51.6343 199.3091 0002175  58.2638 301.8574 15.76193344122632
CUBERRT                 
1 43546U 98067NU  20185.44433923  .00008800  00000-0  64245-4 0  9991
2 43546  51.6324 199.2518 0002585 122.9001 237.2247 15.74182681112762
TEMPEST-D               
1 43547U 98067NV  20185.20687559  .00002943  00000-0  37998-4 0  9999
2 43547  51.6356 232.3309 0004897 110.5598 249.5922 15.62724296111987
RAINCUBE                
1 43548U 98067NW  20185.44741575  .00018999  00000-0  12897-3 0  9993
2 43548  51.6297 207.4819 0002654 120.9781 239.1479 15.74995501112782
HALOSAT                 
1 43549U 98067NX  20185.33080600  .00015279  00000-0  10842-3 0  9993
2 43549  51.6337 209.0420 0002332 124.6371 235.4848 15.74154419112316
ENDUROSAT ONE           
1 43551U 98067NZ  20185.09070875  .00042252  00000-0  19646-3 0  9994
2 43551  51.6312 197.5320 0002227  86.1254 274.0003 15.82935552112852
EQUISAT                 
1 43552U 98067PA  20185.09371584  .00019210  00000-0  13004-3 0  9996
2 43552  51.6317 208.2395 0002653 130.5033 229.6198 15.75050391112674
AEROCUBE 12A            
1 43556U 18046C   20185.04924291  .00001238  00000-0  54536-4 0  9990
2 43556  51.6430  30.6201 0008119 356.5517   3.5406 15.29842484109765
AEROCUBE 12B            
1 43557U 18046D   20185.04765345  .00001219  00000-0  54364-4 0  9992
2 43557  51.6432  31.3471 0008173 355.9448   4.1465 15.29555462109704
UITMSAT-1               
1 43589U 98067PD  20185.08710062  .00026775  00000-0  15637-3 0  9991
2 43589  51.6328 205.7509 0001370 133.0966 227.0149 15.78188499108445
MAYA-1                  
1 43590U 98067PE  20184.76338138  .00026738  00000-0  15631-3 0  9990
2 43590  51.6277 207.3264 0001521 117.9758 242.1396 15.78166063108326
BHUTAN-1                
1 43591U 98067PF  20185.43067209  .00027745  00000-0  16048-3 0  9996
2 43591  51.6335 203.6238 0001377 136.8298 223.2811 15.78382746108432
SIRIUSSAT-1             
1 43595U 98067PG  20185.25925343  .00021662  00000-0  14303-3 0  9996
2 43595  51.6283 209.9342 0002002  67.3669 292.7543 15.75536215107519
SIRIUSSAT-2             
1 43596U 98067PH  20185.25874680  .00022279  00000-0  14771-3 0  9998
2 43596  51.6282 210.7583 0002250  69.0899 291.0341 15.75420342107505
TANUSHA-3               
1 43597U 98067PJ  20185.22329353  .00072247  00000-0  25559-3 0  9994
2 43597  51.6253 195.9560 0003947  40.0452 320.0843 15.88371276107696
SURFSAT                 
1 43614U 18070B   20185.20372476  .00001802  00000-0  46440-4 0  9994
2 43614  93.0210 161.0971 0012322 278.5565  81.4293 15.39252704100903
CP7 (DAVE)              
1 43615U 18070C   20185.43171054  .00001652  00000-0  42782-4 0  9997
2 43615  93.0212 161.1809 0012473 276.9180  83.0656 15.39104776100938
ELFIN-B                 
1 43616U 18070D   20185.19821087  .00002576  00000-0  63679-4 0  9993
2 43616  93.0168 161.0318 0012756 279.7128  80.2686 15.40478667100948
ELFIN-A                 
1 43617U 18070E   20185.42445932  .00002642  00000-0  64904-4 0  9997
2 43617  93.0220 161.6504 0012052 274.5417  85.4461 15.40673617100988
CUBEBEL-1 (BSUSAT-1)    
1 43666U 18083E   20185.39055501  .00000748  00000-0  39782-4 0  9991
2 43666  97.4881 211.6987 0013512 309.0651 176.4944 15.18287566 93033
CICERO 10               
1 43690U 18088A   20185.15886114  .00000537  00000-0  22902-4 0  9991
2 43690  85.0380  67.9760 0012647 249.9286 110.0594 15.20250436 91146
IRVINE01                
1 43693U 18088D   20185.13048496  .00001539  00000-0  63701-4 0  9990
2 43693  85.0351  66.6371 0015717 229.4889 130.4985 15.22929980 91233
PROXIMA I               
1 43694U 18088E   20185.13311625  .00000600  00000-0  24424-4 0  9995
2 43694  85.0322  66.4852 0017488 220.8740 139.1192 15.21994218 91233
PROXIMA II              
1 43696U 18088G   20185.13131871  .00000601  00000-0  24430-4 0  9998
2 43696  85.0322  66.4900 0017545 220.7961 139.1969 15.21996052 91226
FACSAT-1                
1 43721U 18096C   20185.45994789  .00000981  00000-0  39341-4 0  9994
2 43721  97.4201 258.9473 0019129  68.7835 291.5445 15.27262685 88830
CENTAURI-2              
1 43722U 18096D   20185.48011934  .00001272  00000-0  49397-4 0  9996
2 43722  97.4213 259.2581 0019132  68.5172 291.8105 15.27799849 88848
INNOSAT-2               
1 43738U 18096V   20185.47955048  .00001921  00000-0  67394-4 0  9993
2 43738  97.4236 261.2936 0024984  74.3269 286.0726 15.30400165 88984
SIRION PATHFINDER-2     
1 43759U 18099B   20185.43793000 -.00000186  00000-0 -11637-4 0  9996
2 43759  97.7049 256.8253 0015508 126.2117 234.0540 14.95286180 86327
CORVUS-BC 4             
1 43767U 18099K   20185.18419625 -.00000231  00000-0 -16005-4 0  9990
2 43767  97.7027 255.9698 0012942 130.3450 229.8903 14.94729691 86255
MOVE-II                 
1 43780U 18099Y   20185.18208450 -.00000075  00000-0 -15957-5 0  9999
2 43780  97.7054 256.5092 0014588 137.9299 222.3045 14.95414766 86268
SPACEBEE-7              
1 43816U 18099BL  20185.18524753 -.00000137  00000-0 -71357-5 0  9991
2 43816  97.7067 256.9135 0014691 123.4701 236.7926 14.95705365 85845
SPACEBEE-5              
1 43817U 18099BM  20185.19900044  .00000654  00000-0  62813-4 0  9992
2 43817  97.7117 257.3980 0014620 124.2359 236.0250 14.96330698 85864
SPACEBEE-6              
1 43818U 18099BN  20185.48112499  .00000859  00000-0  81829-4 0  9999
2 43818  97.7085 257.3511 0014928 122.4784 237.7882 14.95901854 86049
SHIELDS 1               
1 43850U 18104B   20184.98797356  .00000373  00000-0  14760-4 0  9998
2 43850  85.0295 165.0868 0015664  21.9391 338.2518 15.21399009 85835
STF-1                   
1 43852U 18104D   20185.19935680  .00000834  00000-0  35377-4 0  9997
2 43852  85.0338 165.4988 0015944  34.9540 325.2745 15.21309047 85845
ZACUBE-2                
1 43907U 18111AH  20185.46697346  .00000334  00000-0  16264-4 0  9999
2 43907  97.2645  84.7485 0023293  87.2618 273.1286 15.24602220 84459
LUME 1                  
1 43908U 18111AJ  20185.18952123  .00000682  00000-0  29896-4 0  9997
2 43908  97.2646  84.6609 0023045  87.6682 272.7194 15.25062147 84427
AOBA VELOX-IV           
1 43940U 19003J   20185.12607430  .00001287  00000-0  53888-4 0  9996
2 43940  97.2267 235.8668 0024345 163.8349 196.3671 15.25055126 81032
CATSAT-2                
1 44029U 98067PV  20185.40036205  .00009351  00000-0  96089-4 0  9999
2 44029  51.6374 235.1866 0003117 137.1051 223.0188 15.65694974 81029
DELPHINI                
1 44030U 98067PW  20185.15242000  .00012046  00000-0  11738-3 0  9997
2 44030  51.6333 234.9087 0002804 128.3062 231.8186 15.66706465 80972
UNITE                   
1 44031U 98067PX  20185.43649884  .00005615  00000-0  70145-4 0  9992
2 44031  51.6368 241.3898 0002807 125.2083 234.9174 15.61556155 80914
CATSAT-1                
1 44033U 98067PZ  20185.40025276  .00009052  00000-0  93228-4 0  9990
2 44033  51.6377 235.1928 0003079 134.5395 225.5852 15.65686271 80930
RAAVANA-1               
1 44329U 98067QE  20185.22821329  .00006257  00000-0  87938-4 0  9996
2 44329  51.6392 255.0559 0006096  60.2465 299.9133 15.58142915 59466
UGUISU                  
1 44330U 98067QF  20185.24156904  .00005953  00000-0  84277-4 0  9995
2 44330  51.6374 255.1372 0006097  59.1471 301.0120 15.58053019 59442
NEPALISAT-1             
1 44331U 98067QG  20185.22042723  .00005972  00000-0  84188-4 0  9999
2 44331  51.6374 254.9982 0006110  62.1995 297.9616 15.58161678 59453
SPOOQY-1                
1 44332U 98067QH  20185.22482502  .00005826  00000-0  82580-4 0  9995
2 44332  51.6384 255.0266 0005111  64.3391 295.8128 15.58065067 59412
SPACEBEE-9              
1 44370U 19037F   20185.00595228  .00005085  00000-0  11805-3 0  9991
2 44370  45.0078  28.7796 0013880 273.5875  86.3427 15.43603104 57009
SPACEBEE-8              
1 44371U 19037G   20184.90601444  .00011034  00000-0  21278-3 0  9994
2 44371  45.0076  22.9829 0012150 272.5172  87.4328 15.47971984 57043
IOD-1 GEMS              
1 44385U 98067QK  20185.44404690  .00010378  00000-0  12925-3 0  9992
2 44385  51.6395 252.0452 0002881  22.6477 337.4643 15.60557410 56984
MOVE-IIB                
1 44398U 19038N   20185.43205236  .00000781  00000-0  48487-4 0  9991
2 44398  97.5369 146.4596 0026941  73.4393 286.9794 15.12345988 54993
SONATE                  
1 44400U 19038Q   20185.13950960  .00000242  00000-0  17796-4 0  9994
2 44400  97.5408 146.1853 0026853  73.1952 287.2221 15.11966558 54949
LUCKY-7                 
1 44406U 19038W   20185.41711446  .00000366  00000-0  24819-4 0  9996
2 44406  97.5402 146.5685 0026284  71.9359 288.4731 15.12233806 54988
BEESAT 9                
1 44412U 19038AC  20185.15023106  .00000523  00000-0  33760-4 0  9993
2 44412  97.5393 146.2862 0024421  78.2353 282.1616 15.12316974 54647
JAISAT-1                
1 44419U 19038F   20185.16550722  .00000586  00000-0  36937-4 0  9998
2 44419  97.5394 146.5775 0023312  77.4096 282.9740 15.12800465 54979
SWIATOWID               
1 44426U 98067QL  20185.45208544  .00012556  00000-0  14947-3 0  9995
2 44426  51.6409 251.2913 0003213  19.6125 354.9256 15.61519836 57015
KRAKSAT                 
1 44427U 98067QM  20185.47422789  .00004437  00000-0  69107-4 0  9995
2 44427  51.6423 257.2329 0003459  21.6801  98.2143 15.56139156 56979
VCC A                   
1 44428U 98067QN  20185.48397858  .00005819  00000-0  84212-4 0  9994
2 44428  51.6397 255.3089 0002902  37.3063 322.8130 15.57500227 57007
ENTRYSAT                
1 44429U 98067QP  20184.93018589  .00007332  00000-0  10047-3 0  9991
2 44429  51.6387 256.8311 0002667  25.6044 334.5080 15.58528613 56933
VCC C                   
1 44430U 98067QQ  20185.46808937  .00008560  00000-0  11111-3 0  9993
2 44430  51.6380 252.9332 0002559  39.0410 321.0767 15.59730198 55851
VCC B                   
1 44431U 98067QR  20185.22661853  .00005869  00000-0  84756-4 0  9997
2 44431  51.6389 256.5742 0003047  35.8111 324.3085 15.57540521 56904
ATL-1                   
1 44830U 19084G   20185.42404180  .00051552  00000-0  27194-3 0  9994
2 44830  96.9718  54.7488 0025433 170.1359 190.0415 15.80022480 32971
SMOG-P                  
1 44832U 19084J   20185.15275445  .00060983  00000-0  29939-3 0  9993
2 44832  96.9719  54.6805 0024071 169.5067 190.6710 15.81602949 32947
DUCHIFAT-3              
1 44854U 19089C   20185.54696494  .00000170  00000-0  20122-4 0  9994
2 44854  36.9690   3.2434 0007707 205.1668 154.8699 14.99077105 30711
ORBITAL FACTORY 2 (OF-2)
1 45113U 19071C   20185.19083712  .00000734  00000-0  33971-4 0  9990
2 45113  51.6445 287.5231 0013484 113.8915 246.3481 15.33400489 23546
M2 PATHFINDER           
1 45727U 20037E   20185.04023749 -.00000122  00000-0 -66754-5 0  9992
2 45727  97.7032   4.8202 0011702 245.1456 114.8556 14.91199211   344
