CUTE-1 (CO-55)          
1 27844U 03031E   18097.95234799  .00000048  00000-0  41583-4 0  9992
2 27844  98.6890 107.6387 0009189 208.7494 151.3178 14.22104116766175
CUBESAT XI-IV (CO-57)   
1 27848U 03031J   18097.96252713  .00000037  00000-0  36660-4 0  9991
2 27848  98.6978 108.0229 0008914 219.5997 140.4530 14.21709270766081
CUBESAT XI 5            
1 28895U 05043F   18097.92515390  .00000141  00000-0  35887-4 0  9994
2 28895  97.8987 252.2666 0015466 293.1909  66.7665 14.63527334663364
CUTE-1.7+APD II (CO-65) 
1 32785U 08021C   18098.52066013  .00000194  00000-0  26723-4 0  9993
2 32785  97.5509 114.0137 0011524 269.4796  90.5101 14.88090079538812
AAUSAT-II               
1 32788U 08021F   18097.51048713  .00000370  00000-0  39554-4 0  9993
2 32788  97.5288 126.9387 0010806 219.1126 140.9315 14.94277147539626
DELFI-C3 (DO-64)        
1 32789U 08021G   18097.74854940  .00000995  00000-0  72578-4 0  9992
2 32789  97.5202 154.3229 0012981 170.7236 189.4233 15.05885476541086
SEEDS II (CO-66)        
1 32791U 08021J   18097.51425065  .00000253  00000-0  31330-4 0  9990
2 32791  97.5415 118.2504 0011877 251.5749 108.4179 14.90506704538904
SWISSCUBE               
1 35932U 09051B   18097.93564719  .00000131  00000-0  40710-4 0  9997
2 35932  98.5343 247.4484 0008732  70.5380 289.6760 14.56139399453170
BEESAT                  
1 35933U 09051C   18097.89920987  .00000110  00000-0  35732-4 0  9991
2 35933  98.5385 248.9137 0007064  82.6357 277.5642 14.56245675453230
ITUPSAT 1               
1 35935U 09051E   18097.98306983  .00000106  00000-0  35427-4 0  9993
2 35935  98.5496 249.2532 0009313  77.0739 283.1497 14.55425109453118
M-CUBED & EXP-1 PRIME   
1 37855U 11061F   18098.37077208  .00000652  00000-0  41751-4 0  9992
2 37855 101.7238 125.1810 0176901 288.8494  69.3606 15.04243908351158
STRAND-1                
1 39090U 13009E   18097.61760801  .00000006  00000-0  17470-4 0  9997
2 39090  98.5290 304.8934 0009883 141.2675 218.9221 14.35018030267680
AIST-2 (RS-43)          
1 39133U 13015D   18098.45472320  .00000087  00000-0  18710-4 0  9998
2 39133  64.8730  72.2518 0028811 233.3028 126.5444 15.04518824272729
SOMP                    
1 39134U 13015E   18097.95534478  .00001004  00000-0  57194-4 0  9995
2 39134  64.8649 354.0652 0020614 219.2208 140.7426 15.18966866273856
BEESAT 3                
1 39135U 13015F   18097.92876169  .00000672  00000-0  44214-4 0  9998
2 39135  64.8708   6.6016 0026434 245.3854 114.4517 15.16521478273606
BEESAT-2                
1 39136U 13015G   18097.93990444  .00000640  00000-0  43152-4 0  9998
2 39136  64.8711   9.1630 0026910 244.3688 115.4657 15.15995312273555
NEE-01 PEGASUS          
1 39151U 13018B   18098.38916716  .00000158  00000-0  27976-4 0  9998
2 39151  97.9730 192.9584 0017436 170.2406 189.9148 14.79875325267191
ESTCUBE 1               
1 39161U 13021C   18098.42309737  .00000169  00000-0  34755-4 0  9992
2 39161  98.0085 185.3426 0008207 284.3311  75.6974 14.72041875264188
POPACS 1                
1 39268U 13055D   18098.22070383  .00004758  00000-0  13261-3 0  9993
2 39268  81.0031  59.6461 0641449  72.5282 294.4939 14.33594889234427
POPACS 2                
1 39269U 13055E   18097.90476875  .00001900  00000-0  53837-4 0  9994
2 39269  81.0138  80.4884 0694227 126.6677 240.0398 14.21717917233159
POPACS 3                
1 39270U 13055F   18097.72852316  .00000873  00000-0  26155-4 0  9995
2 39270  81.0145  92.0576 0720739 160.9707 201.9969 14.14400057232390
ZACUBE-1 (TSHEPISOSAT)  
1 39417U 13066B   18097.57211920  .00000182  00000-0  29391-4 0  9991
2 39417  97.5947 129.9543 0059782  27.9423 332.4979 14.80903332236346
WNISAT-1                
1 39423U 13066H   18098.44479563  .00000105  00000-0  30823-4 0  9991
2 39423  97.7207  67.9467 0174230 235.1142 123.3580 14.52939302232107
GOMX 1                  
1 39430U 13066Q   18098.49108910  .00000176  00000-0  41001-4 0  9997
2 39430  97.6922  80.4113 0151261 190.0254 169.7921 14.59048731232992
EAGLE 2                 
1 39436U 13066W   18097.90714468  .00148149  00000-0  11617-2 0  9990
2 39436  97.7124 229.0558 0001557 268.0840  92.0243 15.71103628242286
CUBEBUG-2 (LO-74)       
1 39440U 13066AA  18098.09539725  .00000202  00000-0  35052-4 0  9995
2 39440  97.6060 117.4802 0081953  63.7402 297.2201 14.75638042235587
NEE-02 KRYSAOR          
1 39441U 13066AB  18097.46036035  .00000129  00000-0  25373-4 0  9995
2 39441  97.6059 115.1713 0083445  70.4511 290.5687 14.74752213235351
FUNCUBE-1 (AO-73)       
1 39444U 13066AE  18097.67247246  .00000239  00000-0  35942-4 0  9994
2 39444  97.5957 131.4852 0058799  23.3372 337.0491 14.81673109234624
UWE-3                   
1 39446U 13066AG  18098.10273531  .00000197  00000-0  32867-4 0  9997
2 39446  97.5989 123.5974 0071332  45.3422 315.3574 14.78171975234762
BRITE-TORONTO           
1 40020U 14033L   18098.14662121  .00000033  00000-0  13994-4 0  9992
2 40020  97.7960 319.9877 0088924 107.8074 253.2857 14.66480170203327
DUCHIFAT-1              
1 40021U 14033M   18098.29740445  .00000370  00000-0  43975-4 0  9991
2 40021  97.9169  16.8897 0014298  52.6280 307.6237 14.90247054206547
NANOSATC-BR1            
1 40024U 14033Q   18098.30406875  .00000362  00000-0  43906-4 0  9997
2 40024  97.9109  15.2760 0013577  54.6221 305.6263 14.89518501206477
QB50P1                  
1 40025U 14033R   18098.31206634  .00000292  00000-0  37293-4 0  9994
2 40025  97.9072  13.8478 0013793  58.3052 301.9507 14.88671029206395
QB50P2                  
1 40032U 14033Y   18098.44816697  .00000258  00000-0  33997-4 0  9991
2 40032  97.9029  12.7708 0013137  53.9976 306.2456 14.88218783206358
PERSEUS-M2              
1 40037U 14033AD  18098.40592206  .00000100  00000-0  17612-4 0  9991
2 40037  97.9024  10.4814 0015738  61.1980 299.0813 14.86338858206165
PERSEUS-M1              
1 40039U 14033AF  18097.80712229  .00000094  00000-0  17039-4 0  9990
2 40039  97.9024   9.2903 0015558  59.8473 300.4281 14.85960502206020
POLYITAN-1              
1 40042U 14033AJ  18098.21917216  .00000310  00000-0  39506-4 0  9997
2 40042  97.9147  13.8522 0015945  47.6536 312.6028 14.88348675206302
TIGRISAT                
1 40043U 14033AK  18097.64596996  .00000129  00000-0  26537-4 0  9990
2 40043  97.8190 337.4995 0061466  66.7171 294.0492 14.74115409204213
AEROCUBE 6A             
1 40045U 14033AM  18097.62781589  .00000316  00000-0  52982-4 0  9995
2 40045  97.8348 339.5301 0059560  61.2430 299.4745 14.75097985204123
AEROCUBE 6B             
1 40046U 14033AN  18097.62860758  .00000306  00000-0  51592-4 0  9997
2 40046  97.8322 339.4106 0058629  60.7959 299.9097 14.75088029204262
UKUBE-1                 
1 40074U 14037F   18098.35536224  .00000241  00000-0  36261-4 0  9995
2 40074  98.3760 232.1321 0004904 163.8878 196.2496 14.83753935202944
BRITE-PL 2              
1 40119U 14049B   18098.30001951  .00000129  00000-0  21835-4 0  9993
2 40119  97.9178 187.4118 0017023 201.7729 158.2763 14.84268624196934
FIREBIRD 4              
1 40378U 15003C   18098.32951399  .00001912  00000-0  81624-4 0  9996
2 40378  99.0950 346.2697 0133314 102.7650 258.8515 15.16932356175737
GRIFEX                  
1 40379U 15003D   18098.29844608  .00001353  00000-0  62972-4 0  9991
2 40379  99.0985 342.7135 0139986 114.3948 247.1961 15.14117698175529
EXOCUBE                 
1 40380U 15003E   18097.60793097  .00001012  00000-0  50257-4 0  9997
2 40380  99.1035 339.9469 0144237 123.1464 238.3696 15.12356054175281
TIANWANG 1C (TW-1C)     
1 40926U 15051B   18098.48211236  .00007054  00000-0  13713-3 0  9990
2 40926  97.1919 141.1743 0010768 160.7755 306.7692 15.47855371142526
TIANWANG 1A (TW-1A)     
1 40928U 15051D   18098.48716935  .00002707  00000-0  73756-4 0  9992
2 40928  97.1936 133.8425 0010767 204.8373 265.7617 15.38297099142064
EXACTVIEW 9             
1 40936U 15052G   18098.03317854  .00000848  00000-0  29729-4 0  9995
2 40936   6.0045 294.1355 0010401  81.9844 278.1670 14.76366367136581
ATHENOXAT 1             
1 41168U 15077C   18098.39453274  .00001988  00000-0  72568-4 0  9991
2 41168  14.9831 171.0594 0011826 152.7104 291.3007 15.12602051127794
GALASSIA                
1 41170U 15077E   18098.47600016  .00001839  00000-0  63288-4 0  9995
2 41170  14.9881 165.3355 0013198 173.2307 186.8192 15.13001467127855
VELOX 2                 
1 41171U 15077F   18097.58956854  .00001448  00000-0  46182-4 0  9991
2 41171  14.9906 191.6240 0008995 103.3044 256.8280 15.10541162127540
HORYU-IV                
1 41340U 16012D   18098.16072995  .00000512  00000-0  32486-4 0  9992
2 41340  31.0061  32.5300 0014090 119.4609 240.7434 15.00934237117368
E-ST@R-II               
1 41459U 16025D   18098.40197884  .00001320  00000-0  72946-4 0  9992
2 41459  98.1432 157.3723 0172248  22.9968 337.8842 15.04200522106935
AAUSAT 4                
1 41460U 16025E   18098.51145072  .00002036  00000-0  10920-3 0  9996
2 41460  98.1369 157.8806 0163294  18.9442 341.7785 15.05545333107008
DIWATA-1                
1 41463U 98067HT  18098.53317971  .00009292  00000-0  84633-4 0  9990
2 41463  51.6410 327.9139 0001661 166.2003 267.9627 15.68733388111063
BEESAT-4                
1 41619U 16040W   18098.11725925  .00001294  00000-0  59804-4 0  9996
2 41619  97.4221 162.2162 0013330 113.6055 246.6583 15.21901807 87439
CANX-7                  
1 41788U 16059F   18098.36640585  .00004402  00000-0  76384-3 0  9993
2 41788  98.2013 164.5758 0025058 315.8478  44.0702 14.68532892 81852
ALSAT 1N                
1 41789U 16059G   18098.38804963  .00000085  00000-0  25258-4 0  9996
2 41789  98.1258 162.1314 0027121 309.1266  50.7524 14.64140129 81804
RAVAN                   
1 41849U 16067B   18097.79717011  .00001160  00000-0  10428-3 0  9990
2 41849  97.9265 185.5132 0009627  48.8435 311.3616 14.97653643 76593
CELTEE 1                
1 41850U 16067C   18097.76528114  .00000075  00000-0  11850-4 0  9998
2 41850  97.9237 185.0520 0009510  45.0735 315.1256 14.96771333 76568
OPTICUBE 04             
1 41851U 16067D   18097.79083063  .00000646  00000-0  61912-4 0  9999
2 41851  97.9242 185.0106 0010012  47.9313 312.2758 14.96643406 76561
AEROCUBE 8D             
1 41852U 16067E   18098.22017501 -.00000247  00000-0 -16426-4 0  9992
2 41852  97.9251 185.2978 0010537  43.8474 316.3582 14.96446890 76610
AEROCUBE 8C             
1 41853U 16067F   18097.76458756  .00000116  00000-0  15574-4 0  9998
2 41853  97.9247 184.8038 0010811  46.6109 313.6010 14.96408711 76547
PROMETHEUS 2-1          
1 41854U 16067G   18097.77543140  .00000588  00000-0  57050-4 0  9990
2 41854  97.9253 184.8078 0011154  47.3766 312.8393 14.96488172 76541
PROMETHEUS 2-3          
1 41855U 16067H   18097.77794484  .00000678  00000-0  64992-4 0  9993
2 41855  97.9257 184.8132 0011380  47.8609 312.3577 14.96486038 76547
ITF-2                   
1 41932U 98067KU  18098.09334722  .00024151  00000-0  18507-3 0  9992
2 41932  51.6374 340.9056 0002778 276.1543  83.9139 15.71969568 69720
WASEDA-SAT3             
1 41933U 98067KV  18097.92335089  .00033534  00000-0  21487-3 0  9997
2 41933  51.6365 337.4071 0002292 262.8541  97.2198 15.75956087 69752
AOBA-VELOX 3            
1 41935U 98067KX  18098.12563309  .00029832  00000-0  20459-3 0  9994
2 41935  51.6373 338.0789 0002168 268.7515  91.3236 15.74452134 69867
INS-1B                  
1 41954U 17008G   18097.94967786  .00001116  00000-0  50757-4 0  9997
2 41954  97.4530 162.4872 0008154 233.3368 126.7119 15.22795156 63312
BGUSAT                  
1 41999U 17008BD  18097.86165262  .00001774  00000-0  75649-4 0  9993
2 41999  97.4572 163.2535 0006940 253.7966 106.2508 15.24255473 62716
DIDO-2                  
1 42000U 17008BE  18097.90115955  .00000737  00000-0  34317-4 0  9991
2 42000  97.4548 162.8315 0007114 255.8599 104.1847 15.23036269 62704
PEASSS                  
1 42015U 17008BV  18098.17898504  .00001026  00000-0  45546-4 0  9993
2 42015  97.4543 163.4826 0004947 263.1877  96.8797 15.23816503 63250
AL-FARABI 1             
1 42016U 17008BW  18098.51777541  .00001287  00000-0  55793-4 0  9993
2 42016  97.4550 163.9687 0004838 261.6411  98.4278 15.24180934 63430
NAYIF-1 (EO-88)         
1 42017U 17008BX  18097.92223824  .00001287  00000-0  55776-4 0  9999
2 42017  97.4549 163.3822 0004796 264.8734  95.1956 15.24201985 63369
HAVELSAT                
1 42700U 98067LH  18098.16710778  .00021726  00000-0  20114-3 0  9995
2 42700  51.6376 351.8954 0003031 358.1392   1.9593 15.67445270 51022
SGSAT                   
1 42703U 98067LL  18098.12824702  .00185734  23734-4  59960-3 0  9991
2 42703  51.6308 337.1701 0005082 226.1392 133.9195 15.90487930 51129
CXBN-2                  
1 42704U 98067LM  18098.10658022  .00021059  00000-0  19800-3 0  9995
2 42704  51.6382 353.0025 0001004 230.1819 129.9089 15.67085564 50922
ICECUBE                 
1 42705U 98067LN  18098.12168648  .00039368  00000-0  29505-3 0  9993
2 42705  51.6430 348.6583 0001522 252.3569 107.7263 15.72227283 51043
PHOENIX                 
1 42706U 98067LP  18098.11939667  .00019813  00000-0  19272-3 0  9993
2 42706  51.6378 353.0808 0000363 195.5287 164.5697 15.66281748 50918
X-CUBESAT               
1 42707U 98067LQ  18098.16686642  .00022441  00000-0  20492-3 0  9998
2 42707  51.6351 351.8518 0000526 187.3030 172.7959 15.67765286 50928
QBEE50-LTU-OC           
1 42708U 98067LR  18098.14471265  .00019908  00000-0  18668-3 0  9996
2 42708  51.6377 352.4837 0000476 193.8024 166.2959 15.67192558 50875
ALTAIR PATHFINDER       
1 42711U 98067LS  18098.13919632  .00010898  00000-0  12580-3 0  9990
2 42711  51.6382 357.7139 0002825 270.1951  89.8719 15.62491703 50510
SHARC                   
1 42712U 98067LT  18098.17692477  .00008798  00000-0  10749-3 0  9991
2 42712  51.6400 358.7585 0001217 275.9562  84.1293 15.61296704 50746
ZA-AEROSAT              
1 42713U 98067LU  18098.15571517  .00014693  00000-0  15107-3 0  9995
2 42713  51.6367 354.8139 0001420 235.1907 124.8955 15.65138644 50556
LINK                    
1 42714U 98067LV  18098.08088908  .00036882  00000-0  27449-3 0  9991
2 42714  51.6324 348.9825 0002074 212.7296 147.3574 15.72423547 50738
CSUNSAT 1               
1 42715U 98067LW  18098.13236151  .00016940  00000-0  17083-3 0  9999
2 42715  51.6381 354.6720 0002885 253.0698 106.9981 15.65498962 50552
SPACECUBE               
1 42717U 98067LY  18098.16893482  .00020760  00000-0  19489-3 0  9997
2 42717  51.6361 352.6413 0001852   6.7211 353.3810 15.67134152 49957
HOOPOE                  
1 42718U 98067LZ  18098.16946802  .00025564  00000-0  22323-3 0  9991
2 42718  51.6371 351.1485 0001389   3.5858 356.5148 15.68780518 49974
CHALLENGER              
1 42721U 98067MA  18098.12907379  .00047790  00000-0  30967-3 0  9995
2 42721  51.6332 346.3004 0002130 310.7710  49.3105 15.75530910 49734
NJUST-1                 
1 42722U 98067MB  18098.17782900  .00014382  00000-0  15255-3 0  9996
2 42722  51.6378 355.7236 0004520 333.8453  26.2313 15.64360806 49616
UNSW-ECO                
1 42723U 98067MC  18098.12988408  .00027345  00000-0  23512-3 0  9991
2 42723  51.6385 351.6544 0003208 329.3752  30.7058 15.69114652 49646
LILACSAT-1              
1 42725U 98067ME  18098.50522891  .00016374  00000-0  16149-3 0  9993
2 42725  51.6376 352.6579 0003265 336.9869  23.0980 15.66089020 49582
NSIGHT-1                
1 42726U 98067MF  18098.14904565  .00006155  00000-0  79634-4 0  9991
2 42726  51.6402   0.0670 0004761 338.4064  21.6728 15.60418461 49465
SNUSAT-1                
1 42727U 98067MG  18098.12955830  .00018408  00000-0  18159-3 0  9999
2 42727  51.6360 354.6100 0004939 286.3355  73.7097 15.65978346 49494
I-INSPIRE II            
1 42731U 98067ML  18098.14604889  .00026234  00000-0  22109-3 0  9997
2 42731  51.6361 350.9606 0004097 264.7661  95.2869 15.69624955 49433
POLYITAN-2-SAU          
1 42732U 98067MM  18098.16378793  .00021668  00000-0  19929-3 0  9994
2 42732  51.6371 352.5986 0004393 266.5499  93.4995 15.67605005 49413
SNUSAT-1B               
1 42733U 98067MN  18098.12900590  .00019939  00000-0  19185-3 0  9999
2 42733  51.6373 353.8756 0004572 271.3531  88.6941 15.66542354 49395
EXALTA-1                
1 42734U 98067MP  18098.14837358  .00028050  00000-0  23392-3 0  9992
2 42734  51.6347 350.9651 0004538 297.1095  62.9440 15.69837883 49387
BEEAGLESAT              
1 42736U 98067MR  18098.13951945  .00016361  00000-0  16413-3 0  9990
2 42736  51.6369 354.6940 0004555 327.9406  32.1312 15.65656113 49447
ATLANTIS                
1 42737U 98067MS  18087.11387049  .13966215  12356-4  93055-3 0  9999
2 42737  51.6095  27.8979 0006293 234.7874 125.2564 16.40626348 47903
UCLSAT                  
1 42765U 17036A   18098.11363152  .00001064  00000-0  50119-4 0  9990
2 42765  97.4085 159.0705 0010836 329.3924  30.6679 15.21653752 44057
LITUANICASAT-2          
1 42768U 17036D   18098.14619885  .00001709  00000-0  79916-4 0  9995
2 42768  97.4098 158.7457 0014491 315.9547  44.0533 15.21057030 43916
AALTO-1                 
1 42775U 17036L   18097.88821393  .00000697  00000-0  34894-4 0  9993
2 42775  97.4081 158.4559 0013000 315.5343  44.4848 15.20613096 43812
URSA MAIOR              
1 42776U 17036M   18098.40458242  .00000767  00000-0  38016-4 0  9990
2 42776  97.4087 159.0008 0012802 313.7950  46.2226 15.20683336 43890
COMPASS 2               
1 42777U 17036N   18097.64635384  .00001308  00000-0  61208-4 0  9991
2 42777  97.4105 158.5333 0011789 321.0944  38.9442 15.21473125 43785
DIAMOND RED             
1 42783U 17036U   18097.63471013  .00000859  00000-0  41480-4 0  9994
2 42783  97.4088 158.4946 0011452 330.7939  29.2655 15.21291054 43787
PEGASUS                 
1 42784U 17036V   18097.94521153  .00001018  00000-0  48309-4 0  9995
2 42784  97.4089 158.8477 0011407 329.6434  30.4140 15.21473091 43831
DIAMOND GREEN           
1 42785U 17036W   18097.63372887  .00000861  00000-0  41565-4 0  9992
2 42785  97.4089 158.5044 0011365 331.4911  28.5702 15.21296252 43770
DIAMOND BLUE            
1 42786U 17036X   18097.83019680  .00000865  00000-0  41723-4 0  9994
2 42786  97.4089 158.6982 0011215 331.1631  28.8983 15.21296480 43882
NUDTSAT                 
1 42787U 17036Y   18097.88819152  .00001454  00000-0  66726-4 0  9997
2 42787  97.4094 158.9301 0010908 329.8780  30.1828 15.21964562 43678
SUCHAI                  
1 42788U 17036Z   18098.11140575  .00001174  00000-0  54867-4 0  9993
2 42788  97.4089 159.0816 0010975 329.2678  30.7914 15.21710053 43935
SKCUBE                  
1 42789U 17036AA  18096.72849372  .00001138  00000-0  53321-4 0  9994
2 42789  97.4089 157.7198 0010931 334.5389  25.5308 15.21684286 43649
VZLUSAT-1               
1 42790U 17036AB  18097.74710792  .00001420  00000-0  65186-4 0  9998
2 42790  97.4091 158.7991 0010492 331.1815  28.8841 15.21991942 43801
ROBUSTA-1B              
1 42792U 17036AD  18097.75574265  .00001065  00000-0  49907-4 0  9992
2 42792  97.4086 158.7801 0010464 332.1488  27.9187 15.21825194 43812
CICERO 6                
1 42793U 17036AE  18097.74418701  .00000683  00000-0  33186-4 0  9991
2 42793  97.4081 158.7844 0009651 334.1106  25.9645 15.21732364 43880
D-SAT                   
1 42794U 17036AF  18098.10739123  .00000432  00000-0  43017-4 0  9993
2 42794  97.5999 155.3838 0127915 154.8458 205.9066 14.90816940 43286
TOKI                    
1 42820U 98067MU  18097.91541430  .00016688  00000-0  17333-3 0  9997
2 42820  51.6371 357.7027 0002146 231.4523 128.6280 15.64763595 42863
MAZAALAI (NUMSAT-1)     
1 42822U 98067MW  18098.19341872  .00016344  00000-0  17125-3 0  9996
2 42822  51.6372 356.5626 0002013 239.0895 120.9902 15.64559044 42865
BRAC ONNESHA            
1 42823U 98067MX  18098.51221434  .00015859  00000-0  16585-3 0  9993
2 42823  51.6376 354.9552 0004080 280.5223  79.5312 15.64631840 42917
NIGERIAEDUSAT-1         
1 42824U 98067MY  18097.95375431  .00015877  00000-0  16711-3 0  9999
2 42824  51.6385 357.9875 0003973 278.9820  81.0725 15.64466683 42842
CORVUS BC2              
1 42846U 17042X   18097.77818485  .00000008  00000-0  61031-5 0  9995
2 42846  97.6027   3.1718 0011182  73.5034 286.7413 14.91785127 39875
CORVUS BC1              
1 42847U 17042Y   18097.69345139  .00000208  00000-0  25899-4 0  9991
2 42847  97.6026   3.1290 0010803  73.5005 286.7401 14.91884075 39854
SILU-1 (SILKROAD 1)     
1 42903U 17021F   18098.54688657  .00019763  00000-0  17244-3 0  9991
2 42903  42.7804  29.1140 0010132 178.8295 173.8875 15.68518745 38975
MIRATA                  
1 43015U 17073C   18098.35967334  .00000845  00000-0  71746-4 0  9993
2 43015  97.7006  32.3379 0259738 138.5879 223.5345 14.77919319 20823
ASTERIA                 
1 43020U 98067NH  18098.12473628  .00010184  00000-0  14151-3 0  9997
2 43020  51.6417   5.9079 0001626 260.9568  99.1240 15.57650271 21564
DELLINGR (RBLE)         
1 43021U 98067NJ  18098.17406037  .00005968  00000-0  89181-4 0  9993
2 43021  51.6408   6.2293 0001500 255.0055 105.0771 15.56557547 21561
TECHEDSAT 6             
1 43026U 98067NK  18098.19175525  .00154647  00000-0  94753-3 0  9994
2 43026  51.6322 358.0432 0004212 197.1563 162.9295 15.76301539 21571
OSIRIS-3U               
1 43027U 98067NL  18097.99186448  .00020480  00000-0  24793-3 0  9992
2 43027  51.6394   5.0100 0002506 219.8696 140.2113 15.60644029 21446
AEROCUBE 7B             
1 43042U 17071F   18097.90962031  .00002690  00000-0  80261-4 0  9992
2 43042  51.6405  23.7780 0005549  18.4362 341.6822 15.38377166 18787
AEROCUBE 7C             
1 43043U 17071G   18098.10386242  .00002647  00000-0  79152-4 0  9999
2 43043  51.6407  22.8275 0005523  20.0290 340.0910 15.38374243 18784
CHEFSAT                 
1 43044U 17071H   18097.95173444  .00004860  00000-0  13425-3 0  9999
2 43044  51.6406  23.3194 0005597  17.7198 342.3980 15.38926079 18761
ASGARDIA 1              
1 43049U 17071N   18097.96099418  .00002269  00000-0  68980-4 0  9991
2 43049  51.6408  23.3770 0003139  42.4886 317.6340 15.38518363 18765
ISARA                   
1 43050U 17071P   18097.94852732  .00004185  00000-0  11722-3 0  9997
2 43050  51.6405  23.2994 0003130  40.0973 320.0241 15.38875112 18769
FAUNA                   
1 43052U 17071R   18097.95496540  .00002641  00000-0  78358-4 0  9995
2 43052  51.6411  23.3418 0003024  39.7821 320.3384 15.38623256 18759
CORVUS BC3              
1 43118U 18004H   18097.73756016  .00000680  00000-0  32793-4 0  9992
2 43118  97.5406 160.1647 0010227 350.4380   9.6659 15.22111917 12996
MICROMAS-2A             
1 43131U 18004W   18097.65424381  .00001584  00000-0  71398-4 0  9993
2 43131  97.5412 160.1271 0009466 355.0117   5.1023 15.22514622 12988
GOMX4-B                 
1 43196U 18015E   18097.93287328  .00000540  00000-0  25493-4 0  9991
2 43196  97.3354 228.3693 0021205  48.6131 311.6924 15.23453228  9833
GOMX4-A                 
1 43197U 18015F   18098.40310172  .00000545  00000-0  25616-4 0  9991
2 43197  97.3357 228.8245 0020962  46.8792   4.1480 15.23578678  9914
