CUTE-1 (CO-55)          
1 27844U 03031E   20112.86967185  .00000054  00000-0  43950-4 0  9992
2 27844  98.6837 121.4550 0009159 213.4040 146.6561 14.22232730872051
CUBESAT XI-IV (CO-57)   
1 27848U 03031J   20112.87989266  .00000035  00000-0  35881-4 0  9994
2 27848  98.6905 122.0167 0008860 226.5619 133.4822 14.21820127871906
CUBESAT XI-V            
1 28895U 05043F   20112.88221914  .00000112  00000-0  30252-4 0  9995
2 28895  98.0001 250.8511 0018219  99.0577 261.2688 14.63758775772330
CUTE-1.7+APD II (CO-65) 
1 32785U 08021C   20112.59392894  .00000233  00000-0  30755-4 0  9993
2 32785  97.5708 103.1205 0012163 328.1054  31.9426 14.88450902649411
AAUSAT-II               
1 32788U 08021F   20112.76325728  .00000900  00000-0  87162-4 0  9992
2 32788  97.4927 119.7814 0010188 242.0713 117.9477 14.95013630650847
DELFI-C3 (DO-64)        
1 32789U 08021G   20112.72176216  .00001418  00000-0  96955-4 0  9990
2 32789  97.4244 157.4931 0013220 144.4919 215.7192 15.07612095653367
SEEDS II (CO-66)        
1 32791U 08021J   20112.55868985  .00000277  00000-0  33322-4 0  9996
2 32791  97.5399 109.2271 0011807 295.5259  64.4739 14.91019376649904
SWISSCUBE               
1 35932U 09051B   20112.46803962  .00000129  00000-0  40273-4 0  9993
2 35932  98.6090 292.9246 0006531 307.4897  52.5705 14.56379504561575
BEESAT-1                
1 35933U 09051C   20112.79688282  .00000102  00000-0  34001-4 0  9999
2 35933  98.6094 295.1214 0004952 324.0641  36.0222 14.56457090561733
ITUPSAT1                
1 35935U 09051E   20112.07106817  .00000084  00000-0  30422-4 0  9993
2 35935  98.6202 294.5801 0007261 321.9060  38.1623 14.55604773561355
TISAT 1                 
1 36799U 10035E   20112.87623410  .00000513  00000-0  57554-4 0  9999
2 36799  98.1896 280.9914 0012981 150.2702 209.9255 14.91323147530496
M-CUBED & EXP-1 PRIME   
1 37855U 11061F   20112.84755305  .00001042  00000-0  59359-4 0  9992
2 37855 101.7159 172.0877 0171215 242.8761 115.4900 15.06163967462683
AEROCUBE 4.5A           
1 38767U 12048K   20112.85108196  .00000216  00000-0  32580-4 0  9991
2 38767  64.6671  53.2964 0147195 155.7834 205.0292 14.92237707 33358
AEROCUBE 4.5B           
1 38768U 12048L   20112.86519419  .00000463  00000-0  48891-4 0  9993
2 38768  64.6686  22.8004 0135913 152.0619 208.7880 14.95885701 33414
STRAND-1                
1 39090U 13009E   20111.28136579  .00000047  00000-0  31624-4 0  9991
2 39090  98.4624 316.6593 0010366  96.7247 263.5118 14.35126011374341
SOMP                    
1 39134U 13015E   20112.30479184  .00001390  00000-0  70904-4 0  9999
2 39134  64.8617 103.2747 0035769 253.2601 106.4600 15.20929471386988
BEESAT-3                
1 39135U 13015F   20112.39171006  .00000742  00000-0  45518-4 0  9994
2 39135  64.8651 125.6934 0040822 257.1415 102.5150 15.18077824386941
BEESAT-2                
1 39136U 13015G   20112.74583908  .00001007  00000-0  59572-4 0  9992
2 39136  64.8655 129.3283 0029048 281.3015  78.4847 15.17457219386512
NEE-01 PEGASO           
1 39151U 13018B   20112.81901943  .00000143  00000-0  25853-4 0  9998
2 39151  97.9691 212.0379 0015611 284.9359  75.0124 14.80152785377300
ESTCUBE 1               
1 39161U 13021C   20112.80458531  .00000130  00000-0  28265-4 0  9998
2 39161  97.9642 196.9722 0010781  64.1792 296.0527 14.72303757373701
POPACS 1                
1 39268U 13055D   20112.35895083  .00006596  00000-0  17932-3 0  9990
2 39268  81.0043 356.5208 0618954  31.8639 331.8464 14.38969809341259
POPACS 2                
1 39269U 13055E   20112.78897453  .00002608  00000-0  73143-4 0  9998
2 39269  81.0180  32.7272 0679568 125.4686 241.1885 14.25224394339139
POPACS 3                
1 39270U 13055F   20112.83729903  .00001559  00000-0  47831-4 0  9999
2 39270  81.0181  53.5538 0710526 185.3293 174.0037 14.16735859317117
ZACUBE-1 (TSHEPISOSAT)  
1 39417U 13066B   20112.89228308  .00000206  00000-0  32049-4 0  9996
2 39417  97.5649 114.0643 0060440 103.0411 257.7559 14.81252832346660
WNISAT-1                
1 39423U 13066H   20112.85413134  .00000040  00000-0  17258-4 0  9993
2 39423  97.8006  38.2055 0176564  71.9986 290.0364 14.53107743340203
TRITON-1                
1 39427U 13066M   20112.83588041  .00000163  00000-0  34307-4 0  9995
2 39427  97.7205  76.9287 0112154 259.1052  99.7518 14.67981697343359
GOMX-1                  
1 39430U 13066Q   20112.82957502  .00000221  00000-0  48983-4 0  9990
2 39430  97.7856  54.7913 0151435   3.5447 356.6792 14.59379165341549
CUBEBUG-2 (LO-74)       
1 39440U 13066AA  20112.88344344  .00000175  00000-0  31150-4 0  9997
2 39440  97.6278  98.5237 0080525 162.8517 197.5443 14.75990198344237
NEE-02 KRYSAOR          
1 39441U 13066AB  20112.85703682  .00000109  00000-0  22500-4 0  9995
2 39441  97.6347  96.0508 0081847 171.5420 188.7191 14.75002695344066
FUNCUBE-1 (AO-73)       
1 39444U 13066AE  20112.44989228  .00000287  00000-0  41328-4 0  9991
2 39444  97.5597 115.8441 0059587  97.1247 263.6747 14.82100165344921
UWE-3                   
1 39446U 13066AG  20112.90125659  .00000185  00000-0  30921-4 0  9998
2 39446  97.5967 105.7342 0071057 133.4234 227.2922 14.78524430344211
AEROCUBE 5A             
1 39465U 13072D   20112.82712885  .00007065  00000-0  59197-3 0  9999
2 39465 120.4965 318.1406 0265933 185.6869 174.1130 14.76137189 33000
AEROCUBE 5B             
1 39466U 13072E   20112.66077573  .00006291  00000-0  45656-3 0  9995
2 39466 120.4922 351.2679 0236668 193.4950 165.9691 14.85688560 33133
BRITE-CA1 (TORONTO)     
1 40020U 14033L   20112.78622140  .00000059  00000-0  18673-4 0  9996
2 40020  97.7324 304.2399 0085974 253.3148 105.8607 14.66637724312457
DUCHIFAT-1              
1 40021U 14033M   20112.76852921  .00000445  00000-0  50987-4 0  9990
2 40021  97.9405  43.6671 0014183 111.4677 248.8055 14.90868166317444
NANOSATC-BR1            
1 40024U 14033Q   20111.28253124  .00000372  00000-0  44443-4 0  9998
2 40024  97.9260  38.7385 0013360 119.8145 240.4402 14.90041325317096
QB50P1                  
1 40025U 14033R   20111.33147125  .00000275  00000-0  35169-4 0  9995
2 40025  97.9144  35.6534 0013510 126.2967 233.9500 14.89109096316959
QB50P2                  
1 40032U 14033Y   20112.84109470  .00000236  00000-0  31314-4 0  9996
2 40032  97.9038  34.7529 0013081 118.6175 241.6359 14.88638170316566
PERSEUS-M2              
1 40037U 14033AD  20112.65306557  .00000069  00000-0  13990-4 0  9999
2 40037  97.8900  29.4258 0015367 134.4635 225.7840 14.86532662316727
PERSEUS-M1              
1 40039U 14033AF  20112.85012905  .00000051  00000-0  12018-4 0  9995
2 40039  97.8868  28.4530 0015263 131.8598 228.3923 14.86152484316167
POLYITAN-1              
1 40042U 14033AJ  20112.72894340  .00000336  00000-0  41815-4 0  9999
2 40042  97.9229  37.5413 0015898 113.6659 246.6228 14.88856151317069
TIGRISAT                
1 40043U 14033AK  20112.88790057  .00000141  00000-0  28081-4 0  9991
2 40043  97.7175 331.8557 0059826 180.1068 180.0139 14.74363168313715
AEROCUBE 6A             
1 40045U 14033AM  20112.85963493  .00000214  00000-0  37845-4 0  9995
2 40045  97.7425 337.0349 0057632 171.6865 188.5314 14.75550686314000
AEROCUBE 6B             
1 40046U 14033AN  20112.86894790  .00000237  00000-0  41181-4 0  9993
2 40046  97.7339 336.3791 0057052 170.8324 189.3942 14.75534703313765
UKUBE-1                 
1 40074U 14037F   20112.73843437  .00000222  00000-0  33727-4 0  9997
2 40074  98.4564 297.6990 0003718 317.0891  43.0030 14.84235220313348
BRITE-PL2 (HEWELIUSZ)   
1 40119U 14049B   20112.83532333  .00000132  00000-0  22134-4 0  9991
2 40119  97.8926 205.6207 0016076 296.2061  63.7500 14.84491431307297
FIREBIRD 4              
1 40378U 15003C   20112.83119785  .00002580  00000-0  10178-3 0  9994
2 40378  99.1006 161.5377 0125286 142.6929 218.3085 15.19873145288702
GRIFEX                  
1 40379U 15003D   20112.86295808  .00001292  00000-0  57901-4 0  9994
2 40379  99.1085 153.8172 0133595 166.4067 194.0817 15.16259507288267
EXOCUBE (CP10)          
1 40380U 15003E   20112.79032309  .00001147  00000-0  54376-4 0  9995
2 40380  99.1157 149.5414 0138277 180.7429 179.3614 15.14240889287983
AEROCUBE 8A             
1 40659U 15025J   20112.81318567  .00013506  00000-0  15018-3 0  9995
2 40659  55.0168 194.8650 0112144  29.8281 330.9084 15.55871153 34732
AEROCUBE 8B             
1 40660U 15025K   20112.80399263  .00014040  00000-0  15434-3 0  9994
2 40660  55.0138 192.9979 0111344  31.6414 329.1252 15.56204534 34746
TIANWANG 1C (TW-1C)     
1 40926U 15051B   20112.72295608  .00018557  00000-0  19969-3 0  9991
2 40926  97.0909 164.1878 0004523 309.1202 171.3304 15.63761442258152
TIANWANG 1A (TW-1A)     
1 40928U 15051D   20112.90317568  .00002778  00000-0  66259-4 0  9996
2 40928  97.1155 142.1055 0011920  40.7546  81.3360 15.42328425256651
EXACTVIEW 9             
1 40936U 15052G   20112.43009498  .00000790  00000-0  21287-4 0  9998
2 40936   6.0045  26.8892 0010579 179.6569 180.3566 14.76562010246787
AEROCUBE 5C             
1 40965U 15058B   20112.86557526  .00000114  00000-0  33511-4 0  9996
2 40965  64.7784 315.2956 0167946  95.0535 266.9762 14.74505790 32963
AEROCUBE 7              
1 40966U 15058C   20112.85731379  .00000146  00000-0  37153-4 0  9997
2 40966  64.7784 313.8810 0166849  94.7437 267.2743 14.74802214 32969
ATHENOXAT 1             
1 41168U 15077C   20111.27268496  .00001863  00000-0  62047-4 0  9990
2 41168  14.9875 128.2609 0011415  38.6426 321.4711 15.14269300240517
GALASSIA                
1 41170U 15077E   20110.41055932  .00001748  00000-0  55288-4 0  9998
2 41170  14.9878 126.6304 0012694  52.8303 307.3176 15.14569860240454
VELOX-II                
1 41171U 15077F   20111.44724803  .00001513  00000-0  48098-4 0  9994
2 41171  14.9900 161.6012 0008801 326.9333  33.0437 15.11630834240235
HORYU-4                 
1 41340U 16012D   20112.85924172  .00000473  00000-0  29009-4 0  9994
2 41340  31.0061 332.1903 0014068 306.3598  53.5740 15.01468926229367
E-ST@R-II               
1 41459U 16025D   20112.86705834  .00001034  00000-0  55739-4 0  9995
2 41459  98.0971 219.9348 0166421  42.6065 318.7920 15.06301791218923
AAUSAT 4                
1 41460U 16025E   20112.82411122  .00001918  00000-0  97011-4 0  9997
2 41460  98.0962 222.0198 0155008  32.2363 328.8221 15.08550482219100
BEESAT-4                
1 41619U 16040W   20112.82549648  .00001425  00000-0  61869-4 0  9990
2 41619  97.3247 173.6871 0011747  27.8343 332.3520 15.23871937200775
CANX-7                  
1 41788U 16059F   20112.84157257  .00008102  00000-0  11296-2 0  9996
2 41788  98.2532 199.2851 0033681 120.4925 239.9618 14.77604459191453
RAVAN                   
1 41849U 16067B   20112.85241283  .00001173  00000-0  10314-3 0  9999
2 41849  97.9277 221.7626 0010476  79.0209 281.2191 14.98515247188142
CELTEE 1                
1 41850U 16067C   20112.86274506 -.00000064  00000-0 -30497-6 0  9993
2 41850  97.9221 219.6673 0010410  78.5167 281.7223 14.97161408188030
OPTICUBE 04             
1 41851U 16067D   20112.85033232  .00000595  00000-0  57065-4 0  9997
2 41851  97.9208 219.3039 0010628  81.4727 278.7698 14.96910225188013
AEROCUBE 8D             
1 41852U 16067E   20112.86566541 -.00000228  00000-0 -14559-4 0  9999
2 41852  97.9216 219.1524 0011118  80.4218 279.8259 14.96883893187990
AEROCUBE 8C             
1 41853U 16067F   20112.82907288  .00000403  00000-0  40461-4 0  9997
2 41853  97.9204 219.0249 0011332  83.4382 276.8128 14.96842493187986
PROMETHEUS 2-1          
1 41854U 16067G   20112.87729631 -.00000042  00000-0  16086-5 0  9994
2 41854  97.9216 219.3677 0011462  80.8734 279.3783 14.97148094188000
PROMETHEUS 2-3          
1 41855U 16067H   20112.87811219 -.00000008  00000-0  45880-5 0  9995
2 41855  97.9219 219.3983 0011631  81.2858 278.9680 14.97157998188008
INS-1B                  
1 41954U 17008G   20112.84095996  .00001322  00000-0  56371-4 0  9999
2 41954  97.3588 178.2451 0010335 133.8520 226.3574 15.24647133176747
BGUSAT                  
1 41999U 17008BD  20112.73854373  .00002720  00000-0  10445-3 0  9992
2 41999  97.3694 181.9775 0009233 141.8433 218.3462 15.27279003176298
DIDO-2                  
1 42000U 17008BE  20112.85891555  .00000869  00000-0  38296-4 0  9999
2 42000  97.3596 178.7873 0009275 149.8964 210.2809 15.24389923176149
PEASSS                  
1 42015U 17008BV  20112.74677712  .00001330  00000-0  55321-4 0  9992
2 42015  97.3618 180.1647 0007075 150.6453 209.5184 15.25495869176702
AL-FARABI 1             
1 42016U 17008BW  20112.66748228  .00001726  00000-0  69300-4 0  9996
2 42016  97.3643 181.0397 0006999 149.9927 210.1714 15.26301928176861
NAYIF-1 (EO-88)         
1 42017U 17008BX  20112.84437678  .00001595  00000-0  64152-4 0  9995
2 42017  97.3638 181.2250 0007057 149.3141 210.8512 15.26341856176917
NSIGHT                  
1 42726U 98067MF  20112.57958143  .01320342  11874-4  64220-3 0  9996
2 42726  51.6180 148.4168 0006576   2.7198 357.3855 16.20378162166563
UCLSAT                  
1 42765U 17036A   20112.86781010  .00001191  00000-0  52897-4 0  9995
2 42765  97.3067 168.6142 0010201 218.3879 141.6633 15.23403254157969
LITUANICASAT-2          
1 42768U 17036D   20112.79800432  .00002227  00000-0  95039-4 0  9996
2 42768  97.3120 168.4348 0013913 209.2227 150.8233 15.23860967157211
AALTO-1                 
1 42775U 17036L   20112.83870981  .00000733  00000-0  35292-4 0  9990
2 42775  97.3045 166.5611 0012918 212.4109 147.6335 15.21760083157062
URSA MAIOR              
1 42776U 17036M   20112.83467385  .00000830  00000-0  39371-4 0  9991
2 42776  97.3057 166.8177 0012720 212.0809 147.9655 15.21934211157075
COMPASS 2               
1 42777U 17036N   20112.88123066  .00001633  00000-0  70734-4 0  9992
2 42777  97.3111 168.9539 0011438 209.2305 150.8293 15.23754510157183
DIAMOND RED             
1 42783U 17036U   20112.83707679  .00000982  00000-0  45002-4 0  9998
2 42783  97.3068 167.9096 0010838 221.0214 139.0209 15.22732398157132
PEGASUS                 
1 42784U 17036V   20112.88165326  .00001106  00000-0  49791-4 0  9999
2 42784  97.3072 168.3396 0010749 219.7133 140.3318 15.23098213157162
DIAMOND GREEN           
1 42785U 17036W   20112.83587244  .00000990  00000-0  45355-4 0  9994
2 42785  97.3070 167.9421 0010731 221.6908 138.3512 15.22731569157203
DIAMOND BLUE            
1 42786U 17036X   20112.83508784  .00000987  00000-0  45223-4 0  9997
2 42786  97.3070 167.9371 0010568 221.7931 138.2499 15.22732638157204
NUDTSAT                 
1 42787U 17036Y   20112.92051783  .00001695  00000-0  72061-4 0  9997
2 42787  97.3125 169.6446 0009452 222.1349 137.9162 15.24349227157085
SUCHAI                  
1 42788U 17036Z   20112.86024651  .00001339  00000-0  58741-4 0  9999
2 42788  97.3080 168.8556 0010325 217.8003 142.2510 15.23625400157263
SKCUBE                  
1 42789U 17036AA  20112.83494439  .00001244  00000-0  55021-4 0  9995
2 42789  97.3075 168.7005 0010202 218.1229 141.9287 15.23476867157172
VZLUSAT-1               
1 42790U 17036AB  20112.77780622  .00001616  00000-0  68868-4 0  9998
2 42790  97.3099 169.5018 0009787 215.6136 144.4449 15.24338835157214
ROBUSTA-1B              
1 42792U 17036AD  20112.79567747  .00001226  00000-0  53995-4 0  9995
2 42792  97.3077 168.8961 0009769 218.4013 141.6530 15.23662967157198
CICERO 6                
1 42793U 17036AE  20112.82483159  .00000876  00000-0  40085-4 0  9990
2 42793  97.3054 168.4028 0009018 220.7653 139.2910 15.23050023157242
D-SAT                   
1 42794U 17036AF  20112.81077502  .00000005  00000-0  58934-5 0  9998
2 42794  97.4997 148.2546 0125922 193.3524 166.4353 14.91252042154256
CORVUS BC2              
1 42846U 17042X   20112.84098527  .00000240  00000-0  28830-4 0  9998
2 42846  97.5308 358.9272 0011105 104.5792 255.6660 14.92086509150965
CORVUS BC1              
1 42847U 17042Y   20112.77345561  .00000261  00000-0  30847-4 0  9998
2 42847  97.5311 359.0219 0010751 104.0071 256.2345 14.92187535150951
MIRATA                  
1 43015U 17073C   20112.73237919  .00000703  00000-0  60402-4 0  9994
2 43015  97.7212  27.1029 0252241 233.4468 124.3289 14.79563164130830
MAKERSAT 0              
1 43016U 17073D   20112.20399262  .00000430  00000-0  39266-4 0  9998
2 43016  97.7247  26.7845 0254917 236.0936 121.5797 14.79153376130744
ASTERIA                 
1 43020U 98067NH  20112.85698237  .01993480  11961-4  74556-3 0  9999
2 43020  51.6411 159.8341 0002449 346.8393  13.2563 16.23676016138623
DELLINGR (RBLE)         
1 43021U 98067NJ  20112.78573640  .00017491  00000-0  15089-3 0  9994
2 43021  51.6361 209.1454 0000894 218.4203 141.6730 15.69352996137963
AEROCUBE 7B (OCSD B)    
1 43042U 17071F   20112.90623795  .00004410  00000-0  10688-3 0  9991
2 43042  51.6384 343.9634 0004394 190.1638 169.9260 15.43227723133648
AEROCUBE 7C (OCSD C)    
1 43043U 17071G   20112.90867627  .00004458  00000-0  10803-3 0  9997
2 43043  51.6383 343.9944 0004555 194.8105 165.2748 15.43202479133619
CHEFSAT                 
1 43044U 17071H   20112.87219456  .00010386  00000-0  20605-3 0  9993
2 43044  51.6384 331.2482 0004344 198.9205 161.1622 15.47608200133780
ASGARDIA 1              
1 43049U 17071N   20112.90399845  .00004142  00000-0  10079-3 0  9990
2 43049  51.6395 343.2796 0002080 202.5954 157.4941 15.43267065133616
ISARA                   
1 43050U 17071P   20112.81950784  .00008838  00000-0  18211-3 0  9999
2 43050  51.6367 333.7906 0002101 200.4139 159.6765 15.46715255133733
PROPCUBE 2 (FAUNA)      
1 43052U 17071R   20112.90630790  .00004637  00000-0  11019-3 0  9995
2 43052  51.6389 341.8135 0002083 198.3878 161.7034 15.43690669133637
CORVUS BC3              
1 43118U 18004H   20112.27846356  .00000825  00000-0  37787-4 0  9998
2 43118  97.4475 183.0086 0008754 250.0549 109.9745 15.23281426126299
MICROMAS-2A             
1 43131U 18004W   20112.83203643  .00002021  00000-0  83625-4 0  9993
2 43131  97.4517 185.0934 0007665 245.1682 114.8759 15.25098559126462
SPACEBEE-4              
1 43139U 18004AE  20112.84668769  .00002890  00000-0  11418-3 0  9990
2 43139  97.4550 186.1563 0007014 244.9684 115.0826 15.26304655126527
SPACEBEE-3              
1 43140U 18004AF  20112.75768049  .00004157  00000-0  15896-3 0  9996
2 43140  97.4567 186.6667 0006741 242.8255 117.2297 15.27136846126548
SPACEBEE-2              
1 43141U 18004AG  20112.74819601  .00004452  00000-0  16860-3 0  9997
2 43141  97.4578 186.8806 0006751 241.7839 118.2719 15.27420851126558
SPACEBEE-1              
1 43142U 18004AH  20112.66317065  .00004851  00000-0  18168-3 0  9992
2 43142  97.4581 187.0234 0006754 241.8048 118.2509 15.27747257126545
CICERO 7                
1 43143U 18004AJ  20112.76941656  .00001722  00000-0  71596-4 0  9992
2 43143  97.4499 185.2242 0005770 256.4564 103.6031 15.25159298126475
GOMX-4B                 
1 43196U 18015E   20112.89328433  .00000386  00000-0  18772-4 0  9990
2 43196  97.4270 241.8932 0017672 306.5879  53.3731 15.24208694123283
GOMX-4A                 
1 43197U 18015F   20112.86868447  .00000737  00000-0  32906-4 0  9997
2 43197  97.4259 241.9398 0017690 307.4844 169.7496 15.24423516123293
1KUNS-PF                
1 43466U 98067NP  20112.25459504  .00131923  17576-4  41193-3 0  9993
2 43466  51.6278 193.9928 0006412 345.9963  14.0864 15.91267934111370
UBAKUSAT                
1 43467U 98067NQ  20112.78746151  .00030703  00000-0  22613-3 0  9999
2 43467  51.6329 212.8067 0000431 305.8635  54.2324 15.72766042111188
CUBERRT                 
1 43546U 98067NU  20112.63539133  .00015504  00000-0  12351-3 0  9991
2 43546  51.6350 212.5637 0002878 241.2790 118.7919 15.71391235101308
TEMPEST-D               
1 43547U 98067NV  20112.79846087  .00006796  00000-0  82642-4 0  9992
2 43547  51.6365 237.7582 0004679 200.5194 159.5613 15.61864418100669
RAINCUBE                
1 43548U 98067NW  20112.84751356  .00033571  00000-0  25951-3 0  9993
2 43548  51.6335 219.9536 0003689 249.3934 110.6669 15.71565616101356
HALOSAT                 
1 43549U 98067NX  20112.76234599  .00033932  00000-0  26791-3 0  9994
2 43549  51.6364 220.9476 0003100 252.4255 107.6404 15.71056490100899
ENDUROSAT ONE           
1 43551U 98067NZ  20112.85315266  .00049706  00000-0  30466-3 0  9998
2 43551  51.6355 211.7157 0003881 276.6707  83.3851 15.76776995101433
EQUISAT                 
1 43552U 98067PA  20112.87844941  .00030904  00000-0  23842-3 0  9998
2 43552  51.6360 218.7622 0004341 255.9475 104.1040 15.71654756101301
AEROCUBE 12A            
1 43556U 18046C   20112.86218281  .00002064  00000-0  83177-4 0  9996
2 43556  51.6434  17.4430 0008859  92.4448 267.7547 15.29640897 98712
AEROCUBE 12B            
1 43557U 18046D   20112.84752017  .00000803  00000-0  40257-4 0  9996
2 43557  51.6440  18.0856 0008971  92.2743 267.9264 15.29379155 98657
UITMSAT-1               
1 43589U 98067PD  20112.73456609  .00039681  00000-0  28009-3 0  9994
2 43589  51.6321 218.3876 0004304 273.8418  86.2089 15.73625992 97039
MAYA-1                  
1 43590U 98067PE  20112.21947704  .00040474  00000-0  28605-3 0  9994
2 43590  51.6330 220.9576 0004292 270.8647  89.1860 15.73586918 96889
BHUTAN-1                
1 43591U 98067PF  20112.00614149  .00049168  00000-0  34496-3 0  9990
2 43591  51.6328 221.8399 0004476 269.8600  90.1886 15.73669333 96851
SIRIUSSAT-1             
1 43595U 98067PG  20112.86612956  .00034752  00000-0  26658-3 0  9996
2 43595  51.6330 221.5474 0001833 254.5951 105.4844 15.71736368 96117
SIRIUSSAT-2             
1 43596U 98067PH  20112.86052615  .00036867  00000-0  28385-3 0  9995
2 43596  51.6340 222.3294 0002062 242.6849 117.3939 15.71618615 96107
TANUSHA-3               
1 43597U 98067PJ  20112.83649302  .00067577  00000-0  37261-3 0  9993
2 43597  51.6304 212.9748 0003194 303.4330  56.6366 15.79025831 96227
SURFSAT                 
1 43614U 18070B   20112.77302784  .00003083  00000-0  80074-4 0  9995
2 43614  93.0209 131.1677 0014822 185.5061 174.6032 15.38922215 89763
CP7 (DAVE)              
1 43615U 18070C   20112.73432972  .00002627  00000-0  68532-4 0  9993
2 43615  93.0211 131.1452 0014996 185.3173 174.7924 15.38790050 89752
ELFIN-B                 
1 43616U 18070D   20112.82220399  .00003921  00000-0  98141-4 0  9999
2 43616  93.0173 131.1077 0015421 187.1128 172.9910 15.40020504 89801
ELFIN-A                 
1 43617U 18070E   20112.73193479  .00004667  00000-0  11621-3 0  9993
2 43617  93.0227 131.5351 0014895 183.6499 176.4650 15.40178029 89791
CUBEBEL-1 (BSUSAT-1)    
1 43666U 18083E   20112.89070760  .00000875  00000-0  46095-4 0  9996
2 43666  97.4945 139.9031 0014386 190.9726 291.1445 15.18151181 82038
DEBRISSAT-2             
1 43680U 98067PR  20112.40947331  .00189592  24426-4  58422-3 0  9998
2 43680  51.6306 207.0953 0007504 334.2329  25.8302 15.91358933104992
CICERO 10               
1 43690U 18088A   20112.55417444  .00000979  00000-0  43310-4 0  9997
2 43690  85.0344 115.8161 0015899 150.8692 209.3439 15.20147149 80095
IRVINE01                
1 43693U 18088D   20112.71475952  .00002668  00000-0  11246-3 0  9995
2 43693  85.0312 114.5682 0019649 134.4251 225.8604 15.22627243 80214
PROXIMA I               
1 43694U 18088E   20112.74270297  .00001031  00000-0  43279-4 0  9999
2 43694  85.0286 114.3654 0021105 127.6621 232.6540 15.21876186 80224
PROXIMA II              
1 43696U 18088G   20112.60950886  .00001018  00000-0  42715-4 0  9994
2 43696  85.0288 114.4565 0021135 128.0545 232.2609 15.21878532 80198
FACSAT-1                
1 43721U 18096C   20112.86087956  .00001318  00000-0  52286-4 0  9996
2 43721  97.4233 186.7372 0016583 327.2985  32.7226 15.27077500 77752
CENTAURI-2              
1 43722U 18096D   20112.83984792  .00002043  00000-0  78349-4 0  9992
2 43722  97.4244 186.9397 0016500 327.3418  32.6800 15.27557105 77756
INNOSAT-2               
1 43738U 18096V   20112.82953513  .00003109  00000-0  10877-3 0  9990
2 43738  97.4260 188.6669 0022517 334.1731  25.8383 15.30061822 77874
SIRION PATHFINDER-2     
1 43759U 18099B   20112.83073461  .00000152  00000-0  18987-4 0  9998
2 43759  97.7086 185.4465 0014711  18.7762 341.3999 14.95256190 75467
CORVUS-BC 4             
1 43767U 18099K   20112.75094475  .00000568  00000-0  57529-4 0  9992
2 43767  97.7068 184.8403 0012281  24.1555 336.0239 14.94699469 75436
MOVE-II                 
1 43780U 18099Y   20112.78108738  .00000067  00000-0  11298-4 0  9995
2 43780  97.7090 185.3139 0014120  30.0781 330.1248 14.95345136 75445
SPACEBEE-7              
1 43816U 18099BL  20112.46405709  .00000421  00000-0  43047-4 0  9999
2 43816  97.7101 185.3584 0013531  16.0723 344.0925 14.95645282 74975
SPACEBEE-5              
1 43817U 18099BM  20112.84089849  .00000629  00000-0  60833-4 0  9997
2 43817  97.7152 186.0893 0013265  15.9137 344.2498 14.96199672 75048
SPACEBEE-6              
1 43818U 18099BN  20112.83582789  .00000382  00000-0  39341-4 0  9994
2 43818  97.7119 185.8369 0013571  15.4321 344.7312 14.95823140 75185
SHIELDS 1               
1 43850U 18104B   20112.43887447  .00000041  00000-0  00000-0 0  9990
2 43850  85.0319 213.0258 0012712 283.2086  76.7737 15.21338739 74809
STF-1                   
1 43852U 18104D   20112.51279260  .00000041  00000-0  00000-0 0  9999
2 43852  85.0362 213.4790 0012613 298.5479  61.4558 15.21174028 74798
ZACUBE-2                
1 43907U 18111AH  20112.87518898  .00000586  00000-0  26546-4 0  9991
2 43907  97.2706  14.3286 0021187 348.3083  11.7660 15.24532422 73391
LUME 1                  
1 43908U 18111AJ  20112.81514855  .00001105  00000-0  46950-4 0  9994
2 43908  97.2706  14.4047 0020995 348.3215  11.7533 15.24932881 73393
AOBA VELOX-IV           
1 43940U 19003J   20112.91152909  .00002031  00000-0  83924-4 0  9991
2 43940  97.2342 166.1169 0025685  65.4187 106.5166 15.24813901 70035
CATSAT-2                
1 44029U 98067PV  20112.84560150  .00023163  00000-0  24960-3 0  9993
2 44029  51.6385 242.6254 0003893 236.5339 123.5284 15.63572581 69663
DELPHINI                
1 44030U 98067PW  20112.83149502  .00023722  00000-0  24770-3 0  9998
2 44030  51.6346 241.6936 0003842 238.6098 121.4521 15.64361407 69640
UNITE                   
1 44031U 98067PX  20112.77440952  .00012890  00000-0  16028-3 0  9996
2 44031  51.6372 247.3639 0002879 222.9298 137.1470 15.60343572 69567
TECHEDSAT 8             
1 44032U 98067PY  20111.15468422  .13183452  12516-4  85307-3 0  9992
2 44032  51.6106 221.1146 0008143 314.7236  45.3127 16.40796465 69749
CATSAT-1                
1 44033U 98067PZ  20111.88670233  .00025169  00000-0  27106-3 0  9998
2 44033  51.6381 247.4757 0003733 229.5700 130.4970 15.63534732 69421
RAAVANA-1               
1 44329U 98067QE  20112.79069604  .00013708  00000-0  19347-3 0  9995
2 44329  51.6388 258.0164 0006086 151.1715 208.9614 15.56876227 48171
UGUISU                  
1 44330U 98067QF  20112.60788516  .00014256  00000-0  20150-3 0  9990
2 44330  51.6383 259.0419 0006092 148.9066 211.2287 15.56798627 48127
NEPALISAT-1             
1 44331U 98067QG  20112.65575291  .00013439  00000-0  18965-3 0  9993
2 44331  51.6385 258.6144 0006096 151.8109 208.3214 15.56900023 48149
SPOOQY-1                
1 44332U 98067QH  20112.72027495  .00013280  00000-0  18801-3 0  9993
2 44332  51.6387 258.2921 0005083 154.1821 205.9425 15.56829525 48114
SPACEBEE-9              
1 44370U 19037F   20112.89381482  .00008016  00000-0  18739-3 0  9993
2 44370  45.0133  71.8110 0012686 217.9279 142.0747 15.42651310 45860
SPACEBEE-8              
1 44371U 19037G   20112.91329381  .00015080  00000-0  30737-3 0  9998
2 44371  45.0140  67.7426 0010280 220.7731 139.2428 15.46106915 45905
IOD-1 GEMS              
1 44385U 98067QK  20112.71835147  .00020098  00000-0  26314-3 0  9994
2 44385  51.6401 257.5714 0002260 111.7775 248.3458 15.58583338 45634
MOVE-IIB                
1 44398U 19038N   20112.84671620  .00001298  00000-0  78523-4 0  9998
2 44398  97.5311  74.8224 0024382 326.1950  33.7724 15.12208771 44028
SONATE                  
1 44400U 19038Q   20112.86851463  .00000434  00000-0  29057-4 0  9998
2 44400  97.5344  74.8624 0024307 324.1450  35.8148 15.11904215 44020
LUCKY-7                 
1 44406U 19038W   20112.89389352  .00000694  00000-0  43861-4 0  9997
2 44406  97.5339  74.9724 0023742 323.9021  36.0606 15.12156059 44023
BEESAT 9                
1 44412U 19038AC  20112.82893404  .00000958  00000-0  59006-4 0  9996
2 44412  97.5331  74.8896 0021993 330.5673  29.4318 15.12212616 43717
JAISAT-1                
1 44419U 19038F   20112.86729594  .00000893  00000-0  54566-4 0  9999
2 44419  97.5334  75.1490 0020827 329.9107  30.0925 15.12695809 44048
SWIATOWID               
1 44426U 98067QL  20112.78550499  .00020282  00000-0  25978-3 0  9991
2 44426  51.6403 256.9615 0002573 113.7389  27.2980 15.59160566 45667
KRAKSAT                 
1 44427U 98067QM  20111.83716406  .00007181  00000-0  11130-3 0  9997
2 44427  51.6400 265.1764 0003677 103.1638 256.9763 15.55188188 45518
VCC A                   
1 44428U 98067QN  20112.88955360  .00013129  00000-0  18968-3 0  9993
2 44428  51.6403 258.7108 0002725 126.7163 233.4079 15.56295878 45694
ENTRYSAT                
1 44429U 98067QP  20112.63460252  .00015718  00000-0  21936-3 0  9993
2 44429  51.6387 259.2409 0002369 118.1844 241.9388 15.57064392 45661
VCC C                   
1 44430U 98067QQ  20112.77440120  .00019687  00000-0  26384-3 0  9993
2 44430  51.6388 257.9351 0002231 133.5445 226.5732 15.57975124 44521
VCC B                   
1 44431U 98067QR  20112.63366486  .00013067  00000-0  18869-3 0  9996
2 44431  51.6394 259.9930 0002881 124.8166 235.3097 15.56313614 45597
ATL-1                   
1 44830U 19084G   20112.88119683  .00054613  00000-0  38300-3 0  9997
2 44830  96.9840 341.6792 0032749  95.1732 265.3272 15.73281126 21546
SMOG-P                  
1 44832U 19084J   20111.57919700  .00059791  00000-0  40992-3 0  9994
2 44832  96.9853 340.4534 0032060  98.4982 261.9919 15.73820183 21342
DUCHIFAT-3              
1 44854U 19089C   20112.94352694  .00000392  00000-0  38152-4 0  9997
2 44854  36.9672  72.3033 0009258 322.6337  37.3798 14.99028014 19812
ORBITAL FACTORY 2 (OF-2)
1 45113U 19071C   20112.84414652  .00002142  00000-0  77369-4 0  9997
2 45113  51.6428 276.9702 0012850 211.2883 148.7335 15.33145725 12444
