CUTE-1 (CO-55)          
1 27844U 03031E   18194.06084328  .00000035  00000-0  35673-4 0  9992
2 27844  98.6861 202.3350 0008695 301.0037  59.0286 14.22122346779877
CUBESAT XI-IV (CO-57)   
1 27848U 03031J   18194.44964605  .00000029  00000-0  33260-4 0  9996
2 27848  98.6946 203.1247 0008736 311.4077  48.6349 14.21725569779794
CUBESAT XI 5            
1 28895U 05043F   18194.11926335  .00000071  00000-0  22498-4 0  9994
2 28895  97.9123 344.5287 0016512 352.4819   7.6134 14.63561273677677
CUTE-1.7+APD II (CO-65) 
1 32785U 08021C   18194.20399595  .00000170  00000-0  24074-4 0  9990
2 32785  97.5465 205.1396 0011955 317.6757  42.3537 14.88143795553047
AAUSAT-II               
1 32788U 08021F   18193.53274340  .00000333  00000-0  35963-4 0  9998
2 32788  97.5202 218.9814 0010248 262.5951  97.4106 14.94385155553862
DELFI-C3 (DO-64)        
1 32789U 08021G   18193.62401463  .00001345  00000-0  95930-4 0  9991
2 32789  97.5106 247.7882 0011836 203.7846 156.2836 15.06149377555511
SEEDS II (CO-66)        
1 32791U 08021J   18194.51868551  .00000336  00000-0  39719-4 0  9990
2 32791  97.5351 210.8571 0011888 293.9408  66.0565 14.90584169553434
SWISSCUBE               
1 35932U 09051B   18194.41021786  .00000096  00000-0  32809-4 0  9990
2 35932  98.5485 346.2051 0008713 125.2849 234.9164 14.56174868467257
BEESAT                  
1 35933U 09051C   18193.67979379  .00000065  00000-0  25578-4 0  9999
2 35933  98.5524 347.0208 0006714 137.0856 223.0866 14.56276872467170
ITUPSAT 1               
1 35935U 09051E   18193.95522752  .00000049  00000-0  22392-4 0  9994
2 35935  98.5636 347.5555 0009092 134.2205 225.9740 14.55452596467074
M-CUBED & EXP-1 PRIME   
1 37855U 11061F   18194.14376476  .00000831  00000-0  50381-4 0  9991
2 37855 101.7152 269.9521 0176210   5.4730 354.8354 15.04528881365555
STRAND-1                
1 39090U 13009E   18194.53563934  .00000041  00000-0  29725-4 0  9999
2 39090  98.5195  40.5742 0008431 213.2815 146.7841 14.35032816281601
AIST-2 (RS-43)          
1 39133U 13015D   18194.30406892  .00000030  00000-0  14588-4 0  9997
2 39133  64.8734 129.2260 0019895 219.2537 140.7141 15.04572396287137
SOMP                    
1 39134U 13015E   18194.33374261  .00000756  00000-0  45137-4 0  9994
2 39134  64.8639  42.3256 0008987 216.2757 143.7762 15.19244632288872
BEESAT 3                
1 39135U 13015F   18193.73934281  .00000581  00000-0  39419-4 0  9994
2 39135  64.8697  57.9376 0018993 237.8866 122.0417 15.16741335288528
BEESAT-2                
1 39136U 13015G   18193.65210634  .00000423  00000-0  31877-4 0  9990
2 39136  64.8700  61.0748 0020233 233.5858 126.3402 15.16204379288452
NEE-01 PEGASUS          
1 39151U 13018B   18194.46768777  .00000120  00000-0  22954-4 0  9996
2 39151  97.9761 288.3493 0016217 219.8337 140.1685 14.79916441281403
ESTCUBE 1               
1 39161U 13021C   18194.46876226  .00000100  00000-0  23856-4 0  9990
2 39161  98.0064 279.9278 0008941 342.0165  18.0719 14.72080927278313
POPACS 1                
1 39268U 13055D   18193.80560276  .00006225  00000-0  17382-3 0  9997
2 39268  81.0047 319.4072 0637470 150.7722 213.0780 14.34487095246656
POPACS 2                
1 39269U 13055E   18194.36997922  .00002483  00000-0  72411-4 0  9999
2 39269  81.0160 341.2978 0690998 207.4189 148.8903 14.22220684246863
POPACS 3                
1 39270U 13055F   18193.42682558  .00000804  00000-0  25282-4 0  9992
2 39270  81.0174 354.7983 0718102 247.1557 105.2279 14.14720313225228
ZACUBE-1 (TSHEPISOSAT)  
1 39417U 13066B   18194.53031845  .00000141  00000-0  24095-4 0  9992
2 39417  97.5855 221.7603 0060610  69.5330 291.2376 14.80952171250695
WNISAT-1                
1 39423U 13066H   18194.37584519  .00000090  00000-0  28088-4 0  9991
2 39423  97.7282 156.4396 0174814 295.9814  62.3469 14.52964069246036
GOMX 1                  
1 39430U 13066Q   18194.49981057  .00000118  00000-0  30727-4 0  9994
2 39430  97.6992 169.4821 0150048 247.3244 111.2033 14.59096926246989
CUBEBUG-2 (LO-74)       
1 39440U 13066AA  18194.51759316  .00000170  00000-0  30484-4 0  9997
2 39440  97.6004 208.1891 0082000 109.6675 251.3407 14.75690339249803
NEE-02 KRYSAOR          
1 39441U 13066AB  18194.48369935  .00000102  00000-0  21465-4 0  9992
2 39441  97.6008 206.3196 0083386 114.9242 246.0663 14.74790645249651
FUNCUBE-1 (AO-73)       
1 39444U 13066AE  18194.03963950  .00000212  00000-0  32407-4 0  9993
2 39444  97.5863 222.8538 0059700  66.5013 294.2459 14.81737124249486
UWE-3                   
1 39446U 13066AG  18194.02137932  .00000168  00000-0  28871-4 0  9997
2 39446  97.5915 214.0948 0071810  91.5411 269.4029 14.78224871248932
BRITE-TORONTO           
1 40020U 14033L   18194.55702523  .00000086  00000-0  23076-4 0  9995
2 40020  97.7833  51.5366 0087972 160.0398 200.4284 14.66504878217459
DUCHIFAT-1              
1 40021U 14033M   18194.24339069  .00000339  00000-0  40735-4 0  9995
2 40021  97.9154 113.0096 0014518  91.8687 268.4194 14.90335869220839
NANOSATC-BR1            
1 40024U 14033Q   18194.23021425  .00000234  00000-0  30391-4 0  9992
2 40024  97.9087 111.1878 0013816  94.0698 266.2099 14.89595197220752
QB50P1                  
1 40025U 14033R   18194.22596693  .00000198  00000-0  27221-4 0  9993
2 40025  97.9043 109.5710 0013988  98.2235 262.0568 14.88736070220665
QB50P2                  
1 40032U 14033Y   18193.71898602  .00000195  00000-0  27112-4 0  9995
2 40032  97.8996 107.7302 0013346  95.7573 264.5166 14.88279803220523
PERSEUS-M2              
1 40037U 14033AD  18194.20220759  .00000078  00000-0  15074-4 0  9991
2 40037  97.8980 105.6675 0015839 103.0634 257.2350 14.86367182220396
PERSEUS-M1              
1 40039U 14033AF  18194.30115152  .00000042  00000-0  11064-4 0  9990
2 40039  97.8977 105.1108 0015724  99.7827 260.5164 14.85988889220356
POLYITAN-1              
1 40042U 14033AJ  18194.35529845  .00000221  00000-0  29833-4 0  9999
2 40042  97.9118 109.8400 0016268  87.9924 272.3155 14.88419761220605
TIGRISAT                
1 40043U 14033AK  18194.09999356 -.00000157  00000-0 -15659-4 0  9990
2 40043  97.8028  70.4693 0060916 114.5161 246.2451 14.74152516218424
AEROCUBE 6A             
1 40045U 14033AM  18193.60945450  .00000256  00000-0  44265-4 0  9997
2 40045  97.8226  72.3850 0059412 110.2926 250.4683 14.75169719218038
AEROCUBE 6B             
1 40046U 14033AN  18193.61080971  .00000203  00000-0  36678-4 0  9998
2 40046  97.8190  72.2283 0058650 109.8373 250.9172 14.75160835218039
UKUBE-1                 
1 40074U 14037F   18194.38361089  .00000269  00000-0  39662-4 0  9998
2 40074  98.3901 332.9693 0003692 226.2276 133.8626 14.83823597217187
BRITE-PL 2              
1 40119U 14049B   18193.69025688  .00000106  00000-0  19123-4 0  9996
2 40119  97.9184 282.1042 0016103 253.2589 106.6858 14.84302956210996
FIREBIRD 4              
1 40378U 15003C   18194.29061168  .00001223  00000-0  53581-4 0  9991
2 40378  99.0848 101.2717 0131813 143.3580 217.6753 15.17318583190285
GRIFEX                  
1 40379U 15003D   18194.44146689  .00000808  00000-0  39471-4 0  9991
2 40379  99.0872  97.4661 0138620 155.8724 204.9081 15.14403413190072
EXOCUBE                 
1 40380U 15003E   18194.45986859  .00000531  00000-0  28738-4 0  9992
2 40380  99.0916  95.2904 0142948 163.2400 197.3623 15.12597782189921
TIANWANG 1C (TW-1C)     
1 40926U 15051B   18194.43523688  .00006660  00000-0  12267-3 0  9994
2 40926  97.1816 236.6584 0010034 170.0128 314.8925 15.49442577157379
TIANWANG 1A (TW-1A)     
1 40928U 15051D   18194.55417351  .00001930  00000-0  52290-4 0  9994
2 40928  97.1836 228.0205 0010399 219.2374 295.0653 15.38836502156832
EXACTVIEW 9             
1 40936U 15052G   18191.93260983  .00000899  00000-0  36790-4 0  9990
2 40936   6.0041 344.7573 0011691 332.4545  27.6126 14.76397740150482
ATHENOXAT 1             
1 41168U 15077C   18194.39177141  .00001516  00000-0  45976-4 0  9994
2 41168  14.9857 188.5057 0011754  45.9964 356.7346 15.12840313142352
GALASSIA                
1 41170U 15077E   18194.39018177  .00001454  00000-0  41878-4 0  9998
2 41170  14.9878 182.9699 0013177  66.1938 293.9763 15.13219781142406
VELOX 2                 
1 41171U 15077F   18194.32304127  .00001196  00000-0  31147-4 0  9996
2 41171  14.9903 205.9992 0008980   2.9346 357.1026 15.10696167142190
HORYU-IV                
1 41340U 16012D   18193.25749453  .00000386  00000-0  22796-4 0  9990
2 41340  31.0044 147.4165 0013981 341.6406  18.3724 15.01009182131669
E-ST@R-II               
1 41459U 16025D   18194.38420143  .00001848  00000-0  99596-4 0  9998
2 41459  98.1357 258.4625 0171289  61.0919 300.7363 15.04495997121362
AAUSAT 4                
1 41460U 16025E   18194.40392498  .00001431  00000-0  77239-4 0  9992
2 41460  98.1263 259.0209 0162729  56.5605 305.1102 15.05959922121437
DIWATA-1                
1 41463U 98067HT  18194.41362067  .00008277  00000-0  69717-4 0  9998
2 41463  51.6379 198.5669 0000656 107.3409  35.6757 15.70840050126121
BEESAT-4                
1 41619U 16040W   18194.36423300  .00001170  00000-0  53901-4 0  9997
2 41619  97.4134 257.1475 0012891 133.2561 226.9754 15.22197343102076
CANX-7                  
1 41788U 16059F   18194.53158576  .00004923  00000-0  82775-3 0  9992
2 41788  98.2120 261.1878 0028768  20.2841 339.9448 14.69805301 95970
ALSAT 1N                
1 41789U 16059G   18194.40527477  .00000030  00000-0  14808-4 0  9997
2 41789  98.1176 256.8153 0028806   7.6525 352.5116 14.64165006 95855
RAVAN                   
1 41849U 16067B   18194.20204880  .00001239  00000-0  11057-3 0  9995
2 41849  97.9270 283.3394 0010421  81.2983 278.9419 14.97818696 91024
CELTEE 1                
1 41850U 16067C   18193.69541738 -.00000311  00000-0 -21864-4 0  9995
2 41850  97.9245 282.2358 0010079  80.3610 279.8749 14.96830976 90919
OPTICUBE 04             
1 41851U 16067D   18194.19805689  .00000625  00000-0  60072-4 0  9990
2 41851  97.9243 282.6515 0010595  81.3346 278.9075 14.96683037 90980
AEROCUBE 8D             
1 41852U 16067E   18193.70297603 -.00000002  00000-0  51260-5 0  9998
2 41852  97.9249 281.9914 0010914  82.1737 278.0723 14.96509281 90899
AEROCUBE 8C             
1 41853U 16067F   18193.71775620  .00000466  00000-0  46358-4 0  9994
2 41853  97.9250 281.9673 0011524  83.9731 276.2803 14.96473538 90899
PROMETHEUS 2-1          
1 41854U 16067G   18194.19039029  .00000785  00000-0  74210-4 0  9996
2 41854  97.9258 282.4612 0011944  82.3757 277.8820 14.96587779 90961
PROMETHEUS 2-3          
1 41855U 16067H   18194.46049813  .00000859  00000-0  80726-4 0  9990
2 41855  97.9263 282.7398 0012165  81.7820 278.4780 14.96587148 91000
ITF-2                   
1 41932U 98067KU  18194.02838687  .00029824  00000-0  17535-3 0  9993
2 41932  51.6295 207.4966 0003872 337.8317  22.2516 15.77967211 84843
WASEDA-SAT3             
1 41933U 98067KV  18194.44902516  .00065731  00000-0  25799-3 0  9991
2 41933  51.6310 196.6283 0004113   3.8609 356.2426 15.86293891 85023
AOBA-VELOX 3            
1 41935U 98067KX  18194.09765150  .00046753  00000-0  21790-3 0  9995
2 41935  51.6324 201.8941 0004113 351.4018   8.6914 15.82832282 85025
INS-1B                  
1 41954U 17008G   18194.33781232  .00001009  00000-0  45825-4 0  9999
2 41954  97.4446 258.0822 0007740 259.5567 100.4798 15.23074712 77985
BGUSAT                  
1 41999U 17008BD  18194.41461618  .00001639  00000-0  69191-4 0  9991
2 41999  97.4492 259.2955 0006707 280.5484  79.4998 15.24697403 77424
DIDO-2                  
1 42000U 17008BE  18194.40784649  .00000755  00000-0  34874-4 0  9994
2 42000  97.4463 258.5965 0006996 282.6424  77.4030 15.23248086 77395
PEASSS                  
1 42015U 17008BV  18193.84699210  .00000877  00000-0  39106-4 0  9994
2 42015  97.4460 258.5276 0004955 295.7260  64.3465 15.24067492 77825
AL-FARABI 1             
1 42016U 17008BW  18194.16073119  .00001105  00000-0  47872-4 0  9999
2 42016  97.4467 259.0558 0004825 294.7000  65.3734 15.24496278 78008
NAYIF-1 (EO-88)         
1 42017U 17008BX  18193.62947887  .00001157  00000-0  49963-4 0  9992
2 42017  97.4467 258.5348 0004823 297.4978  62.5769 15.24519933 77945
HAVELSAT                
1 42700U 98067LH  18194.46775952  .00024397  00000-0  18240-3 0  9994
2 42700  51.6327 220.2342 0005046   1.3853 358.7159 15.72539722 66158
CXBN-2                  
1 42704U 98067LM  18194.43300284  .00024788  00000-0  18887-3 0  9998
2 42704  51.6332 221.5221 0002143 334.8915  25.1979 15.72088894 66059
ICECUBE                 
1 42705U 98067LN  18194.41920123  .00049245  00000-0  22694-3 0  9993
2 42705  51.6425 211.7507 0003412  10.2008 349.9064 15.83054143 66244
PHOENIX                 
1 42706U 98067LP  18194.46375656  .00017355  00000-0  14494-3 0  9990
2 42706  51.6333 222.4759 0001604 341.3289  18.7650 15.70150465 66030
X-CUBESAT               
1 42707U 98067LQ  18194.43843460  .00027133  00000-0  19670-3 0  9997
2 42707  51.6297 219.9609 0002221 354.6907   5.4067 15.73209830 66056
QBEE50-LTU-OC           
1 42708U 98067LR  18194.46419279  .00024248  00000-0  18361-3 0  9998
2 42708  51.6335 220.9590 0002230 351.7604   8.3358 15.72251602 66006
ALTAIR PATHFINDER       
1 42711U 98067LS  18194.50488952  .00010553  00000-0  11054-3 0  9997
2 42711  51.6342 230.2762 0003311 295.5342  64.5311 15.65036824 65593
SHARC                   
1 42712U 98067LT  18194.12336145  .00017892  00000-0  18139-3 0  9996
2 42712  51.6359 233.7899 0002705 320.8400  39.2399 15.65318227 65757
ZA-AEROSAT              
1 42713U 98067LU  18194.45125671  .00016008  00000-0  14182-3 0  9995
2 42713  51.6328 225.3815 0001898 309.0944  50.9884 15.68778883 65652
LINK                    
1 42714U 98067LV  18194.47470053  .00077244  00000-0  33747-3 0  9992
2 42714  51.6212 211.0274 0003716   6.4148 353.6902 15.84001676 65955
CSUNSAT 1               
1 42715U 98067LW  18194.45948895  .00017714  00000-0  15188-3 0  9990
2 42715  51.6336 224.7079 0003167 297.7006  62.3670 15.69490200 65667
SPACECUBE               
1 42717U 98067LY  18194.49216197  .00024966  00000-0  18986-3 0  9995
2 42717  51.6303 221.1145 0003976   1.7220 358.3791 15.72125326 65083
HOOPOE                  
1 42718U 98067LZ  18194.47639215  .00035232  00000-0  23258-3 0  9990
2 42718  51.6302 218.0054 0004363   1.9212 358.1803 15.75238716 65129
CHALLENGER              
1 42721U 98067MA  18194.41852678  .00204658  27480-4  51446-3 0  9993
2 42721  51.6230 204.5788 0007682  17.8750 342.2527 15.95185745 64993
NJUST-1                 
1 42722U 98067MB  18194.46469179  .00014775  00000-0  13672-3 0  9992
2 42722  51.6339 226.9975 0005758 340.3258  19.7516 15.67768049 64705
UNSW-ECO                
1 42723U 98067MC  18194.46329152  .00037535  00000-0  23758-3 0  9994
2 42723  51.6353 217.9610 0005851 351.9184   8.1721 15.76161868 64805
LILACSAT-1              
1 42725U 98067ME  18194.46268523  .00020255  00000-0  16567-3 0  9991
2 42725  51.6336 223.9717 0005034 345.6623  14.4231 15.70521687 64645
NSIGHT-1                
1 42726U 98067MF  18194.48527854  .00007731  00000-0  93039-4 0  9993
2 42726  51.6371 234.7122 0005300 338.7683  21.3090 15.61902241 64515
SNUSAT-1                
1 42727U 98067MG  18194.47493324  .00021011  00000-0  17184-3 0  9990
2 42727  51.6315 223.9948 0005760 312.3678  47.6831 15.70491353 64614
I-INSPIRE II            
1 42731U 98067ML  18194.44621414  .00042892  00000-0  26324-3 0  9991
2 42731  51.6345 217.0116 0004417 318.3121  41.7542 15.76809480 64591
POLYITAN-2-SAU          
1 42732U 98067MM  18194.44737729  .00025187  00000-0  18453-3 0  9991
2 42732  51.6323 220.8158 0004753 307.3548  52.7018 15.72999320 64544
SNUSAT-1B               
1 42733U 98067MN  18194.49756929  .00022989  00000-0  18140-3 0  9990
2 42733  51.6325 222.6741 0005070 305.6912  54.3614 15.71294143 64522
EXALTA-1                
1 42734U 98067MP  18194.47907184  .00046268  00000-0  27239-3 0  9995
2 42734  51.6267 216.4292 0006489 339.5095  20.5644 15.77699715 64554
BEEAGLESAT              
1 42736U 98067MR  18194.45530129  .00019465  00000-0  16466-3 0  9995
2 42736  51.6329 224.6436 0005953 339.4817  20.5940 15.69730404 64553
UCLSAT                  
1 42765U 17036A   18193.58856229  .00000921  00000-0  43449-4 0  9998
2 42765  97.3992 253.0265 0011524 356.2962   3.8187 15.21913210 59167
LITUANICASAT-2          
1 42768U 17036D   18193.78502559  .00001577  00000-0  73054-4 0  9990
2 42768  97.4008 252.8081 0015004 342.9943  17.0788 15.21472356 58456
AALTO-1                 
1 42775U 17036L   18193.62850935  .00000593  00000-0  30006-4 0  9992
2 42775  97.3985 252.5099 0013566 342.3716  17.7047 15.20791593 58367
URSA MAIOR              
1 42776U 17036M   18193.61374493  .00000679  00000-0  33815-4 0  9998
2 42776  97.3993 252.5516 0013401 342.7267  17.3511 15.20873868 58362
COMPASS 2               
1 42777U 17036N   18193.59031019  .00001233  00000-0  57299-4 0  9999
2 42777  97.4012 252.9574 0012358 346.8289  13.2623 15.21813432 58375
DIAMOND RED             
1 42783U 17036U   18193.59411458  .00000798  00000-0  38473-4 0  9993
2 42783  97.3993 252.8737 0012121 355.9010   4.2125 15.21512339 58379
PEGASUS                 
1 42784U 17036V   18194.48403620  .00000902  00000-0  42847-4 0  9992
2 42784  97.3994 253.8270 0011956 352.7566   7.3496 15.21722473 58513
DIAMOND GREEN           
1 42785U 17036W   18193.59296128  .00000804  00000-0  38727-4 0  9990
2 42785  97.3995 252.8866 0012034 356.5694   3.5458 15.21514986 58443
DIAMOND BLUE            
1 42786U 17036X   18193.59211164  .00000786  00000-0  37955-4 0  9999
2 42786  97.3994 252.8856 0011882 356.9694   3.1467 15.21514006 58445
NUDTSAT                 
1 42787U 17036Y   18194.45790476  .00001329  00000-0  60633-4 0  9997
2 42787  97.4002 254.0282 0011440 352.7428   7.3641 15.22323335 58368
SUCHAI                  
1 42788U 17036Z   18193.64762725  .00001060  00000-0  49401-4 0  9996
2 42788  97.3995 253.1134 0011630 355.8631   4.2507 15.21999207 58460
SKCUBE                  
1 42789U 17036AA  18193.84495211  .00000973  00000-0  45670-4 0  9998
2 42789  97.3993 253.3000 0011454 355.2432   4.8694 15.21957683 58410
VZLUSAT-1               
1 42790U 17036AB  18193.59236590  .00001298  00000-0  59236-4 0  9999
2 42790  97.3999 253.1835 0011114 356.5815   3.5344 15.22340765 58386
ROBUSTA-1B              
1 42792U 17036AD  18194.46861417  .00001060  00000-0  49283-4 0  9998
2 42792  97.3992 253.9814 0011010 354.3814   5.7297 15.22104370 58523
CICERO 6                
1 42793U 17036AE  18194.20280893  .00000736  00000-0  35331-4 0  9992
2 42793  97.3985 253.7070 0010264 357.2730   2.8448 15.21925238 58559
D-SAT                   
1 42794U 17036AF  18193.61491110  .00000251  00000-0  27477-4 0  9997
2 42794  97.5896 247.3102 0126617 196.9650 162.7318 14.90886230 57517
TOKI                    
1 42820U 98067MU  18193.52140575  .00018424  00000-0  16235-3 0  9996
2 42820  51.6330 231.9169 0002228 291.8020  68.2740 15.68789263 57850
MAZAALAI (NUMSAT-1)     
1 42822U 98067MW  18194.19684746  .00018076  00000-0  16122-3 0  9993
2 42822  51.6330 228.9345 0002367 299.8183  60.2578 15.68508410 57917
BRAC ONNESHA            
1 42823U 98067MX  18194.50972693  .00018066  00000-0  16031-3 0  9998
2 42823  51.6336 227.2931 0004831 306.1988  53.8562 15.68626970 57968
NIGERIAEDUSAT-1         
1 42824U 98067MY  18194.47381492  .00017327  00000-0  15541-3 0  9990
2 42824  51.6342 227.8213 0004743 306.4732  53.5827 15.68397855 57943
CORVUS BC2              
1 42846U 17042X   18194.36513916  .00000041  00000-0  94128-5 0  9999
2 42846  97.5950  96.2915 0011130 106.4692 253.7751 14.91831194 54276
CORVUS BC1              
1 42847U 17042Y   18194.20694263  .00000309  00000-0  35840-4 0  9990
2 42847  97.5951  96.1923 0010754 106.4723 253.7678 14.91929781 54247
SILU-1 (SILKROAD 1)     
1 42903U 17021F   18194.39600984  .00020352  00000-0  14845-3 0  9998
2 42903  42.7760 169.3172 0011435 127.9163   3.0517 15.72780354 54050
MIRATA                  
1 43015U 17073C   18193.74459993  .00000494  00000-0  44573-4 0  9997
2 43015  97.7044 123.6923 0257637 188.0070 171.6994 14.78177361 34915
MAKERSAT 0              
1 43016U 17073D   18194.27088394  .00000298  00000-0  29015-4 0  9996
2 43016  97.7073 124.3226 0259131 186.3489 173.4420 14.78178045 34989
ASTERIA                 
1 43020U 98067NH  18194.54396520  .00007774  00000-0  10100-3 0  9996
2 43020  51.6401 241.8865 0001932 284.9729  75.1050 15.59862887 36600
DELLINGR (RBLE)         
1 43021U 98067NJ  18194.49774098  .00004676  00000-0  68099-4 0  9990
2 43021  51.6386 243.7970 0001794 270.5866  89.4920 15.57856420 36574
OSIRIS-3U               
1 43027U 98067NL  18194.52226908  .00022786  00000-0  22588-3 0  9996
2 43027  51.6357 237.1900 0002481 290.7805  69.2925 15.65705271 36543
AEROCUBE 7B             
1 43042U 17071F   18194.22502749  .00002795  00000-0  81358-4 0  9995
2 43042  51.6392 274.6555 0005146   3.3984 356.7035 15.39006380 33615
AEROCUBE 7C             
1 43043U 17071G   18193.64054607  .00002351  00000-0  70056-4 0  9997
2 43043  51.6395 277.5074 0005194   4.1588 355.9438 15.39005139 33494
CHEFSAT                 
1 43044U 17071H   18194.21797351  .00004638  00000-0  12421-3 0  9993
2 43044  51.6398 273.8871 0005193   4.4583 355.6447 15.40007878 33591
ASGARDIA 1              
1 43049U 17071N   18193.61912975  .00001873  00000-0  57649-4 0  9992
2 43049  51.6396 277.3714 0002790  26.7803 333.3325 15.39134766 33493
ISARA                   
1 43050U 17071P   18194.22261056  .00003852  00000-0  10546-3 0  9992
2 43050  51.6391 273.9130 0002697  23.1487 336.9619 15.39824452 33582
FAUNA                   
1 43052U 17071R   18193.60537361  .00001820  00000-0  56056-4 0  9990
2 43052  51.6398 277.2882 0002680  23.3498 336.7608 15.39275284 33486
CORVUS BC3              
1 43118U 18004H   18193.84366717  .00000594  00000-0  28883-4 0  9995
2 43118  97.5315 256.4826 0010902  14.4006 345.7538 15.22290161 27619
MICROMAS-2A             
1 43131U 18004W   18194.38543817  .00001472  00000-0  65821-4 0  9997
2 43131  97.5324 257.1565 0010057  16.5987 343.5577 15.22892154 27703
GOMX4-B                 
1 43196U 18015E   18191.91822320 -.00000059  00000-0  46515-6 0  9997
2 43196  97.3495 320.3623 0020449  76.2231 284.1280 15.23667256 24140
GOMX4-A                 
1 43197U 18015F   18194.41805935  .00000294  00000-0  15128-4 0  9993
2 43197  97.3496 322.8162 0020997  67.5924 335.7654 15.23685101 24537
UBAKUSAT                
1 43466U 98067NP  18194.50681627  .00008062  00000-0  11984-3 0  9993
2 43466  51.6386 246.8523 0000336  22.1800 337.9206 15.56144136  9790
1KUNS-PF                
1 43467U 98067NQ  18194.50908978  .00005981  00000-0  91368-4 0  9997
2 43467  51.6391 246.8689 0002035 231.6464 128.4344 15.55945682  9803
BATSU-CS1 (IRAZU)       
1 43468U 98067NR  18194.18043125  .00009290  00000-0  13592-3 0  9995
2 43468  51.6386 248.4225 0000467  25.7057 334.3958 15.56366176109737
