CUTE-1 (CO-55)          
1 27844U 03031E   18096.47482672  .00000042  00000-0  38813-4 0  9999
2 27844  98.6891 106.1828 0009109 213.3120 146.7485 14.22103846766000
CUBESAT XI-IV (CO-57)   
1 27848U 03031J   18096.48459624  .00000030  00000-0  33598-4 0  9997
2 27848  98.6978 106.5659 0008855 224.1687 135.8784 14.21709049765872
CUBESAT XI 5            
1 28895U 05043F   18096.42103483  .00000133  00000-0  34419-4 0  9995
2 28895  97.8984 250.8252 0015521 298.3282  61.6354 14.63526740663144
CUTE-1.7+APD II (CO-65) 
1 32785U 08021C   18096.50340420  .00000200  00000-0  27391-4 0  9996
2 32785  97.5511 112.0921 0011514 277.0536  82.9371 14.88089347538449
AAUSAT-II               
1 32788U 08021F   18096.50603141  .00000529  00000-0  54292-4 0  9995
2 32788  97.5289 125.9753 0010745 222.7073 137.3314 14.94276251539473
DELFI-C3 (DO-64)        
1 32789U 08021G   18096.08734763  .00001263  00000-0  90997-4 0  9992
2 32789  97.5204 152.7025 0012820 176.4153 183.7168 15.05882049540937
SEEDS II (CO-66)        
1 32791U 08021J   18096.50725581  .00000213  00000-0  27202-4 0  9993
2 32791  97.5415 117.2886 0011836 255.3621 104.6285 14.90506036538759
SWISSCUBE               
1 35932U 09051B   18095.87419771  .00000145  00000-0  43695-4 0  9995
2 35932  98.5340 245.3400 0008801  76.0550 284.1625 14.56138757452872
BEESAT                  
1 35933U 09051C   18096.52501042  .00000111  00000-0  36004-4 0  9991
2 35933  98.5382 247.5073 0007076  86.1061 274.0945 14.56245223453119
ITUPSAT 1               
1 35935U 09051E   18095.37062025  .00000113  00000-0  37000-4 0  9997
2 35935  98.5491 246.5796 0009370  84.0821 276.1443 14.55424453452739
M-CUBED & EXP-1 PRIME   
1 37855U 11061F   18096.50836620  .00000674  00000-0  42899-4 0  9994
2 37855 101.7241 122.3650 0176879 294.3678  63.9159 15.04241119350405
STRAND-1                
1 39090U 13009E   18096.50199752  .00000005  00000-0  17046-4 0  9993
2 39090  98.5291 303.7913 0009830 144.3504 215.8340 14.35017917267527
AIST-2 (RS-43)          
1 39133U 13015D   18096.46059171  .00000090  00000-0  18979-4 0  9993
2 39133  64.8727  78.5562 0028983 233.5956 126.2491 15.04517875272426
SOMP                    
1 39134U 13015E   18096.17769462  .00001066  00000-0  60126-4 0  9998
2 39134  64.8650 359.8134 0020697 219.2802 140.6824 15.18963019273967
BEESAT 3                
1 39135U 13015F   18096.21419131  .00000806  00000-0  50990-4 0  9998
2 39135  64.8709  12.1238 0026397 245.6142 114.2228 15.16518782273731
BEESAT-2                
1 39136U 13015G   18096.22473891  .00000747  00000-0  48682-4 0  9992
2 39136  64.8711  14.6826 0026886 244.6642 115.1699 15.15992719273683
NEE-01 PEGASUS          
1 39151U 13018B   18096.22550282  .00000166  00000-0  29045-4 0  9999
2 39151  97.9730 190.8106 0017252 177.0797 183.0518 14.79874514266871
ESTCUBE 1               
1 39161U 13021C   18096.45185679  .00000162  00000-0  33666-4 0  9993
2 39161  98.0084 183.4007 0008135 290.6248  69.4091 14.72040939263898
POPACS 1                
1 39268U 13055D   18096.19669238  .00004958  00000-0  13824-3 0  9997
2 39268  81.0031  61.7661 0641527  78.4808 288.7653 14.33577723232660
POPACS 2                
1 39269U 13055E   18096.28601135  .00002299  00000-0  65602-4 0  9998
2 39269  81.0138  82.1518 0694202 131.3467 234.9610 14.21712434232927
POPACS 3                
1 39270U 13055F   18096.31358623  .00001182  00000-0  36014-4 0  9990
2 39270  81.0145  93.4954 0720699 165.0200 197.3625 14.14398058232196
ZACUBE-1 (TSHEPISOSAT)  
1 39417U 13066B   18096.55860760  .00000191  00000-0  30461-4 0  9990
2 39417  97.5948 128.9941 0059858  31.2186 329.2560 14.80902868236192
WNISAT-1                
1 39423U 13066H   18096.37875918  .00000077  00000-0  25335-4 0  9995
2 39423  97.7199  66.0418 0174127 241.6757 116.6784 14.52938575231800
GOMX 1                  
1 39430U 13066Q   18096.36510068  .00000175  00000-0  40725-4 0  9993
2 39430  97.6921  78.4402 0151096 196.7560 162.8620 14.59047803232683
EAGLE 2                 
1 39436U 13066W   18096.31461593  .00177676  00000-0  14153-2 0  9997
2 39436  97.7122 227.2979 0001355 250.2815 109.8301 15.70636737242038
CUBEBUG-2 (LO-74)       
1 39440U 13066AA  18096.46799364  .00000211  00000-0  36318-4 0  9997
2 39440  97.6061 115.9488 0082003  68.9357 292.0598 14.75637223234147
NEE-02 KRYSAOR          
1 39441U 13066AB  18096.51047113  .00000123  00000-0  24406-4 0  9999
2 39441  97.6059 114.2787 0083471  73.4794 287.5566 14.74751888234052
FUNCUBE-1 (AO-73)       
1 39444U 13066AE  18096.52442247  .00000240  00000-0  36000-4 0  9993
2 39444  97.5959 130.3961 0058905  27.0689 333.3575 14.81672512235042
UWE-3                   
1 39446U 13066AG  18096.47812193  .00000214  00000-0  35049-4 0  9993
2 39446  97.5991 122.0639 0071422  50.5616 310.1887 14.78171197233934
BRITE-TORONTO           
1 40020U 14033L   18096.57728741  .00000027  00000-0  12887-4 0  9991
2 40020  97.7962 318.4962 0088877 112.7253 248.3376 14.66479865202979
DUCHIFAT-1              
1 40021U 14033M   18096.21593396  .00000324  00000-0  39204-4 0  9991
2 40021  97.9170  14.8046 0014370  58.8809 301.3816 14.90245162206237
NANOSATC-BR1            
1 40024U 14033Q   18096.22158095  .00000306  00000-0  37995-4 0  9993
2 40024  97.9109  13.1938 0013680  60.9196 299.3389 14.89516946205644
QB50P1                  
1 40025U 14033R   18096.22839423  .00000293  00000-0  37395-4 0  9994
2 40025  97.9074  11.7682 0013893  64.5157 295.7495 14.88669977206088
QB50P2                  
1 40032U 14033Y   18096.22939096  .00000280  00000-0  36372-4 0  9999
2 40032  97.9031  10.5591 0013237  60.5376 299.7159 14.88217816206022
PERSEUS-M2              
1 40037U 14033AD  18096.45362475  .00000103  00000-0  17973-4 0  9990
2 40037  97.9025   8.5412 0015799  67.0674 293.2206 14.86338164205374
PERSEUS-M1              
1 40039U 14033AF  18096.19101717  .00000108  00000-0  18628-4 0  9996
2 40039  97.9025   7.6851 0015615  64.7422 295.5409 14.85959952205277
POLYITAN-1              
1 40042U 14033AJ  18096.20227964  .00000317  00000-0  40316-4 0  9996
2 40042  97.9148  11.8384 0016017  53.7732 306.4962 14.88347058205495
TIGRISAT                
1 40043U 14033AK  18096.62779526  .00000133  00000-0  27143-4 0  9998
2 40043  97.8192 336.5173 0061499  69.9145 290.8669 14.74114997203765
AEROCUBE 6A             
1 40045U 14033AM  18096.13548745  .00000321  00000-0  53701-4 0  9991
2 40045  97.8350 338.0853 0059596  65.9400 294.8030 14.75096913203900
AEROCUBE 6B             
1 40046U 14033AN  18096.40760347  .00000320  00000-0  53660-4 0  9999
2 40046  97.8324 338.2289 0058672  64.6426 296.0843 14.75087203203701
UKUBE-1                 
1 40074U 14037F   18096.53455466  .00000215  00000-0  33095-4 0  9994
2 40074  98.3754 230.2220 0004750 169.3286 190.8028 14.83752399202671
BRITE-PL 2              
1 40119U 14049B   18096.47982577  .00000138  00000-0  22995-4 0  9999
2 40119  97.9179 185.6049 0016872 207.8477 152.1836 14.84268026196576
FIREBIRD 4              
1 40378U 15003C   18096.54851022  .00001850  00000-0  79157-4 0  9999
2 40378  99.0952 344.1349 0133288 108.6336 252.9418 15.16925357175466
GRIFEX                  
1 40379U 15003D   18096.58021544  .00001347  00000-0  62756-4 0  9990
2 40379  99.0987 340.6620 0139928 120.0442 241.4750 15.14112816175256
EXOCUBE                 
1 40380U 15003E   18095.62304535  .00001047  00000-0  51831-4 0  9999
2 40380  99.1039 337.5821 0144184 129.6518 231.7533 15.12352111174975
TIANWANG 1C (TW-1C)     
1 40926U 15051B   18096.54900067  .00006783  00000-0  13208-3 0  9999
2 40926  97.1914 139.2507 0010386 167.0569 335.8254 15.47826629142224
TIANWANG 1A (TW-1A)     
1 40928U 15051D   18096.35532407  .00002572  00000-0  70207-4 0  9994
2 40928  97.1932 131.7510 0010689 213.2264 339.2382 15.38284792141733
EXACTVIEW 9             
1 40936U 15052G   18096.00653698  .00000869  00000-0  32735-4 0  9993
2 40936   6.0043 308.5578 0010248  53.3826 306.7296 14.76365619136286
ATHENOXAT 1             
1 41168U 15077C   18096.41449315  .00002000  00000-0  73227-4 0  9992
2 41168  14.9832 185.5380 0011939 125.4773 309.0413 15.12597182127495
GALASSIA                
1 41170U 15077E   18096.56416345  .00001850  00000-0  63940-4 0  9991
2 41170  14.9880 179.3333 0013207 146.6086 213.5069 15.12997119127560
VELOX 2                 
1 41171U 15077F   18096.59906664  .00001484  00000-0  48266-4 0  9990
2 41171  14.9906 198.8486 0009013  89.5485 270.5868 15.10539713127394
HORYU-IV                
1 41340U 16012D   18096.23214234  .00000544  00000-0  34945-4 0  9999
2 41340  31.0059  44.8007 0014055 100.2513 259.9708 15.00932706117071
E-ST@R-II               
1 41459U 16025D   18096.40636404  .00001556  00000-0  84995-4 0  9994
2 41459  98.1437 155.2691 0172694  29.6565 331.4315 15.04195947106639
AAUSAT 4                
1 41460U 16025E   18096.51761491  .00001464  00000-0  79766-4 0  9991
2 41460  98.1368 155.7781 0163449  25.6509 335.2726 15.05534389106705
DIWATA-1                
1 41463U 98067HT  18096.49224740  .00008834  00000-0  80850-4 0  9992
2 41463  51.6413 338.3127 0001824 159.0038 261.5234 15.68691581110744
BEESAT-4                
1 41619U 16040W   18096.21052406  .00001403  00000-0  64594-4 0  9996
2 41619  97.4224 160.3346 0013245 119.4824 240.7735 15.21897149 87143
CANX-7                  
1 41788U 16059F   18096.59485479  .00007890  00000-0  13615-2 0  9996
2 41788  98.2018 162.7998 0024804 321.0674  38.8627 14.68533394 81594
ALSAT 1N                
1 41789U 16059G   18096.40618663  .00000081  00000-0  24663-4 0  9992
2 41789  98.1259 160.1757 0027245 315.5683  44.3337 14.64139578 81510
RAVAN                   
1 41849U 16067B   18096.46092202  .00001325  00000-0  11844-3 0  9997
2 41849  97.9265 184.1573 0009677  52.9441 307.2664 14.97650631 76394
CELTEE 1                
1 41850U 16067C   18095.69287662 -.00000104  00000-0 -37603-5 0  9998
2 41850  97.9240 182.9525 0009681  50.7960 309.4119 14.96771109 76256
OPTICUBE 04             
1 41851U 16067D   18096.45368120  .00000674  00000-0  64371-4 0  9994
2 41851  97.9241 183.6563 0010027  51.9185 308.2939 14.96641797 76364
AEROCUBE 8D             
1 41852U 16067E   18096.21418948 -.00000264  00000-0 -17924-4 0  9992
2 41852  97.9255 183.2663 0010757  50.1020 310.1145 14.96447678 76314
AEROCUBE 8C             
1 41853U 16067F   18096.22662468 -.00000007  00000-0  47546-5 0  9990
2 41853  97.9248 183.2465 0010928  50.9931 309.2261 14.96408528 76315
PROMETHEUS 2-1          
1 41854U 16067G   18096.17068457  .00000476  00000-0  47185-4 0  9990
2 41854  97.9253 183.1826 0011202  51.8360 308.3868 14.96486555 76302
PROMETHEUS 2-3          
1 41855U 16067H   18096.17319570  .00000536  00000-0  52483-4 0  9990
2 41855  97.9256 183.1880 0011410  52.3550 307.8704 14.96483974 76309
ITF-2                   
1 41932U 98067KU  18096.56759331  .00023755  00000-0  18267-3 0  9991
2 41932  51.6374 348.7164 0002770 269.4591  90.6090 15.71897006 69487
WASEDA-SAT3             
1 41933U 98067KV  18096.52827312  .00034294  00000-0  22059-3 0  9997
2 41933  51.6364 344.5917 0002253 257.3464 102.7284 15.75856261 69536
AOBA-VELOX 3            
1 41935U 98067KX  18096.15795014  .00035077  00000-0  24084-3 0  9991
2 41935  51.6372 348.1891 0002076 260.0408 100.0357 15.74338421 69556
INS-1B                  
1 41954U 17008G   18096.56974986  .00001173  00000-0  53230-4 0  9996
2 41954  97.4533 161.1180 0008076 238.9453 121.0991 15.22792198 63108
BGUSAT                  
1 41999U 17008BD  18096.61434151  .00001826  00000-0  77792-4 0  9990
2 41999  97.4574 162.0124 0006895 259.3210 100.7250 15.24251124 62523
DIDO-2                  
1 42000U 17008BE  18096.52145097  .00000769  00000-0  35691-4 0  9999
2 42000  97.4551 161.4617 0007079 261.7899  98.2535 15.23034109 62491
PEASSS                  
1 42015U 17008BV  18096.53731456  .00001064  00000-0  47153-4 0  9991
2 42015  97.4546 161.8508 0004922 271.0101  89.0572 15.23813008 63008
AL-FARABI 1             
1 42016U 17008BW  18096.61389131  .00001308  00000-0  56662-4 0  9996
2 42016  97.4553 162.0751 0004805 270.6089  89.4598 15.24176021 63145
NAYIF-1 (EO-88)         
1 42017U 17008BX  18096.60923371  .00001363  00000-0  58887-4 0  9998
2 42017  97.4551 162.0762 0004779 271.1369  88.9320 15.24198767 63163
HAVELSAT                
1 42700U 98067LH  18096.12687996  .00024739  00000-0  22905-3 0  9991
2 42700  51.6377   2.2704 0003031 352.0257   8.0690 15.67356493 50704
SGSAT                   
1 42703U 98067LL  18096.05433945  .00203258  00000-0  65713-3 0  9998
2 42703  51.6312 348.0773 0004699 212.6366 147.4350 15.89729311 50793
CXBN-2                  
1 42704U 98067LM  18096.12966073  .00023862  00000-0  22432-3 0  9992
2 42704  51.6382   3.0501 0001013 216.6253 143.4674 15.67004074 50618
ICECUBE                 
1 42705U 98067LN  18096.34189279  .00047533  00000-0  35706-3 0  9991
2 42705  51.6425 357.7723 0001559 243.9251 116.1587 15.72087628 50766
PHOENIX                 
1 42706U 98067LP  18096.14146339  .00021913  00000-0  21321-3 0  9992
2 42706  51.6375   3.1218 0000382 176.3746 183.7252 15.66202000 50601
X-CUBESAT               
1 42707U 98067LQ  18096.12705385  .00025437  00000-0  23237-3 0  9996
2 42707  51.6349   2.2304 0000610 176.7618 183.3382 15.67673373 50601
QBEE50-LTU-OC           
1 42708U 98067LR  18096.10415947  .00024394  00000-0  22822-3 0  9997
2 42708  51.6377   2.8565 0000515 177.2021 182.8978 15.67109548 50553
ALTAIR PATHFINDER       
1 42711U 98067LS  18095.96460370  .00012418  00000-0  14276-3 0  9992
2 42711  51.6380   8.6911 0002787 260.6933  99.3746 15.62443548 50171
SHARC                   
1 42712U 98067LT  18096.12868787  .00010167  00000-0  12342-3 0  9997
2 42712  51.6400   9.0788 0001211 266.0526  94.0329 15.61259926 50422
ZA-AEROSAT              
1 42713U 98067LU  18096.17634656  .00018302  00000-0  18719-3 0  9992
2 42713  51.6368   4.8453 0001386 225.5866 134.5016 15.65078488 50247
LINK                    
1 42714U 98067LV  18096.11064537  .00042168  00000-0  31499-3 0  9999
2 42714  51.6323 359.0766 0001961 202.7006 157.3906 15.72273285 50424
CSUNSAT 1               
1 42715U 98067LW  18096.15344494  .00019508  00000-0  19636-3 0  9998
2 42715  51.6383   4.7063 0002836 244.2142 115.8561 15.65431994 50240
SPACECUBE               
1 42717U 98067LY  18096.31961780  .00024083  00000-0  22585-3 0  9992
2 42717  51.6360   2.0414 0001792   0.6970 359.4028 15.67058361 49664
HOOPOE                  
1 42718U 98067LZ  18096.13097033  .00028796  00000-0  25178-3 0  9990
2 42718  51.6371   1.5355 0001410 359.8971   0.2026 15.68678358 49655
CHALLENGER              
1 42721U 98067MA  18096.09925733  .00046051  00000-0  30111-3 0  9993
2 42721  51.6334 356.7470 0001976 308.1872  51.8949 15.75339829 49410
NJUST-1                 
1 42722U 98067MB  18096.58077564  .00014979  00000-0  15894-3 0  9993
2 42722  51.6377   3.8077 0004450 327.7666  32.3057 15.64312826 49363
UNSW-ECO                
1 42723U 98067MC  18096.09181546  .00031572  00000-0  27181-3 0  9996
2 42723  51.6385   2.0434 0003098 323.0871  36.9913 15.69003039 49320
LILACSAT-1              
1 42725U 98067ME  18096.33561829  .00021444  00000-0  21030-3 0  9995
2 42725  51.6377   3.6686 0003225 329.7640  30.3169 15.66016622 49249
NSIGHT-1                
1 42726U 98067MF  18096.16370478  .00007463  00000-0  95299-4 0  9999
2 42726  51.6399  10.0576 0004692 330.9216  29.1515 15.60393004 49153
SNUSAT-1                
1 42727U 98067MG  18095.32159819  .00021404  00000-0  21108-3 0  9999
2 42727  51.6362   8.8585 0004842 275.4932  84.5511 15.65872251 49055
I-INSPIRE II            
1 42731U 98067ML  18096.17231580  .00032558  00000-0  27417-3 0  9995
2 42731  51.6364   1.0301 0004012 256.7571 103.2979 15.69521080 49123
POLYITAN-2-SAU          
1 42732U 98067MM  18096.31502527  .00025318  00000-0  23263-3 0  9995
2 42732  51.6368   2.0023 0004405 258.2846 101.7656 15.67526252 49127
SNUSAT-1B               
1 42733U 98067MN  18096.15140097  .00023337  00000-0  22425-3 0  9996
2 42733  51.6375   3.9190 0004488 263.0668  96.9817 15.66464029 49089
EXALTA-1                
1 42734U 98067MP  18096.17490283  .00033828  00000-0  28223-3 0  9992
2 42734  51.6347   1.0360 0004402 289.8517  70.2006 15.69724344 49078
BEEAGLESAT              
1 42736U 98067MR  18096.35229381  .00020134  00000-0  20110-3 0  9996
2 42736  51.6369   3.7587 0004502 321.2838  38.7834 15.65597778 49165
ATLANTIS                
1 42737U 98067MS  18087.11387049  .13966215  12356-4  93055-3 0  9999
2 42737  51.6095  27.8979 0006293 234.7874 125.2564 16.40626348 47903
UCLSAT                  
1 42765U 17036A   18096.20658969  .00001169  00000-0  54754-4 0  9996
2 42765  97.4088 157.1928 0011015 336.6153  23.4580 15.21649968 43763
LITUANICASAT-2          
1 42768U 17036D   18095.97526426  .00001781  00000-0  83149-4 0  9994
2 42768  97.4102 156.6097 0014653 324.1410  35.8840 15.21049705 43582
AALTO-1                 
1 42775U 17036L   18096.57211443  .00000730  00000-0  36403-4 0  9993
2 42775  97.4083 157.1620 0013106 320.5453  39.4826 15.20611294 43610
URSA MAIOR              
1 42776U 17036M   18096.23311696  .00000810  00000-0  39940-4 0  9996
2 42776  97.4089 156.8658 0012959 322.1268  37.9054 15.20680258 43567
COMPASS 2               
1 42777U 17036N   18096.39676451  .00001487  00000-0  69139-4 0  9991
2 42777  97.4107 157.3030 0011896 325.8924  34.1546 15.21470640 43598
DIAMOND RED             
1 42783U 17036U   18096.12186921  .00000923  00000-0  44315-4 0  9990
2 42783  97.4090 157.0058 0011600 336.4165  23.6538 15.21288506 43559
PEGASUS                 
1 42784U 17036V   18096.23524751  .00001063  00000-0  50330-4 0  9990
2 42784  97.4092 157.1644 0011551 336.0571  24.0126 15.21469767 43576
DIAMOND GREEN           
1 42785U 17036W   18096.58132175  .00000924  00000-0  44376-4 0  9992
2 42785  97.4090 157.4687 0011463 335.4224  24.6464 15.21294554 43699
DIAMOND BLUE            
1 42786U 17036X   18096.12003474  .00000918  00000-0  44114-4 0  9995
2 42786  97.4091 157.0151 0011369 337.5347  22.5389 15.21293494 43546
NUDTSAT                 
1 42787U 17036Y   18096.57325899  .00001545  00000-0  70714-4 0  9995
2 42787  97.4097 157.6346 0011033 334.8363  25.2334 15.21960911 43478
SUCHAI                  
1 42788U 17036Z   18096.13867631  .00001266  00000-0  58956-4 0  9997
2 42788  97.4092 157.1388 0011150 336.7125  23.3605 15.21705639 43634
SKCUBE                  
1 42789U 17036AA  18096.59697652  .00001122  00000-0  52628-4 0  9993
2 42789  97.4089 157.5903 0010945 335.0231  25.0474 15.21683862 43624
VZLUSAT-1               
1 42790U 17036AB  18096.23496191  .00001574  00000-0  71948-4 0  9998
2 42790  97.4093 157.3094 0010641 336.9064  23.1692 15.21988374 43578
ROBUSTA-1B              
1 42792U 17036AD  18096.57219548  .00001143  00000-0  53336-4 0  9999
2 42792  97.4088 157.6144 0010571 336.6206  23.4548 15.21822873 43631
CICERO 6                
1 42793U 17036AE  18096.23178450  .00000750  00000-0  36145-4 0  9991
2 42793  97.4083 157.2952 0009795 339.7685  20.3162 15.21730510 43657
D-SAT                   
1 42794U 17036AF  18096.09379223  .00000367  00000-0  37423-4 0  9991
2 42794  97.6003 153.4443 0127760 161.4980 199.0949 14.90815669 42982
TOKI                    
1 42820U 98067MU  18096.19103574  .00019537  00000-0  20237-3 0  9992
2 42820  51.6372   6.4369 0002116 223.5721 136.5107 15.64705274 42596
MAZAALAI (NUMSAT-1)     
1 42822U 98067MW  18096.59656650  .00017011  00000-0  17838-3 0  9994
2 42822  51.6371   4.6485 0001989 232.0641 128.0174 15.64504834 42633
BRAC ONNESHA            
1 42823U 98067MX  18096.14896449  .00019458  00000-0  20275-3 0  9994
2 42823  51.6377   6.9224 0004037 270.9649  89.0884 15.64553944 42564
NIGERIAEDUSAT-1         
1 42824U 98067MY  18096.16516960  .00019138  00000-0  20067-3 0  9998
2 42824  51.6385   7.0425 0003924 271.6930  88.3615 15.64406479 42535
CORVUS BC2              
1 42846U 17042X   18096.16837665  .00000113  00000-0  16561-4 0  9992
2 42846  97.6028   1.6191 0011188  78.0808 282.1665 14.91784552 39633
CORVUS BC1              
1 42847U 17042Y   18096.15082069  .00000318  00000-0  36763-4 0  9995
2 42847  97.6028   1.6409 0010832  77.9066 282.3366 14.91883359 39629
SILU-1 (SILKROAD 1)     
1 42903U 17021F   18096.78039485  .00019808  00000-0  17336-3 0  9996
2 42903  42.7800  39.7647 0009794 165.3657 280.5059 15.68447759 38702
MIRATA                  
1 43015U 17073C   18096.26078983  .00000811  00000-0  69162-4 0  9996
2 43015  97.7005  30.3292 0259614 145.3959 216.4459 14.77915872 20515
ASTERIA                 
1 43020U 98067NH  18096.39248758  .00013530  00000-0  18600-3 0  9999
2 43020  51.6417  14.5884 0001591 253.4632 106.6185 15.57613774 21293
DELLINGR (RBLE)         
1 43021U 98067NJ  18096.37640027  .00007528  00000-0  11078-3 0  9995
2 43021  51.6406  15.2233 0001480 246.2059 113.8777 15.56535782 21285
TECHEDSAT 6             
1 43026U 98067NK  18096.60660258  .00151869  00000-0  95040-3 0  9993
2 43026  51.6324   6.2098 0003939 185.0022 175.0939 15.75830177 21321
OSIRIS-3U               
1 43027U 98067NL  18096.13485013  .00026076  00000-0  31471-3 0  9995
2 43027  51.6394  14.3580 0002457 211.8010 148.2836 15.60565490 21150
AEROCUBE 7B             
1 43042U 17071F   18096.41551063  .00003623  00000-0  10451-3 0  9996
2 43042  51.6403  31.0512 0005507  13.1190 346.9936 15.38368831 18553
AEROCUBE 7C             
1 43043U 17071G   18096.21998044  .00003938  00000-0  11271-3 0  9999
2 43043  51.6404  31.9980 0005455  13.2650 346.8476 15.38363127 18491
CHEFSAT                 
1 43044U 17071H   18096.39321567  .00005565  00000-0  15229-3 0  9994
2 43044  51.6407  30.9122 0005537  11.8897 348.2217 15.38911180 18521
ASGARDIA 1              
1 43049U 17071N   18096.33711174  .00003042  00000-0  89014-4 0  9992
2 43049  51.6406  31.2837 0003112  37.0579 323.0619 15.38510305 18505
ISARA                   
1 43050U 17071P   18096.38995843  .00004679  00000-0  12988-3 0  9998
2 43050  51.6406  30.8921 0003089  34.7350 325.3836 15.38862928 18529
FAUNA                   
1 43052U 17071R   18096.20129025  .00003146  00000-0  91407-4 0  9994
2 43052  51.6408  31.8818 0002975  33.7190 326.3983 15.38613776 18487
CORVUS BC3              
1 43118U 18004H   18096.22553781  .00000765  00000-0  36508-4 0  9991
2 43118  97.5408 158.6484 0010383 355.8730   4.2419 15.22110165 12764
MICROMAS-2A             
1 43131U 18004W   18096.40551077  .00001756  00000-0  78819-4 0  9994
2 43131  97.5413 158.8740 0009589 359.4868   0.6357 15.22511490 12790
GOMX4-B                 
1 43196U 18015E   18096.61922510  .00000514  00000-0  24388-4 0  9997
2 43196  97.3353 227.0852 0021186  52.9820 307.3365 15.23451408  9633
GOMX4-A                 
1 43197U 18015F   18096.57735330  .00000362  00000-0  17977-4 0  9992
2 43197  97.3349 227.0392 0020913  52.8689  70.5733 15.23575487  9639
