CUTE-1 (CO-55)          
1 27844U 03031E   19047.93918836  .00000055  00000-0  44430-4 0  9999
2 27844  98.6864  57.9587 0010275  29.3834 330.7920 14.22160362810946
CUBESAT XI-IV (CO-57)   
1 27848U 03031J   19047.89677828  .00000042  00000-0  38989-4 0  9999
2 27848  98.6945  58.3882 0010355  39.9947 320.1992 14.21757936810809
CUBESAT XI-V            
1 28895U 05043F   19047.89003320  .00000091  00000-0  26328-4 0  9995
2 28895  97.9384 194.9374 0017098  20.7897 339.3998 14.63630876709430
CUTE-1.7+APD II (CO-65) 
1 32785U 08021C   19047.85883422  .00000177  00000-0  24764-4 0  9999
2 32785  97.5478  53.3374 0011894 311.6873  48.3326 14.88250451585499
AAUSAT-II               
1 32788U 08021F   19047.94103285  .00000702  00000-0  69868-4 0  9992
2 32788  97.5051  69.0148 0010411 244.8710 115.1431 14.94602689586631
DELFI-C3 (DO-64)        
1 32789U 08021G   19047.69387658  .00001433  00000-0  10056-3 0  9999
2 32789  97.4814 100.9556 0012602 176.1411 183.9916 15.06655190588491
SEEDS II (CO-66)        
1 32791U 08021J   19047.74557536  .00000182  00000-0  23897-4 0  9990
2 32791  97.5300  59.0530 0011865 286.0754  73.9158 14.90734783585864
SWISSCUBE               
1 35932U 09051B   19047.91321417  .00000113  00000-0  36640-4 0  9994
2 35932  98.5717 210.4183 0007894 171.4587 188.6746 14.56244680499014
BEESAT-1                
1 35933U 09051C   19047.92385198  .00000093  00000-0  31882-4 0  9992
2 35933  98.5751 212.1240 0005853 181.6631 178.4548 14.56338817499082
ITUPSAT1                
1 35935U 09051E   19047.91155490  .00000056  00000-0  23949-4 0  9997
2 35935  98.5862 212.3565 0008189 181.2490 178.8687 14.55504292498890
TISAT 1                 
1 36799U 10035E   19047.94908787  .00000440  00000-0  50581-4 0  9997
2 36799  98.1362 196.2042 0013478 122.8987 237.3529 14.91005065466423
M-CUBED & EXP-1 PRIME   
1 37855U 11061F   19047.56198536  .00000753  00000-0  45809-4 0  9996
2 37855 101.7274 240.3757 0174438  78.6912 283.3844 15.05139110397939
STRAND-1                
1 39090U 13009E   19047.56226540  .00000039  00000-0  28898-4 0  9996
2 39090  98.4993 255.4764 0008155 295.2119  64.8220 14.35070978312873
SOMP                    
1 39134U 13015E   19047.83769063  .00000994  00000-0  55482-4 0  9993
2 39134  64.8629  55.1180 0019280 321.7042  38.2714 15.19815728321699
BEESAT-3                
1 39135U 13015F   19047.67796330  .00000723  00000-0  46022-4 0  9993
2 39135  64.8700  72.2552 0010097 275.8663  84.1312 15.17206900321731
BEESAT-2                
1 39136U 13015G   19047.47204182  .00000767  00000-0  48936-4 0  9995
2 39136  64.8686  76.3744 0010688 287.9737  72.0224 15.16639261321248
NEE-01 PEGASO           
1 39151U 13018B   19047.71468348  .00000110  00000-0  21506-4 0  9994
2 39151  97.9708 145.0560 0016029 234.0020 125.9706 14.79999367313686
ESTCUBE 1               
1 39161U 13021C   19047.78919163  .00000089  00000-0  21978-4 0  9990
2 39161  97.9943 134.7806 0010040   4.5764 355.5529 14.72158799310431
POPACS 1                
1 39268U 13055D   19047.83268947  .00003041  00000-0  85276-4 0  9990
2 39268  81.0019  89.3128 0629816 224.0783 130.8545 14.36012596279548
POPACS 2                
1 39269U 13055E   19047.50524965  .00001734  00000-0  50726-4 0  9999
2 39269  81.0152 116.7407 0685734 295.3360  57.8323 14.23326466276667
POPACS 3                
1 39270U 13055F   19047.53969557  .00001776  00000-0  55489-4 0  9991
2 39270  81.0179 131.9375 0715535 339.7167  17.6839 14.15482092256216
ZACUBE-1 (TSHEPISOSAT)  
1 39417U 13066B   19047.96271513  .00000207  00000-0  32272-4 0  9994
2 39417  97.5698  68.2602 0060429  73.5930 287.1914 14.81055175283026
WNISAT-1                
1 39423U 13066H   19047.81499375  .00000131  00000-0  35885-4 0  9992
2 39423  97.7630 358.4726 0175569 333.9960  25.2521 14.53017072277751
TRITON-1                
1 39427U 13066M   19047.90819254  .00000116  00000-0  26544-4 0  9993
2 39427  97.6635  32.9075 0113478 194.7574 165.0311 14.67780571280283
GOMX-1                  
1 39430U 13066Q   19047.77219705  .00000164  00000-0  39275-4 0  9995
2 39430  97.7300  12.4707 0149903 278.9621  79.4640 14.59198079278829
CUBEBUG-2 (LO-74)       
1 39440U 13066AA  19047.91419568  .00000171  00000-0  30658-4 0  9995
2 39440  97.6002  53.5610 0081647 120.0942 240.8396 14.75793117280816
NEE-02 KRYSAOR          
1 39441U 13066AB  19047.94783180  .00000116  00000-0  23406-4 0  9995
2 39441  97.6028  51.4989 0083046 126.1898 234.7029 14.74862973280690
FUNCUBE-1 (AO-73)       
1 39444U 13066AE  19047.96242673  .00000256  00000-0  37770-4 0  9991
2 39444  97.5691  70.0796 0059498  68.1557 292.5971 14.81861532281318
UWE-3                   
1 39446U 13066AG  19047.92386297  .00000193  00000-0  32052-4 0  9998
2 39446  97.5837  60.4207 0071591  97.2997 263.6359 14.78328004280687
BRITE-CA1 (TORONTO)     
1 40020U 14033L   19047.82292868  .00000060  00000-0  18634-4 0  9995
2 40020  97.7584 258.3160 0087336 184.3084 175.7379 14.66551029249438
DUCHIFAT-1              
1 40021U 14033M   19047.77133299  .00000239  00000-0  30277-4 0  9997
2 40021  97.9220 331.9919 0014412  91.5374 268.7494 14.90522844253384
NANOSATC-BR1            
1 40024U 14033Q   19047.73445862  .00000308  00000-0  37990-4 0  9994
2 40024  97.9131 329.6743 0013636  94.5246 265.7529 14.89752523253287
QB50P1                  
1 40025U 14033R   19047.72366777  .00000231  00000-0  30579-4 0  9992
2 40025  97.9068 327.6085 0013843  99.5028 260.7754 14.88866469252667
QB50P2                  
1 40032U 14033Y   19047.82184281  .00000186  00000-0  26066-4 0  9994
2 40032  97.9005 326.0624 0013318  95.6281 264.6455 14.88406160253113
PERSEUS-M2              
1 40037U 14033AD  19047.71659934  .00000053  00000-0  12191-4 0  9996
2 40037  97.8957 322.6652 0015772 106.5472 253.7478 14.86426114252354
PERSEUS-M1              
1 40039U 14033AF  19047.80387077  .00000078  00000-0  15159-4 0  9998
2 40039  97.8946 321.9492 0015650 103.7319 256.5639 14.86046735252292
POLYITAN-1              
1 40042U 14033AJ  19047.83103062  .00000275  00000-0  35599-4 0  9994
2 40042  97.9146 327.9602 0016147  89.6337 270.6730 14.88569462253101
TIGRISAT                
1 40043U 14033AK  19047.86150001  .00000115  00000-0  24283-4 0  9994
2 40043  97.7758 280.7554 0061078 129.1125 231.5537 14.74226382250350
AEROCUBE 6A             
1 40045U 14033AM  19047.89353011  .00000236  00000-0  41188-4 0  9992
2 40045  97.7964 284.0342 0058948 122.3292 238.3645 14.75312273250367
AEROCUBE 6B             
1 40046U 14033AN  19047.62579508  .00000220  00000-0  38919-4 0  9996
2 40046  97.7911 283.4943 0058259 122.5652 238.1202 14.75292417250327
UKUBE-1                 
1 40074U 14037F   19047.85946208  .00000223  00000-0  34008-4 0  9999
2 40074  98.4153 203.0173 0003596 245.2875 114.7991 14.83967320249582
BRITE-PL2 (HEWELIUSZ)   
1 40119U 14049B   19047.84484920  .00000088  00000-0  16950-4 0  9994
2 40119  97.9075 139.5615 0016130 257.8401 102.1006 14.84369167243594
FIREBIRD 4              
1 40378U 15003C   19047.90090493  .00001214  00000-0  52148-4 0  9998
2 40378  99.0993   3.4472 0129552 135.6905 225.4782 15.18217673223431
GRIFEX                  
1 40379U 15003D   19047.89556226  .00000823  00000-0  39581-4 0  9999
2 40379  99.0980 358.2530 0136908 152.0767 208.7895 15.15065201223137
EXOCUBE (CP10)          
1 40380U 15003E   19047.78751658  .00000707  00000-0  36159-4 0  9994
2 40380  99.1003 355.2789 0141528 162.0181 198.6126 15.13138204222926
TIANWANG 1C (TW-1C)     
1 40926U 15051B   19047.91388963  .00009515  00000-0  15325-3 0  9990
2 40926  97.1542  94.3534 0010748  98.9023 344.6263 15.53096573191249
TIANWANG 1A (TW-1A)     
1 40928U 15051D   19047.82021765  .00002997  00000-0  76990-4 0  9999
2 40928  97.1604  81.7839 0012352 147.5489 298.1495 15.39997766190414
EXACTVIEW 9             
1 40936U 15052G   19047.89375122  .00000746  00000-0  15243-4 0  9999
2 40936   6.0026 209.4296 0010952 221.7078 138.2214 14.76452378183194
ATHENOXAT 1             
1 41168U 15077C   19044.53709491  .00001628  00000-0  51244-4 0  9993
2 41168  14.9826  53.1119 0011685 154.8671 113.8928 15.13326311174982
GALASSIA                
1 41170U 15077E   19047.60608843  .00001691  00000-0  53913-4 0  9991
2 41170  14.9895  24.2111 0013014 219.2357 140.7021 15.13675646175518
VELOX-II                
1 41171U 15077F   19047.51774641  .00001355  00000-0  39959-4 0  9993
2 41171  14.9919  53.7991 0008980 143.2646 216.8291 15.11019998175246
HORYU-4                 
1 41340U 16012D   19047.76128815  .00000405  00000-0  24157-4 0  9993
2 41340  31.0041 190.4309 0014143 358.4788   1.5803 15.01170852164676
E-ST@R-II               
1 41459U 16025D   19047.75700032  .00001721  00000-0  91973-4 0  9996
2 41459  98.1099 128.1461 0169704  48.3647 313.1959 15.05094421154207
AAUSAT 4                
1 41460U 16025E   19047.74518691  .00001858  00000-0  97301-4 0  9997
2 41460  98.1047 129.0909 0160208  42.2088 319.1341 15.06816827154306
DIWATA-1                
1 41463U 98067HT  19047.81390652  .00017335  00000-0  10968-3 0  9999
2 41463  51.6321 157.6842 0001745  32.8902 111.4092 15.76695198160510
BEESAT-4                
1 41619U 16040W   19047.89646686  .00001153  00000-0  52262-4 0  9997
2 41619  97.3841 112.3127 0013151  92.1951 268.0792 15.22776349135324
CANX-7                  
1 41788U 16059F   19047.80602134  .00008522  00000-0  13459-2 0  9995
2 41788  98.2291 121.4511 0025250  47.3265 313.0063 14.72387863128069
RAVAN                   
1 41849U 16067B   19047.83431386  .00000015  00000-0  64841-5 0  9997
2 41849  97.9198 145.2001 0009969  70.9387 289.2913 14.98098568123751
CELTEE 1                
1 41850U 16067C   19047.81846411  .00000623  00000-0  59423-4 0  9990
2 41850  97.9165 144.1575 0010399  73.8807 286.3558 14.96947768123698
OPTICUBE 04             
1 41851U 16067D   19047.81070132  .00000649  00000-0  62027-4 0  9992
2 41851  97.9154 143.9870 0010401  75.1302 285.1070 14.96761345123681
AEROCUBE 8D             
1 41852U 16067E   19047.80486025  .00000619  00000-0  59533-4 0  9999
2 41852  97.9164 143.8081 0011042  75.1890 285.0554 14.96639445123669
AEROCUBE 8C             
1 41853U 16067F   19047.82485853  .00000229  00000-0  25410-4 0  9994
2 41853  97.9168 143.7742 0011596  75.0920 285.1584 14.96608746123668
PROMETHEUS 2-1          
1 41854U 16067G   19047.80825324  .00000869  00000-0  81127-4 0  9991
2 41854  97.9171 143.8410 0011762  76.0317 284.2212 14.96783476123664
PROMETHEUS 2-3          
1 41855U 16067H   19047.87778668  .00000914  00000-0  85073-4 0  9992
2 41855  97.9175 143.9227 0011987  75.8434 284.4118 14.96786499123678
INS-1B                  
1 41954U 17008G   19047.94365625  .00001086  00000-0  48272-4 0  9992
2 41954  97.4158 114.5109 0008578 204.4487 155.6344 15.23619349111269
BGUSAT                  
1 41999U 17008BD  19047.76420149  .00001800  00000-0  73745-4 0  9991
2 41999  97.4218 116.2144 0007225 220.2183 139.8521 15.25577238110701
DIDO-2                  
1 42000U 17008BE  19047.73549491  .00000771  00000-0  35083-4 0  9993
2 42000  97.4171 114.8309 0007361 225.2557 134.8082 15.23661304110636
PEASSS                  
1 42015U 17008BV  19047.90501662  .00000975  00000-0  42502-4 0  9996
2 42015  97.4174 115.7733 0005172 228.8655 131.2137 15.24563340111198
AL-FARABI 1             
1 42016U 17008BW  19047.75436022  .00001197  00000-0  50666-4 0  9994
2 42016  97.4187 116.0331 0005054 228.3605 131.7201 15.25116525111311
NAYIF-1 (EO-88)         
1 42017U 17008BX  19047.80997684  .00001236  00000-0  52209-4 0  9996
2 42017  97.4184 116.0972 0005007 228.5305 131.5503 15.25146513111343
HAVELSAT                
1 42700U 98067LH  19047.76698149  .00401302  90273-4  43663-3 0  9994
2 42700  51.6180 163.2004 0006669 346.5450  13.5385 16.09206193100740
CXBN-2                  
1 42704U 98067LM  19047.68554505  .00397441  87042-4  47053-3 0  9991
2 42704  51.6213 165.7626 0007070 342.3589  17.7177 16.07892696100621
PHOENIX                 
1 42706U 98067LP  19047.81198733  .00050659  00000-0  21461-3 0  9992
2 42706  51.6257 177.3505 0001944 349.7096  10.3868 15.84823271100470
QBEE50-LTU-OC           
1 42708U 98067LR  19047.73289625  .00482735  12932-3  49551-3 0  9990
2 42708  51.6166 164.4981 0007433 344.5141  15.5644 16.10068276100586
ALTAIR PATHFINDER       
1 42711U 98067LS  19047.89826485  .00025072  00000-0  18458-3 0  9991
2 42711  51.6315 197.6846 0002877  26.2089 333.9055 15.72895255 99870
SHARC                   
1 42712U 98067LT  19047.83704309  .00076443  00000-0  35855-3 0  9994
2 42712  51.6297 193.5209 0001635 333.2008  26.8910 15.82504509100164
ZA-AEROSAT              
1 42713U 98067LU  19047.82255839  .00049090  00000-0  22677-3 0  9999
2 42713  51.6318 182.7621 0002198 359.0031   1.0967 15.83007568100064
CSUNSAT1                
1 42715U 98067LW  19047.81363853  .00063914  00000-0  25381-3 0  9992
2 42715  51.6289 179.6694 0002937   1.7935 358.3079 15.86069310100106
SPACECUBE               
1 42717U 98067LY  19047.74005619  .00399018  87931-4  46624-3 0  9991
2 42717  51.6116 165.1751 0006636 344.4954  15.5855 16.08103808 99656
NJUST-1                 
1 42722U 98067MB  19047.72486319  .00045612  00000-0  24551-3 0  9996
2 42722  51.6381 187.9062 0003358  71.2127  64.8311 15.79721541 99053
LILACSAT-1 (LO-90)      
1 42725U 98067ME  19047.82468880  .00152614  20104-4  41165-3 0  9995
2 42725  51.6317 174.1179 0002451  13.6250 118.7379 15.94028216 99152
NSIGHT                  
1 42726U 98067MF  19047.86327551  .00014659  00000-0  14228-3 0  9994
2 42726  51.6361 209.6492 0004814  72.9789 287.1734 15.66589977 98693
SNUSAT-1B               
1 42727U 98067MG  19047.78558429  .00111277  15876-4  31941-3 0  9992
2 42727  51.6260 174.7900 0003878   3.8038 356.2998 15.93000698 99102
SNUSAT-1                
1 42733U 98067MN  19047.77983827  .00179409  24454-4  36456-3 0  9991
2 42733  51.6227 170.1666 0005528 352.0954   7.9967 15.99100178 99051
BEEAGLESAT              
1 42736U 98067MR  19047.58859733  .00065530  00000-0  24457-3 0  9995
2 42736  51.6288 179.5808 0002302  46.5168 313.6028 15.87333163 98975
UCLSAT                  
1 42765U 17036A   19047.82384454  .00001019  00000-0  47026-4 0  9994
2 42765  97.3687 108.3494 0010106 302.5375  57.4885 15.22429962 92514
LITUANICASAT-2          
1 42768U 17036D   19047.93019869  .00001546  00000-0  70028-4 0  9997
2 42768  97.3714 108.0120 0013722 289.6694  70.3061 15.22287696 91781
AALTO-1                 
1 42775U 17036L   19047.77511589  .00000631  00000-0  31404-4 0  9992
2 42775  97.3676 107.3197 0012499 290.2996  69.6896 15.21125986 91672
URSA MAIOR              
1 42776U 17036M   19047.94317081  .00000686  00000-0  33750-4 0  9999
2 42776  97.3683 107.5946 0012304 289.5653  70.4254 15.21244093 91704
COMPASS 2               
1 42777U 17036N   19047.89439237  .00001344  00000-0  60970-4 0  9998
2 42777  97.3715 108.4125 0011081 291.9135  68.0923 15.22481041 91739
DIAMOND RED             
1 42783U 17036U   19047.89330705  .00000826  00000-0  39245-4 0  9990
2 42783  97.3687 108.1137 0010750 302.5121  57.5076 15.21939274 91726
PEGASUS                 
1 42784U 17036V   19047.89449370  .00000918  00000-0  42957-4 0  9996
2 42784  97.3690 108.2780 0010652 302.3487  57.6717 15.22199973 91739
DIAMOND GREEN           
1 42785U 17036W   19047.82635221  .00000793  00000-0  37778-4 0  9998
2 42785  97.3689 108.0685 0010670 303.5503  56.4714 15.21938183 91784
DIAMOND BLUE            
1 42786U 17036X   19047.89110403  .00000810  00000-0  38532-4 0  9995
2 42786  97.3689 108.1311 0010509 303.6380  56.3853 15.21938794 91799
NUDTSAT                 
1 42787U 17036Y   19047.96351066  .00001513  00000-0  67214-4 0  9996
2 42787  97.3729 108.8365 0011388 306.3980  53.6206 15.23022266 91616
SUCHAI                  
1 42788U 17036Z   19047.73541108  .00001058  00000-0  48529-4 0  9992
2 42788  97.3694 108.3435 0010256 302.5018  57.5227 15.22560357 91796
SKCUBE                  
1 42789U 17036AA  19047.87556356  .00001022  00000-0  47105-4 0  9999
2 42789  97.3691 108.4459 0010119 302.0678  57.9575 15.22483957 91730
VZLUSAT-1               
1 42790U 17036AB  19047.95065098  .00001353  00000-0  60412-4 0  9991
2 42790  97.3702 108.8282 0009697 301.2071  58.8215 15.23029436 91763
ROBUSTA-1B              
1 42792U 17036AD  19047.81946110  .00001043  00000-0  47761-4 0  9999
2 42792  97.3691 108.5078 0009696 303.4098  56.6210 15.22644988 91747
CICERO 6                
1 42793U 17036AE  19047.78546287  .00000725  00000-0  34418-4 0  9998
2 42793  97.3677 108.3506 0008972 305.8145  54.2257 15.22338881 91805
D-SAT                   
1 42794U 17036AF  19047.87222518  .00000304  00000-0  31838-4 0  9993
2 42794  97.5582  97.8196 0126631 186.9421 173.0050 14.91020875 90185
TOKI                    
1 42820U 98067MU  19047.83980161  .00077809  00000-0  31096-3 0  9996
2 42820  51.6287 182.8135 0002524 345.6212  14.4719 15.85863154 92431
MAZAALAI (NUMSAT-1)     
1 42822U 98067MW  19047.83242934  .00062620  00000-0  26658-3 0  9990
2 42822  51.6302 184.3063 0002390 355.7077   4.3905 15.84633490 92397
BRAC ONNESHA            
1 42823U 98067MX  19047.78850942  .00065621  00000-0  27074-3 0  9996
2 42823  51.6276 184.0006 0003241  10.0713 350.0355 15.85265909 92393
NIGERIAEDUSAT-1         
1 42824U 98067MY  19047.81435214  .00060105  00000-0  25909-3 0  9999
2 42824  51.6313 184.9976 0003067  22.7939 337.3200 15.84385675 92385
CORVUS BC2              
1 42846U 17042X   19047.95052840  .00000045  00000-0  97258-5 0  9997
2 42846  97.5796 306.7059 0011142  99.2754 260.9726 14.91922256 86865
CORVUS BC1              
1 42847U 17042Y   19047.77778554  .00000126  00000-0  17700-4 0  9998
2 42847  97.5798 306.6264 0010813  99.3189 260.9253 14.92021746 86839
SILU-1 (SILKROAD 1)     
1 42903U 17021F   19047.84032727  .00096944  11732-4  27022-3 0  9999
2 42903  42.7710 268.5548 0017612 255.7543 170.3711 15.92973367 88623
MIRATA                  
1 43015U 17073C   19047.75758740  .00000559  00000-0  49431-4 0  9999
2 43015  97.7178 333.7552 0255853 194.7598 164.6047 14.78699097 67273
MAKERSAT 0              
1 43016U 17073D   19047.75475543  .00000355  00000-0  33400-4 0  9990
2 43016  97.7212 333.9374 0257766 194.9651 164.3833 14.78535141 67273
ASTERIA                 
1 43020U 98067NH  19047.88499303  .00009826  00000-0  10073-3 0  9993
2 43020  51.6404 219.6709 0002131  22.1918 337.9170 15.65684395 70745
DELLINGR (RBLE)         
1 43021U 98067NJ  19047.90284574  .00007340  00000-0  91789-4 0  9992
2 43021  51.6374 226.4624 0002025  13.3805 346.7242 15.60981250 70656
OSIRIS-3U               
1 43027U 98067NL  19047.88510957  .00299636  47865-4  63707-3 0  9995
2 43027  51.6299 192.2400 0006387 319.5763  40.4771 15.98153514 70985
AEROCUBE 7B (OCSD B)    
1 43042U 17071F   19047.95798429  .00002320  00000-0  66375-4 0  9991
2 43042  51.6385 287.7161 0005463  78.0811 282.0786 15.40380256 67312
AEROCUBE 7C (OCSD C)    
1 43043U 17071G   19047.95813700  .00002033  00000-0  59397-4 0  9999
2 43043  51.6389 287.7289 0005567  79.3490 280.8122 15.40374564 67281
CHEFSAT                 
1 43044U 17071H   19047.87294378  .00004552  00000-0  11317-3 0  9992
2 43044  51.6388 284.9876 0005384  80.0669 280.0924 15.42358813 67313
ASGARDIA 1              
1 43049U 17071N   19047.91986815  .00002516  00000-0  70879-4 0  9993
2 43049  51.6391 287.4916 0003149  96.3895 263.7448 15.40486229 67289
ISARA                   
1 43050U 17071P   19047.91748473  .00004225  00000-0  10711-3 0  9998
2 43050  51.6383 285.2573 0003028  95.4897 264.6434 15.41955799 67318
PROPCUBE 2 (FAUNA)      
1 43052U 17071R   19047.88046140  .00002707  00000-0  74991-4 0  9992
2 43052  51.6393 287.2439 0003074  93.5351 266.5986 15.40707000 67276
CORVUS BC3              
1 43118U 18004H   19047.83924499  .00000625  00000-0  29941-4 0  9991
2 43118  97.5021 115.5184 0009478 326.4193  33.6441 15.22635022 60931
MICROMAS-2A             
1 43131U 18004W   19047.73991450  .00001510  00000-0  65984-4 0  9997
2 43131  97.5040 115.8578 0008537 329.8654  30.2091 15.23647531 60945
CICERO 7                
1 43143U 18004AJ  19047.77744631  .00001185  00000-0  52113-4 0  9999
2 43143  97.5031 116.0956 0006935 342.9506  17.1497 15.23871165 60961
GOMX-4B                 
1 43196U 18015E   19047.83123745  .00000299  00000-0  15309-4 0  9994
2 43196  97.3724 177.2526 0019713  20.7345 339.4674 15.23809718 57786
GOMX-4A                 
1 43197U 18015F   19047.90710365  .00000321  00000-0  16162-4 0  9997
2 43197  97.3730 177.3393 0020123  21.6305  93.8398 15.23906268 57805
1KUNS-PF                
1 43466U 98067NP  19047.86894274  .00014263  00000-0  16764-3 0  9995
2 43466  51.6368 230.7249 0000077 106.4000 253.7002 15.61720500 43852
UBAKUSAT                
1 43467U 98067NQ  19047.87088586  .00009059  00000-0  11631-3 0  9993
2 43467  51.6365 232.2335 0001981 329.4937  30.5940 15.59936149 43840
BATSU-CS1 (IRAZU)       
1 43468U 98067NR  19047.76233670  .00016547  00000-0  18350-3 0  9993
2 43468  51.6363 230.0083 0000236 195.4527 164.6461 15.63092066143847
CUBERRT                 
1 43546U 98067NU  19047.91394079  .00009347  00000-0  11838-3 0  9992
2 43546  51.6368 234.0123 0005375  38.1968 321.9405 15.60250466 33952
TEMPEST-D               
1 43547U 98067NV  19047.79681538  .00006310  00000-0  93966-4 0  9998
2 43547  51.6373 236.9763 0006068  34.4353 325.7031 15.56539103 33586
RAINCUBE                
1 43548U 98067NW  19047.94642633  .00009903  00000-0  13358-3 0  9996
2 43548  51.6360 234.9761 0005564  43.5205 316.6226 15.58482435 34073
HALOSAT                 
1 43549U 98067NX  19047.94664554  .00008391  00000-0  11434-3 0  9996
2 43549  51.6363 234.9802 0005551  46.1859 313.9592 15.58451971 33631
ENDUROSAT ONE           
1 43551U 98067NZ  19047.74217094  .00010149  00000-0  13234-3 0  9994
2 43551  51.6372 235.1153 0005852  52.8663 307.2864 15.59358689 34022
EQUISAT                 
1 43552U 98067PA  19047.77965801  .00008822  00000-0  11856-3 0  9997
2 43552  51.6381 235.3713 0006283  52.3081 307.8481 15.58744435 33987
AEROCUBE 12A            
1 43556U 18046C   19047.84769401  .00001713  00000-0  73949-4 0  9990
2 43556  51.6424 280.9486 0008384 358.6911   1.4046 15.28306537 32921
AEROCUBE 12B            
1 43557U 18046D   19047.91830089  .00001596  00000-0  69904-4 0  9995
2 43557  51.6422 280.6683 0008362 359.0138   1.0824 15.28227137 32881
UITMSAT-1               
1 43589U 98067PD  19047.77815251  .00009363  00000-0  12646-3 0  9999
2 43589  51.6354 236.0953 0005607  61.9274 298.2285 15.58526785 29717
MAYA-1                  
1 43590U 98067PE  19047.77494181  .00009228  00000-0  12462-3 0  9992
2 43590  51.6357 236.0741 0005775  61.5761 298.5813 15.58550888 29643
BHUTAN-1                
1 43591U 98067PF  19047.89800915  .00010227  00000-0  13710-3 0  9990
2 43591  51.6368 235.4014 0005854  62.6801 297.4786 15.58606469 29663
SIRIUSSAT-1             
1 43595U 98067PG  19047.89411089  .00009511  00000-0  13086-3 0  9994
2 43595  51.6361 236.1186 0003185  17.4038 342.7063 15.58010536 28837
SIRIUSSAT-2             
1 43596U 98067PH  19047.91190368  .00009870  00000-0  13632-3 0  9997
2 43596  51.6371 236.2567 0003839  18.2562 341.8567 15.57852994 28830
TANUSHA-3               
1 43597U 98067PJ  19047.93338971  .00012448  00000-0  16549-3 0  9999
2 43597  51.6355 235.6118 0003255  35.0366 325.0840 15.58600932 28842
SURFSAT                 
1 43614U 18070B   19047.73617836  .00002182  00000-0  60310-4 0  9993
2 43614  93.0389 313.2888 0018971  61.0843 299.2310 15.36950017 23674
CP7 (DAVE)              
1 43615U 18070C   19047.80230046  .00002002  00000-0  55423-4 0  9996
2 43615  93.0391 313.3169 0018979  60.6981 299.6165 15.36910626 23682
ELFIN-B                 
1 43616U 18070D   19047.71839825  .00003069  00000-0  83856-4 0  9992
2 43616  93.0350 313.2233 0020066  63.5070 296.8238 15.37259348 23677
ELFIN-A                 
1 43617U 18070E   19047.91028416  .00003235  00000-0  88333-4 0  9991
2 43617  93.0409 313.4231 0019005  60.1767 300.1372 15.37296154 23708
DEBRISSAT-1             
1 43621U 98067PM  19047.92923800  .00478854  00000-0  15312-2 0  9990
2 43621  51.6296 224.3642 0006492 302.0142  57.9814 15.89279896 23983
CUBEBEL-1 (BSUSAT-1)    
1 43666U 18083E   19047.83052376  .00000715  00000-0  39273-4 0  9991
2 43666  97.5317  73.0837 0013763 250.8544 229.1295 15.17305441 16801
DEBRISSAT-2             
1 43680U 98067PR  19047.93824296  .00015378  00000-0  20374-3 0  9998
2 43680  51.6398 235.6625 0003353  63.4317 296.7019 15.58482779 37585
CICERO 10               
1 43690U 18088A   19047.92913797  .00000835  00000-0  37539-4 0  9992
2 43690  85.0369  38.6429 0013200 298.8736  61.1179 15.19405826 14861
IRVINE01                
1 43693U 18088D   19047.77972343  .00002445  00000-0  10878-3 0  9995
2 43693  85.0344  38.5811 0016326 283.0943  76.8476 15.20823599 14832
PROXIMA I               
1 43694U 18088E   19047.94834009  .00000925  00000-0  39594-4 0  9999
2 43694  85.0312  38.3775 0017219 272.2429  87.6841 15.21151924 14873
PROXIMA II              
1 43696U 18088G   19047.94793702  .00000927  00000-0  39691-4 0  9995
2 43696  85.0312  38.3781 0017254 272.1994  87.7271 15.21158122 14861
FACSAT-1                
1 43721U 18096C   19047.90851422  .00001267  00000-0  52078-4 0  9995
2 43721  97.4741 117.9169 0019292  43.2275 317.0473 15.25909657 12165
CENTAURI-2              
1 43722U 18096D   19047.90329910  .00001552  00000-0  62897-4 0  9995
2 43722  97.4740 117.9245 0019388  44.0434 316.2345 15.26039470 12158
CORVUS-BC 4             
1 43767U 18099K   19047.94012125  .00000433  00000-0  45383-4 0  9996
2 43767  97.7572 121.2637 0012048  16.9265 343.2355 14.94515182 11234
SHIELDS 1               
1 43850U 18104B   19047.67327101  .00000042  00000-0  00000-0 0  9998
2 43850  85.0324 137.0935 0017541  61.7841 298.5180 15.20965927  9476
STF-1                   
1 43852U 18104D   19047.70040424  .00000041  00000-0  00000-0 0  9993
2 43852  85.0376 137.1596 0017412  76.2654 284.0635 15.20339674  9478
LUME 1                  
1 43908U 18111AJ  19047.88709129  .00000954  00000-0  41926-4 0  9995
2 43908  97.2985 316.4156 0023429  63.1704 297.1926 15.24054397  7893
AOBA VELOX-IV           
1 43940U 19003J   19047.91487197  .00001615  00000-0  70355-4 0  9997
2 43940  97.2940 109.3592 0025849 138.0848 308.2692 15.23338198  4548
CATSAT-2                
1 44029U 98067PV  19047.91097546  .00006641  00000-0  10781-3 0  9998
2 44029  51.6381 239.2382 0005274  59.0012 301.1496 15.54036969  2621
DELPHINI                
1 44030U 98067PW  19047.78234826  .00007343  00000-0  11837-3 0  9992
2 44030  51.6376 239.8791 0004841  59.6406 300.5063 15.54050773  2575
UNITE                   
1 44031U 98067PX  19047.91091279  .00005307  00000-0  87704-4 0  9996
2 44031  51.6378 239.2370 0003525  58.7698 301.3637 15.54015787  2590
TECHEDSAT 8             
1 44032U 98067PY  19047.90862437  .00015483  00000-0  23824-3 0  9996
2 44032  51.6377 239.2220 0003339  61.4004 298.7323 15.54405840  2571
CATSAT-1                
1 44033U 98067PZ  19047.91071943  .00005292  00000-0  87369-4 0  9994
2 44033  51.6380 239.2358 0005233  61.2140 298.9375 15.54052778  2535
