CUTE-1 (CO-55)          
1 27844U 03031E   20271.30037999  .00000058  00000-0  45633-4 0  9992
2 27844  98.6837 277.5026 0010873 117.6965 242.5317 14.22257737894578
CUBESAT XI-IV (CO-57)   
1 27848U 03031J   20271.49743252  .00000047  00000-0  41168-4 0  9999
2 27848  98.6902 278.2614 0010628 128.6521 231.5610 14.21842234894445
CUBESAT XI-V            
1 28895U 05043F   20271.33397910  .00000144  00000-0  36486-4 0  9991
2 28895  98.0241  44.9183 0015859 323.2310  36.7804 14.63802196795514
CUTE-1.7+APD II (CO-65) 
1 32785U 08021C   20271.44420202  .00000310  00000-0  38973-4 0  9994
2 32785  97.5824 255.0221 0013701 149.2132 210.9892 14.88519215673048
AAUSAT-II               
1 32788U 08021F   20271.44843775  .00000299  00000-0  32194-4 0  9996
2 32788  97.4952 271.4331 0013284  75.0025 285.2666 14.95157248674552
DELFI-C3 (DO-64)        
1 32789U 08021G   20271.39934462  .00001987  00000-0  13316-3 0  9994
2 32789  97.4099 310.6007 0011041 333.2236  26.8421 15.07948472677274
SEEDS II (CO-66)        
1 32791U 08021J   20271.46964409  .00000488  00000-0  54527-4 0  9994
2 32791  97.5484 261.1534 0014584 119.2250 241.0430 14.91116533673582
SWISSCUBE               
1 35932U 09051B   20271.51413153  .00000146  00000-0  44031-4 0  9999
2 35932  98.6121  97.0944 0007701 165.8790 194.2624 14.56427153584682
BEESAT-1                
1 35933U 09051C   20271.49134517  .00000125  00000-0  39163-4 0  9998
2 35933  98.6107  98.9384 0005681 176.1366 183.9875 14.56498795584755
ITUPSAT1                
1 35935U 09051E   20271.47729946  .00000104  00000-0  35075-4 0  9999
2 35935  98.6213  99.1092 0007985 179.0610 181.0602 14.55641212584544
TISAT 1                 
1 36799U 10035E   20271.48416724  .00000426  00000-0  48735-4 0  9994
2 36799  98.2020  85.7333 0012219   2.2888 357.8383 14.91430073554338
M-CUBED & EXP-1 PRIME   
1 37855U 11061F   20271.33063396  .00003082  00000-0  15725-3 0  9998
2 37855 101.7227  52.3071 0170251 132.5179 229.0557 15.06568624486542
AEROCUBE 4.5A           
1 38767U 12048K   20271.47359626  .00000444  00000-0  51846-4 0  9990
2 38767  64.6651 277.3101 0134387  99.5653 262.0673 14.92379949 57022
AEROCUBE 4.5B           
1 38768U 12048L   20271.36514394  .00000776  00000-0  73560-4 0  9999
2 38768  64.6660 244.3822 0124152  94.5932 266.9375 14.96083911 57129
STRAND-1                
1 39090U 13009E   20271.49776106  .00000030  00000-0  25690-4 0  9995
2 39090  98.4479 113.5915 0008954 348.8799  11.2188 14.35145346397324
SOMP                    
1 39134U 13015E   20271.47597346  .00001950  00000-0  95292-4 0  9993
2 39134  64.8624 306.8297 0025155 227.9751 131.9236 15.21298915411192
BEESAT-3                
1 39135U 13015F   20271.47068851  .00001582  00000-0  85464-4 0  9999
2 39135  64.8684 331.8982 0031720 227.0208 132.8259 15.18378489410703
BEESAT-2                
1 39136U 13015G   20271.49333636  .00001633  00000-0  89188-4 0  9992
2 39136  64.8750 337.1639 0035189 268.5616  91.1479 15.17765899410606
NEE-01 PEGASO           
1 39151U 13018B   20271.27460166  .00000187  00000-0  31518-4 0  9994
2 39151  97.9759   9.4062 0018171 128.1184 232.1669 14.80204408400746
ESTCUBE 1               
1 39161U 13021C   20271.49261317  .00000141  00000-0  30030-4 0  9998
2 39161  97.9618 352.4580 0008071 275.8339  84.1971 14.72352344397051
POPACS 1                
1 39268U 13055D   20271.18522900  .00003951  00000-0  10891-3 0  9991
2 39268  81.0049 188.5683 0612333 279.9591  73.3054 14.40131977362630
POPACS 2                
1 39269U 13055E   20271.20380206  .00007040  00000-0  20016-3 0  9999
2 39269  81.0131 228.9487 0676677  24.6128 338.5802 14.25894516360482
POPACS 3                
1 39270U 13055F   20271.36990611  .00001835  00000-0  55027-4 0  9992
2 39270  81.0140 251.8425 0710047  90.1314 278.1170 14.17104463339564
ZACUBE-1 (TSHEPISOSAT)  
1 39417U 13066B   20271.50023693  .00000294  00000-0  43199-4 0  9995
2 39417  97.5716 263.8761 0057556 304.2354  55.3415 14.81323486370141
WNISAT-1                
1 39423U 13066H   20271.64058364  .00000066  00000-0  23450-4 0  9995
2 39423  97.7968 186.1329 0174245 297.1511  61.2031 14.53140686363270
TRITON-1                
1 39427U 13066M   20271.44563894  .00000290  00000-0  53624-4 0  9991
2 39427  97.7367 226.7680 0114952 111.5539 249.7964 14.68048249366826
GOMX-1                  
1 39430U 13066Q   20271.61875211  .00000133  00000-0  33384-4 0  9990
2 39430  97.7943 203.9968 0149711 222.4191 136.5371 14.59439360364701
CUBEBUG-2 (LO-74)       
1 39440U 13066AA  20271.51434946  .00000336  00000-0  53389-4 0  9998
2 39440  97.6416 248.4288 0080417   9.9499 350.3281 14.76057929367638
NEE-02 KRYSAOR          
1 39441U 13066AB  20271.45956406  .00000236  00000-0  40381-4 0  9999
2 39441  97.6495 245.8385 0082215  19.5628 340.8705 14.75049184367441
FUNCUBE-1 (AO-73)       
1 39444U 13066AE  20271.50647217  .00000372  00000-0  51873-4 0  9994
2 39444  97.5650 266.1657 0056519 295.7465  63.7922 14.82186739368482
UWE-3                   
1 39446U 13066AG  20271.46348159  .00000322  00000-0  49143-4 0  9996
2 39446  97.6076 255.5288 0069390 338.2630  21.5640 14.78591633368237
AEROCUBE 5A             
1 39465U 13072D   20271.54322239  .00011999  00000-0  96337-3 0  9992
2 39465 120.4929 173.0003 0264499 351.6027   8.0659 14.77083753 56440
AEROCUBE 5B             
1 39466U 13072E   20271.55436787  .00016151  00000-0  10831-2 0  9997
2 39466 120.4908 215.4017 0236603   2.8008 357.4327 14.87084891 56756
BRITE-CA1 (TORONTO)     
1 40020U 14033L   20271.47516320  .00000066  00000-0  19314-4 0  9991
2 40020  97.7322  93.8539 0088735 106.8568 254.2391 14.66660541335725
DUCHIFAT-1              
1 40021U 14033M   20271.35808032  .00000682  00000-0  74887-4 0  9993
2 40021  97.9451 203.2349 0011954 317.2721  42.7567 14.90982236341070
NANOSATC-BR1            
1 40024U 14033Q   20271.37098538  .00000446  00000-0  52037-4 0  9991
2 40024  97.9281 199.2902 0011356 322.5372  37.5052 14.90140412340937
QB50P1                  
1 40025U 14033R   20271.38649032  .00000365  00000-0  44550-4 0  9995
2 40025  97.9144 195.6814 0011725 330.5296  29.5258 14.89193592340262
QB50P2                  
1 40032U 14033Y   20271.33396374  .00000377  00000-0  46357-4 0  9996
2 40032  97.9017 192.8712 0011093 327.7662  32.2876 14.88715776340145
PERSEUS-M2              
1 40037U 14033AD  20271.50723982  .00000119  00000-0  19605-4 0  9999
2 40037  97.8838 187.0647 0013983 343.5831  16.4930 14.86567345339820
PERSEUS-M1              
1 40039U 14033AF  20271.47551503  .00000155  00000-0  23867-4 0  9990
2 40039  97.8796 185.6984 0013779 341.8440  18.2281 14.86187836339724
POLYITAN-1              
1 40042U 14033AJ  20271.39968216  .00000451  00000-0  54048-4 0  9992
2 40042  97.9230 196.2934 0013776 320.0219  39.9983 14.88943701340167
TIGRISAT                
1 40043U 14033AK  20271.55888752  .00000158  00000-0  30526-4 0  9996
2 40043  97.6976 122.8221 0060717  29.8304 330.6344 14.74411003337092
AEROCUBE 6A             
1 40045U 14033AM  20271.33381919  .00000289  00000-0  48435-4 0  9990
2 40045  97.7228 128.5934 0058503  21.5344 338.8307 14.75621907337379
AEROCUBE 6B             
1 40046U 14033AN  20271.34400870  .00000334  00000-0  54911-4 0  9997
2 40046  97.7132 127.7574 0057631  20.6631 339.6891 14.75621039337514
UKUBE-1                 
1 40074U 14037F   20271.49655445  .00000258  00000-0  37982-4 0  9992
2 40074  98.4528 105.9098 0004735 139.7094 220.4484 14.84325787336899
BRITE-PL2 (HEWELIUSZ)   
1 40119U 14049B   20271.50278455  .00000164  00000-0  25825-4 0  9998
2 40119  97.8945   2.7168 0018487 132.7301 227.5473 14.84535587330835
FIREBIRD 4              
1 40378U 15003C   20271.46332399  .00002436  00000-0  95685-4 0  9994
2 40378  99.0877 352.6210 0122363 333.6384  25.8652 15.20448937312816
GRIFEX                  
1 40379U 15003D   20271.48535044  .00001699  00000-0  74067-4 0  9990
2 40379  99.0929 343.9582 0132062   0.5899 359.5461 15.16681200312315
EXOCUBE (CP10)          
1 40380U 15003E   20271.42966074  .00001612  00000-0  73770-4 0  9992
2 40380  99.0994 339.2553 0137527  16.6090 343.9575 15.14590229311980
AEROCUBE 8A             
1 40659U 15025J   20271.48110554  .00028993  00000-0  27758-3 0  9990
2 40659  55.0147 179.8544 0102892  82.0345 279.2354 15.59936241 59461
AEROCUBE 8B             
1 40660U 15025K   20271.17739195  .00029841  00000-0  28196-3 0  9996
2 40660  55.0118 178.8975 0101986  83.3945 277.8689 15.60337380 59434
TIANWANG 1C (TW-1C)     
1 40926U 15051B   20271.62933735  .00047473  00000-0  38686-3 0  9992
2 40926  97.0729 324.3077 0006447  77.7640  73.3978 15.70483835283032
TIANWANG 1A (TW-1A)     
1 40928U 15051D   20271.56316391  .00004223  00000-0  97130-4 0  9996
2 40928  97.1043 296.9048 0010766 164.1244 347.0637 15.43133330281118
EXACTVIEW 9             
1 40936U 15052G   20271.29489738  .00000836  00000-0  27610-4 0  9994
2 40936   6.0039 334.0950 0011090 265.4230  94.4631 14.76595969270309
AEROCUBE 5C             
1 40965U 15058B   20271.50188442  .00000258  00000-0  49711-4 0  9998
2 40965  64.7784 194.8500 0175687  36.6235 324.6728 14.74562113 56353
AEROCUBE 7              
1 40966U 15058C   20271.18988836  .00000362  00000-0  61618-4 0  9994
2 40966  64.7785 194.1306 0174613  36.3962 324.8865 14.74871020 56314
ATHENOXAT 1             
1 41168U 15077C   20271.60449638  .00001931  00000-0  64977-4 0  9993
2 41168  14.9879  31.8736 0011428 108.7784 357.2480 15.14572884264858
GALASSIA                
1 41170U 15077E   20270.69190372  .00002429  00000-0  90181-4 0  9991
2 41170  14.9897  30.0326 0012437 125.2774 234.8712 15.14862598264774
VELOX-II                
1 41171U 15077F   20271.12248816  .00001891  00000-0  69214-4 0  9993
2 41171  14.9922  74.8650 0008756  19.4086 340.6567 15.11828914264437
HORYU-4                 
1 41340U 16012D   20271.07522217  .00000628  00000-0  40657-4 0  9992
2 41340  31.0061  44.5937 0013762  76.9324 283.2847 15.01563138253161
E-ST@R-II               
1 41459U 16025D   20271.54669713  .00002058  00000-0  10667-3 0  9998
2 41459  98.1115  26.9211 0163626 227.7957 130.9314 15.06658769242815
AAUSAT 4                
1 41460U 16025E   20271.59071414  .00004303  00000-0  21066-3 0  9990
2 41460  98.1112  29.6726 0152650 215.0532 144.0604 15.09088125243049
BEESAT-4                
1 41619U 16040W   20271.12281217  .00001963  00000-0  83199-4 0  9991
2 41619  97.3093 328.2084 0011203 172.3601 187.7810 15.24253265224889
CANX-7                  
1 41788U 16059F   20271.32231300  .00006743  00000-0  90239-3 0  9991
2 41788  98.2583   1.8548 0021016 335.1097  24.9266 14.79653962214872
RAVAN                   
1 41849U 16067B   20271.36727981  .00000257  00000-0  26575-4 0  9994
2 41849  97.9405  23.0057 0007856 264.0830  95.9497 14.98634498211887
CELTEE 1                
1 41850U 16067C   20271.25676429  .00000929  00000-0  85565-4 0  9994
2 41850  97.9348  20.3120 0007042 267.7110  92.3305 14.97229984211736
OPTICUBE 04             
1 41851U 16067D   20271.53936499  .00000023  00000-0  72678-5 0  9999
2 41851  97.9341  20.1618 0007254 272.0428  87.9962 14.96960583211753
AEROCUBE 8D             
1 41852U 16067E   20271.28840171 -.00000128  00000-0 -58061-5 0  9991
2 41852  97.9338  19.7499 0008409 272.7251  87.3007 14.96960443211697
AEROCUBE 8C             
1 41853U 16067F   20271.25555571  .00000964  00000-0  89221-4 0  9993
2 41853  97.9338  19.6106 0008269 272.7381  87.2893 14.96927269211680
PROMETHEUS 2-1          
1 41854U 16067G   20271.26929129  .00000713  00000-0  66786-4 0  9992
2 41854  97.9355  20.0203 0008489 272.6712  87.3538 14.97279930211701
PROMETHEUS 2-3          
1 41855U 16067H   20271.26909276  .00000757  00000-0  70525-4 0  9998
2 41855  97.9357  20.0577 0008689 273.0446  86.9781 14.97289260211701
INS-1B                  
1 41954U 17008G   20271.25560983  .00001972  00000-0  81833-4 0  9995
2 41954  97.3447 333.7927 0007518 308.9196  51.1371 15.25009450200887
BGUSAT                  
1 41999U 17008BD  20271.45720344  .00003930  00000-0  14702-3 0  9991
2 41999  97.3576 338.7249 0006377 317.9022  42.1727 15.27893874200520
DIDO-2                  
1 42000U 17008BE  20271.43784659  .00001347  00000-0  57400-4 0  9995
2 42000  97.3454 334.4362 0007388 331.1331  28.9497 15.24638159200304
PEASSS                  
1 42015U 17008BV  20271.46888774  .00001809  00000-0  73508-4 0  9997
2 42015  97.3484 336.2800 0005376 337.8887  22.2119 15.25822920200900
AL-FARABI 1             
1 42016U 17008BW  20271.23538216  .00002349  00000-0  92129-4 0  9996
2 42016  97.3515 337.2684 0005188 337.9302  22.1713 15.26722707201050
NAYIF-1 (EO-88)         
1 42017U 17008BX  20271.40794491  .00002540  00000-0  99283-4 0  9996
2 42017  97.3512 337.4482 0005165 336.7659  23.3346 15.26765659201107
UCLSAT                  
1 42765U 17036A   20271.41341084  .00001871  00000-0  80623-4 0  9998
2 42765  97.2905 322.8693 0012076  34.6423 325.5599 15.23738589182100
LITUANICASAT-2          
1 42768U 17036D   20271.41503485  .00003522  00000-0  14600-3 0  9992
2 42768  97.2970 323.0148 0014934  23.3074 336.8838 15.24431932181377
AALTO-1                 
1 42775U 17036L   20271.10092225  .00001015  00000-0  47342-4 0  9996
2 42775  97.2879 320.0899 0014502  28.8397 331.3638 15.21980712181136
URSA MAIOR              
1 42776U 17036M   20271.40633042  .00001301  00000-0  59508-4 0  9993
2 42776  97.2891 320.7154 0014265  27.6566 332.5426 15.22177391181199
COMPASS 2               
1 42777U 17036N   20271.44940881  .00002723  00000-0  11438-3 0  9998
2 42777  97.2956 323.4243 0012670  25.7280 334.4585 15.24213274181337
DIAMOND RED             
1 42783U 17036U   20271.38944156  .00001523  00000-0  67541-4 0  9991
2 42783  97.2905 322.0066 0012849  36.6424 323.5689 15.23013352181265
PEGASUS                 
1 42784U 17036V   20271.39409422  .00001736  00000-0  75691-4 0  9996
2 42784  97.2910 322.4984 0012674  35.4124 324.7953 15.23416258181297
DIAMOND GREEN           
1 42785U 17036W   20271.45400884  .00001533  00000-0  67978-4 0  9991
2 42785  97.2908 322.1080 0012766  37.0954 323.1163 15.23009128181346
DIAMOND BLUE            
1 42786U 17036X   20271.45313725  .00001506  00000-0  66832-4 0  9997
2 42786  97.2907 322.1018 0012613  37.3413 322.8698 15.23013505181265
NUDTSAT                 
1 42787U 17036Y   20271.62293695  .00001336  00000-0  56580-4 0  9990
2 42787  97.2957 324.3624 0012780  26.3948 333.7939 15.24817546181261
SUCHAI                  
1 42788U 17036Z   20271.38037896  .00002086  00000-0  88834-4 0  9993
2 42788  97.2919 323.1708 0012145  33.9726 326.2287 15.24004295181401
SKCUBE                  
1 42789U 17036AA  20271.37186698  .00001960  00000-0  84080-4 0  9997
2 42789  97.2913 322.9826 0012061  34.4472 325.7545 15.23829711181313
VZLUSAT-1               
1 42790U 17036AB  20271.41611825  .00002920  00000-0  12036-3 0  9997
2 42790  97.2944 324.1529 0011414  32.3565 327.8371 15.24808291181382
ROBUSTA-1B              
1 42792U 17036AD  20271.11573215  .00001836  00000-0  78493-4 0  9991
2 42792  97.2916 323.0175 0011665  35.8301 324.3717 15.24028766181301
CICERO 6                
1 42793U 17036AE  20271.41130945  .00001346  00000-0  59574-4 0  9999
2 42793  97.2890 322.5748 0011084  38.0002 322.2015 15.23302844181388
D-SAT                   
1 42794U 17036AF  20271.36307373  .00000458  00000-0  44714-4 0  9998
2 42794  97.4869 298.9355 0126718  25.4992 335.2405 14.91325155177887
CORVUS BC2              
1 42846U 17042X   20271.23828153  .00000125  00000-0  17442-4 0  9992
2 42846  97.5068 150.1257 0008301 304.2760  55.7673 14.92140934174581
CORVUS BC1              
1 42847U 17042Y   20271.22705483  .00000315  00000-0  36127-4 0  9994
2 42847  97.5071 150.3031 0007945 303.5582  56.4879 14.92242851174582
MIRATA                  
1 43015U 17073C   20271.51284929  .00001758  00000-0  13907-3 0  9997
2 43015  97.7115 179.8270 0254219  75.6425 287.2863 14.79809911154310
MAKERSAT 0              
1 43016U 17073D   20271.50561286  .00001228  00000-0  98842-4 0  9995
2 43016  97.7150 179.9783 0257128  76.9946 285.9839 14.79331187154294
DELLINGR (RBLE)         
1 43021U 98067NJ  20271.01780125  .00027932  00000-0  19914-3 0  9996
2 43021  51.6343 119.7912 0001699 115.1352 244.9823 15.73585062162842
AEROCUBE 7B (OCSD B)    
1 43042U 17071F   20271.44147650  .00007132  00000-0  16115-3 0  9992
2 43042  51.6365 285.8681 0005060  61.1483 299.0011 15.44306456158131
AEROCUBE 7C (OCSD C)    
1 43043U 17071G   20271.51127759  .00006968  00000-0  15780-3 0  9992
2 43043  51.6366 285.5993 0005289  64.9375 295.2160 15.44280311158112
CHEFSAT                 
1 43044U 17071H   20271.41790923  .00013464  00000-0  24468-3 0  9993
2 43044  51.6359 267.2954 0005133  71.1725 288.9820 15.49854211158355
ASGARDIA 1              
1 43049U 17071N   20271.43845807  .00006330  00000-0  14418-3 0  9990
2 43049  51.6377 285.1993 0003021  77.6482 282.4842 15.44282755158117
ISARA                   
1 43050U 17071P   20271.40881262  .00013228  00000-0  25107-3 0  9995
2 43050  51.6343 270.8357 0003068  78.2320 281.9012 15.48626743158291
PROPCUBE 2 (FAUNA)      
1 43052U 17071R   20271.32833959  .00006659  00000-0  14867-3 0  9999
2 43052  51.6371 283.7296 0003029  74.7235 285.4086 15.44789200158117
CORVUS BC3              
1 43118U 18004H   20271.23601969  .00001288  00000-0  56848-4 0  9992
2 43118  97.4355 340.6389 0011716  60.3251 299.9150 15.23509450150496
MICROMAS-2A             
1 43131U 18004W   20271.45457979  .00003215  00000-0  12926-3 0  9991
2 43131  97.4414 342.9659 0010388  58.6458 301.5795 15.25607307150649
SPACEBEE-4              
1 43139U 18004AE  20271.46330251  .00004640  00000-0  17748-3 0  9993
2 43139  97.4453 344.4162 0009664  59.7166 300.5028 15.27046031150718
SPACEBEE-3              
1 43140U 18004AF  20271.47518708  .00005939  00000-0  21954-3 0  9997
2 43140  97.4472 345.2855 0009242  58.2955 301.9184 15.28060862150774
SPACEBEE-2              
1 43141U 18004AG  20271.49864796  .00006303  00000-0  23040-3 0  9995
2 43141  97.4488 345.6365 0009186  57.5383 302.6743 15.28407418150799
SPACEBEE-1              
1 43142U 18004AH  20271.50665467  .00006880  00000-0  24815-3 0  9993
2 43142  97.4493 345.9699 0009109  57.2009 303.0107 15.28813378150803
CICERO 7                
1 43143U 18004AJ  20271.25722023  .00002927  00000-0  11792-3 0  9996
2 43143  97.4391 342.9265 0008825  68.2404 291.9772 15.25618908150635
GOMX-4B                 
1 43196U 18015E   20271.29839520  .00000647  00000-0  29170-4 0  9998
2 43196  97.4515  39.1430 0020217 104.3668 255.9815 15.24448175147419
GOMX-4A                 
1 43197U 18015F   20271.56626336  .00001108  00000-0  47603-4 0  9992
2 43197  97.4500  39.5341 0020488 104.9204 317.7667 15.24648723147470
UBAKUSAT                
1 43467U 98067NQ  20271.42049512  .00071043  00000-0  33996-3 0  9991
2 43467  51.6328 114.7762 0001413 171.3200 188.7827 15.82103961136212
CUBERRT                 
1 43546U 98067NU  20271.29400831  .00029069  00000-0  16166-3 0  9990
2 43546  51.6315 116.9790 0001639 147.1025 213.0079 15.79231406126309
TEMPEST-D               
1 43547U 98067NV  20271.12285636  .00010591  00000-0  11590-3 0  9993
2 43547  51.6356 158.1042 0005314  82.9744 277.1855 15.63905941125421
RAINCUBE                
1 43548U 98067NW  20271.53051106  .00072499  00000-0  36112-3 0  9994
2 43548  51.6292 122.9818 0003471 149.8734 210.2468 15.81224754126374
HALOSAT                 
1 43549U 98067NX  20271.09939126  .00044272  00000-0  24052-3 0  9991
2 43549  51.6332 126.9896 0003692 146.6352 213.4883 15.79528607125844
ENDUROSAT ONE           
1 43551U 98067NZ  20270.98492420  .00359290  66180-4  66744-3 0  9990
2 43551  51.6259 106.3569 0004662 237.5292 122.5268 16.00516313126513
EQUISAT                 
1 43552U 98067PA  20271.49574842  .00071522  00000-0  35944-3 0  9999
2 43552  51.6295 122.1253 0004273 151.7672 208.3563 15.81032892126319
AEROCUBE 12A            
1 43556U 18046C   20271.46634531  .00003171  00000-0  11947-3 0  9993
2 43556  51.6414 335.2999 0007714 303.1512  56.8727 15.30087899122998
AEROCUBE 12B            
1 43557U 18046D   20271.48171674  .00001584  00000-0  66452-4 0  9998
2 43557  51.6431 336.1364 0007756 303.0660  56.9575 15.29771081122930
UITMSAT-1               
1 43589U 98067PD  20271.43994450  .00121510  00000-0  44523-3 0  9990
2 43589  51.6309 117.0237 0003996 187.0972 172.9976 15.87460837122114
MAYA-1                  
1 43590U 98067PE  20271.30601456  .00123228  00000-0  45128-3 0  9999
2 43590  51.6260 117.5693 0003807 184.7226 175.3743 15.87467035122026
BHUTAN-1                
1 43591U 98067PF  20271.07558959  .00134404  00000-0  48449-3 0  9990
2 43591  51.6322 118.4285 0004187 185.5458 174.5502 15.87749123121991
SIRIUSSAT-1             
1 43595U 98067PG  20271.67395799  .00049134  00000-0  23108-3 0  9991
2 43595  51.6264 123.1018 0002129 167.8812 192.2992 15.82624283121161
SIRIUSSAT-2             
1 43596U 98067PH  20271.61645165  .00050378  00000-0  23860-3 0  9998
2 43596  51.6325 124.2716 0006034 170.7154 189.7735 15.82442298121146
TANUSHA-3               
1 43597U 98067PJ  20248.19053934  .05224124  12197-4  75260-3 0  9995
2 43597  51.6102 220.8087 0003266 222.6275 137.4495 16.33928828117760
SURFSAT                 
1 43614U 18070B   20271.52886787  .00005163  00000-0  13078-3 0  9994
2 43614  93.0279 196.8368 0012635 310.5090  49.5062 15.39687225114185
CP7 (DAVE)              
1 43615U 18070C   20271.31072944  .00004702  00000-0  11979-3 0  9990
2 43615  93.0281 196.7303 0012832 310.9786  49.0358 15.39511863114145
ELFIN-B                 
1 43616U 18070D   20271.38529997  .00006668  00000-0  16114-3 0  9992
2 43616  93.0241 196.7404 0013093 311.7936  48.2200 15.41094525114219
ELFIN-A                 
1 43617U 18070E   20271.33998652  .00007545  00000-0  18097-3 0  9993
2 43617  93.0293 197.3202 0012358 308.3134  51.7009 15.41325332114214
CUBEBEL-1 (BSUSAT-1)    
1 43666U 18083E   20271.59187685  .00001258  00000-0  64308-4 0  9997
2 43666  97.4841 297.0271 0015381  11.4090 118.1946 15.18437192106111
CICERO 10               
1 43690U 18088A   20271.38345221  .00001561  00000-0  69808-4 0  9995
2 43690  85.0418  11.1492 0012796 300.6020  59.3959 15.20381723104247
IRVINE01                
1 43693U 18088D   20271.52576732  .00004124  00000-0  17179-3 0  9998
2 43693  85.0388   9.4233 0015281 275.1931  84.7567 15.23294212104389
PROXIMA I               
1 43694U 18088E   20271.32438957  .00001496  00000-0  63329-4 0  9991
2 43694  85.0361   9.4639 0016810 268.5372  91.3944 15.22131546104343
PROXIMA II              
1 43696U 18088G   20271.51973407  .00001535  00000-0  65015-4 0  9996
2 43696  85.0363   9.3395 0016842 267.6152  92.3162 15.22133039104360
FACSAT-1                
1 43721U 18096C   20271.56542106  .00002034  00000-0  78092-4 0  9991
2 43721  97.4133 344.5619 0018941 119.3282 347.9398 15.27477971101978
CENTAURI-2              
1 43722U 18096D   20271.27215225  .00003648  00000-0  13528-3 0  9993
2 43722  97.4149 344.6502 0018949 120.1944 240.1175 15.28091810101940
INNOSAT-2               
1 43738U 18096V   20271.53798074  .00004254  00000-0  14427-3 0  9990
2 43738  97.4167 347.3223 0024496 124.5992   0.4510 15.30806263102144
SIRION PATHFINDER-2     
1 43759U 18099B   20271.62789962  .00000961  00000-0  92259-4 0  9993
2 43759  97.6972 341.5015 0013787 195.1638 164.9171 14.95323364 99207
CORVUS-BC 4             
1 43767U 18099K   20271.60700134  .00000625  00000-0  62688-4 0  9994
2 43767  97.6951 340.7816 0011454 199.0603 161.0190 14.94760771 99167
MOVE-II                 
1 43780U 18099Y   20271.43031734  .00000683  00000-0  66822-4 0  9991
2 43780  97.6987 341.2753 0012769 208.0537 151.9997 14.95493257 99159
SPACEBEE-7              
1 43816U 18099BL  20271.41706295  .00001059  00000-0  99978-4 0  9996
2 43816  97.6999 341.7151 0013173 191.3259 168.7668 14.95769889 98735
SPACEBEE-5              
1 43817U 18099BM  20271.45920502  .00001180  00000-0  10888-3 0  9997
2 43817  97.7054 342.3776 0013097 192.2239 167.8666 14.96479766 98766
SPACEBEE-6              
1 43818U 18099BN  20271.43341021  .00000733  00000-0  70385-4 0  9991
2 43818  97.7019 341.9236 0013017 191.1693 168.9241 14.95992446 98897
SHIELDS 1               
1 43850U 18104B   20271.28053861  .00000738  00000-0  30899-4 0  9990
2 43850  85.0254 108.0402 0016909  60.5553 299.7373 15.21465893 98955
STF-1                   
1 43852U 18104D   20271.56039527  .00001664  00000-0  72015-4 0  9991
2 43852  85.0296 108.4588 0016775  72.2548 288.0523 15.21465255 98979
ZACUBE-2                
1 43907U 18111AH  20271.47568792  .00000697  00000-0  30826-4 0  9990
2 43907  97.2532 168.1064 0022466 139.3276  33.8338 15.24684410 97559
LUME 1                  
1 43908U 18111AJ  20271.46676110  .00001652  00000-0  68125-4 0  9999
2 43908  97.2535 168.3443 0022179 138.7986 221.4932 15.25222181 97579
AOBA VELOX-IV           
1 43940U 19003J   20271.40023743  .00003226  00000-0  12988-3 0  9992
2 43940  97.2184 319.1429 0022514 219.0157 140.9458 15.25340550 94184
CATSAT-2                
1 44029U 98067PV  20271.17319842  .00036678  00000-0  31710-3 0  9991
2 44029  51.6376 159.2623 0004192 124.2605 235.8790 15.68818626 94472
DELPHINI                
1 44030U 98067PW  20271.11279419  .00044433  00000-0  36020-3 0  9999
2 44030  51.6326 157.1860 0004504 122.3487 237.7947 15.70288107 94465
UNITE                   
1 44031U 98067PX  20271.08689395  .00019200  00000-0  21110-3 0  9992
2 44031  51.6369 169.1527 0003785 104.7971 255.3443 15.63190779 94307
CATSAT-1                
1 44033U 98067PZ  20271.17313667  .00036671  00000-0  31691-3 0  9996
2 44033  51.6377 159.2706 0004278 120.5248 239.6172 15.68828473 94384
RAAVANA-1               
1 44329U 98067QE  20271.12785313  .00020514  00000-0  25535-3 0  9999
2 44329  51.6390 183.7545 0005603  36.7608 323.3769 15.59898830 72867
UGUISU                  
1 44330U 98067QF  20271.46697862  .00020171  00000-0  25211-3 0  9999
2 44330  51.6365 182.2402 0005509  37.5211 322.6166 15.59803985 72894
NEPALISAT-1             
1 44331U 98067QG  20271.18329466  .00020798  00000-0  25864-3 0  9990
2 44331  51.6364 183.3492 0005613  39.3528 320.7872 15.59913960 72867
SPOOQY-1                
1 44332U 98067QH  20271.13002194  .00019652  00000-0  24617-3 0  9994
2 44332  51.6372 183.7493 0004858  43.6370 316.5007 15.59767015 72811
SPACEBEE-9              
1 44370U 19037F   20271.36681410  .00015722  00000-0  33307-3 0  9995
2 44370  45.0051 265.3411 0012240  63.3947 296.8196 15.44920977 70352
SPACEBEE-8              
1 44371U 19037G   20271.37373480  .00035220  00000-0  59949-3 0  9997
2 44371  45.0047 255.2722 0011153  72.1001 288.1106 15.50783297 70457
IOD-1 GEMS              
1 44385U 98067QK  20271.24484508  .00037825  00000-0  40277-3 0  9999
2 44385  51.6384 179.3322 0001250  38.0319 322.0764 15.63608932 70398
MOVE-IIB                
1 44398U 19038N   20271.57297912  .00001192  00000-0  71699-4 0  9992
2 44398  97.5458 231.5686 0025833 132.4646 227.8783 15.12525303 68015
SONATE                  
1 44400U 19038Q   20271.63567849  .00000374  00000-0  25428-4 0  9992
2 44400  97.5502 231.6348 0026074 131.5841 228.7631 15.12043076 68014
LUCKY-7                 
1 44406U 19038W   20271.43440711  .00000986  00000-0  60269-4 0  9995
2 44406  97.5507 231.5778 0025761 131.9330 228.4102 15.12330518 67985
BEESAT 9                
1 44412U 19038AC  20271.42653385  .00001289  00000-0  77455-4 0  9996
2 44412  97.5496 231.5533 0023668 137.1276 223.1805 15.12447387 67681
JAISAT-1                
1 44419U 19038F   20271.48038597  .00001250  00000-0  74303-4 0  9998
2 44419  97.5499 231.9483 0022549 135.8083 224.4954 15.12931722 68026
SWIATOWID               
1 44426U 98067QL  20271.46875355  .00042015  00000-0  41991-3 0  9994
2 44426  51.6378 176.6816 0002204  41.9750 129.2999 15.65165623 70469
KRAKSAT                 
1 44427U 98067QM  20271.50543832  .00013078  00000-0  18144-3 0  9993
2 44427  51.6413 186.7145 0002763   3.5997 167.4872 15.57399693 70375
VCC A                   
1 44428U 98067QN  20271.48504310  .00019323  00000-0  24768-3 0  9997
2 44428  51.6390 183.9384 0002169  28.4118 331.6993 15.59177193 70410
ENTRYSAT                
1 44429U 98067QP  20271.05704000  .00025375  00000-0  30602-3 0  9997
2 44429  51.6371 184.0388 0001687  29.7824 330.3265 15.60602871 70379
VCC C                   
1 44430U 98067QQ  20271.44991290  .00031155  00000-0  34875-3 0  9990
2 44430  51.6369 179.9179 0001926  60.0395 300.0790 15.62423472 69281
VCC B                   
1 44431U 98067QR  20271.03266996  .00021265  00000-0  27129-3 0  9999
2 44431  51.6371 186.1398 0002277  25.0197 335.0906 15.59233304 70287
ATL-1                   
1 44830U 19084G   20271.40099054  .00515701  12096-3  91400-3 0  9991
2 44830  96.9482 142.5721 0012947 190.8210 169.2794 16.01751108 46610
SMOG-P                  
1 44832U 19084J   20271.14326166  .03977954  22126-5  12969-2 0  9995
2 44832  96.9460 143.0887 0008936 217.1552 142.9124 16.25995887 46628
DUCHIFAT-3              
1 44854U 19089C   20271.53601892  .00000459  00000-0  43400-4 0  9991
2 44854  36.9657 215.0363 0007704 174.7095 185.3732 14.99134895 43621
EYESAT-NANO             
1 44877U 19092E   20271.45440216  .00001455  00000-0  76857-4 0  9991
2 44877  97.4576  93.0939 0014416  30.1710 330.0351 15.17004985 43058
ORBITAL FACTORY 2 (OF-2)
1 45113U 19071C   20271.34077642  .00003024  00000-0  10266-3 0  9994
2 45113  51.6419 231.2396 0013579  65.4075 294.8321 15.33704760 36767
M2 PATHFINDER           
1 45727U 20037E   20271.39909207  .00000702  00000-0  76048-4 0  9996
2 45727  97.7044  89.1465 0011869 324.6821  35.3638 14.91232210 13212
