EYESAT-1 (AO-27)        
1 22825U 93061C   17316.17813746  .00000034  00000-0  30789-4 0  9991
2 22825  98.8332 283.7245 0007349 258.9064 101.1291 14.30012949258555
CUTE-1 (CO-55)          
1 27844U 03031E   17315.90247443  .00000111  00000-0  70150-4 0  9992
2 27844  98.6897 322.7609 0008723 281.7012  78.3186 14.22074009745271
CUBESAT XI-IV (CO-57)   
1 27848U 03031J   17316.01285163  .00000091  00000-0  61340-4 0  9998
2 27848  98.6989 323.1891 0008688 292.3292  67.6964 14.21683872745204
CUBESAT XI 5            
1 28895U 05043F   17316.40753173  .00000217  00000-0  50465-4 0  9996
2 28895  97.8814 112.0330 0017592  38.6432 321.6026 14.63469547642169
CUTE-1.7+APD II (CO-65) 
1 32785U 08021C   17316.52600220  .00000371  00000-0  46018-4 0  9995
2 32785  97.5581 333.9621 0014098  42.1233 318.1065 14.88001464516952
COMPASS-1               
1 32787U 08021E   17315.96118790  .00001388  00000-0  13921-3 0  9995
2 32787  97.5471 343.1849 0012718  12.0834 348.0689 14.92806006517491
AAUSAT-II               
1 32788U 08021F   17316.05285675  .00001323  00000-0  12881-3 0  9997
2 32788  97.5450 346.3675 0011890   3.7799 356.3509 14.94102096517750
DELFI-C3 (DO-64)        
1 32789U 08021G   17315.87944227  .00002479  00000-0  17661-3 0  9996
2 32789  97.5432  10.9087 0011297 325.5118  34.5375 15.05462270518981
CANX-2                  
1 32790U 08021H   17316.06264991  .00000541  00000-0  64958-4 0  9993
2 32790  97.5570 331.8024 0014844  44.9739 315.2678 14.87717081516822
SEEDS II (CO-66)        
1 32791U 08021J   17315.62178241  .00000645  00000-0  71575-4 0  9995
2 32791  97.5524 337.9059 0014056  28.8221 331.3771 14.90381346517109
SWISSCUBE               
1 35932U 09051B   17315.88287054  .00000218  00000-0  60472-4 0  9990
2 35932  98.5164  97.2214 0008306 150.8121 209.3542 14.56082986431773
BEESAT                  
1 35933U 09051C   17315.92613632  .00000272  00000-0  72349-4 0  9997
2 35933  98.5203  98.6723 0006271 160.6403 199.5033 14.56195065431845
ITUPSAT 1               
1 35935U 09051E   17316.34006261  .00000150  00000-0  45629-4 0  9996
2 35935  98.5318  99.3499 0008647 156.7870 203.3719 14.55381436431781
TISAT 1                 
1 36799U 10035E   17315.83801908  .00000865  00000-0  94434-4 0  9994
2 36799  98.0797  81.7322 0012123 196.4369 163.6457 14.90591962397777
M-CUBED & EXP-1 PRIME   
1 37855U 11061F   17316.48276342  .00003062  00000-0  16493-3 0  9998
2 37855 101.7104 263.2311 0179034   3.2378 356.9947 15.03692561329071
HORYU 2                 
1 38340U 12025D   17316.54421828  .00000312  00000-0  53999-4 0  9995
2 38340  98.3773 325.7122 0011708 174.3537 185.7805 14.75441926295166
STRAND-1                
1 39090U 13009E   17315.77441695  .00000060  00000-0  36606-4 0  9995
2 39090  98.5387 159.7324 0008457 217.7302 142.3291 14.34994439246622
BRITE-AUSTRIA           
1 39091U 13009F   17316.54965053  .00000032  00000-0  26775-4 0  9996
2 39091  98.5352 159.8398 0009679 223.8478 136.1939 14.35049142246775
UNIBRITE                
1 39092U 13009G   17316.21333290  .00000055  00000-0  34726-4 0  9993
2 39092  98.5362 159.1848 0008641 217.2967 142.7620 14.34923098246701
AIST-2                  
1 39133U 13015D   17316.48288676  .00000248  00000-0  30161-4 0  9995
2 39133  64.8723 176.8594 0037093 257.0738 102.6237 15.04419343250603
SOMP                    
1 39134U 13015E   17315.84910935  .00002509  00000-0  12942-3 0  9993
2 39134  64.8634 109.6101 0032607 242.0712 117.7113 15.18447381251895
BEESAT-3                
1 39135U 13015F   17316.51267537  .00001632  00000-0  93470-4 0  9994
2 39135  64.8690 118.0772 0033354 261.9163  97.8178 15.16100419251790
BEESAT-2                
1 39136U 13015G   17316.53989364  .00001594  00000-0  92807-4 0  9996
2 39136  64.8700 120.2056 0033378 260.9738  98.7609 15.15597722251757
NEE-01 PEGASUS          
1 39151U 13018B   17316.45996501  .00000273  00000-0  43327-4 0  9994
2 39151  97.9820  47.0360 0015804 291.8834  68.0697 14.79805422245468
CUBEBUG-1 (CAPITAN BETO)
1 39153U 13018D   17316.20041497  .00000568  00000-0  81484-4 0  9997
2 39153  97.9846  47.7070 0015711 290.5699  69.3826 14.80282091245488
ESTCUBE 1               
1 39161U 13021C   17316.46073275  .00000296  00000-0  55084-4 0  9992
2 39161  98.0234  40.4937 0010395  38.9801 321.2162 14.71977064242564
POPACS 1                
1 39268U 13055D   17315.68837518  .00005066  00000-0  14311-3 0  9995
2 39268  81.0042 214.0966 0645566 146.5190 217.8609 14.32486464211820
POPACS 2                
1 39269U 13055E   17316.20270608  .00004306  00000-0  12664-3 0  9991
2 39269  81.0173 231.1687 0696193 190.8619 167.6851 14.21015934212310
POPACS 3                
1 39270U 13055F   17316.48325419  .00001509  00000-0  47697-4 0  9991
2 39270  81.0198 240.5872 0721530 219.2358 135.4369 14.13953442211726
FIREFLY                 
1 39404U 13064AA  17304.93805027  .14819696  74099-5  47644-3 0  9999
2 39404  40.4789 145.0538 0001854 314.5146  47.1024 16.45154788222993
ZACUBE-1 (TSHEPISOSAT)  
1 39417U 13066B   17315.87829378  .00000377  00000-0  53861-4 0  9993
2 39417  97.6133 350.8334 0060135 145.6454 214.8670 14.80815249214631
WNISAT-1                
1 39423U 13066H   17316.48036201  .00000238  00000-0  57131-4 0  9993
2 39423  97.6986 292.6946 0175394 335.0969  24.1835 14.52896449210761
TRITON-1                
1 39427U 13066M   17316.49104595  .00000301  00000-0  56437-4 0  9999
2 39427  97.6367 321.9031 0113054 233.2393 125.8393 14.67558857212791
GOMX 1                  
1 39430U 13066Q   17316.52219435  .00000342  00000-0  71546-4 0  9990
2 39430  97.6757 304.3308 0150512 294.8726  63.6891 14.58969983211554
BRITE-PL                
1 39431U 13066R   17316.45842617  .00000171  00000-0  46494-4 0  9991
2 39431  97.7268 281.2072 0203065  17.2041 343.5905 14.46886219209890
HUMSAT-D                
1 39433U 13066T   17315.71225011  .00000933  00000-0  97411-4 0  9995
2 39433  97.6356  14.3490 0032581  87.0733 273.4214 14.91639025216000
EAGLE 2                 
1 39436U 13066W   17316.54269517  .00043424  00000-0  82019-3 0  9998
2 39436  97.7134  70.7347 0008114 264.6360  95.3964 15.48286677219504
CUBEBUG-2 (LO-74)       
1 39440U 13066AA  17316.14987573  .00000522  00000-0  79812-4 0  9998
2 39440  97.6170 339.1407 0080736 179.2468 180.8879 14.75554973213917
NEE-02 KRYSAOR          
1 39441U 13066AB  17315.56343985  .00000195  00000-0  34854-4 0  9990
2 39441  97.6154 337.0822 0081908 185.2373 174.7989 14.74692405213705
FUNCUBE-1 (AO-73)       
1 39444U 13066AE  17315.91906346  .00000684  00000-0  90946-4 0  9995
2 39444  97.6147 352.1170 0059388 141.7940 218.7505 14.81570907212890
UWE-3                   
1 39446U 13066AG  17316.54433245  .00000325  00000-0  49881-4 0  9994
2 39446  97.6139 345.1597 0070887 161.0311 199.3566 14.78087291213114
BRITE-TORONTO           
1 40020U 14033L   17316.51471227  .00000111  00000-0  27535-4 0  9993
2 40020  97.8122 180.4538 0086757 214.2807 145.2780 14.66440988181820
DUCHIFAT-1              
1 40021U 14033M   17316.31159799  .00000796  00000-0  88156-4 0  9994
2 40021  97.9145 229.6536 0013061 167.1996 192.9556 14.90089581184653
FLOCK 1C-10             
1 40023U 14033P   17316.52542623  .00001731  00000-0  18986-3 0  9994
2 40023  97.9150 228.7503 0012375 174.9126 185.2217 14.88989426184577
NANOSATC-BR1            
1 40024U 14033Q   17315.97878066  .00000999  00000-0  11109-3 0  9991
2 40024  97.9094 227.9665 0012314 169.5815 190.5660 14.89386989184547
QB50P1                  
1 40025U 14033R   17316.50897950  .00000498  00000-0  59490-4 0  9995
2 40025  97.9067 227.3096 0012531 171.3652 188.7783 14.88561669184556
FLOCK 1C-7              
1 40026U 14033S   17316.33463288  .00001787  00000-0  19238-3 0  9997
2 40026  97.9173 229.4811 0010891 170.8908 189.2490 14.89728705184602
FLOCK 1C-1              
1 40027U 14033T   17315.74804069  .00001049  00000-0  11731-3 0  9999
2 40027  97.9145 228.2446 0012347 174.5884 185.5453 14.89047545184474
POPSAT-HIP-1            
1 40028U 14033U   17316.48653183  .00000639  00000-0  74856-4 0  9993
2 40028  97.9094 227.6063 0013797 170.0484 190.0979 14.88425648184537
FLOCK 1C-2              
1 40029U 14033V   17316.31280540  .00001398  00000-0  15420-3 0  9993
2 40029  97.9159 228.6523 0013612 169.5318 190.6176 14.89067016184545
FLOCK 1C-4              
1 40031U 14033X   17315.73939435  .00001593  00000-0  17549-3 0  9996
2 40031  97.9176 228.0348 0014201 168.3519 191.7939 14.88913811184452
QB50P2                  
1 40032U 14033Y   17316.19725007  .00000751  00000-0  87550-4 0  9991
2 40032  97.9034 225.9593 0012035 167.1915 192.9609 14.88114361184454
FLOCK 1C-11             
1 40033U 14033Z   17316.45702880  .00000960  00000-0  10449-3 0  9999
2 40033  97.9184 230.5220 0012347 158.9931 201.1772 14.90340139184677
ANTELSAT                
1 40034U 14033AA  17315.68524095  .00000355  00000-0  60514-4 0  9991
2 40034  97.8373 194.8768 0058868 177.1025 183.0536 14.73801089182111
FLOCK 1C-9              
1 40035U 14033AB  17315.82565124  .00000782  00000-0  88824-4 0  9994
2 40035  97.9186 228.5955 0011686 163.1359 197.0191 14.89117768184474
FLOCK 1C-6              
1 40036U 14033AC  17315.76898728  .00000949  00000-0  10627-3 0  9997
2 40036  97.9198 228.7886 0011828 163.9363 196.2247 14.89223165184487
PERSEUS-M2              
1 40037U 14033AD  17316.17340703  .00000315  00000-0  41988-4 0  9991
2 40037  97.9042 224.1085 0014421 175.2425 184.8930 14.86289532184292
FLOCK 1C-5              
1 40038U 14033AE  17315.71090376  .00001423  00000-0  15634-3 0  9998
2 40038  97.9203 228.5067 0013817 164.7966 195.3678 14.89195651184467
PERSEUS-M1              
1 40039U 14033AF  17316.21060022  .00000317  00000-0  42604-4 0  9999
2 40039  97.9045 223.6325 0014370 171.4123 188.7341 14.85912743184255
FLOCK 1C-8              
1 40040U 14033AG  17315.71001939  .00001047  00000-0  11118-3 0  9993
2 40040  97.9235 231.1177 0013055 150.6215 209.5747 14.91153681184614
FLOCK 1C-3              
1 40041U 14033AH  17315.76945009  .00000988  00000-0  11117-3 0  9996
2 40041  97.9200 228.2920 0013713 161.7248 198.4532 14.88897520184442
POLYITAN-1              
1 40042U 14033AJ  17315.71081212  .00000624  00000-0  73609-4 0  9991
2 40042  97.9140 226.5500 0014885 163.4579 196.7126 14.88213364184367
TIGRISAT                
1 40043U 14033AK  17316.29698450  .00000212  00000-0  38916-4 0  9999
2 40043  97.8352 196.1316 0060130 176.2409 183.9264 14.74053160182659
LEMUR-1                 
1 40044U 14033AL  17315.68476487  .00000246  00000-0  44119-4 0  9995
2 40044  97.8350 195.2407 0059214 179.4318 180.6969 14.73878981182554
AEROCUBE 6A             
1 40045U 14033AM  17316.37352684  .00000517  00000-0  82375-4 0  9992
2 40045  97.8489 197.7790 0057998 171.1052 189.1199 14.74970567182565
AEROCUBE 6B             
1 40046U 14033AN  17316.23778732  .00000443  00000-0  71699-4 0  9999
2 40046  97.8474 197.5641 0057340 170.9093 189.3169 14.74968801182686
UKUBE-1                 
1 40074U 14037F   17316.40445383  .00000590  00000-0  78615-4 0  9994
2 40074  98.3625  78.1268 0003398 304.0034  56.0859 14.83645200181151
BRITE-PL 2              
1 40119U 14049B   17316.46881275  .00000187  00000-0  28833-4 0  9996
2 40119  97.9308  41.5463 0016719 329.5088  30.5153 14.84211545175156
FIREBIRD 4              
1 40378U 15003C   17316.53294968  .00003079  00000-0  13146-3 0  9992
2 40378  99.1119 170.1841 0133165 230.2057 128.7385 15.16276899153483
GRIFEX                  
1 40379U 15003D   17316.50087958  .00002079  00000-0  96010-4 0  9990
2 40379  99.1152 167.2910 0139439 239.8873 118.8470 15.13620727153313
EXOCUBE                 
1 40380U 15003E   17315.77713114  .00001887  00000-0  90838-4 0  9998
2 40380  99.1203 164.8435 0143408 247.4937 111.1054 15.11979012153095
DEORBITSAIL             
1 40719U 15032E   17315.75889021  .00000677  00000-0  10502-3 0  9990
2 40719  97.9635 207.5392 0017402  31.8073 328.4184 14.76230273126099
TIANWANG 1C (TW-1C)     
1 40926U 15051B   17316.49590779  .00014622  00000-0  30553-3 0  9995
2 40926  97.2128 355.0167 0011166   0.3334 109.2800 15.45532991119800
TIANWANG 1B (TW-1B)     
1 40927U 15051C   17316.47926132  .00014832  00000-0  32226-3 0  9992
2 40927  97.2224 354.9481 0010887  14.3185  93.1039 15.44381628119738
TIANWANG 1A (TW-1A)     
1 40928U 15051D   17316.56946970  .00005304  00000-0  14658-3 0  9998
2 40928  97.2115 349.7006 0013339  31.5359 120.3830 15.37377509119481
LEMUR-2-JOEL            
1 40932U 15052C   17315.44163612  .00000391  00000-0 -34665-4 0  9997
2 40932   6.0091 256.3528 0012751 184.2372 175.7736 14.77574948114828
LEMUR-2-CHRIS           
1 40933U 15052D   17312.32506097  .00000336  00000-0 -42446-4 0  9995
2 40933   6.0133 277.2912 0015655 140.7874 219.3278 14.77717338114373
LEMUR-2-JEROEN          
1 40934U 15052E   17314.31794274  .00001705  00000-0  14719-3 0  9994
2 40934   6.0093 269.2672 0009242 156.3195 203.7885 14.77090455114574
LEMUR-2-PETER           
1 40935U 15052F   17316.45413191  .00001072  00000-0  60073-4 0  9990
2 40935   6.0037 255.8858 0010575 178.4009 181.6286 14.76846305114896
EXACTVIEW 9             
1 40936U 15052G   17316.23523021  .00001147  00000-0  71684-4 0  9994
2 40936   6.0017 260.4684 0011489 176.6920 183.3752 14.76320943114859
ATHENOXAT 1             
1 41168U 15077C   17316.26549334  .00003358  00000-0  15048-3 0  9994
2 41168  14.9822 167.2617 0012282 268.6285 230.5461 15.12172370105488
GALASSIA                
1 41170U 15077E   17315.84987296  .00002661  00000-0  10973-3 0  9991
2 41170  14.9877 165.8648 0013488 283.2417  76.6399 15.12605042105462
VELOX 2                 
1 41171U 15077F   17315.78408331  .00002158  00000-0  88688-4 0  9993
2 41171  14.9904 182.1386 0009177 232.7839 127.1643 15.10259588105318
AGGIESAT 4              
1 41313U 98067HP  17316.47999370  .00056212  00000-0  22346-3 0  9994
2 41313  51.6366 316.1564 0005050  34.2588 325.8741 15.86087640102353
HORYU-IV                
1 41340U 16012D   17315.91624694  .00001214  00000-0  86613-4 0  9996
2 41340  31.0051 249.3112 0014050  99.3044 260.9181 15.00795676 95226
OUFTI-1                 
1 41458U 16025C   17316.39253564  .00003800  00000-0  20185-3 0  9991
2 41458  98.1697   2.4013 0173436 153.6102 207.4072 15.03913976 84846
E-ST@R-II               
1 41459U 16025D   17316.36471134  .00002993  00000-0  16106-3 0  9994
2 41459  98.1656   2.2865 0173542 154.1931 206.8055 15.03682086 84837
AAUSAT 4                
1 41460U 16025E   17316.39699700  .00005391  00000-0  28425-3 0  9992
2 41460  98.1629   2.5338 0166025 151.5798 209.4560 15.04852246 84879
DIWATA-1                
1 41463U 98067HT  17316.55623321  .00014001  00000-0  14162-3 0  9996
2 41463  51.6423 355.0530 0001390  24.6315  70.2496 15.65600648 88012
FLOCK 2E'-1             
1 41479U 98067HZ  17316.50965315  .00035388  00000-0  19901-3 0  9997
2 41479  51.6348 335.9217 0003445  29.1961 330.9232 15.78871528 85207
FLOCK 2E'-3             
1 41480U 98067JA  17315.55949737  .00041658  00000-0  24437-3 0  9990
2 41480  51.6287 340.8304 0003187  26.2612 333.8550 15.77848631 85042
FLOCK 2E'-2             
1 41481U 98067JB  17316.46259768  .00262392  37204-4  74822-3 0  9993
2 41481  51.6278 331.7378 0008545  55.0022 305.1786 15.92738643 85233
FLOCK 2E'-4             
1 41482U 98067JC  17312.53569607  .16219661  12308-4  20197-2 0  9995
2 41482  51.6140 345.8340 0002361 349.1392  10.9692 16.35310899 84697
FLOCK 2E-1              
1 41483U 98067JD  17316.49014218  .00025016  00000-0  16752-3 0  9995
2 41483  51.6351 338.8970 0002134   3.5373 356.5641 15.75111832 85010
FLOCK 2E-2              
1 41484U 98067JE  17315.89272325  .00093623  00000-0  49799-3 0  9990
2 41484  51.6317 337.8988 0003368  14.0602 346.0492 15.79690411 84974
FLOCK 2E-3              
1 41486U 98067JG  17316.51497951  .00040088  00000-0  24641-3 0  9992
2 41486  51.6338 339.7842 0003118  14.2679 345.8408 15.76812273 85028
FLOCK 2E-4              
1 41487U 98067JH  17315.52085713  .00027649  00000-0  18251-3 0  9990
2 41487  51.6341 343.6357 0002338 356.8916   3.2069 15.75380679 84880
FLOCK 2E-6              
1 41563U 98067JM  17315.45295321  .00088520  00000-0  53545-3 0  9995
2 41563  51.6343 347.6836 0004872  41.8145 318.3226 15.76836541 82892
FLOCK 2E-5              
1 41564U 98067JN  17315.58297178  .00022207  00000-0  16679-3 0  9999
2 41564  51.6340 347.8220 0003048  30.5169 329.6006 15.72502780 82896
FLOCK 2E-7              
1 41565U 98067JP  17315.50643453  .00041486  00000-0  23370-3 0  9999
2 41565  51.6294 339.6972 0005490   0.9391 359.1619 15.78744374 82890
FLOCK 2E'-5             
1 41567U 98067JR  17316.49449891  .00017795  00000-0  14140-3 0  9991
2 41567  51.6353 345.6993 0005159 355.6816   4.4137 15.71321869 82878
FLOCK 2E'-6             
1 41568U 98067JS  17315.49300765  .00036024  00000-0  24328-3 0  9992
2 41568  51.6335 345.6721 0005188   0.9709 359.1299 15.74697283 82813
FLOCK 2E'-8             
1 41569U 98067JT  17315.50333966  .00042426  00000-0  23150-3 0  9999
2 41569  51.6332 338.9384 0003605   4.2028 355.9003 15.79451817 82783
FLOCK 2E-9              
1 41571U 98067JV  17316.09287460  .00136972  00000-0  61903-3 0  9992
2 41571  51.6323 333.8827 0003975  18.9782 341.1368 15.83052219 82881
FLOCK 2E-10             
1 41572U 98067JW  17315.51619422  .00036642  00000-0  21535-3 0  9996
2 41572  51.6360 341.3271 0005023 359.5609   0.5386 15.77859874 82733
FLOCK 2E-12             
1 41573U 98067JX  17316.47791640  .00038745  00000-0  20711-3 0  9997
2 41573  51.6328 334.2017 0005743  10.2585 349.8532 15.79935748 82919
FLOCK 2E-11             
1 41574U 98067JY  17316.46812350  .00038883  00000-0  20942-3 0  9998
2 41574  51.6272 333.2971 0006551  15.3238 344.7960 15.79761283 82926
FLOCK 2E'-9             
1 41575U 98067JZ  17316.44177372  .00045622  00000-0  21431-3 0  9998
2 41575  51.6298 330.8388 0007098  20.7640 339.3649 15.82651536 82943
FLOCK 2E'-10            
1 41576U 98067KA  17316.11247279  .00040919  00000-0  20548-3 0  9999
2 41576  51.6329 335.5437 0006805  20.1061 340.0208 15.81266923 82752
FLOCK 2E'-11            
1 41577U 98067KB  17315.56071600  .00038954  00000-0  22184-3 0  9995
2 41577  51.6352 340.1459 0005661 357.4125   2.6846 15.78530248 82468
FLOCK 2E'-12            
1 41578U 98067KC  17315.54132074  .00057725  00000-0  26501-3 0  9991
2 41578  51.6281 336.8493 0007034   8.7065 351.4059 15.83041545 82504
FLOCK 2P-6              
1 41606U 16040H   17315.70238467  .00003981  00000-0  17052-3 0  9991
2 41606  97.4430  17.2000 0008991 278.1341  81.8876 15.23330005 77159
FLOCK 2P-11             
1 41608U 16040K   17315.70649077  .00004526  00000-0  19369-3 0  9995
2 41608  97.4426  17.1688 0008986 277.8364  82.1852 15.23286667 77097
FLOCK 2P-2              
1 41609U 16040L   17315.72398713  .00005734  00000-0  24407-3 0  9997
2 41609  97.4430  17.1787 0008905 277.8837  82.1389 15.23355039 77072
FLOCK 2P-9              
1 41610U 16040M   17315.66975382  .00005565  00000-0  23712-3 0  9995
2 41610  97.4427  17.0797 0009167 278.2384  81.7813 15.23332625 76941
FLOCK 2P-4              
1 41611U 16040N   17315.69712350  .00005020  00000-0  21428-3 0  9991
2 41611  97.4455  17.3598 0009304 289.2603  70.7627 15.23318552 77118
FLOCK 2P-10             
1 41612U 16040P   17315.74079276  .00005245  00000-0  22369-3 0  9995
2 41612  97.4462  17.4855 0009136 288.6683  71.3562 15.23330744 77121
FLOCK 2P-8              
1 41613U 16040Q   17316.41419975  .00003928  00000-0  16831-3 0  9998
2 41613  97.4458  18.0891 0009214 284.9199  75.1017 15.23327326 77222
FLOCK 2P-12             
1 41614U 16040R   17315.71880724  .00005611  00000-0  23908-3 0  9999
2 41614  97.4466  17.5544 0008930 288.2804  71.7461 15.23328401 77124
FLOCK 2P-7              
1 41615U 16040S   17315.75102935  .00006016  00000-0  25579-3 0  9991
2 41615  97.4453  17.4283 0009204 288.1646  71.8589 15.23367342 77127
FLOCK 2P-5              
1 41616U 16040T   17315.72973330  .00005293  00000-0  22572-3 0  9990
2 41616  97.4466  17.5393 0008876 287.6351  72.3917 15.23330709 77102
FLOCK 2P-1              
1 41617U 16040U   17315.65160569  .00005258  00000-0  22370-3 0  9992
2 41617  97.4469  17.4949 0008859 288.0723  71.9549 15.23414392 77119
FLOCK 2P-3              
1 41618U 16040V   17315.94332157  .00005680  00000-0  24199-3 0  9999
2 41618  97.4467  17.7070 0008840 287.5031  72.5239 15.23330480 77154
BEESAT-4                
1 41619U 16040W   17316.21168562  .00002032  00000-0  93561-4 0  9996
2 41619  97.4456  17.0817 0010223 270.3493  89.6571 15.21416382 65097
3CAT-2                  
1 41732U 16051B   17316.46526084  .00002635  00000-0  10674-3 0  9990
2 41732  97.3728 231.2582 0015457 107.9890 340.3967 15.25449538 69131
FLOCK 2E'-13            
1 41761U 98067KH  17315.71194772  .00036354  00000-0  36166-3 0  9990
2 41761  51.6372   6.0852 0006440  82.6808 277.4919 15.65330991 65970
FLOCK 2E'-14            
1 41762U 98067KJ  17315.73560331  .00015727  00000-0  16095-3 0  9991
2 41762  51.6385   5.5333 0005657  82.2376 277.9261 15.65183192 65983
FLOCK 2E'-16            
1 41763U 98067KK  17316.16483565  .00029959  00000-0  29080-3 0  9993
2 41763  51.6386   2.3972 0004805  91.2081 268.9466 15.66059521 66028
FLOCK 2E'-15            
1 41764U 98067KL  17315.67195637  .00013248  00000-0  14010-3 0  9990
2 41764  51.6385   6.6036 0005399  90.5225 269.6389 15.64519219 65920
FLOCK 2E'-18            
1 41769U 98067KM  17316.54693746  .00011395  00000-0  12085-3 0  9997
2 41769  51.6387   1.9406 0003962 112.7556 247.3858 15.64623458 66065
FLOCK 2E'-17            
1 41776U 98067KN  17315.69804433  .00015030  00000-0  15615-3 0  9999
2 41776  51.6394   6.0519 0004229 111.8120 248.3325 15.64847869 65924
FLOCK 2E'-19            
1 41777U 98067KP  17315.57654021  .00022271  00000-0  19137-3 0  9991
2 41777  51.6366   0.6511 0003202  95.5605 264.5758 15.69262328 65940
FLOCK 2E'-20            
1 41782U 98067KQ  17315.66278899  .00020879  00000-0  18918-3 0  9990
2 41782  51.6377   2.0267 0003150  94.0619 266.0737 15.68006839 65804
CANX-7                  
1 41788U 16059F   17316.44349212  .00010134  00000-0  18187-2 0  9992
2 41788  98.1882  17.5370 0030510  69.2163 291.2339 14.66606607 60305
ALSAT 1N                
1 41789U 16059G   17316.45472433  .00000164  00000-0  40200-4 0  9991
2 41789  98.1500  16.9453 0029491  51.0982 309.2845 14.64098848 60304
RAVAN                   
1 41849U 16067B   17315.79654214  .00001303  00000-0  11743-3 0  9997
2 41849  97.9410  36.2626 0008965 158.9551 201.2041 14.97365827 54590
CELTEE 1                
1 41850U 16067C   17316.22226689  .00000635  00000-0  60921-4 0  9999
2 41850  97.9388  36.4691 0009315 159.4772 200.6825 14.96677968 54641
OPTICUBE 04             
1 41851U 16067D   17316.23607620  .00000678  00000-0  64904-4 0  9991
2 41851  97.9389  36.4481 0009587 159.0452 201.1164 14.96573012 54649
AEROCUBE 8D             
1 41852U 16067E   17315.77527098  .00001053  00000-0  98405-4 0  9991
2 41852  97.9404  35.8572 0010361 160.2310 199.9315 14.96339110 54563
AEROCUBE 8C             
1 41853U 16067F   17315.78421173  .00000900  00000-0  84929-4 0  9996
2 41853  97.9406  35.8436 0010593 161.1485 199.0130 14.96305426 54564
PROMETHEUS 2-1          
1 41854U 16067G   17316.20155266  .00000799  00000-0  75918-4 0  9996
2 41854  97.9410  36.2389 0010769 160.9960 199.1665 14.96332137 54622
PROMETHEUS 2-3          
1 41855U 16067H   17315.86931256  .00000706  00000-0  67758-4 0  9990
2 41855  97.9411  35.9021 0010922 162.6233 197.5364 14.96324029 54579
LEMUR-2-XIAOQING        
1 41871U 16062C   17316.57009893  .00005298  00000-0  23444-3 0  9999
2 41871  51.6309 101.7431 0004576  40.7419 319.3898 15.23239716 53559
LEMUR-2-SOKOLSKY        
1 41872U 16062D   17315.83014070  .00003822  00000-0  17249-3 0  9998
2 41872  51.6795 105.1548 0005985  55.0192 305.1348 15.23357958 53437
LEMUR-2-ANUBHAVTHAKUR   
1 41873U 16062E   17316.58110238  .00000591  00000-0  39930-4 0  9997
2 41873  51.6429 103.1901 0005215  54.8012 305.3452 15.21957680 53510
LEMUR-2-WINGO           
1 41874U 16062F   17316.21896660  .00004802  00000-0  21589-3 0  9997
2 41874  51.6465 103.7484 0006804  35.1634 324.9795 15.22901243 53488
STARS-C                 
1 41895U 98067KR  17315.75846288  .00068783  00000-0  44639-3 0  9993
2 41895  51.6354   4.1094 0002869  55.1627 304.9642 15.75342923 51120
ITF-2                   
1 41932U 98067KU  17315.52625712  .00023375  00000-0  23736-3 0  9990
2 41932  51.6402  12.4111 0004727  80.8906 279.2624 15.65075516 46564
WASEDA-SAT3             
1 41933U 98067KV  17316.49766687  .00023344  00000-0  22152-3 0  9992
2 41933  51.6380   6.1036 0004504  81.8027 278.3480 15.66777786 46732
AOBA-VELOX 3            
1 41935U 98067KX  17315.58870409  .00024835  00000-0  24135-3 0  9990
2 41935  51.6395  11.3157 0004099  78.5991 281.5466 15.66144278 46682
OSNSAT                  
1 41939U 98067KZ  17316.14156301  .00101938  00000-0  48798-3 0  9996
2 41939  51.6351 357.6274 0006447  53.4786 306.6809 15.81928816 46165
FLOCK 3P-8              
1 41951U 17008D   17316.14344029  .00002611  00000-0  11255-3 0  9998
2 41951  97.4792  17.0039 0009325  43.3860 316.8109 15.23439745 41043
FLOCK 3P-51             
1 41952U 17008E   17315.91631399  .00004302  00000-0  18318-3 0  9998
2 41952  97.4798  16.8694 0009664  60.2539 299.9658 15.23483757 41021
FLOCK 3P-37             
1 41953U 17008F   17316.11517074  .00005183  00000-0  21673-3 0  9991
2 41953  97.4796  17.2073 0008967  64.2996 295.9165 15.24002916 41059
INS-1B                  
1 41954U 17008G   17316.46055933  .00001904  00000-0  85566-4 0  9990
2 41954  97.4767  16.9634 0010534  41.4765 318.7269 15.22344809 41025
FLOCK 3P-19             
1 41955U 17008H   17315.89531862  .00002133  00000-0  92358-4 0  9999
2 41955  97.4787  16.7081 0010183  43.2706 316.9329 15.23474987 40935
FLOCK 3P-24             
1 41956U 17008J   17316.48175860  .00003665  00000-0  15577-3 0  9996
2 41956  97.4786  17.3014 0009729  38.8308 321.3626 15.23642671 41107
FLOCK 3P-18             
1 41957U 17008K   17316.54854388  .00002857  00000-0  12229-3 0  9996
2 41957  97.4787  17.3692 0009873  40.1152 320.0812 15.23591325 40958
FLOCK 3P-22             
1 41958U 17008L   17315.89938470  .00002532  00000-0  10912-3 0  9996
2 41958  97.4787  16.7078 0009797  42.7831 317.4166 15.23471324 40843
FLOCK 3P-21             
1 41959U 17008M   17316.15187190  .00002920  00000-0  12554-3 0  9997
2 41959  97.4794  16.9997 0009681  43.8790 316.3214 15.23424181 40898
FLOCK 3P-28             
1 41960U 17008N   17315.88731949  .00002807  00000-0  12081-3 0  9994
2 41960  97.4792  16.7341 0009593  43.0220 317.1765 15.23427209 40930
FLOCK 3P-26             
1 41961U 17008P   17316.48579413  .00002239  00000-0  96778-4 0  9993
2 41961  97.4792  17.3104 0009722  40.2514 319.9441 15.23490955 40944
FLOCK 3P-17             
1 41962U 17008Q   17315.94258177  .00003155  00000-0  13533-3 0  9990
2 41962  97.4791  16.8119 0009647  44.7311 315.4702 15.23441386 40815
FLOCK 3P-27             
1 41963U 17008R   17316.16680665  .00002873  00000-0  12346-3 0  9994
2 41963  97.4790  16.9732 0009894  41.6680 318.5309 15.23453128 40898
FLOCK 3P-25             
1 41964U 17008S   17316.48119806  .00001758  00000-0  76853-4 0  9999
2 41964  97.4789  17.3125 0009546  41.0747 319.1207 15.23406109 40925
FLOCK 3P-4              
1 41965U 17008T   17316.47533623  .00001704  00000-0  74479-4 0  9999
2 41965  97.4793  17.3293 0009464  42.6767 317.5203 15.23443477 41024
FLOCK 3P-2              
1 41966U 17008U   17316.47631156  .00002327  00000-0  10063-3 0  9990
2 41966  97.4793  17.3342 0009312  41.0352 319.1584 15.23443932 40941
FLOCK 3P-1              
1 41967U 17008V   17315.90718974  .00003866  00000-0  16590-3 0  9992
2 41967  97.4796  16.7210 0009496  44.4907 315.7091 15.23284032 40857
FLOCK 3P-3              
1 41968U 17008W   17316.47923341  .00001883  00000-0  82033-4 0  9995
2 41968  97.4792  17.3220 0009407  41.5108 318.6842 15.23428043 41023
FLOCK 3P-6              
1 41969U 17008X   17316.47357800  .00002264  00000-0  97949-4 0  9993
2 41969  97.4794  17.3385 0009221  40.9966 319.1962 15.23454700 40934
FLOCK 3P-7              
1 41970U 17008Y   17316.19256543  .00004406  00000-0  18771-3 0  9991
2 41970  97.4796  17.1026 0009426  45.0334 315.1665 15.23452823 40895
FLOCK 3P-5              
1 41971U 17008Z   17316.47114076  .00002136  00000-0  92624-4 0  9995
2 41971  97.4797  17.3485 0009346  43.7805 316.4171 15.23439287 40870
FLOCK 3P-12             
1 41972U 17008AA  17315.94424097  .00003991  00000-0  17043-3 0  9995
2 41972  97.4796  16.8246 0009249  45.9197 314.2800 15.23434060 40946
FLOCK 3P-9              
1 41973U 17008AB  17315.94762956  .00003703  00000-0  15840-3 0  9999
2 41973  97.4797  16.8249 0009340  43.7765 316.4210 15.23420790 40944
FLOCK 3P-10             
1 41974U 17008AC  17316.13292264  .00002648  00000-0  11397-3 0  9992
2 41974  97.4798  17.0404 0009196  44.9417 315.2562 15.23471612 40854
FLOCK 3P-11             
1 41975U 17008AD  17315.88309966  .00001821  00000-0  79424-4 0  9990
2 41975  97.4796  16.7577 0009441  44.4805 315.7189 15.23439199 40707
FLOCK 3P-60             
1 41976U 17008AE  17316.45009540  .00002368  00000-0  10221-3 0  9996
2 41976  97.4800  17.3851 0009120  45.1993 314.9983 15.23480113 40273
FLOCK 3P-58             
1 41977U 17008AF  17316.53609743  .00001669  00000-0  73051-4 0  9991
2 41977  97.4797  17.4152 0009108  43.7856 316.4101 15.23428618 41117
FLOCK 3P-57             
1 41978U 17008AG  17315.93721103  .00002633  00000-0  11336-3 0  9999
2 41978  97.4796  16.8372 0009229  44.3301 315.8674 15.23467826 40863
FLOCK 3P-75             
1 41979U 17008AH  17316.46177771  .00002677  00000-0  11527-3 0  9995
2 41979  97.4819  17.4446 0009431  45.3509 314.8495 15.23454770 41095
FLOCK 3P-70             
1 41980U 17008AJ  17315.80330336  .00001963  00000-0  85287-4 0  9994
2 41980  97.4819  16.7944 0009433  47.0375 313.1651 15.23461145 40846
FLOCK 3P-73             
1 41981U 17008AK  17316.46880227  .00001869  00000-0  81420-4 0  9997
2 41981  97.4821  17.4388 0009669  45.6347 314.5681 15.23442318 41079
FLOCK 3P-88             
1 41982U 17008AL  17316.12932457  .00004173  00000-0  17796-3 0  9999
2 41982  97.4816  17.1160 0009500  46.2912 313.9110 15.23449937 39990
FLOCK 3P-85             
1 41983U 17008AM  17316.18120578  .00003360  00000-0  14365-3 0  9995
2 41983  97.4820  17.2067 0009478  49.4267 310.7793 15.23503699 40906
FLOCK 3P-79             
1 41984U 17008AN  17316.18228074  .00002760  00000-0  11855-3 0  9990
2 41984  97.4819  17.2046 0009153  49.3268 310.8763 15.23509094 40905
FLOCK 3P-86             
1 41985U 17008AP  17316.44597994  .00003614  00000-0  15434-3 0  9996
2 41985  97.4819  17.4602 0009072  47.9652 312.2356 15.23496722 40937
FLOCK 3P-36             
1 41986U 17008AQ  17315.85722243  .00001972  00000-0  85693-4 0  9998
2 41986  97.4802  16.8035 0008831  48.0224 312.1764 15.23458944 40332
FLOCK 3P-30             
1 41987U 17008AR  17316.17662153  .00005370  00000-0  22779-3 0  9999
2 41987  97.4802  17.1437 0008733  48.1619 312.0362 15.23502255 40858
FLOCK 3P-34             
1 41988U 17008AS  17315.86083350  .00003781  00000-0  16141-3 0  9991
2 41988  97.4798  16.7857 0008842  45.8008 314.3954 15.23478316 40336
FLOCK 3P-35             
1 41989U 17008AT  17316.19139023  .00005036  00000-0  21389-3 0  9993
2 41989  97.4797  17.1089 0008952  44.6921 315.5035 15.23488184 40383
FLOCK 3P-33             
1 41990U 17008AU  17316.44950910  .00001793  00000-0  78226-4 0  9998
2 41990  97.4799  17.3822 0008616  45.1893 315.0043 15.23452823 40425
LEMUR-2-SATCHMO         
1 41991U 17008AV  17315.92190923  .00002831  00000-0  12425-3 0  9993
2 41991  97.4790  16.6995 0008985  48.6306 311.5702 15.22751509 40331
LEMUR-2-MIA-GRACE       
1 41992U 17008AW  17315.88589258  .00003683  00000-0  15887-3 0  9993
2 41992  97.4794  16.7563 0008877  49.0202 311.1801 15.23147203 40335
LEMUR-2-SMITA-SHARAD    
1 41993U 17008AX  17315.90366836  .00002736  00000-0  11963-3 0  9991
2 41993  97.4791  16.7258 0008925  48.5594 311.6407 15.22907283 40334
LEMUR-2-SPIRE-MINIONS   
1 41994U 17008AY  17315.89323078  .00003649  00000-0  15761-3 0  9995
2 41994  97.4791  16.7396 0008904  48.2542 311.9455 15.23106492 40335
LEMUR-2-RDEATON         
1 41995U 17008AZ  17315.89793817  .00002757  00000-0  12032-3 0  9995
2 41995  97.4792  16.7367 0010248  59.3459 300.8786 15.22962446 41017
LEMUR-2-NOGUECORREIG    
1 41996U 17008BA  17316.47111497  .00002299  00000-0  10032-3 0  9998
2 41996  97.4798  17.3548 0010110  58.4716 301.7507 15.23138114 40328
LEMUR-2-JOBANPUTRA      
1 41997U 17008BB  17315.86169828  .00002157  00000-0  93973-4 0  9991
2 41997  97.4798  16.7915 0010112  60.1868 300.0373 15.23266392 40323
LEMUR-2-TACHIKOMA       
1 41998U 17008BC  17316.49396344  .00001763  00000-0  78279-4 0  9991
2 41998  97.4792  17.3173 0010132  58.0628 302.1592 15.22863137 40340
BGUSAT                  
1 41999U 17008BD  17316.17281634  .00004778  00000-0  20268-3 0  9995
2 41999  97.4803  17.1559 0009994  60.3518 299.8713 15.23551267 40377
DIDO-2                  
1 42000U 17008BE  17315.91462869  .00002304  00000-0  10181-3 0  9997
2 42000  97.4788  16.7085 0010196  60.3395 299.8855 15.22696984 40339
FLOCK 3P-49             
1 42001U 17008BF  17315.91031226  .00002831  00000-0  12162-3 0  9993
2 42001  97.4800  16.8800 0009692  61.7723 298.4491 15.23475075 40866
FLOCK 3P-67             
1 42002U 17008BG  17316.17728569  .00005162  00000-0  21852-3 0  9992
2 42002  97.4797  17.1308 0009550  60.3065 299.9121 15.23584586 41063
FLOCK 3P-68             
1 42003U 17008BH  17315.78675389  .00004095  00000-0  17448-3 0  9990
2 42003  97.4796  16.7287 0009760  60.2642 299.9565 15.23492062 40649
FLOCK 3P-41             
1 42004U 17008BJ  17316.16837265  .00004973  00000-0  21130-3 0  9995
2 42004  97.4796  17.1319 0009468  61.2317 298.9869 15.23481658 40898
FLOCK 3P-45             
1 42005U 17008BK  17316.43558288  .00003194  00000-0  13640-3 0  9992
2 42005  97.4798  17.3976 0009411  60.4219 299.7954 15.23579622 41098
FLOCK 3P-48             
1 42006U 17008BL  17315.90876099  .00002600  00000-0  11197-3 0  9993
2 42006  97.4800  16.8814 0009463  62.6378 297.5821 15.23473559 40804
FLOCK 3P-43             
1 42007U 17008BM  17316.16981533  .00002765  00000-0  11891-3 0  9996
2 42007  97.4797  17.1353 0009277  62.1630 298.0545 15.23466360 41050
FLOCK 3P-42             
1 42008U 17008BN  17316.16892977  .00003059  00000-0  13123-3 0  9997
2 42008  97.4795  17.1310 0009412  61.7233 298.4953 15.23462050 40987
FLOCK 3P-61             
1 42009U 17008BP  17316.16747249  .00002554  00000-0  11004-3 0  9994
2 42009  97.4797  17.1380 0009336  63.5036 296.7157 15.23466039 41038
FLOCK 3P-40             
1 42010U 17008BQ  17316.22661375  .00002606  00000-0  11221-3 0  9997
2 42010  97.4791  17.1931 0009259  63.9643 296.2546 15.23480908 40305
FLOCK 3P-16             
1 42011U 17008BR  17316.41129762  .00001919  00000-0  83497-4 0  9999
2 42011  97.4792  17.4089 0008959  64.2588 295.9573 15.23444167 40271
FLOCK 3P-14             
1 42012U 17008BS  17316.48089740  .00002558  00000-0  11001-3 0  9999
2 42012  97.4800  17.4816 0009146  66.2342 293.9853 15.23533026 40901
FLOCK 3P-53             
1 42013U 17008BT  17315.89312167  .00003206  00000-0  13701-3 0  9996
2 42013  97.4787  16.8612 0009013  65.9473 294.2706 15.23555016 40811
FLOCK 3P-54             
1 42014U 17008BU  17316.15503301  .00002680  00000-0  11540-3 0  9993
2 42014  97.4793  17.1385 0008956  65.9287 294.2886 15.23449315 41025
PEASSS                  
1 42015U 17008BV  17316.46102897  .00001785  00000-0  78006-4 0  9999
2 42015  97.4781  17.4736 0008149  67.3186 292.8911 15.23402486 40912
AL-FARABI 1             
1 42016U 17008BW  17315.91133104  .00003359  00000-0  14299-3 0  9996
2 42016  97.4785  16.9926 0008059  69.5168 290.6933 15.23668675 40954
NAYIF-1 (EO-88)         
1 42017U 17008BX  17315.90860570  .00003328  00000-0  14160-3 0  9993
2 42017  97.4783  16.9941 0008040  69.6686 290.5414 15.23687107 40972
FLOCK 3P-23             
1 42018U 17008BY  17316.48205553  .00001692  00000-0  73996-4 0  9997
2 42018  97.4789  17.3059 0009598  40.6608 319.5343 15.23439768 39874
FLOCK 3P-76             
1 42019U 17008BZ  17316.45244363  .00001778  00000-0  77500-4 0  9997
2 42019  97.4823  17.4653 0009501  46.6661 313.5366 15.23486036 40932
FLOCK 3P-69             
1 42020U 17008CA  17316.45101928  .00002148  00000-0  93041-4 0  9998
2 42020  97.4823  17.4668 0009305  45.7656 314.4343 15.23474442 39825
FLOCK 3P-84             
1 42021U 17008CB  17316.45948578  .00001629  00000-0  71361-4 0  9993
2 42021  97.4817  17.4403 0009707  45.2482 314.9543 15.23429363 40948
FLOCK 3P-59             
1 42022U 17008CC  17316.46159070  .00003082  00000-0  13203-3 0  9991
2 42022  97.4798  17.3641 0009077  46.1691 314.0295 15.23509899 39960
FLOCK 3P-32             
1 42023U 17008CD  17316.46366761  .00001820  00000-0  79329-4 0  9999
2 42023  97.4798  17.3637 0009034  42.8247 317.3692 15.23458676 41101
FLOCK 3P-71             
1 42024U 17008CE  17316.15151037  .00005545  00000-0  23604-3 0  9996
2 42024  97.4825  17.1066 0009533  46.7647 313.4384 15.23364167 39921
FLOCK 3P-77             
1 42025U 17008CF  17316.45349444  .00003360  00000-0  14377-3 0  9991
2 42025  97.4820  17.4546 0009415  47.1529 313.0497 15.23484780 40945
FLOCK 3P-80             
1 42026U 17008CG  17316.17540051  .00005534  00000-0  23466-3 0  9992
2 42026  97.4819  17.2089 0009019  48.8409 311.3604 15.23499521 39048
FLOCK 3P-66             
1 42027U 17008CH  17315.91713037  .00004205  00000-0  17909-3 0  9999
2 42027  97.4798  16.8711 0009697  59.1937 301.0253 15.23486413 40971
FLOCK 3P-65             
1 42028U 17008CJ  17315.91529096  .00005692  00000-0  24139-3 0  9994
2 42028  97.4800  16.8729 0009593  59.6262 300.5922 15.23479265 40879
FLOCK 3P-50             
1 42029U 17008CK  17316.17458412  .00005418  00000-0  22981-3 0  9996
2 42029  97.4802  17.1465 0009472  60.8696 299.3488 15.23494986 40233
FLOCK 3P-52             
1 42030U 17008CL  17315.91319881  .00004947  00000-0  21000-3 0  9992
2 42030  97.4798  16.8715 0009543  60.8660 299.3531 15.23511632 40960
FLOCK 3P-46             
1 42031U 17008CM  17315.90799989  .00005972  00000-0  25299-3 0  9996
2 42031  97.4796  16.8712 0009484  61.8764 298.3430 15.23493689 41022
FLOCK 3P-47             
1 42032U 17008CN  17316.17240310  .00005556  00000-0  23556-3 0  9998
2 42032  97.4795  17.1299 0009459  61.4923 298.7265 15.23497571 40888
FLOCK 3P-44             
1 42033U 17008CP  17315.83697588  .00004106  00000-0  17496-3 0  9990
2 42033  97.4798  16.8193 0009463  64.9769 295.2449 15.23484316 39586
FLOCK 3P-64             
1 42034U 17008CQ  17316.16515662  .00002725  00000-0  11723-3 0  9992
2 42034  97.4794  17.1332 0009358  63.1604 297.0588 15.23463164 41051
FLOCK 3P-63             
1 42035U 17008CR  17315.90015692  .00002819  00000-0  12106-3 0  9992
2 42035  97.4792  16.8699 0009348  64.1682 296.0518 15.23500066 38981
FLOCK 3P-62             
1 42036U 17008CS  17316.47706522  .00003086  00000-0  13161-3 0  9994
2 42036  97.4797  17.4835 0009335  64.1354 296.0845 15.23655729 40273
FLOCK 3P-38             
1 42037U 17008CT  17315.89862397  .00002478  00000-0  10682-3 0  9992
2 42037  97.4793  16.8735 0009090  64.8944 295.3235 15.23487897 40962
FLOCK 3P-39             
1 42038U 17008CU  17316.48803331  .00002032  00000-0  88103-4 0  9992
2 42038  97.4790  17.4527 0009317  62.9014 297.3172 15.23502495 41005
FLOCK 3P-15             
1 42039U 17008CV  17316.49267311  .00001490  00000-0  65469-4 0  9993
2 42039  97.4793  17.4578 0009177  62.9901 297.2271 15.23464399 40282
FLOCK 3P-13             
1 42040U 17008CW  17316.15833835  .00002744  00000-0  11790-3 0  9998
2 42040  97.4795  17.1447 0009040  65.6028 294.6152 15.23502201 40225
FLOCK 3P-55             
1 42041U 17008CX  17316.46505421  .00001940  00000-0  84343-4 0  9992
2 42041  97.4796  17.4965 0008932  67.6012 292.6170 15.23467387 41111
FLOCK 3P-56             
1 42042U 17008CY  17316.44678659  .00003198  00000-0  13529-3 0  9999
2 42042  97.4792  17.5089 0008803  67.1387 293.0779 15.23911437 40909
FLOCK 3P-81             
1 42043U 17008CZ  17315.92218107  .00003565  00000-0  15233-3 0  9992
2 42043  97.4819  16.9394 0009398  49.8571 310.3487 15.23484232 40204
FLOCK 3P-87             
1 42044U 17008DA  17315.79986594  .00003167  00000-0  13572-3 0  9992
2 42044  97.4815  16.7829 0009539  47.2289 312.9748 15.23473610 40337
FLOCK 3P-29             
1 42045U 17008DB  17315.80152459  .00002042  00000-0  88654-4 0  9995
2 42045  97.4798  16.7150 0009118  45.0418 315.1556 15.23445811 40185
FLOCK 3P-82             
1 42046U 17008DC  17316.12947771  .00004901  00000-0  20759-3 0  9998
2 42046  97.4818  17.1155 0009461  47.1114 313.0916 15.23597006 40288
FLOCK 3P-78             
1 42047U 17008DD  17316.45626983  .00002083  00000-0  90342-4 0  9999
2 42047  97.4818  17.4480 0009362  45.4045 314.7954 15.23465572 40267
FLOCK 3P-74             
1 42048U 17008DE  17315.93917608  .00003481  00000-0  14893-3 0  9998
2 42048  97.4820  16.9220 0009749  47.1428 313.0626 15.23452505 40181
FLOCK 3P-31             
1 42049U 17008DF  17315.87531219  .00004003  00000-0  17099-3 0  9994
2 42049  97.4799  16.7724 0009241  45.5668 314.6323 15.23424671 39631
FLOCK 3P-83             
1 42050U 17008DG  17316.46720596  .00002733  00000-0  11763-3 0  9990
2 42050  97.4815  17.4305 0009620  46.2929 313.9103 15.23444529 40997
FLOCK 3P-72             
1 42051U 17008DH  17316.11790246  .00003100  00000-0  13290-3 0  9998
2 42051  97.4823  17.1477 0009112  47.1729 313.0272 15.23479612 38534
LEMUR-2-REDFERN-GOES    
1 42059U 98067LA  17315.74814557  .00022262  00000-0  23430-3 0  9997
2 42059  51.6383  13.8562 0005785 114.8267 245.3330 15.64193817 39059
LEMUR-2-TRUTNA          
1 42067U 98067LC  17315.56412688  .00045509  00000-0  33542-3 0  9999
2 42067  51.6364   9.5969 0004149  86.8851 273.2622 15.72548525 38928
LEMUR-2-AUSTINTACIOUS   
1 42068U 98067LD  17315.65330829  .00026250  00000-0  25614-3 0  9999
2 42068  51.6383  13.2237 0005394 103.3060 256.8537 15.66001409 38986
LEMUR-2-TRUTNAHD        
1 42069U 98067LE  17315.64562884  .00023985  00000-0  24579-3 0  9998
2 42069  51.6393  13.9408 0005085 110.4239 249.7302 15.64825748 39024
HAVELSAT                
1 42700U 98067LH  17316.43311043  .00016699  00000-0  19759-3 0  9995
2 42700  51.6399  14.6924 0004269 147.3497 212.7761 15.61398382 28057
SOMP 2                  
1 42701U 98067LJ  17316.39565664  .00016129  00000-0  19449-3 0  9995
2 42701  51.6396  15.1934 0004270 147.5131 212.6126 15.60932180 28032
COLUMBIA                
1 42702U 98067LK  17316.36758999  .00055914  00000-0  45226-3 0  9995
2 42702  51.6368  11.2318 0002637  78.1189 282.0104 15.70250066 28014
SGSAT                   
1 42703U 98067LL  17316.43239206  .00038469  00000-0  36397-3 0  9994
2 42703  51.6369  12.4149 0003358  40.3001 319.8243 15.66575967 27990
CXBN-2                  
1 42704U 98067LM  17316.52850785  .00016723  00000-0  20076-3 0  9992
2 42704  51.6400  14.5837 0002323  63.4928 296.6304 15.61022743 27982
ICECUBE                 
1 42705U 98067LN  17316.52752830  .00026156  00000-0  28990-3 0  9999
2 42705  51.6422  13.8463 0002719  70.3620 289.7668 15.62777116 28056
PHOENIX                 
1 42706U 98067LP  17316.38352444  .00016281  00000-0  19513-3 0  9990
2 42706  51.6396  15.1154 0001346  66.9768 293.1368 15.61088357 27953
X-CUBESAT               
1 42707U 98067LQ  17316.44236266  .00017866  00000-0  21132-3 0  9991
2 42707  51.6383  14.7470 0001426  63.0191 297.0948 15.61356548 27950
QBEE50-LTU-OC           
1 42708U 98067LR  17316.38622127  .00017036  00000-0  20333-3 0  9991
2 42708  51.6388  15.1229 0001423  66.5453 293.5690 15.61159649 27902
ALTAIR PATHFINDER       
1 42711U 98067LS  17316.44449788  .00010825  00000-0  14322-3 0  9992
2 42711  51.6394  16.2633 0004418  80.7789 279.3704 15.58891733 27609
SHARC                   
1 42712U 98067LT  17316.52497399  .00010373  00000-0  14079-3 0  9990
2 42712  51.6412  16.0645 0002584  85.3371 274.7916 15.58261446 27855
ZA-AEROSAT              
1 42713U 98067LU  17316.38297538  .00014399  00000-0  18030-3 0  9991
2 42713  51.6395  15.8580 0002677  61.8589 298.2674 15.60047553 27603
LINK                    
1 42714U 98067LV  17316.54909630  .00023643  00000-0  26390-3 0  9993
2 42714  51.6378  13.9552 0002983  49.8203 310.3052 15.62658078 27756
CSUNSAT 1               
1 42715U 98067LW  17316.38288492  .00014895  00000-0  18485-3 0  9997
2 42715  51.6401  15.8548 0004588  68.1484 291.9996 15.60247473 27604
UPSAT                   
1 42716U 98067LX  17316.54004055  .00020164  00000-0  22955-3 0  9990
2 42716  51.6395  13.9069 0002409 141.2407 218.8760 15.62258194 27771
SPACECUBE               
1 42717U 98067LY  17316.52961984  .00017060  00000-0  20448-3 0  9998
2 42717  51.6393  14.5851 0002722 145.3942 214.7229 15.61046274 27007
HOOPOE                  
1 42718U 98067LZ  17316.43857779  .00019169  00000-0  22347-3 0  9997
2 42718  51.6394  14.7280 0002564 139.7567 220.3617 15.61679263 26992
CHALLENGER              
1 42721U 98067MA  17316.51661179  .00028985  00000-0  30972-3 0  9996
2 42721  51.6378  13.7352 0004822 119.4980 240.6496 15.63647367 26712
NJUST-1                 
1 42722U 98067MB  17316.54363185  .00012990  00000-0  16516-3 0  9993
2 42722  51.6399  15.4274 0006076 132.1816 227.9694 15.59735866 26693
UNSW-ECO                
1 42723U 98067MC  17316.53623052  .00019858  00000-0  23211-3 0  9995
2 42723  51.6400  14.6328 0005286 126.1853 233.9630 15.61574947 26684
DUTHSAT                 
1 42724U 98067MD  17316.53705239  .00025262  00000-0  27486-3 0  9998
2 42724  51.6390  13.8822 0004073 120.3634 239.7764 15.63269964 26616
LILACSAT-1              
1 42725U 98067ME  17316.52950419  .00016239  00000-0  20022-3 0  9993
2 42725  51.6398  15.3357 0004816 131.3063 228.8345 15.60339120 26598
NSIGHT-1                
1 42726U 98067MF  17316.43530621  .00007566  00000-0  10602-3 0  9999
2 42726  51.6408  16.9629 0005814 137.8331 222.3109 15.57864133 26576
SNUSAT-1                
1 42727U 98067MG  17316.46496714  .00015897  00000-0  19720-3 0  9993
2 42727  51.6385  15.6407 0007143  93.2641 266.9169 15.60185387 26556
QBITO                   
1 42728U 98067MH  17316.49443090  .00017584  00000-0  21166-3 0  9998
2 42728  51.6412  15.1151 0002277 125.7856 234.3350 15.60910840 26406
AALTO-2                 
1 42729U 98067MJ  17316.42947642  .00017057  00000-0  20512-3 0  9993
2 42729  51.6400  15.4211 0002221 124.0415 236.0790 15.60960915 26401
SUSAT                   
1 42730U 98067MK  17316.44333756  .00016672  00000-0  20308-3 0  9997
2 42730  51.6395  15.5092 0002428 122.8835 237.2393 15.60642662 26391
I-INSPIRE II            
1 42731U 98067ML  17316.52298815  .00019572  00000-0  22674-3 0  9993
2 42731  51.6384  14.5263 0006714  75.8929 284.2811 15.61809054 26468
POLYITAN-2-SAU          
1 42732U 98067MM  17316.54994523  .00017008  00000-0  20331-3 0  9995
2 42732  51.6390  14.7091 0006745  76.9534 283.2212 15.61103040 26461
SNUSAT-1B               
1 42733U 98067MN  17316.37950389  .00016363  00000-0  19956-3 0  9993
2 42733  51.6393  15.8241 0006808  79.9516 280.2245 15.60610612 26434
EXALTA-1                
1 42734U 98067MP  17316.52794009  .00020630  00000-0  23941-3 0  9997
2 42734  51.6385  14.5618 0007348 102.3716 257.8100 15.61720545 26419
AOXIANG-1               
1 42735U 98067MQ  17316.53718189  .00013663  00000-0  17256-3 0  9994
2 42735  51.6391  15.3796 0006669 129.1116 231.0471 15.59857324 27823
BEEAGLESAT              
1 42736U 98067MR  17316.52402876  .00015250  00000-0  18898-3 0  9994
2 42736  51.6391  15.2913 0006410 126.7271 233.4312 15.60254214 26519
ATLANTIS                
1 42737U 98067MS  17315.78999705  .00059971  00000-0  52985-3 0  9997
2 42737  51.6358  15.6146 0004509  90.1562 269.9951 15.68068342 26335
LEMUR-2-ANGELA          
1 42752U 17019B   17315.69848205  .00003293  00000-0  13068-3 0  9995
2 42752  51.6398  53.5528 0011086 148.2513 211.9137 15.28203040 23848
LEMUR-2-JENNYBARNA      
1 42753U 17019C   17315.68517319  .00004980  00000-0  18935-3 0  9996
2 42753  51.6411  53.4680 0010846 149.0939 211.0681 15.28496597 23786
LEMUR-2-ROBMOORE        
1 42754U 17019D   17315.70593425  .00002504  00000-0  10271-3 0  9997
2 42754  51.6398  53.5993 0011037 149.9430 210.2185 15.28125782 23827
LEMUR-2-SPIROVISION     
1 42755U 17019E   17315.76025773  .00004399  00000-0  16925-3 0  9996
2 42755  51.6395  53.2124 0010942 151.5319 208.6260 15.28400443 23721
UCLSAT                  
1 42765U 17036A   17316.44934164  .00001821  00000-0  84554-4 0  9996
2 42765  97.4328  14.4829 0013608 113.5054 246.7613 15.21218235 21758
LITUANICASAT-2          
1 42768U 17036D   17316.47959352  .00002856  00000-0  13383-3 0  9998
2 42768  97.4333  14.2944 0017755 104.3815 255.9393 15.20381633 21628
LEMUR-2-SHAINAJOHL      
1 42771U 17036G   17316.46923812  .00002034  00000-0  96285-4 0  9994
2 42771  97.4331  14.3071 0016930 103.6146 256.6976 15.20370508 21562
LEMUR-2-XUENITERENCE    
1 42772U 17036H   17316.13586401  .00003535  00000-0  16480-3 0  9993
2 42772  97.4330  13.9876 0016568 104.3047 256.0029 15.20412829 21516
LEMUR-2-LUCYBRYCE       
1 42773U 17036J   17316.45581496  .00002624  00000-0  12253-3 0  9990
2 42773  97.4334  14.3256 0016381 103.1535 257.1529 15.20593268 21569
LEMUR-2-KUNGFOO         
1 42774U 17036K   17315.86638145  .00003126  00000-0  14584-3 0  9996
2 42774  97.4333  13.7413 0016326 104.8377 255.4668 15.20479347 21463
AALTO-1                 
1 42775U 17036L   17315.73492730  .00001573  00000-0  75330-4 0  9992
2 42775  97.4326  13.6066 0016008 104.1484 256.1531 15.20312850 21459
URSA MAIOR              
1 42776U 17036M   17315.73100418  .00001578  00000-0  75458-4 0  9998
2 42776  97.4331  13.6169 0015911 104.4807 255.8195 15.20370215 21455
COMPASS 2               
1 42777U 17036N   17315.89390994  .00003235  00000-0  14897-3 0  9997
2 42777  97.4342  13.8757 0014866 107.8510 252.4348 15.20925897 21476
LEMUR-2-LYNSEY-SYMO     
1 42779U 17036Q   17316.39914444  .00002393  00000-0  11014-3 0  9999
2 42779  97.4337  14.4077 0014385 112.1225 248.1539 15.21205304 21549
LEMUR-2-LISASAURUS      
1 42780U 17036R   17316.46686920  .00002268  00000-0  10485-3 0  9996
2 42780  97.4333  14.4646 0014291 111.7090 248.5669 15.21109635 21560
LEMUR-2-SAM-AMELIA      
1 42781U 17036S   17315.86882105  .00003331  00000-0  15194-3 0  9997
2 42781  97.4333  13.8869 0014190 114.1690 246.1031 15.21238141 21463
LEMUR-2-MCPEAKE         
1 42782U 17036T   17316.45800937  .00002652  00000-0  12147-3 0  9997
2 42782  97.4336  14.4787 0014075 111.8912 248.3822 15.21274411 21558
DIAMOND RED             
1 42783U 17036U   17316.13813261  .00002433  00000-0  11268-3 0  9997
2 42783  97.4328  14.1368 0014170 114.1454 246.1265 15.20972224 21514
PEGASUS                 
1 42784U 17036V   17316.13331135  .00002729  00000-0  12569-3 0  9996
2 42784  97.4331  14.1457 0014108 114.4331 245.8379 15.21069343 21518
DIAMOND GREEN           
1 42785U 17036W   17316.13720073  .00002041  00000-0  95066-4 0  9991
2 42785  97.4331  14.1424 0014069 114.6791 245.5912 15.20968241 21504
DIAMOND BLUE            
1 42786U 17036X   17316.13550639  .00002417  00000-0  11208-3 0  9993
2 42786  97.4331  14.1436 0013891 114.9490 245.3191 15.20946534 21507
NUDTSAT                 
1 42787U 17036Y   17316.44490422  .00002581  00000-0  11795-3 0  9994
2 42787  97.4332  14.4934 0013751 113.8066 246.4613 15.21388514 21406
SUCHAI                  
1 42788U 17036Z   17316.45102942  .00002063  00000-0  95300-4 0  9993
2 42788  97.4330  14.4833 0013787 113.6289 246.6396 15.21239619 21633
SKCUBE                  
1 42789U 17036AA  17315.92202342  .00002939  00000-0  13441-3 0  9997
2 42789  97.4329  13.9659 0013576 115.0958 245.1688 15.21247712 21470
VZLUSAT-1               
1 42790U 17036AB  17315.91223039  .00003881  00000-0  17560-3 0  9997
2 42790  97.4328  13.9755 0013258 115.6133 244.6474 15.21427039 21475
ROBUSTA-1B              
1 42792U 17036AD  17315.91019249  .00002964  00000-0  13505-3 0  9991
2 42792  97.4326  13.9766 0013127 116.1365 244.1223 15.21381117 21489
CICERO 6                
1 42793U 17036AE  17316.22545625  .00001534  00000-0  71315-4 0  9995
2 42793  97.4322  14.3166 0012195 115.7233 244.5263 15.21433771 21604
D-SAT                   
1 42794U 17036AF  17315.91004748  .00000922  00000-0  86578-4 0  9994
2 42794  97.6247  13.3925 0125960 285.0865  73.6446 14.90699484 21358
TOKI                    
1 42820U 98067MU  17315.64797067  .00017761  00000-0  22553-3 0  9991
2 42820  51.6389  20.6913 0003515  52.7941 307.3373 15.59489518 19824
GHANASAT-1              
1 42821U 98067MV  17316.16772416  .00016714  00000-0  21384-3 0  9999
2 42821  51.6390  18.1621 0003456  59.3590 300.7743 15.59339961 19882
MAZAALAI (NUMSAT-1)     
1 42822U 98067MW  17315.65498247  .00017705  00000-0  22587-3 0  9997
2 42822  51.6390  20.7389 0003421  58.7551 301.3777 15.59368472 19800
BRAC ONNESHA            
1 42823U 98067MX  17315.59285588  .00017724  00000-0  22598-3 0  9996
2 42823  51.6395  21.0784 0006118  84.5185 275.6505 15.59372979 19792
NIGERIAEDUSAT-1         
1 42824U 98067MY  17315.72652025  .00017585  00000-0  22498-3 0  9990
2 42824  51.6401  20.4731 0005994  85.6159 274.5518 15.59288594 19836
LEMUR-2-GREENBERG       
1 42837U 17042N   17316.19658079  .00001437  00000-0  14995-3 0  9997
2 42837  97.6078 221.6018 0012580 193.8940 166.1935 14.91187445 18018
LEMUR-2-ANDIS           
1 42838U 17042P   17315.79227312  .00000951  00000-0  10102-3 0  9991
2 42838  97.6077 221.2151 0012660 195.2730 164.8108 14.91202039 17950
LEMUR-2-MONSON          
1 42839U 17042Q   17316.18798394  .00000909  00000-0  96735-4 0  9999
2 42839  97.6076 221.6113 0012520 192.8684 167.2217 14.91253377 18015
LEMUR-2-FURIAUS         
1 42840U 17042R   17315.84855838  .00000951  00000-0  10066-3 0  9999
2 42840  97.6075 221.2919 0012465 194.6433 165.4426 14.91339145 17958
LEMUR-2-PETERG          
1 42841U 17042S   17316.50884863  .00000973  00000-0  10257-3 0  9990
2 42841  97.6076 221.9540 0012209 190.6279 169.4683 14.91471539 18063
LEMUR-2-DEMBITZ         
1 42842U 17042T   17315.70199645  .00001107  00000-0  11586-3 0  9995
2 42842  97.6074 221.1774 0012139 194.0745 166.0138 14.91490784 17948
LEMUR-2-ZACHARY         
1 42845U 17042W   17316.28843827  .00001079  00000-0  11256-3 0  9992
2 42845  97.6025 221.7025 0012442 197.1378 162.9423 14.91686674 18022
FLOCK 2K-03             
1 42850U 17042AB  17316.27720174  .00008448  00000-0  25386-3 0  9992
2 42850  96.9936 218.8318 0011236 169.1041 191.0449 15.34577347 18349
FLOCK 2K-04             
1 42851U 17042AC  17316.28080407  .00008862  00000-0  26636-3 0  9991
2 42851  96.9941 218.8306 0010926 170.5183 189.6269 15.34559953 18347
FLOCK 2K-01             
1 42852U 17042AD  17316.53992208  .00008584  00000-0  25770-3 0  9990
2 42852  96.9938 219.0783 0010820 168.3534 191.7963 15.34607330 18386
FLOCK 2K-02             
1 42853U 17042AE  17316.31228099  .00002156  00000-0  69459-4 0  9999
2 42853  96.9950 218.7972 0011884 170.2034 189.9443 15.33140542 18349
FLOCK 2K-47             
1 42854U 17042AF  17315.68864098  .00007038  00000-0  21211-3 0  9991
2 42854  96.9939 218.2768 0010596 169.3576 190.7894 15.34550980 18256
FLOCK 2K-48             
1 42855U 17042AG  17315.68719770  .00008251  00000-0  24809-3 0  9992
2 42855  96.9938 218.2835 0010577 169.7594 190.3867 15.34571813 18258
FLOCK 2K-45             
1 42856U 17042AH  17316.27243702  .00008014  00000-0  24076-3 0  9999
2 42856  96.9937 218.8388 0010819 166.6336 193.5197 15.34606572 18348
FLOCK 2K-24             
1 42857U 17042AJ  17316.20605038  .00012372  00000-0  37103-3 0  9994
2 42857  96.9938 218.7775 0010891 165.1350 195.0216 15.34545020 18337
FLOCK 2K-46             
1 42858U 17042AK  17316.53088181  .00008159  00000-0  24530-3 0  9993
2 42858  96.9944 219.0946 0011052 165.3886 194.7680 15.34576505 18383
FLOCK 2K-23             
1 42859U 17042AL  17315.81212880  .00011002  00000-0  32943-3 0  9997
2 42859  96.9940 218.4139 0010995 168.5202 191.6295 15.34622321 18273
FLOCK 2K-21             
1 42860U 17042AM  17315.81041238  .00010732  00000-0  32187-3 0  9995
2 42860  96.9939 218.4152 0011028 167.8175 192.3338 15.34576225 18274
FLOCK 2K-22             
1 42861U 17042AN  17316.21497667  .00011289  00000-0  34001-3 0  9997
2 42861  96.9942 218.7731 0011033 164.6599 195.4982 15.34429502 18337
FLOCK 2K-07             
1 42862U 17042AP  17315.74351531  .00006659  00000-0  20062-3 0  9991
2 42862  96.9942 218.3567 0011263 168.5401 191.6101 15.34574819 18277
FLOCK 2K-08             
1 42863U 17042AQ  17316.19720801  .00010922  00000-0  32773-3 0  9992
2 42863  96.9939 218.7881 0011302 167.6964 192.4558 15.34552923 18339
FLOCK 2K-05             
1 42864U 17042AR  17316.39454968  .00008585  00000-0  25791-3 0  9997
2 42864  96.9943 218.9757 0011389 165.8160 194.3406 15.34581414 18365
FLOCK 2K-40             
1 42865U 17042AS  17316.19583970  .00009703  00000-0  29134-3 0  9990
2 42865  96.9942 218.7947 0011223 167.7160 192.4360 15.34565383 18334
FLOCK 2K-39             
1 42866U 17042AT  17315.67288403  .00008017  00000-0  24080-3 0  9998
2 42866  96.9938 218.2990 0011273 168.7839 191.3659 15.34609726 18252
FLOCK 2K-37             
1 42867U 17042AU  17315.80171633  .00002876  00000-0  88024-4 0  9996
2 42867  96.9941 218.4262 0011229 169.2664 190.8822 15.34535083 18276
FLOCK 2K-38             
1 42868U 17042AV  17315.79874609  .00010690  00000-0  32054-3 0  9992
2 42868  96.9939 218.4298 0011205 168.4574 191.6930 15.34582601 18275
FLOCK 2K-31             
1 42869U 17042AW  17316.31857770  .00003571  00000-0  10855-3 0  9997
2 42869  96.9941 218.9252 0011368 165.2843 194.8734 15.34596823 18355
FLOCK 2K-32             
1 42870U 17042AX  17316.31746316  .00006836  00000-0  20555-3 0  9997
2 42870  96.9938 218.9273 0011433 165.8995 194.2570 15.34624653 18358
FLOCK 2K-29             
1 42871U 17042AY  17316.18550751  .00005625  00000-0  16964-3 0  9993
2 42871  96.9940 218.8078 0011553 165.7034 194.4539 15.34606920 18332
FLOCK 2K-30             
1 42872U 17042AZ  17316.51018419  .00004892  00000-0  14767-3 0  9995
2 42872  96.9943 219.1163 0011548 165.6702 194.4872 15.34642298 18372
FLOCK 2K-44             
1 42873U 17042BA  17315.72604752  .00005694  00000-0  17168-3 0  9998
2 42873  96.9944 218.3789 0012812 158.4329 201.7457 15.34596024 18263
FLOCK 2K-43             
1 42874U 17042BB  17315.68315797  .00002705  00000-0  85035-4 0  9991
2 42874  96.9945 218.2887 0013408 160.0529 200.1241 15.33704213 18259
FLOCK 2K-41             
1 42875U 17042BC  17315.72463943  .00005830  00000-0  17573-3 0  9997
2 42875  96.9939 218.3776 0012874 159.1592 201.0179 15.34593459 18266
FLOCK 2K-36             
1 42876U 17042BD  17316.17786253  .00003985  00000-0  12079-3 0  9995
2 42876  96.9944 218.8183 0013251 157.7904 202.3917 15.34595130 18331
FLOCK 2K-35             
1 42877U 17042BE  17316.50569391  .00008500  00000-0  25474-3 0  9996
2 42877  96.9944 219.1239 0013131 156.5744 203.6101 15.34638190 18382
FLOCK 2K-34             
1 42878U 17042BF  17316.50250960  .00008679  00000-0  26033-3 0  9995
2 42878  96.9942 219.1235 0013280 157.2502 202.9333 15.34603584 18380
FLOCK 2K-33             
1 42879U 17042BG  17316.43434678  .00002411  00000-0  73937-4 0  9992
2 42879  96.9943 219.0658 0013288 157.2651 202.9184 15.34597762 18376
FLOCK 2K-28             
1 42880U 17042BH  17316.20176216  .00003355  00000-0  10489-3 0  9990
2 42880  96.9948 218.7893 0013429 158.7573 201.4231 15.33717897 18331
LEMUR-2-ARTFISCHER      
1 42881U 17042BJ  17316.44805308  .00003455  00000-0  10621-3 0  9997
2 42881  96.9970 219.0916 0013929 159.4545 200.7262 15.34233260 18366
FLOCK 2K-27             
1 42882U 17042BK  17315.71537431  .00004079  00000-0  12363-3 0  9994
2 42882  96.9943 218.3924 0013298 160.0689 200.1077 15.34583776 18261
FLOCK 2K-26             
1 42883U 17042BL  17316.16901633  .00009586  00000-0  28738-3 0  9995
2 42883  96.9940 218.8263 0013228 157.2572 202.9261 15.34592762 18330
FLOCK 2K-25             
1 42884U 17042BM  17316.17515877  .00006675  00000-0  20058-3 0  9991
2 42884  96.9937 218.8144 0013306 157.7647 202.4177 15.34631651 18332
FLOCK 2K-20             
1 42885U 17042BN  17315.77638627  .00006098  00000-0  18382-3 0  9992
2 42885  96.9943 218.4594 0013248 158.7331 201.4466 15.34569225 18271
FLOCK 2K-19             
1 42886U 17042BP  17316.30109558  .00006256  00000-0  18841-3 0  9995
2 42886  96.9943 218.9513 0013385 157.0849 203.0995 15.34586433 18350
FLOCK 2K-18             
1 42887U 17042BQ  17315.76766928  .00010521  00000-0  31464-3 0  9991
2 42887  96.9940 218.4680 0013718 158.0316 202.1519 15.34638208 18279
FLOCK 2K-17             
1 42888U 17042BR  17315.90226458  .00003190  00000-0  97132-4 0  9996
2 42888  96.9938 218.5809 0013529 157.0923 203.0928 15.34592255 18291
FLOCK 2K-16             
1 42889U 17042BS  17315.77382122  .00005729  00000-0  17237-3 0  9990
2 42889  96.9942 218.4633 0013136 157.3230 202.8597 15.34651553 18273
FLOCK 2K-15             
1 42890U 17042BT  17316.54899999  .00003736  00000-0  11303-3 0  9997
2 42890  96.9948 219.2191 0013770 154.8997 205.2919 15.34690431 18391
FLOCK 2K-13             
1 42891U 17042BU  17315.77505351  .00010275  00000-0  30780-3 0  9994
2 42891  96.9940 218.4594 0013553 155.4679 204.7213 15.34592778 18278
FLOCK 2K-14             
1 42892U 17042BV  17315.76935711  .00005540  00000-0  16687-3 0  9990
2 42892  96.9936 218.4609 0013655 156.9061 203.2800 15.34622889 18278
FLOCK 2K-12             
1 42893U 17042BW  17315.69853787  .00004481  00000-0  13506-3 0  9995
2 42893  96.9944 218.4140 0013795 157.7724 202.4121 15.34705765 18269
FLOCK 2K-11             
1 42894U 17042BX  17315.77087067  .00004322  00000-0  13065-3 0  9999
2 42894  96.9941 218.4677 0013691 154.4350 205.7574 15.34628601 18278
FLOCK 2K-10             
1 42895U 17042BY  17316.22151514  .00003605  00000-0  10924-3 0  9994
2 42895  96.9941 218.8996 0013898 154.5661 205.6270 15.34661579 18343
FLOCK 2K-09             
1 42896U 17042BZ  17315.95732038  .00003318  00000-0  10080-3 0  9994
2 42896  96.9945 218.6621 0013693 154.7562 205.4354 15.34634288 18478
FLOCK 2K-06             
1 42897U 17042CA  17315.80019772  .00004476  00000-0  13554-3 0  9997
2 42897  96.9940 218.4291 0011315 168.1487 192.0025 15.34585550 18270
SILU-1 (SILKROAD 1)     
1 42903U 17021F   17316.09107056  .00028039  00000-0  30289-3 0  9992
2 42903  42.7803 194.4300 0008558 225.6025 285.2211 15.63017369 15865
FLOCK 3M-1              
1 42995U 17068J   17316.28065357  .00001472  00000-0  75450-4 0  9994
2 42995  97.3419  70.1444 0017917 180.6075 179.5141 15.17971735  1720
FLOCK 3M-3              
1 42996U 17068K   17316.27945782  .00001507  00000-0  76856-4 0  9993
2 42996  97.3375  70.1376 0017240 181.1284 178.9915 15.18132538  1726
FLOCK 3M-4              
1 42997U 17068L   17316.54249338  .00001304  00000-0  66795-4 0  9994
2 42997  97.3588  70.4362 0016995 181.3280 178.7912 15.18211244  1766
FLOCK 3M-2              
1 42998U 17068M   17316.34254443  .00001417  00000-0  71746-4 0  9993
2 42998  97.3489  70.2267 0015351 177.3856 182.7462 15.18507765  1736
