CUTE-1 (CO-55)          
1 27844U 03031E   18311.55654957  .00000051  00000-0  42964-4 0  9997
2 27844  98.6871 318.1004 0009122 321.9093  38.1439 14.22142528796577
CUBESAT XI-IV (CO-57)   
1 27848U 03031J   18311.55595454  .00000038  00000-0  37395-4 0  9994
2 27848  98.6954 318.5432 0009184 333.5903  26.4805 14.21742948796432
CUBESAT XI 5            
1 28895U 05043F   18312.12009919  .00000138  00000-0  35260-4 0  9992
2 28895  97.9290  97.9241 0016217 338.9387  21.1146 14.63599036694921
CUTE-1.7+APD II (CO-65) 
1 32785U 08021C   18311.53464420  .00000225  00000-0  30030-4 0  9997
2 32785  97.5468 316.8699 0011606 284.9398  75.0534 14.88201176570492
AAUSAT-II               
1 32788U 08021F   18311.57674419  .00000162  00000-0  20026-4 0  9999
2 32788  97.5123 332.0466 0010804 222.7551 137.2830 14.94502613571493
DELFI-C3 (DO-64)        
1 32789U 08021G   18311.60444723  .00001166  00000-0  83091-4 0  9993
2 32789  97.4961   2.6812 0013013 161.5490 198.6212 15.06431376573279
SEEDS II (CO-66)        
1 32791U 08021J   18311.52229706  .00000428  00000-0  48980-4 0  9997
2 32791  97.5322 322.5145 0011916 260.2420  99.7453 14.90664927570869
SWISSCUBE               
1 35932U 09051B   18311.42751825  .00000129  00000-0  40224-4 0  9993
2 35932  98.5636 106.1985 0008580 126.4543 233.7446 14.56212704484284
BEESAT                  
1 35933U 09051C   18311.99449192  .00000096  00000-0  32687-4 0  9994
2 35933  98.5672 108.4175 0006658 135.0165 225.1573 14.56310565484472
ITUPSAT 1               
1 35935U 09051E   18312.13080595  .00000077  00000-0  28826-4 0  9990
2 35935  98.5783 108.8069 0009002 132.8650 227.3304 14.55481167484262
TISAT 1                 
1 36799U 10035E   18311.94611554  .00000528  00000-0  59560-4 0  9996
2 36799  98.1268  92.1656 0013623  96.7576 263.5192 14.90926075451577
M-CUBED & EXP-1 PRIME   
1 37855U 11061F   18312.30701327  .00000976  00000-0  57297-4 0  9991
2 37855 101.7217  88.6006 0175251  15.6024 345.0493 15.04856966383323
STRAND-1                
1 39090U 13009E   18311.53310039  .00000041  00000-0  29670-4 0  9995
2 39090  98.5062 155.9589 0008262 227.7122 132.3363 14.35057228298384
AIST-2 (RS-43)          
1 39133U 13015D   18312.36426201  .00000217  00000-0  27611-4 0  9999
2 39133  64.8740 115.9568 0007398 213.6988 222.5335 15.04632731304909
SOMP                    
1 39134U 13015E   18311.55995783  .00001152  00000-0  63261-4 0  9996
2 39134  64.8649  22.9945 0007533 320.6249  39.4330 15.19556368306688
BEESAT-3                
1 39135U 13015F   18311.55695049  .00001211  00000-0  70837-4 0  9992
2 39135  64.8708  38.2468 0009166 252.0092 108.0035 15.16993154306391
BEESAT-2                
1 39136U 13015G   18311.57775801  .00001057  00000-0  64012-4 0  9996
2 39136  64.8708  41.3595 0011072 246.0755 113.9212 15.16443078305943
NEE-01 PEGASUS          
1 39151U 13018B   18312.24695861  .00000187  00000-0  31791-4 0  9999
2 39151  97.9758  45.3040 0016729 197.9475 162.1148 14.79960928298826
ESTCUBE 1               
1 39161U 13021C   18312.19473059  .00000155  00000-0  32571-4 0  9993
2 39161  98.0027  35.8271 0008607 324.8879  35.1785 14.72122709295635
POPACS 1                
1 39268U 13055D   18312.13084050  .00004157  00000-0  11548-3 0  9997
2 39268  81.0043 195.1663 0633189 161.5786 200.9520 14.35424645265099
POPACS 2                
1 39269U 13055E   18311.47472760  .00001804  00000-0  52649-4 0  9997
2 39269  81.0172 220.7801 0687493 228.1762 125.8742 14.22944926263514
POPACS 3                
1 39270U 13055F   18311.09362019  .00001589  00000-0  50464-4 0  9995
2 39270  81.0187 235.1383 0715793 270.2940  81.6305 14.15222832262563
ZACUBE-1 (TSHEPISOSAT)  
1 39417U 13066B   18311.55205960  .00000248  00000-0  37529-4 0  9990
2 39417  97.5770 332.4588 0060091  46.5519 314.0671 14.81005592268014
WNISAT-1                
1 39423U 13066H   18312.41101375  .00000094  00000-0  28912-4 0  9993
2 39423  97.7442 265.4937 0174642 287.2459  70.9693 14.52993374263173
GOMX 1                  
1 39430U 13066Q   18312.38120912  .00000162  00000-0  38789-4 0  9994
2 39430  97.7149 279.0036 0150045 235.3233 123.3749 14.59151561264189
CUBEBUG-2 (LO-74)       
1 39440U 13066AA  18312.02389901  .00000239  00000-0  40034-4 0  9992
2 39440  97.5997 318.7040 0081880  88.4323 272.6265 14.75745486267134
NEE-02 KRYSAOR          
1 39441U 13066AB  18311.99441277  .00000153  00000-0  28589-4 0  9999
2 39441  97.6012 316.6940 0083368  94.1925 266.8818 14.74829279266977
FUNCUBE-1 (AO-73)       
1 39444U 13066AE  18311.60663197  .00000301  00000-0  43402-4 0  9993
2 39444  97.5770 334.2134 0059082  41.3200 319.2462 14.81803761266308
UWE-3                   
1 39446U 13066AG  18311.59714521  .00000252  00000-0  39956-4 0  9995
2 39446  97.5868 324.9583 0071512  68.5253 292.3565 14.78279879265715
BRITE-TORONTO           
1 40020U 14033L   18312.45842413  .00000057  00000-0  17995-4 0  9990
2 40020  97.7663 163.3150 0088279 144.4468 216.2663 14.66530027234739
DUCHIFAT-1              
1 40021U 14033M   18312.33937247  .00000525  00000-0  59651-4 0  9993
2 40021  97.9156 231.3065 0014293  65.3679 294.9025 14.90435466238423
NANOSATC-BR1            
1 40024U 14033Q   18312.18389246  .00000451  00000-0  52974-4 0  9998
2 40024  97.9076 229.0958 0013632  68.5084 291.7585 14.89679842238313
QB50P1                  
1 40025U 14033R   18312.18094837  .00000346  00000-0  42954-4 0  9998
2 40025  97.9022 227.2492 0013880  73.0786 287.1951 14.88807323238214
QB50P2                  
1 40032U 14033Y   18311.50854151  .00000315  00000-0  40005-4 0  9995
2 40032  97.8965 225.0832 0013273  71.4827 288.7831 14.88347578238041
PERSEUS-M2              
1 40037U 14033AD  18311.74066658  .00000129  00000-0  20840-4 0  9991
2 40037  97.8932 222.3817 0015838  80.0749 280.2253 14.86398257237852
PERSEUS-M1              
1 40039U 14033AF  18311.73485953  .00000133  00000-0  21415-4 0  9999
2 40039  97.8924 221.6444 0015680  77.3794 282.9174 14.86019516237799
POLYITAN-1              
1 40042U 14033AJ  18311.46115646  .00000373  00000-0  46149-4 0  9999
2 40042  97.9098 226.7258 0016066  65.0092 295.2792 14.88497091238029
TIGRISAT                
1 40043U 14033AK  18311.59325884  .00000162  00000-0  31180-4 0  9996
2 40043  97.7855 183.5020 0061432  96.4008 264.4201 14.74191748235438
AEROCUBE 6A             
1 40045U 14033AM  18312.17358417  .00000389  00000-0  63298-4 0  9997
2 40045  97.8047 186.8990 0059263  88.1613 272.6383 14.75243753235757
AEROCUBE 6B             
1 40046U 14033AN  18311.56545155  .00000340  00000-0  56273-4 0  9999
2 40046  97.8002 186.0933 0058574  89.6016 271.1905 14.75228514235803
UKUBE-1                 
1 40074U 14037F   18312.32301179  .00000257  00000-0  38099-4 0  9998
2 40074  98.4052  97.0515 0003777 203.6644 156.4419 14.83906796234676
BRITE-PL 2              
1 40119U 14049B   18311.79637266  .00000098  00000-0  18220-4 0  9997
2 40119  97.9150  39.3245 0016505 225.6781 134.3081 14.84336214228606
FIREBIRD 4              
1 40378U 15003C   18312.38052295  .00001929  00000-0  80771-4 0  9998
2 40378  99.0854 242.7809 0130967 110.5305 251.0035 15.17794605208193
GRIFEX                  
1 40379U 15003D   18312.36735170  .00001299  00000-0  59889-4 0  9993
2 40379  99.0851 238.1567 0138117 125.3438 236.0791 15.14753963207928
EXOCUBE                 
1 40380U 15003E   18312.00045910  .00001067  00000-0  52154-4 0  9993
2 40380  99.0882 235.1867 0142667 135.1020 226.1851 15.12875146207692
TIANWANG 1C (TW-1C)     
1 40926U 15051B   18312.35644286  .00012162  00000-0  20737-3 0  9990
2 40926  97.1702 354.1141 0011255 109.8381  18.1475 15.51426696175646
TIANWANG 1A (TW-1A)     
1 40928U 15051D   18312.34202753  .00003722  00000-0  96833-4 0  9993
2 40928  97.1725 343.4368 0011952 150.6175 265.8957 15.39457882174950
EXACTVIEW 9             
1 40936U 15052G   18311.49994449  .00000785  00000-0  20688-4 0  9999
2 40936   6.0023 212.2819 0011015 226.6298 133.2911 14.76431178168189
ATHENOXAT 1             
1 41168U 15077C   18312.40776301  .00002128  00000-0  79007-4 0  9993
2 41168  14.9931  44.4842 0011619 243.8647 193.2690 15.13117471160252
GALASSIA                
1 41170U 15077E   18311.58027500  .00002062  00000-0  74394-4 0  9995
2 41170  14.9894  44.5202 0013079 255.0497 104.8376 15.13469560160184
VELOX 2                 
1 41171U 15077F   18312.43821051  .00001626  00000-0  55948-4 0  9993
2 41171  14.9917  64.1953 0008873 198.2251 161.7752 15.10878827160080
HORYU-IV                
1 41340U 16012D   18311.62378568  .00000524  00000-0  33251-4 0  9990
2 41340  31.0044 114.1434 0013830  75.5316 284.6854 15.01098766149460
E-ST@R-II               
1 41459U 16025D   18312.35910959  .00001029  00000-0  57229-4 0  9994
2 41459  98.1231  22.6136 0170327  25.3888 335.5593 15.04812972139109
AAUSAT 4                
1 41460U 16025E   18312.39168325  .00002375  00000-0  12447-3 0  9999
2 41460  98.1186  23.4007 0160521  20.2639 340.4889 15.06429268139195
DIWATA-1                
1 41463U 98067HT  18312.37524197  .00018439  00000-0  13192-3 0  9995
2 41463  51.6382 314.4307 0001471  28.0615  48.9594 15.73794088144686
BEESAT-4                
1 41619U 16040W   18311.16643815  .00001589  00000-0  71413-4 0  9993
2 41619  97.3991  12.2378 0013207  89.6197 270.6553 15.22517836119848
CANX-7                  
1 41788U 16059F   18312.45690856  .00006606  00000-0  10765-2 0  9996
2 41788  98.2219  20.0220 0025218 357.8246   2.2882 14.71111746113303
ALSAT 1N                
1 41789U 16059G   18312.42582755  .00000069  00000-0  22231-4 0  9992
2 41789  98.1031  13.0470 0028172 356.6216   3.4798 14.64192486113121
RAVAN                   
1 41849U 16067B   18311.50578592  .00000170  00000-0  19577-4 0  9992
2 41849  97.9238  42.3827 0009138  50.1982 310.0043 14.97972639108588
CELTEE 1                
1 41850U 16067C   18312.21653246  .00000401  00000-0  40215-4 0  9993
2 41850  97.9225  42.2887 0010084  51.4735 308.7389 14.96897696108645
OPTICUBE 04             
1 41851U 16067D   18312.19690822  .00000553  00000-0  53682-4 0  9992
2 41851  97.9210  42.1402 0009912  53.1401 307.0728 14.96723017108632
AEROCUBE 8D             
1 41852U 16067E   18312.24910368  .00000227  00000-0  25234-4 0  9999
2 41852  97.9220  42.0247 0010476  51.3957 308.8200 14.96579069108622
AEROCUBE 8C             
1 41853U 16067F   18312.19986679  .00000791  00000-0  74811-4 0  9993
2 41853  97.9224  41.9277 0011098  53.7161 306.5084 14.96545709108610
PROMETHEUS 2-1          
1 41854U 16067G   18312.19425536  .00000786  00000-0  74071-4 0  9996
2 41854  97.9228  41.9709 0011218  53.1631 307.0617 14.96692378108618
PROMETHEUS 2-3          
1 41855U 16067H   18312.26385737  .00000908  00000-0  84817-4 0  9998
2 41855  97.9231  42.0494 0011465  53.3527 306.8746 14.96693221108625
ITF-2                   
1 41932U 98067KU  18312.04005336  .00121144  16667-4  36068-3 0  9994
2 41932  51.6263 312.8016 0006446  53.6806 306.4795 15.92230437103546
INS-1B                  
1 41954U 17008G   18312.12441357  .00001502  00000-0  66131-4 0  9990
2 41954  97.4304  14.7823 0008792 198.6187 161.4730 15.23378858 95919
BGUSAT                  
1 41999U 17008BD  18312.39741673  .00002449  00000-0  10044-3 0  9994
2 41999  97.4358  16.5720 0007497 213.1989 146.8779 15.25187743 95404
DIDO-2                  
1 42000U 17008BE  18312.18368589  .00001112  00000-0  49570-4 0  9999
2 42000  97.4319  15.3360 0007559 217.9013 142.1692 15.23481401 95321
PEASSS                  
1 42015U 17008BV  18312.21446754  .00001326  00000-0  57124-4 0  9991
2 42015  97.4321  16.0034 0005334 222.1983 137.8844 15.24344115 95858
AL-FARABI 1             
1 42016U 17008BW  18312.16419571  .00001679  00000-0  70498-4 0  9993
2 42016  97.4330  16.2670 0005237 221.7602 138.3236 15.24842744 95988
NAYIF-1 (EO-88)         
1 42017U 17008BX  18311.17173944  .00001716  00000-0  71954-4 0  9995
2 42017  97.4329  15.2902 0005111 226.4419 133.6395 15.24866609 95859
HAVELSAT                
1 42700U 98067LH  18312.42537605  .00066333  00000-0  31411-3 0  9994
2 42700  51.6277 332.0649 0005333  62.4933 297.6611 15.82339276 84764
CXBN-2                  
1 42704U 98067LM  18312.42751469  .00067513  00000-0  32762-3 0  9995
2 42704  51.6307 333.6329 0004642  35.1274 325.0034 15.81811054 84663
PHOENIX                 
1 42706U 98067LP  18312.44947995  .00036015  00000-0  22629-3 0  9994
2 42706  51.6300 337.5764 0003187  26.0721 334.0439 15.76364790 84600
X-CUBESAT               
1 42707U 98067LQ  18312.43292445  .00083821  00000-0  35541-3 0  9991
2 42707  51.6289 330.5154 0005079  40.4957 319.6424 15.84590454 84684
QBEE50-LTU-OC           
1 42708U 98067LR  18312.44445402  .00066072  00000-0  31811-3 0  9991
2 42708  51.6291 332.9614 0003920  42.8319 317.2988 15.81993395 84616
ALTAIR PATHFINDER       
1 42711U 98067LS  18312.37915256  .00019786  00000-0  17370-3 0  9990
2 42711  51.6351 351.4504 0004497  14.4004 345.7120 15.68819637 84072
SHARC                   
1 42712U 98067LT  18312.38628934  .00041302  00000-0  30855-3 0  9998
2 42712  51.6356 351.5611 0004039  21.5602 338.5566 15.72274195 84313
ZA-AEROSAT              
1 42713U 98067LU  18312.35677583  .00038650  00000-0  25926-3 0  9995
2 42713  51.6342 342.2096 0003762  22.4078 337.7085 15.74826088 84191
CSUNSAT 1               
1 42715U 98067LW  18312.35149254  .00041295  00000-0  26004-3 0  9993
2 42715  51.6338 340.6883 0005068  18.5505 341.5679 15.76238908 84211
SPACECUBE               
1 42717U 98067LY  18312.29417336  .00067527  00000-0  32766-3 0  9995
2 42717  51.6248 334.1295 0004775  56.5564 303.5894 15.81811801 83669
HOOPOE                  
1 42718U 98067LZ  18312.26500810  .00153049  19835-4  46834-3 0  9999
2 42718  51.6251 326.3383 0006415  52.4909 307.6679 15.91590193 83762
NJUST-1                 
1 42722U 98067MB  18312.35386847  .00035450  00000-0  25598-3 0  9995
2 42722  51.6396 345.0285 0006221  51.9768  46.5174 15.73136016 83228
UNSW-ECO                
1 42723U 98067MC  18312.40020231  .00254726  37381-4  55837-3 0  9998
2 42723  51.6356 323.6156 0008203  57.1132 303.0666 15.97615402 83492
LILACSAT-1              
1 42725U 98067ME  18312.38151308  .00063311  00000-0  35410-3 0  9994
2 42725  51.6374 338.4050 0006002  51.7086  49.1369 15.78718818 83227
NSIGHT-1                
1 42726U 98067MF  18312.38357228  .00011709  00000-0  12494-3 0  9995
2 42726  51.6392 359.1013 0005678  51.7674 308.3831 15.64428122 82952
SNUSAT-1                
1 42727U 98067MG  18312.31731167  .00050023  00000-0  28358-3 0  9995
2 42727  51.6317 338.8579 0006923  31.8929 328.2490 15.78507550 83172
I-INSPIRE II            
1 42731U 98067ML  18312.41524086  .00380149  74081-4  65586-3 0  9994
2 42731  51.6300 321.3029 0008020  49.5829 310.5880 16.01734613 83302
POLYITAN-2-SAU          
1 42732U 98067MM  18312.33899640  .00082900  00000-0  35877-3 0  9997
2 42732  51.6304 332.2090 0006933  31.1523 328.9890 15.84149521 83150
SNUSAT-1B               
1 42733U 98067MN  18312.31824918  .00055327  00000-0  28976-3 0  9997
2 42733  51.6294 336.6228 0006942  27.7636 332.3735 15.80215203 83093
EXALTA-1                
1 42734U 98067MP  18312.38866679  .00891466  47841-3  80384-3 0  9995
2 42734  51.6165 318.6431 0007753  63.0328 297.1477 16.12038063 83284
BEEAGLESAT              
1 42736U 98067MR  18312.31496478  .00044441  00000-0  27084-3 0  9990
2 42736  51.6318 340.3926 0006528  47.7578 312.3975 15.76937576 83102
UCLSAT                  
1 42765U 17036A   18311.40019299  .00001393  00000-0  63651-4 0  9990
2 42765  97.3842   8.8325 0010178 298.1519  61.8689 15.22195553 76499
LITUANICASAT-2          
1 42768U 17036D   18312.15046740  .00002241  00000-0  10123-3 0  9995
2 42768  97.3863   9.1247 0013850 282.5945  77.3742 15.21929032 76456
AALTO-1                 
1 42775U 17036L   18311.72776370  .00000805  00000-0  39368-4 0  9991
2 42775  97.3831   8.3783 0012501 283.5177  76.4666 15.20978840 76315
URSA MAIOR              
1 42776U 17036M   18312.16640612  .00000955  00000-0  45985-4 0  9998
2 42776  97.3838   8.8919 0012334 281.8848  78.1005 15.21081370 76386
COMPASS 2               
1 42777U 17036N   18311.60359021  .00001830  00000-0  82659-4 0  9990
2 42777  97.3866   8.9873 0011173 286.9503  73.0508 15.22184966 76324
DIAMOND RED             
1 42783U 17036U   18311.43837240  .00001081  00000-0  50725-4 0  9999
2 42783  97.3842   8.6378 0010795 297.9182  62.0961 15.21748724 76290
PEGASUS                 
1 42784U 17036V   18311.45622254  .00001248  00000-0  57649-4 0  9996
2 42784  97.3845   8.7763 0010713 297.8387  62.1763 15.21987389 76304
DIAMOND GREEN           
1 42785U 17036W   18311.83167546  .00001130  00000-0  52873-4 0  9991
2 42785  97.3843   9.0412 0010679 297.0961  62.9186 15.21748810 76344
DIAMOND BLUE            
1 42786U 17036X   18311.83076694  .00001117  00000-0  52269-4 0  9999
2 42786  97.3842   9.0399 0010522 297.4666  62.5500 15.21751772 76348
NUDTSAT                 
1 42787U 17036Y   18312.43099406  .00001535  00000-0  68762-4 0  9992
2 42787  97.3871  10.0934 0011087 299.7539  60.2595 15.22711014 76311
SUCHAI                  
1 42788U 17036Z   18311.45144637  .00001476  00000-0  67022-4 0  9993
2 42788  97.3847   8.9368 0010303 297.5521  62.4668 15.22311981 76380
SKCUBE                  
1 42789U 17036AA  18311.45550740  .00001372  00000-0  62645-4 0  9991
2 42789  97.3844   8.9203 0010156 297.6174  62.4030 15.22249574 76300
VZLUSAT-1               
1 42790U 17036AB  18311.43306478  .00001985  00000-0  88066-4 0  9993
2 42790  97.3855   9.1164 0009721 297.3878  62.6370 15.22720807 76310
ROBUSTA-1B              
1 42792U 17036AD  18311.67288849  .00001417  00000-0  64302-4 0  9999
2 42792  97.3843   9.2269 0009716 297.8990  62.1262 15.22408846 76355
CICERO 6                
1 42793U 17036AE  18311.81789392  .00001101  00000-0  50974-4 0  9995
2 42793  97.3831   9.3046 0008954 299.5346  60.4997 15.22164087 76446
D-SAT                   
1 42794U 17036AF  18311.80309004  .00000270  00000-0  28807-4 0  9999
2 42794  97.5737   0.8986 0127377 163.5729 196.9677 14.90961015 75123
TOKI                    
1 42820U 98067MU  18311.46372441  .00042108  00000-0  27216-3 0  9997
2 42820  51.6334 348.2325 0004188  11.4107 348.6987 15.75638364 76402
MAZAALAI (NUMSAT-1)     
1 42822U 98067MW  18312.16634947  .00039094  00000-0  25848-3 0  9998
2 42822  51.6337 345.4375 0004236  16.6569 343.4568 15.75151342 76464
BRAC ONNESHA            
1 42823U 98067MX  18312.14758235  .00040045  00000-0  26174-3 0  9995
2 42823  51.6329 345.3389 0006121  21.8336 338.2924 15.75392676 76460
NIGERIAEDUSAT-1         
1 42824U 98067MY  18311.56390965  .00040003  00000-0  26687-3 0  9996
2 42824  51.6341 348.9668 0005877  20.9046 339.2192 15.74923370 76388
CORVUS BC2              
1 42846U 17042X   18312.27823890  .00000277  00000-0  32709-4 0  9993
2 42846  97.5834 209.8346 0011136  78.1241 282.1226 14.91879923 71856
CORVUS BC1              
1 42847U 17042Y   18311.70981640  .00000084  00000-0  13594-4 0  9996
2 42847  97.5835 209.3585 0010834  79.4307 280.8132 14.91979019 71767
SILU-1 (SILKROAD 1)     
1 42903U 17021F   18312.01778727  .00056855  00000-0  28938-3 0  9995
2 42903  42.7744 172.1803 0015828 247.7738 256.6051 15.80386997 72619
MIRATA                  
1 43015U 17073C   18311.78889468  .00000839  00000-0  71129-4 0  9997
2 43015  97.7098 236.8333 0257328 163.6097 197.3636 14.78464365 52350
MAKERSAT 0              
1 43016U 17073D   18311.77720282  .00000531  00000-0  46800-4 0  9992
2 43016  97.7130 236.9852 0259082 163.7605 197.2110 14.78373033 52346
ASTERIA                 
1 43020U 98067NH  18312.45528315  .00016470  00000-0  18509-3 0  9991
2 43020  51.6429   7.9090 0002862   5.8953 354.2074 15.62754072 55027
DELLINGR (RBLE)         
1 43021U 98067NJ  18312.40852056  .00006780  00000-0  90079-4 0  9995
2 43021  51.6408  12.0418 0002528 356.6198   3.4778 15.59509210 54967
OSIRIS-3U               
1 43027U 98067NL  18312.42842358  .00060350  00000-0  39349-3 0  9992
2 43027  51.6367 355.5703 0005059   7.3921 352.7152 15.75278189 55069
AEROCUBE 7B             
1 43042U 17071F   18312.18434008  .00004017  00000-0  10982-3 0  9997
2 43042  51.6396  59.5569 0005330  71.0595 289.0967 15.39754673 51784
AEROCUBE 7C             
1 43043U 17071G   18311.60006265  .00004100  00000-0  11187-3 0  9995
2 43043  51.6396  62.4135 0005432  70.6469 289.5102 15.39756463 51667
CHEFSAT                 
1 43044U 17071H   18311.56494599  .00006548  00000-0  16444-3 0  9991
2 43044  51.6405  60.7294 0005243  69.0701 291.0845 15.41254159 51689
ASGARDIA 1              
1 43049U 17071N   18311.56944222  .00003860  00000-0  10553-3 0  9998
2 43049  51.6402  62.2211 0002988  89.0901 271.0426 15.39869909 51667
ISARA                   
1 43050U 17071P   18312.17027104  .00006481  00000-0  16431-3 0  9992
2 43050  51.6399  58.0053 0002754  87.7934 272.3366 15.40979670 51760
FAUNA                   
1 43052U 17071R   18311.60825566  .00003671  00000-0  10026-3 0  9991
2 43052  51.6400  61.7430 0002912  86.3245 273.8073 15.40054271 51662
CORVUS BC3              
1 43118U 18004H   18311.76063952  .00000875  00000-0  40875-4 0  9990
2 43118  97.5171  14.5183 0009414 319.6501  40.4036 15.22481593 45550
MICROMAS-2A             
1 43131U 18004W   18312.11641408  .00002137  00000-0  93061-4 0  9991
2 43131  97.5185  15.1503 0008490 321.7550  38.3083 15.23308542 45623
GOMX4-B                 
1 43196U 18015E   18311.89871394  .00000430  00000-0  20775-4 0  9993
2 43196  97.3639  78.0539 0019716  14.8920 345.2890 15.23743418 42412
GOMX4-A                 
1 43197U 18015F   18312.43233006  .00000443  00000-0  21244-4 0  9993
2 43197  97.3646  78.5844 0019789  15.4065  58.8055 15.23816667 42509
1KUNS-PF                
1 43466U 98067NP  18312.44386588  .00013802  00000-0  18017-3 0  9998
2 43466  51.6409  16.0180 0000912   4.9984 355.1018 15.58982553 28174
UBAKUSAT                
1 43467U 98067NQ  18312.42262534  .00009599  00000-0  13197-3 0  9993
2 43467  51.6404  16.6286 0002664 323.8091  36.2721 15.58017194 28179
BATSU-CS1 (IRAZU)       
1 43468U 98067NR  18311.44285482  .00016179  00000-0  20445-3 0  9998
2 43468  51.6407  20.5833 0000972 358.9586   1.1405 15.59699175128013
CUBERRT                 
1 43546U 98067NU  18312.19155559  .00020777  00000-0  28740-3 0  9994
2 43546  51.6408  19.5748 0006381  15.3856 344.7329 15.57068246 18249
TEMPEST-D               
1 43547U 98067NV  18312.22776408  .00003831  00000-0  61589-4 0  9992
2 43547  51.6405  19.8131 0006230  17.3354 342.7849 15.55700291 17924
RAINCUBE                
1 43548U 98067NW  18312.14453287  .00010642  00000-0  15384-3 0  9990
2 43548  51.6405  20.0082 0006371  24.0582 336.0706 15.56506990 18366
HALOSAT                 
1 43549U 98067NX  18311.50308821  .00010555  00000-0  15276-3 0  9996
2 43549  51.6408  23.2249 0006305  23.8093 336.3189 15.56487061 17826
ENDUROSAT ONE           
1 43551U 98067NZ  18311.47362865  .00012461  00000-0  17537-3 0  9993
2 43551  51.6401  23.0266 0006900  28.4772 331.6596 15.57049940 18232
EQUISAT                 
1 43552U 98067PA  18311.48220978  .00010670  00000-0  15275-3 0  9990
2 43552  51.6407  23.0859 0007095  29.6830 330.4563 15.56766692 18196
AEROCUBE 12A            
1 43556U 18046C   18311.48344919  .00002593  00000-0  10635-3 0  9995
2 43556  51.6424  46.7581 0008256 355.5992   4.4914 15.27986752 17425
AEROCUBE 12B            
1 43557U 18046D   18312.20411754  .00002078  00000-0  87875-4 0  9998
2 43557  51.6436  43.3186 0008335 358.3676   1.7275 15.27946613 17489
UITMSAT-1               
1 43589U 98067PD  18312.16739304  .00010242  00000-0  14890-3 0  9991
2 43589  51.6404  20.1581 0006506  39.8635 320.2834 15.56402281 14033
MAYA-1                  
1 43590U 98067PE  18311.45950709  .00010998  00000-0  15930-3 0  9992
2 43590  51.6405  23.6807 0006595  37.9689 322.1766 15.56413035 13854
BHUTAN-1                
1 43591U 98067PF  18312.22775499  .00010300  00000-0  14931-3 0  9997
2 43591  51.6403  19.8120 0006708  41.9932 318.1573 15.56471775 13979
SIRIUSSAT-1             
1 43595U 98067PG  18312.44675097  .00010138  00000-0  14967-3 0  9996
2 43595  51.6404  19.0201 0004085 359.3712   0.7274 15.56002454 13183
SIRIUSSAT-2             
1 43596U 98067PH  18311.81217408  .00010447  00000-0  15494-3 0  9994
2 43596  51.6414  22.2902 0004695 358.9312   1.1668 15.55834869 13080
TANUSHA-3               
1 43597U 98067PJ  18312.18973262  .00013063  00000-0  18960-3 0  9991
2 43597  51.6393  20.2957 0004351  12.2123 347.8973 15.56170854 13148
SURFSAT                 
1 43614U 18070B   18311.86628148  .00003132  00000-0  87825-4 0  9994
2 43614  93.0298 271.5459 0019667  81.6011 278.7473 15.36451452  8181
CP-7 (DAVE)             
1 43615U 18070C   18311.86603226  .00003075  00000-0  86232-4 0  9992
2 43615  93.0290 271.5472 0019790  82.8072 277.5432 15.36452768  8189
ELFIN-B                 
1 43616U 18070D   18312.38426747 -.00000006  00000-0  00000+0 0  9998
2 43616  93.0307 271.7339 0020717  88.0032 272.4184 15.36564299  8268
ELFIN-A                 
1 43617U 18070E   18312.38320352 -.00000006  00000-0  00000+0 0  9994
2 43617  93.0346 271.7785 0019834  84.6485 275.7402 15.36602474  8266
DEBRISSAT-1             
1 43621U 98067PM  18311.82716873  .00078606  00000-0  91762-3 0  9997
2 43621  51.6530  20.9272 0006087  18.3497 341.7725 15.60904655  8090
CUBEBEL-1 (BSUSAT-1)    
1 43666U 18083E   18312.33037037  .00001313  00000-0  69568-4 0  9992
2 43666  97.5403 333.1556 0013751 238.0128 303.7512 15.17107623  1568
DEBRISSAT-2             
1 43680U 98067PR  18312.23602983  .00018252  00000-0  26711-3 0  9997
2 43680  51.6394  19.8593 0004604  30.1403 329.9874 15.55642956 21891
