CUTE-1 (CO-55)          
1 27844U 03031E   18081.69960400  .00000051  00000-0  42695-4 0  9990
2 27844  98.6894  91.6229 0008642 260.7542  99.2658 14.22100994763867
CUBESAT XI-IV (CO-57)   
1 27848U 03031J   18081.84603577  .00000037  00000-0  36983-4 0  9997
2 27848  98.6981  92.1355 0008524 271.6394  88.3807 14.21706621763794
CUBESAT XI 5            
1 28895U 05043F   18081.85840843  .00000165  00000-0  40459-4 0  9990
2 28895  97.8957 236.8721 0016361 346.9942  13.0837 14.63521413661243
CUTE-1.7+APD II (CO-65) 
1 32785U 08021C   18081.84464685  .00000275  00000-0  35456-4 0  9990
2 32785  97.5518  98.1273 0012240 330.9527  29.1008 14.88081314536260
AAUSAT-II               
1 32788U 08021F   18082.04177878  .00000637  00000-0  64370-4 0  9990
2 32788  97.5308 112.1017 0010263 278.2139  81.7918 14.94260607537311
DELFI-C3 (DO-64)        
1 32789U 08021G   18082.19948525  .00001079  00000-0  78452-4 0  9999
2 32789  97.5223 139.1551 0011381 225.2245 134.8057 15.05842301538845
SEEDS II (CO-66)        
1 32791U 08021J   18081.60369175  .00000498  00000-0  56414-4 0  9993
2 32791  97.5427 103.0543 0012154 311.2774  48.7397 14.90494643536536
SWISSCUBE               
1 35932U 09051B   18081.37530063  .00000161  00000-0  47516-4 0  9997
2 35932  98.5311 230.5132 0008831 114.5894 245.6224 14.56133113450764
BEESAT                  
1 35933U 09051C   18081.88975570  .00000142  00000-0  42962-4 0  9999
2 35933  98.5355 232.5313 0006914 123.4497 236.7362 14.56240340450905
ITUPSAT 1               
1 35935U 09051E   18081.96460294  .00000109  00000-0  36147-4 0  9993
2 35935  98.5466 232.8618 0009276 120.0428 240.1689 14.55420371450782
M-CUBED & EXP-1 PRIME   
1 37855U 11061F   18081.87507524  .00001762  00000-0  97904-4 0  9992
2 37855 101.7248 100.2376 0177219 337.6543  21.7014 15.04194075348208
STRAND-1                
1 39090U 13009E   18082.20822757  .00000037  00000-0  28378-4 0  9998
2 39090  98.5303 289.6693 0009005 185.6794 174.4291 14.35016079265498
AIST-2 (RS-43)          
1 39133U 13015D   18082.23574801  .00000141  00000-0  22548-4 0  9999
2 39133  64.8724 123.5285 0030089 235.8143 124.0124 15.04509803270282
SOMP                    
1 39134U 13015E   18081.82462191  .00001632  00000-0  87020-4 0  9994
2 39134  64.8643  46.2244 0021263 221.1968 138.7555 15.18920897271787
BEESAT 3                
1 39135U 13015F   18082.23368856  .00001604  00000-0  91446-4 0  9990
2 39135  64.8691  57.1528 0026415 246.6347 113.2000 15.16483021271610
BEESAT-2                
1 39136U 13015G   18082.23939453  .00001546  00000-0  89756-4 0  9994
2 39136  64.8692  59.6903 0026973 245.9380 113.8923 15.15959579271563
NEE-01 PEGASUS          
1 39151U 13018B   18082.22926937  .00000213  00000-0  35222-4 0  9995
2 39151  97.9734 176.9163 0016179 223.4939 136.4997 14.79868289264800
ESTCUBE 1               
1 39161U 13021C   18082.10935369  .00000186  00000-0  37571-4 0  9994
2 39161  98.0090 169.2738 0008698 342.5719  17.5192 14.72034946261785
POPACS 1                
1 39268U 13055D   18081.67855593  .00003843  00000-0  10706-3 0  9993
2 39268  81.0010  76.9742 0641813 121.1665 245.4085 14.33468243232058
POPACS 2                
1 39269U 13055E   18081.71651594  .00002320  00000-0  67031-4 0  9997
2 39269  81.0128  97.1269 0693965 173.4640 187.6215 14.21643349229637
POPACS 3                
1 39270U 13055F   18081.81019500  .00001171  00000-0  36532-4 0  9990
2 39270  81.0143 108.2363 0720117 206.5026 149.7596 14.14350854209447
ZACUBE-1 (TSHEPISOSAT)  
1 39417U 13066B   18082.16667399  .00000285  00000-0  42262-4 0  9991
2 39417  97.5968 115.3572 0060651  77.4041 283.3946 14.80894907234065
WNISAT-1                
1 39423U 13066H   18082.19208140  .00000129  00000-0  35713-4 0  9996
2 39423  97.7172  52.9671 0174222 286.3910  71.8205 14.52935546229744
GOMX 1                  
1 39430U 13066Q   18081.82610998  .00000193  00000-0  44326-4 0  9992
2 39430  97.6902  64.9616 0150274 242.9404 115.6395 14.59041476230556
EAGLE 2                 
1 39436U 13066W   18081.83255548  .00131298  00000-0  12570-2 0  9990
2 39436  97.7120 211.3731 0003353 197.6983 162.4160 15.66254684238615
CUBEBUG-2 (LO-74)       
1 39440U 13066AA  18082.09249194  .00000250  00000-0  41689-4 0  9992
2 39440  97.6072 102.4204 0082002 114.7505 246.2267 14.75629380233227
NEE-02 KRYSAOR          
1 39441U 13066AB  18081.58354624  .00000164  00000-0  30287-4 0  9997
2 39441  97.6071 100.2514 0083311 120.9952 239.9475 14.74746228231853
FUNCUBE-1 (AO-73)       
1 39444U 13066AE  18082.13995650  .00000340  00000-0  48248-4 0  9994
2 39444  97.5980 116.7478 0059750  73.3351 287.4411 14.81662992232918
UWE-3                   
1 39446U 13066AG  18081.85650861  .00000259  00000-0  41030-4 0  9997
2 39446  97.6008 108.2612 0071828  97.2722 263.6662 14.78162973232368
BRITE-TORONTO           
1 40020U 14033L   18082.18028658  .00000097  00000-0  24923-4 0  9994
2 40020  97.7984 304.8106 0088071 158.0742 202.4269 14.66476954200981
DUCHIFAT-1              
1 40021U 14033M   18081.71270399  .00000615  00000-0  69169-4 0  9991
2 40021  97.9172   0.2761 0014401 101.8002 258.4832 14.90231169204073
NANOSATC-BR1            
1 40024U 14033Q   18082.18151578  .00000505  00000-0  58944-4 0  9990
2 40024  97.9112 359.1557 0013695 102.2343 258.0409 14.89505434204079
QB50P1                  
1 40025U 14033R   18081.70984170  .00000390  00000-0  47830-4 0  9994
2 40025  97.9077 357.2774 0013873 107.2826 252.9910 14.88659733203923
QB50P2                  
1 40032U 14033Y   18081.70643356  .00000357  00000-0  44714-4 0  9991
2 40032  97.9036 356.0817 0013304 103.2053 257.0649 14.88208059203340
PERSEUS-M2              
1 40037U 14033AD  18081.77769878  .00000114  00000-0  19198-4 0  9990
2 40037  97.9033 353.9551 0015772 110.8440 249.4466 14.86333683203193
PERSEUS-M1              
1 40039U 14033AF  18082.18474036  .00000131  00000-0  21321-4 0  9997
2 40039  97.9033 353.7728 0015670 106.4887 253.8051 14.85955786203701
POLYITAN-1              
1 40042U 14033AJ  18081.81504172  .00000444  00000-0  53981-4 0  9999
2 40042  97.9153 357.4724 0016185  96.8132 263.4926 14.88335404203869
TIGRISAT                
1 40043U 14033AK  18081.89812260  .00000174  00000-0  33184-4 0  9991
2 40043  97.8216 322.3047 0061379 116.2912 244.4620 14.74109003201593
AEROCUBE 6A             
1 40045U 14033AM  18081.89043287  .00000377  00000-0  61745-4 0  9997
2 40045  97.8372 324.2919 0059346 110.7978 249.9602 14.75085552201806
AEROCUBE 6B             
1 40046U 14033AN  18082.16245885  .00000351  00000-0  58146-4 0  9990
2 40046  97.8347 324.4400 0058594 109.4868 251.2683 14.75076288201983
UKUBE-1                 
1 40074U 14037F   18082.23778624  .00000403  00000-0  55801-4 0  9998
2 40074  98.3728 215.2250 0003475 222.2310 137.8627 14.83742943200553
BRITE-PL 2              
1 40119U 14049B   18081.78342916  .00000131  00000-0  22106-4 0  9991
2 40119  97.9189 171.0149 0016114 259.0097 100.9305 14.84262868194391
FIREBIRD 4              
1 40378U 15003C   18082.16817010  .00002277  00000-0  96696-4 0  9992
2 40378  99.0971 326.8963 0132851 156.1488 204.5974 15.16867542173286
GRIFEX                  
1 40379U 15003D   18082.17321185  .00001538  00000-0  71263-4 0  9999
2 40379  99.1011 323.4579 0139361 167.5108 192.9631 15.14069575173083
EXOCUBE                 
1 40380U 15003E   18081.66245161  .00001285  00000-0  62759-4 0  9992
2 40380  99.1062 320.9460 0143530 175.5720 184.6814 15.12318806172862
TIANWANG 1C (TW-1C)     
1 40926U 15051B   18082.11620747  .00010126  00000-0  19791-3 0  9990
2 40926  97.1936 124.8919 0008485 224.3689 194.7308 15.47607040139998
TIANWANG 1A (TW-1A)     
1 40928U 15051D   18082.14748400  .00004229  00000-0  11440-3 0  9992
2 40928  97.1947 117.8166 0010096 274.0629 131.2474 15.38199818139556
EXACTVIEW 9             
1 40936U 15052G   18080.40142059  .00000820  00000-0  25807-4 0  9993
2 40936   6.0035  59.8956 0010623 195.8631 164.0119 14.76358797133977
ATHENOXAT 1             
1 41168U 15077C   18082.21505787  .00002565  00000-0  10465-3 0  9991
2 41168  14.9870 289.4461 0012296 287.4927  30.0069 15.12560729125334
GALASSIA                
1 41170U 15077E   18081.86247464  .00002241  00000-0  85483-4 0  9993
2 41170  14.9890 286.9720 0013343 302.3535  57.5494 15.12960342125336
VELOX 2                 
1 41171U 15077F   18082.07153381  .00001800  00000-0  66881-4 0  9993
2 41171  14.9918 304.8069 0009119 249.5435 110.3906 15.10513752125198
HORYU-IV                
1 41340U 16012D   18082.19986676  .00000647  00000-0  42798-4 0  9994
2 41340  31.0047 134.0840 0014131 320.7167  39.2443 15.00919695114966
E-ST@R-II               
1 41459U 16025D   18082.10410420  .00003172  00000-0  16854-3 0  9998
2 41459  98.1463 140.1958 0172646  77.2078 284.8384 15.04142375104487
AAUSAT 4                
1 41460U 16025E   18082.09512585  .00003904  00000-0  20443-3 0  9995
2 41460  98.1416 140.5616 0164498  73.9589 287.9669 15.05473923104531
DIWATA-1                
1 41463U 98067HT  18082.16257722  .00013207  00000-0  11990-3 0  9995
2 41463  51.6396  51.2976 0002198 103.8589 346.2824 15.68366661108493
BEESAT-4                
1 41619U 16040W   18081.81115921  .00001775  00000-0  81021-4 0  9994
2 41619  97.4244 146.1238 0012181 165.5253 194.6334 15.21852021 84951
CANX-7                  
1 41788U 16059F   18082.14898538  .00007879  00000-0  13647-2 0  9998
2 41788  98.1998 148.3139 0026453  17.4863 342.7269 14.68339570 79478
ALSAT 1N                
1 41789U 16059G   18082.12309611  .00000105  00000-0  29172-4 0  9993
2 41789  98.1279 146.0788 0028483   1.4819 358.6474 14.64135893 79422
RAVAN                   
1 41849U 16067B   18082.22968096  .00000890  00000-0  81292-4 0  9990
2 41849  97.9260 169.7176 0009484  92.6964 267.5343 14.97618128 74265
CELTEE 1                
1 41850U 16067C   18081.78772058  .00000864  00000-0  80762-4 0  9995
2 41850  97.9257 168.8638 0010543  92.7131 267.5297 14.96765896 74173
OPTICUBE 04             
1 41851U 16067D   18082.21297440 -.00000327  00000-0 -23344-4 0  9991
2 41851  97.9254 169.2323 0010319  90.9040 269.3363 14.96637199 74232
AEROCUBE 8D             
1 41852U 16067E   18081.77104938  .00000446  00000-0  44616-4 0  9996
2 41852  97.9261 168.6384 0011072  93.9477 266.3009 14.96433701 74153
AEROCUBE 8C             
1 41853U 16067F   18081.78314376  .00000848  00000-0  80074-4 0  9991
2 41853  97.9266 168.6193 0011685  94.6251 265.6305 14.96400287 74159
PROMETHEUS 2-1          
1 41854U 16067G   18082.19598326  .00000846  00000-0  79770-4 0  9996
2 41854  97.9274 169.0279 0012081  92.6893 267.5710 14.96478038 74217
PROMETHEUS 2-3          
1 41855U 16067H   18081.79727627  .00000791  00000-0  74948-4 0  9991
2 41855  97.9277 168.6265 0012254  94.0992 266.1629 14.96475262 74152
ITF-2                   
1 41932U 98067KU  18082.19628198  .00036755  00000-0  28947-3 0  9991
2 41932  51.6373  62.2444 0002330 216.9587 143.1251 15.71078632 67228
WASEDA-SAT3             
1 41933U 98067KV  18082.19151940  .00049487  00000-0  33271-3 0  9990
2 41933  51.6348  58.3579 0001677 208.8258 151.2649 15.74666938 67275
AOBA-VELOX 3            
1 41935U 98067KX  18081.42682982  .00035985  00000-0  25858-3 0  9992
2 41935  51.6359  63.8176 0001519 209.3265 150.7648 15.73263076 67236
INS-1B                  
1 41954U 17008G   18081.85032985  .00001605  00000-0  71771-4 0  9996
2 41954  97.4558 146.5110 0007999 301.1491  58.8961 15.22751007 60861
BGUSAT                  
1 41999U 17008BD  18081.84325409  .00002546  00000-0  10745-3 0  9998
2 41999  97.4594 147.3137 0007254 323.1658  36.9080 15.24186468 60270
DIDO-2                  
1 42000U 17008BE  18081.80442899  .00001217  00000-0  54738-4 0  9996
2 42000  97.4576 146.8479 0007612 324.3379  35.7349 15.23005637 60258
PEASSS                  
1 42015U 17008BV  18082.15611134  .00001534  00000-0  66719-4 0  9995
2 42015  97.4571 147.5546 0005689 335.0657  25.0305 15.23776169 60813
AL-FARABI 1             
1 42016U 17008BW  18081.84215349  .00001824  00000-0  77998-4 0  9992
2 42016  97.4578 147.3813 0005581 336.8777  23.2208 15.24128921 60897
NAYIF-1 (EO-88)         
1 42017U 17008BX  18081.83771191  .00001889  00000-0  80587-4 0  9993
2 42017  97.4576 147.3825 0005567 337.2739  22.8251 15.24151186 60911
HAVELSAT                
1 42700U 98067LH  18082.22453856  .00029897  00000-0  28330-3 0  9991
2 42700  51.6370  72.9264 0003152 305.7507  54.3196 15.66667941 48523
SGSAT                   
1 42703U 98067LL  18082.20394037  .00190897  00000-0  78628-3 0  9991
2 42703  51.6327  60.6214 0002802 104.7009 255.4305 15.84849637 48599
CXBN-2                  
1 42704U 98067LM  18082.22421288  .00031528  00000-0  30276-3 0  9995
2 42704  51.6377  73.6843 0000809 146.2067 213.8980 15.66309798 48436
ICECUBE                 
1 42705U 98067LN  18082.22453250  .00048306  00000-0  38245-3 0  9996
2 42705  51.6418  69.9877 0000956 168.8677 191.2342 15.70828559 48547
PHOENIX                 
1 42706U 98067LP  18082.22931516  .00023239  00000-0  23100-3 0  9995
2 42706  51.6368  73.7115 0000453  96.6645 263.4402 15.65624407 48421
X-CUBESAT               
1 42707U 98067LQ  18082.22735538  .00034285  00000-0  32058-3 0  9997
2 42707  51.6343  72.9081 0000638  88.3684 271.7385 15.66929641 48425
QBEE50-LTU-OC           
1 42708U 98067LR  18082.19964551  .00032167  00000-0  30748-3 0  9994
2 42708  51.6370  73.4978 0000523  87.8889 272.2166 15.66413555 48370
ALTAIR PATHFINDER       
1 42711U 98067LS  18082.21176534  .00016009  00000-0  18489-3 0  9992
2 42711  51.6370  78.0928 0002825 206.3837 153.7013 15.62070599 48027
SHARC                   
1 42712U 98067LT  18082.17357585  .00012436  00000-0  15143-3 0  9999
2 42712  51.6388  79.3766 0001223 206.6515 153.4416 15.60937066 48245
ZA-AEROSAT              
1 42713U 98067LU  18082.19049414  .00023599  00000-0  24493-3 0  9991
2 42713  51.6361  75.6938 0001263 166.6825 193.4204 15.64522569 48050
LINK                    
1 42714U 98067LV  18082.18594594  .00050424  00000-0  39594-3 0  9990
2 42714  51.6323  70.3450 0001317 127.1296 232.9822 15.71007198 48233
CSUNSAT 1               
1 42715U 98067LW  18082.17063238  .00024872  00000-0  25453-3 0  9993
2 42715  51.6373  75.5736 0002682 190.2340 169.8601 15.64845249 48052
SPACECUBE               
1 42717U 98067LY  18082.22323950  .00032656  00000-0  31284-3 0  9999
2 42717  51.6356  73.6537 0001963 317.6131  42.4712 15.66350703 47457
HOOPOE                  
1 42718U 98067LZ  18082.17596185  .00036188  00000-0  32620-3 0  9995
2 42718  51.6366  72.5914 0001712 323.3154  36.7725 15.67808836 47464
CHALLENGER              
1 42721U 98067MA  18082.20084759  .00085831  00000-0  59338-3 0  9996
2 42721  51.6344  68.1934 0001888 290.1900  69.8896 15.73794530 47223
NJUST-1                 
1 42722U 98067MB  18082.20484788  .00021589  00000-0  23107-3 0  9998
2 42722  51.6370  76.5490 0004446 274.7170  85.3316 15.63791514 47119
UNSW-ECO                
1 42723U 98067MC  18082.20325174  .00040214  00000-0  35738-3 0  9991
2 42723  51.6379  72.7903 0003161 279.5695  80.4945 15.68104091 47144
LILACSAT-1              
1 42725U 98067ME  18082.23002027  .00032150  00000-0  32060-3 0  9990
2 42725  51.6369  75.2169 0003249 280.9081  79.1549 15.65350324 47031
NSIGHT-1                
1 42726U 98067MF  18082.20108149  .00015370  00000-0  19166-3 0  9997
2 42726  51.6389  80.3052 0004575 276.8610  83.1862 15.60090609 46974
SNUSAT-1                
1 42727U 98067MG  18082.17239769  .00029658  00000-0  29727-3 0  9995
2 42727  51.6353  75.5462 0004753 227.3093 132.7503 15.65258487 46991
I-INSPIRE II            
1 42731U 98067ML  18082.22477885  .00038939  00000-0  33863-3 0  9997
2 42731  51.6357  72.1378 0003669 204.3397 155.7427 15.68648607 46930
POLYITAN-2-SAU          
1 42732U 98067MM  18082.22278089  .00034366  00000-0  32298-3 0  9994
2 42732  51.6363  73.6414 0004110 205.4660 154.6134 15.66795122 46916
SNUSAT-1B               
1 42733U 98067MN  18082.24125233  .00032333  00000-0  31668-3 0  9991
2 42733  51.6365  74.5234 0004322 211.5840 148.4897 15.65794714 46903
EXALTA-1                
1 42734U 98067MP  18082.22866637  .00042270  00000-0  36569-3 0  9996
2 42734  51.6342  72.1549 0004200 243.2903 116.7664 15.68735227 46883
BEEAGLESAT              
1 42736U 98067MR  18082.24324868  .00029159  00000-0  29543-3 0  9990
2 42736  51.6361  75.2857 0004506 270.9461  89.1018 15.64998018 46956
ATLANTIS                
1 42737U 98067MS  18082.10643606  .01025733  59736-3  12779-2 0  9990
2 42737  51.6197  55.2742 0003976 154.1957 205.9254 16.07179146 47095
UCLSAT                  
1 42765U 17036A   18081.80495236  .00001646  00000-0  75905-4 0  9993
2 42765  97.4114 143.0106 0012525  27.1226 333.0661 15.21610463 41570
LITUANICASAT-2          
1 42768U 17036D   18082.15996100  .00002486  00000-0  11492-3 0  9994
2 42768  97.4121 143.0151 0015998  14.1094 346.0585 15.20992442 41485
AALTO-1                 
1 42775U 17036L   18081.70006583  .00001086  00000-0  52603-4 0  9994
2 42775  97.4111 142.5406 0014572  14.0909 346.0730 15.20583921 41356
URSA MAIOR              
1 42776U 17036M   18082.21717501  .00001180  00000-0  56785-4 0  9991
2 42776  97.4115 143.0836 0014353  12.6960 347.4634 15.20653317 41436
COMPASS 2               
1 42777U 17036N   18081.86185119  .00002002  00000-0  92118-4 0  9990
2 42777  97.4129 142.9900 0013346  18.3277 341.8437 15.21421551 41384
DIAMOND RED             
1 42783U 17036U   18081.65106906  .00000629  00000-0  31194-4 0  9991
2 42783  97.4117 142.7630 0013085  27.1567 333.0350 15.21253644 41356
PEGASUS                 
1 42784U 17036V   18082.16076779  .00001449  00000-0  67488-4 0  9999
2 42784  97.4116 143.3074 0012996  25.6268 334.5609 15.21434387 41433
DIAMOND GREEN           
1 42785U 17036W   18082.11058120  .00000985  00000-0  47095-4 0  9991
2 42785  97.4118 143.2257 0012967  26.2947 333.8945 15.21262376 41417
DIAMOND BLUE            
1 42786U 17036X   18082.10972221  .00001285  00000-0  60519-4 0  9998
2 42786  97.4118 143.2253 0012819  26.6328 333.5564 15.21262848 41415
NUDTSAT                 
1 42787U 17036Y   18081.71426616  .00001994  00000-0  90484-4 0  9998
2 42787  97.4118 142.9937 0012548  27.6102 332.5798 15.21907230 41218
SUCHAI                  
1 42788U 17036Z   18082.13210817  .00001724  00000-0  79199-4 0  9991
2 42788  97.4117 143.3441 0012621  25.9506 334.2361 15.21664113 41501
SKCUBE                  
1 42789U 17036AA  18081.80110076  .00001664  00000-0  76607-4 0  9995
2 42789  97.4116 143.0187 0012474  27.1243 333.0642 15.21643574 41375
VZLUSAT-1               
1 42790U 17036AB  18081.83646688  .00002077  00000-0  94070-4 0  9996
2 42790  97.4114 143.1223 0012099  27.7808 332.4072 15.21936269 41380
ROBUSTA-1B              
1 42792U 17036AD  18081.84342118  .00001636  00000-0  75074-4 0  9993
2 42792  97.4114 143.1062 0012072  28.3107 331.8783 15.21782161 41396
CICERO 6                
1 42793U 17036AE  18081.76520550  .00001079  00000-0  50687-4 0  9997
2 42793  97.4110 143.0482 0011289  30.1244 330.0639 15.21703890 41450
D-SAT                   
1 42794U 17036AF  18082.13278010  .00000227  00000-0  25428-4 0  9990
2 42794  97.6029 139.9945 0126549 207.9559 151.4824 14.90804991 40908
TOKI                    
1 42820U 98067MU  18081.43499822  .00019539  00000-0  20740-3 0  9998
2 42820  51.6360  81.1421 0001960 164.6214 195.4840 15.64083094 40269
MAZAALAI (NUMSAT-1)     
1 42822U 98067MW  18081.83873145  .00019809  00000-0  21170-3 0  9996
2 42822  51.6361  79.3404 0001851 173.6037 186.4982 15.63898793 40305
BRAC ONNESHA            
1 42823U 98067MX  18081.45542420  .00019798  00000-0  21120-3 0  9996
2 42823  51.6368  81.2936 0003879 217.1749 142.8978 15.63941633 40247
NIGERIAEDUSAT-1         
1 42824U 98067MY  18082.23712816  .00023881  00000-0  25449-3 0  9998
2 42824  51.6375  77.5243 0003819 219.5437 140.5279 15.63837744 40357
CORVUS BC2              
1 42846U 17042X   18081.68005414  .00000405  00000-0  45531-4 0  9995
2 42846  97.6041 347.6437 0010924 119.9490 240.2815 14.91777533 37476
CORVUS BC1              
1 42847U 17042Y   18081.79759877  .00000216  00000-0  26687-4 0  9998
2 42847  97.6041 347.7936 0010620 119.0615 241.1669 14.91876443 37483
SILU-1 (SILKROAD 1)     
1 42903U 17021F   18082.12076733  .00023101  00000-0  20655-3 0  9995
2 42903  42.7789 128.1049 0010371  47.0146 338.7271 15.67831398 36401
MIRATA                  
1 43015U 17073C   18081.77151136  .00001016  00000-0  86063-4 0  9995
2 43015  97.6996  16.4628 0258503 192.5330 166.9374 14.77891521 18374
ASTERIA                 
1 43020U 98067NH  18082.21200704  .00012166  00000-0  17006-3 0  9997
2 43020  51.6400  85.6286 0001782 191.9989 168.0961 15.57275474 19082
DELLINGR (RBLE)         
1 43021U 98067NJ  18082.25086080  .00008721  00000-0  12831-3 0  9994
2 43021  51.6391  85.8825 0001745 189.0712 171.0248 15.56306326 19086
TECHEDSAT 6             
1 43026U 98067NK  18082.19142583  .00185601  00000-0  13974-2 0  9994
2 43026  51.6342  80.2035 0003080  60.9965 299.1341 15.71412491 19051
OSIRIS-3U               
1 43027U 98067NL  18082.23599386  .00032576  00000-0  40186-3 0  9995
2 43027  51.6382  84.2820 0002243 157.7343 202.3748 15.59867608 18985
AEROCUBE 7B             
1 43042U 17071F   18081.86364413  .00002678  00000-0  80240-4 0  9993
2 43042  51.6384 101.8856 0005170 318.7905  41.2688 15.38257494 16315
AEROCUBE 7C             
1 43043U 17071G   18081.86295059  .00004111  00000-0  11761-3 0  9998
2 43043  51.6386 101.8828 0005071 319.3544  40.7061 15.38252507 16288
CHEFSAT                 
1 43044U 17071H   18081.84618709  .00005428  00000-0  14959-3 0  9992
2 43044  51.6390 101.7763 0005170 316.4264  43.6311 15.38742899 16286
ASGARDIA 1              
1 43049U 17071N   18082.17637141  .00003837  00000-0  10991-3 0  9999
2 43049  51.6389 100.2287 0002683 346.3663  13.7248 15.38409642 16323
ISARA                   
1 43050U 17071P   18081.58275158  .00005057  00000-0  14027-3 0  9991
2 43050  51.6388 103.0194 0002711 340.1136  19.9742 15.38699601 16234
FAUNA                   
1 43052U 17071R   18081.45686194  .00003809  00000-0  10888-3 0  9999
2 43052  51.6389 103.6785 0002512 339.3880  20.7003 15.38499324 16212
CORVUS BC3              
1 43118U 18004H   18081.82833418  .00001034  00000-0  48253-4 0  9999
2 43118  97.5435 144.2091 0011735  43.8839 316.3327 15.22083708 10579
MICROMAS-2A             
1 43131U 18004W   18081.81478896  .00002164  00000-0  96525-4 0  9998
2 43131  97.5436 144.2311 0010971  47.9244 312.2924 15.22453852 10575
GOMX4-B                 
1 43196U 18015E   18082.16896469  .00002325  00000-0  10000-3 0  9992
2 43196  97.3316 212.9559 0021123  99.7239 260.5387 15.23434622  7432
GOMX4-A                 
1 43197U 18015F   18082.06005317  .00001289  00000-0  56536-4 0  9999
2 43197  97.3316 212.8454 0021095 100.0030   9.4106 15.23558112  7428
