CUTE-1 (CO-55)          
1 27844U 03031E   20093.94502322  .00000061  00000-0  47239-4 0  9999
2 27844  98.6845 102.8122 0008678 274.4328  85.5858 14.22229136869365
CUBESAT XI-IV (CO-57)   
1 27848U 03031J   20093.73864998  .00000045  00000-0  40218-4 0  9992
2 27848  98.6914 103.1583 0008606 289.0232  71.0013 14.21817020869185
CUBESAT XI-V            
1 28895U 05043F   20093.81022053  .00000138  00000-0  35278-4 0  9990
2 28895  97.9964 232.3381 0017476 155.4435 204.7604 14.63752059769548
CUTE-1.7+APD II (CO-65) 
1 32785U 08021C   20093.77074135  .00000246  00000-0  32100-4 0  9996
2 32785  97.5695  85.1341 0013824  30.4635 329.7383 14.88440538646612
AAUSAT-II               
1 32788U 08021F   20093.82172282  .00000680  00000-0  67118-4 0  9996
2 32788  97.4931 101.6804 0010454 315.3541  44.6838 14.94991207648017
DELFI-C3 (DO-64)        
1 32789U 08021G   20093.87176744  .00001601  00000-0  10921-3 0  9992
2 32789  97.4274 139.2879 0011441 207.6531 152.4090 15.07561004650425
SEEDS II (CO-66)        
1 32791U 08021J   20093.76785877  .00000245  00000-0  30088-4 0  9996
2 32791  97.5393  91.2712 0013273   2.0920 358.0352 14.91004451647104
SWISSCUBE               
1 35932U 09051B   20093.91804516  .00000135  00000-0  41603-4 0  9992
2 35932  98.6080 273.7811 0007575   7.9731 352.1585 14.56373002558834
BEESAT-1                
1 35933U 09051C   20093.49217772  .00000109  00000-0  35537-4 0  9998
2 35933  98.6085 275.1958 0006126  24.5545 335.5943 14.56451119558847
ITUPSAT1                
1 35935U 09051E   20093.92366653  .00000084  00000-0  30496-4 0  9992
2 35935  98.6194 275.8512 0008359  18.8320 341.3184 14.55599866558685
TISAT 1                 
1 36799U 10035E   20093.88807362  .00000457  00000-0  51997-4 0  9990
2 36799  98.1871 261.2871 0011579 212.3557 147.6951 14.91306563527662
M-CUBED & EXP-1 PRIME   
1 37855U 11061F   20093.71544515  .00000703  00000-0  42896-4 0  9996
2 37855 101.7192 143.0893 0171248 299.7260  58.7006 15.06127099459809
AEROCUBE 4.5A           
1 38767U 12048K   20093.88503422  .00000229  00000-0  33428-4 0  9999
2 38767  64.6645 112.5982 0149632 162.0971 198.5495 14.92221953 30522
AEROCUBE 4.5B           
1 38768U 12048L   20093.67792455  .00000343  00000-0  39912-4 0  9994
2 38768  64.6659  83.1283 0138305 158.6104 202.0870 14.95862203 30541
STRAND-1                
1 39090U 13009E   20093.50263256  .00000014  00000-0  19919-4 0  9995
2 39090  98.4640 299.2278 0009785 144.5783 215.6054 14.35123594371814
SOMP                    
1 39134U 13015E   20093.63036740  .00001387  00000-0  70837-4 0  9991
2 39134  64.8626 163.8491 0036899 255.9571 103.7454 15.20875743384523
BEESAT-3                
1 39135U 13015F   20093.74820603  .00000955  00000-0  55665-4 0  9995
2 39135  64.8682 185.8937 0042782 259.3263 100.3044 15.18041130383720
BEESAT-2                
1 39136U 13015G   20093.56742487  .00000963  00000-0  57495-4 0  9991
2 39136  64.8673 191.1960 0028919 280.8345  78.9526 15.17414868383606
NEE-01 PEGASO           
1 39151U 13018B   20093.82292130  .00000142  00000-0  25669-4 0  9992
2 39151  97.9685 193.1824 0016611 350.2572   9.8315 14.80145060374483
ESTCUBE 1               
1 39161U 13021C   20093.77523658  .00000136  00000-0  29209-4 0  9990
2 39161  97.9651 178.3223 0010635 118.7342 241.4930 14.72296400370903
POPACS 1                
1 39268U 13055D   20093.51449536  .00004769  00000-0  12880-3 0  9991
2 39268  81.0049  16.4166 0620062  87.7227 279.4778 14.38762295337076
POPACS 2                
1 39269U 13055E   20093.90221718  .00002227  00000-0  63211-4 0  9997
2 39269  81.0150  52.2364 0679244 180.3608 179.7188 14.25141193335223
POPACS 3                
1 39270U 13055F   20093.90837453  .00000835  00000-0  25920-4 0  9996
2 39270  81.0149  72.8599 0709892 239.7048 113.2071 14.16695495314434
ZACUBE-1 (TSHEPISOSAT)  
1 39417U 13066B   20093.57226315  .00000204  00000-0  31889-4 0  9994
2 39417  97.5649  95.8216 0059256 165.2651 195.0307 14.81242900343804
WNISAT-1                
1 39423U 13066H   20093.78006859  .00000077  00000-0  24507-4 0  9990
2 39423  97.8004  20.4395 0175940 131.2644 230.3869 14.53102862337434
TRITON-1                
1 39427U 13066M   20093.81870706  .00000251  00000-0  48160-4 0  9993
2 39427  97.7177  58.9850 0112769 320.6709  38.6345 14.67971823340568
GOMX-1                  
1 39430U 13066Q   20093.90628018  .00000248  00000-0  53319-4 0  9992
2 39430  97.7840  37.0269 0152450  62.7613 298.9032 14.59367872338789
CUBEBUG-2 (LO-74)       
1 39440U 13066AA  20093.83350417  .00000201  00000-0  35031-4 0  9990
2 39440  97.6261  80.5380 0079001 225.0402 134.4386 14.75981063341426
NEE-02 KRYSAOR          
1 39441U 13066AB  20093.93005714  .00000118  00000-0  24056-4 0  9991
2 39441  97.6329  78.1929 0080421 233.3650 126.0147 14.74996341341278
FUNCUBE-1 (AO-73)       
1 39444U 13066AE  20093.74853324  .00000254  00000-0  37289-4 0  9994
2 39444  97.5599  98.1739 0058599 157.3019 203.0806 14.82088241342151
UWE-3                   
1 39446U 13066AG  20093.81627772  .00000190  00000-0  31798-4 0  9998
2 39446  97.5957  87.7163 0069489 195.3798 164.5303 14.78515246341395
AEROCUBE 5A             
1 39465U 13072D   20093.45422137  .00008602  00000-0  70556-3 0  9994
2 39465 120.4960 248.0237 0270709 165.9039 194.9748 14.75818841 30142
AEROCUBE 5B             
1 39466U 13072E   20093.54734747  .00010207  00000-0  71501-3 0  9993
2 39466 120.4958 281.0677 0241306 173.8085 186.6034 14.85410970 30299
BRITE-CA1 (TORONTO)     
1 40020U 14033L   20093.81985965  .00000096  00000-0  24889-4 0  9992
2 40020  97.7328 286.3535 0086363 314.7748  44.6454 14.66633325309677
DUCHIFAT-1              
1 40021U 14033M   20093.77449771  .00000349  00000-0  41248-4 0  9997
2 40021  97.9390  24.5672 0012882 170.5742 189.5720 14.90850925314619
NANOSATC-BR1            
1 40024U 14033Q   20093.75537591  .00000369  00000-0  44103-4 0  9991
2 40024  97.9249  21.1682 0012106 174.7590 185.3756 14.90027923314487
QB50P1                  
1 40025U 14033R   20093.52457452  .00000286  00000-0  36345-4 0  9991
2 40025  97.9136  17.8542 0012166 182.5346 177.5811 14.89097613313791
QB50P2                  
1 40032U 14033Y   20093.48257140  .00000241  00000-0  31899-4 0  9996
2 40032  97.9032  15.4426 0011675 179.1682 180.9556 14.88626038313688
PERSEUS-M2              
1 40037U 14033AD  20093.73836333  .00000085  00000-0  15854-4 0  9995
2 40037  97.8900  10.6524 0013903 195.1701 164.9099 14.86527319313413
PERSEUS-M1              
1 40039U 14033AF  20093.72860520  .00000076  00000-0  14959-4 0  9996
2 40039  97.8869   9.4932 0013797 192.9804 167.1058 14.86147319313326
POLYITAN-1              
1 40042U 14033AJ  20093.84369125  .00000313  00000-0  39365-4 0  9990
2 40042  97.9220  18.6518 0014576 172.8675 187.2752 14.88841914313747
TIGRISAT                
1 40043U 14033AK  20093.61345496  .00000124  00000-0  25756-4 0  9990
2 40043  97.7203 313.4904 0058562 243.2621 116.2588 14.74356236310872
AEROCUBE 6A             
1 40045U 14033AM  20093.87192547  .00000200  00000-0  36106-4 0  9993
2 40045  97.7452 318.8510 0056334 234.0308 125.5671 14.75540860310962
AEROCUBE 6B             
1 40046U 14033AN  20093.88101974  .00000245  00000-0  42454-4 0  9991
2 40046  97.7367 318.2155 0055705 233.0275 126.5828 14.75522837310969
UKUBE-1                 
1 40074U 14037F   20093.72723868  .00000251  00000-0  37175-4 0  9992
2 40074  98.4536 277.5526 0004838  17.5799 342.5577 14.84222370310524
BRITE-PL2 (HEWELIUSZ)   
1 40119U 14049B   20093.82728649  .00000126  00000-0  21372-4 0  9991
2 40119  97.8928 186.8049 0017321   1.2200 358.9053 14.84485214304477
FIREBIRD 4              
1 40378U 15003C   20093.67235874  .00001659  00000-0  67566-4 0  9992
2 40378  99.1045 138.4474 0124306 206.5251 152.9583 15.19791399285798
GRIFEX                  
1 40379U 15003D   20093.85670494  .00001024  00000-0  47244-4 0  9991
2 40379  99.1118 131.0166 0132567 229.5952 129.3648 15.16211606285388
EXOCUBE (CP10)          
1 40380U 15003E   20093.82489302  .00000935  00000-0  45594-4 0  9992
2 40380  99.1189 126.8414 0137349 243.7094 114.9968 15.14197702285107
AEROCUBE 8A             
1 40659U 15025J   20093.92274619  .00010569  00000-0  12226-3 0  9998
2 40659  55.0169 282.0801 0110480 341.1958  18.5011 15.55418810 31792
AEROCUBE 8B             
1 40660U 15025K   20093.91755084  .00011038  00000-0  12618-3 0  9996
2 40660  55.0140 280.2434 0109717 343.0299  16.7078 15.55742054 31800
TIANWANG 1C (TW-1C)     
1 40926U 15051B   20093.71802639  .00024478  00000-0  27049-3 0  9993
2 40926  97.0939 145.1038 0006779  29.7010 118.5915 15.63011277255184
TIANWANG 1A (TW-1A)     
1 40928U 15051D   20093.83722925  .00003422  00000-0  81454-4 0  9994
2 40928  97.1178 123.4967 0012627 100.9550  73.0195 15.42213325253719
EXACTVIEW 9             
1 40936U 15052G   20093.04452362  .00000788  00000-0  20997-4 0  9999
2 40936   6.0026 165.1226 0010986 262.8064  97.0814 14.76555665243911
AEROCUBE 5C             
1 40965U 15058B   20093.06100616  .00000089  00000-0  30470-4 0  9992
2 40965  64.7805  15.2704 0168223 102.4504 259.5481 14.74494705 30049
AEROCUBE 7              
1 40966U 15058C   20093.73481884  .00000160  00000-0  38828-4 0  9991
2 40966  64.7806  11.8171 0167118 101.8943 260.0955 14.74789568 30141
ATHENOXAT 1             
1 41168U 15077C   20093.81678485  .00002167  00000-0  78247-4 0  9999
2 41168  14.9878 256.3162 0011306 155.6680 204.4176 15.14222325237863
GALASSIA                
1 41170U 15077E   20093.08985825  .00002013  00000-0  69270-4 0  9996
2 41170  14.9882 253.7528 0012613 171.8331 188.2196 15.14525571237829
VELOX-II                
1 41171U 15077F   20093.89489746  .00001641  00000-0  55470-4 0  9990
2 41171  14.9912 289.8394 0008668  83.1881 276.9426 15.11598381237574
HORYU-4                 
1 41340U 16012D   20093.38073968  .00000453  00000-0  27548-4 0  9992
2 41340  31.0046  96.2265 0013942 113.9089 246.3008 15.01452706226439
E-ST@R-II               
1 41459U 16025D   20093.73522983  .00002078  00000-0  10726-3 0  9996
2 41459  98.0957 199.8280 0167220 106.4828 255.4848 15.06234225216046
AAUSAT 4                
1 41460U 16025E   20093.78702512  .00003096  00000-0  15378-3 0  9990
2 41460  98.0926 201.9488 0155829  96.1069 265.7977 15.08457729216239
DIWATA-1                
1 41463U 98067HT  20093.63276458  .01051957  12056-4  28902-3 0  9993
2 41463  51.6127 162.7805 0005685 355.7901 158.2217 16.27226903225806
BEESAT-4                
1 41619U 16040W   20093.84811642  .00001511  00000-0  65535-4 0  9996
2 41619  97.3280 155.1462 0012896  87.4350 272.8364 15.23813020197889
CANX-7                  
1 41788U 16059F   20093.81091761  .00007157  00000-0  10057-2 0  9991
2 41788  98.2501 179.8066 0033039 173.3791 186.7859 14.77325719188648
RAVAN                   
1 41849U 16067B   20093.82158100  .00000211  00000-0  22829-4 0  9996
2 41849  97.9246 202.4279 0009002 134.4252 225.7708 14.98487212185295
CELTEE 1                
1 41850U 16067C   20093.81480919 -.00000080  00000-0 -16971-5 0  9991
2 41850  97.9196 200.3679 0009584 135.7403 224.4586 14.97142854185186
OPTICUBE 04             
1 41851U 16067D   20093.79922514 -.00000393  00000-0 -28972-4 0  9991
2 41851  97.9194 200.0114 0009741 135.5425 224.6579 14.96901937185169
AEROCUBE 8D             
1 41852U 16067E   20093.74736986 -.00000017  00000-0  38353-5 0  9990
2 41852  97.9194 199.7904 0010456 138.3104 221.8916 14.96865633185134
AEROCUBE 8C             
1 41853U 16067F   20093.77718388  .00000875  00000-0  81641-4 0  9998
2 41853  97.9198 199.7318 0011241 137.7742 222.4346 14.96834315185139
PROMETHEUS 2-1          
1 41854U 16067G   20093.82923887  .00000644  00000-0  61029-4 0  9999
2 41854  97.9200 200.0666 0011446 138.8562 221.3524 14.97126046185159
PROMETHEUS 2-3          
1 41855U 16067H   20093.83018342  .00000672  00000-0  63405-4 0  9993
2 41855  97.9202 200.0963 0011642 139.1708 221.0388 14.97136064185152
INS-1B                  
1 41954U 17008G   20093.74194616  .00001391  00000-0  59283-4 0  9996
2 41954  97.3617 159.4771 0008522 197.5317 162.5627 15.24591519173835
BGUSAT                  
1 41999U 17008BD  20093.14800361  .00002262  00000-0  87619-4 0  9992
2 41999  97.3718 162.6223 0007273 208.0057 152.0791 15.27182680173301
DIDO-2                  
1 42000U 17008BE  20093.75680188  .00000885  00000-0  39024-4 0  9992
2 42000  97.3626 160.0213 0007368 217.5376 142.5348 15.24353125173233
PEASSS                  
1 42015U 17008BV  20093.72401568  .00001233  00000-0  51566-4 0  9991
2 42015  97.3645 161.4401 0005184 218.4001 141.6868 15.25446063173808
AL-FARABI 1             
1 42016U 17008BW  20093.72023343  .00001551  00000-0  62674-4 0  9998
2 42016  97.3672 162.3602 0005098 216.7325 143.3565 15.26238056173979
NAYIF-1 (EO-88)         
1 42017U 17008BX  20093.76650462  .00001604  00000-0  64654-4 0  9990
2 42017  97.3665 162.4169 0005148 216.2795 143.8095 15.26277297174001
NSIGHT                  
1 42726U 98067MF  20093.88006146  .00232792  34302-4  40925-3 0  9992
2 42726  51.6246 249.4599 0006906 286.6182  73.4070 16.01521312163556
UCLSAT                  
1 42765U 17036A   20093.88462734  .00001253  00000-0  55600-4 0  9998
2 42765  97.3101 150.1255 0009680 296.0393  63.9847 15.23353698155071
LITUANICASAT-2          
1 42768U 17036D   20093.42629958  .00001992  00000-0  85533-4 0  9992
2 42768  97.3154 149.5416 0012941 285.0505  74.9300 15.23776972154260
AALTO-1                 
1 42775U 17036L   20093.37485302  .00000688  00000-0  33330-4 0  9996
2 42775  97.3081 147.6569 0012197 289.1452  70.8463 15.21727609154103
URSA MAIOR              
1 42776U 17036M   20093.37302021  .00000779  00000-0  37169-4 0  9998
2 42776  97.3093 147.9077 0012007 288.8817  71.1117 15.21898059154114
COMPASS 2               
1 42777U 17036N   20093.31126261  .00001529  00000-0  66550-4 0  9993
2 42777  97.3146 149.8724 0010578 287.5384  72.4697 15.23685859154201
DIAMOND RED             
1 42783U 17036U   20093.84559355  .00000990  00000-0  45387-4 0  9998
2 42783  97.3102 149.4315 0010400 298.0709  61.9475 15.22692083154241
PEGASUS                 
1 42784U 17036V   20093.23769635  .00001063  00000-0  48050-4 0  9998
2 42784  97.3107 149.2147 0010305 299.4722  60.5486 15.23050362154170
DIAMOND GREEN           
1 42785U 17036W   20093.84437629  .00001015  00000-0  46470-4 0  9992
2 42785  97.3105 149.4634 0010314 298.8723  61.1478 15.22690728154315
DIAMOND BLUE            
1 42786U 17036X   20093.84360732  .00001006  00000-0  46096-4 0  9997
2 42786  97.3104 149.4585 0010151 299.1669  60.8552 15.22692203154311
NUDTSAT                 
1 42787U 17036Y   20093.94899871  .00001548  00000-0  66205-4 0  9995
2 42787  97.3153 151.1340 0010132 297.7587  62.2625 15.24279883154197
SUCHAI                  
1 42788U 17036Z   20093.87979843  .00001385  00000-0  60754-4 0  9998
2 42788  97.3114 150.3603 0009795 295.2463  64.7758 15.23571010154377
SKCUBE                  
1 42789U 17036AA  20093.72130280  .00001251  00000-0  55394-4 0  9993
2 42789  97.3109 150.0808 0009678 296.3290  63.6953 15.23425578154266
VZLUSAT-1               
1 42790U 17036AB  20093.67486298  .00001772  00000-0  75411-4 0  9992
2 42790  97.3131 150.8625 0009154 294.1051  65.9229 15.24271168154309
ROBUSTA-1B              
1 42792U 17036AD  20093.88139594  .00001285  00000-0  56532-4 0  9993
2 42792  97.3110 150.4649 0009260 296.2452  63.7834 15.23612258154313
CICERO 6                
1 42793U 17036AE  20093.70592700  .00000884  00000-0  40491-4 0  9998
2 42793  97.3089 149.7951 0008631 300.3721  59.6662 15.23013249154333
D-SAT                   
1 42794U 17036AF  20093.88847362  .00000068  00000-0  11502-4 0  9990
2 42794  97.5029 130.2508 0124683 257.0329 101.6943 14.91242715151435
CORVUS BC2              
1 42846U 17042X   20093.92945421 -.00000031  00000-0  21752-5 0  9995
2 42846  97.5336 340.8473 0009957 161.2871 198.8717 14.92078211148148
CORVUS BC1              
1 42847U 17042Y   20093.59497263 -.00000023  00000-0  29465-5 0  9995
2 42847  97.5338 340.6832 0009580 161.3237 198.8336 14.92179194148090
MIRATA                  
1 43015U 17073C   20093.72840515  .00001110  00000-0  92012-4 0  9998
2 43015  97.7213   8.8175 0252399 295.7930  61.7438 14.79528552128028
MAKERSAT 0              
1 43016U 17073D   20093.46543523  .00000807  00000-0  68539-4 0  9998
2 43016  97.7250   8.7571 0255068 297.5196  60.0304 14.79129124127978
ASTERIA                 
1 43020U 98067NH  20093.59958716  .00296430  48398-4  54601-3 0  9992
2 43020  51.6425 263.8659 0004951 313.8295  46.2306 16.00692295135520
DELLINGR (RBLE)         
1 43021U 98067NJ  20093.86981931  .00013468  00000-0  12028-3 0  9997
2 43021  51.6366 305.5756 0002207 135.0290 225.0886 15.68751570134993
AEROCUBE 7B (OCSD B)    
1 43042U 17071F   20093.93153468  .00003782  00000-0  93502-4 0  9995
2 43042  51.6370  77.0049 0004885 123.0619 237.0837 15.43061832130716
AEROCUBE 7C (OCSD C)    
1 43043U 17071G   20093.86890296  .00003810  00000-0  94185-4 0  9995
2 43043  51.6371  77.3514 0005065 127.0207 233.1243 15.43036725130672
CHEFSAT                 
1 43044U 17071H   20093.56270734  .00009501  00000-0  19143-3 0  9995
2 43044  51.6381  66.5449 0004765 127.0921 233.0502 15.47270498130791
ASGARDIA 1              
1 43049U 17071N   20093.92982974  .00003765  00000-0  92959-4 0  9999
2 43049  51.6383  76.3222 0002600 135.6284 224.4911 15.43110125130692
ISARA                   
1 43050U 17071P   20093.36995212  .00006793  00000-0  14340-3 0  9999
2 43050  51.6362  69.6569 0002508 128.9378 231.1833 15.46421746130736
PROPCUBE 2 (FAUNA)      
1 43052U 17071R   20093.93727240  .00004444  00000-0  10659-3 0  9998
2 43052  51.6377  74.8907 0002594 131.5513 228.5696 15.43520220130702
CORVUS BC3              
1 43118U 18004H   20093.75375224  .00000780  00000-0  35911-4 0  9997
2 43118  97.4501 164.6253 0009263 326.0712  33.9931 15.23248903123475
MICROMAS-2A             
1 43131U 18004W   20093.73859563  .00002067  00000-0  85679-4 0  9999
2 43131  97.4541 166.0831 0008025 326.2388  33.8338 15.25022297123555
SPACEBEE-4              
1 43139U 18004AE  20093.70257178  .00002802  00000-0  11115-3 0  9998
2 43139  97.4572 167.0529 0007271 328.0206  32.0590 15.26199331123605
SPACEBEE-3              
1 43140U 18004AF  20093.75487557  .00003608  00000-0  13889-3 0  9996
2 43140  97.4585 167.6769 0006895 326.3040  33.7760 15.27005414123641
SPACEBEE-2              
1 43141U 18004AG  20093.87990003  .00003686  00000-0  14068-3 0  9991
2 43141  97.4596 168.0141 0006835 324.8559  35.2228 15.27280666123678
SPACEBEE-1              
1 43142U 18004AH  20093.86433858  .00003892  00000-0  14698-3 0  9999
2 43142  97.4599 168.2164 0006803 324.5949  35.4837 15.27596595123673
CICERO 7                
1 43143U 18004AJ  20093.74239079  .00001871  00000-0  77695-4 0  9998
2 43143  97.4522 166.2831 0006488 339.4978  20.5998 15.25089717123578
GOMX-4B                 
1 43196U 18015E   20093.85473800  .00000482  00000-0  22678-4 0  9990
2 43196  97.4233 223.0266 0019436  15.5405 344.6423 15.24188330120382
GOMX-4A                 
1 43197U 18015F   20093.83890586  .00000751  00000-0  33451-4 0  9993
2 43197  97.4236 223.0782 0019418  16.1526 135.1092 15.24390096120390
1KUNS-PF                
1 43466U 98067NP  20093.82722173  .00095186  00000-0  36224-3 0  9998
2 43466  51.6295 290.7457 0003453 234.9306 125.1374 15.86788296108449
UBAKUSAT                
1 43467U 98067NQ  20093.84603412  .00023906  00000-0  18553-3 0  9991
2 43467  51.6341 309.8273 0001747 131.3635 228.7514 15.71675316108201
CUBERRT                 
1 43546U 98067NU  20093.87128172  .00020678  00000-0  16777-3 0  9996
2 43546  51.6355 308.5132 0004027 153.6290 206.4913 15.70705927 98353
TEMPEST-D               
1 43547U 98067NV  20093.85773907  .00006775  00000-0  83561-4 0  9995
2 43547  51.6375 333.2653 0005794 128.3573 231.7942 15.61497188 97702
RAINCUBE                
1 43548U 98067NW  20093.89146404  .00024270  00000-0  19797-3 0  9995
2 43548  51.6348 316.8733 0005081 157.8277 202.2941 15.70460095 98379
HALOSAT                 
1 43549U 98067NX  20093.86400785  .00024281  00000-0  20184-3 0  9992
2 43549  51.6368 317.4971 0004561 158.4228 201.6962 15.70004599 97927
ENDUROSAT ONE           
1 43551U 98067NZ  20093.89250463  .00038241  00000-0  25417-3 0  9999
2 43551  51.6344 309.3603 0005193 175.3500 184.7549 15.75035683 98442
EQUISAT                 
1 43552U 98067PA  20093.79635664  .00022367  00000-0  18206-3 0  9999
2 43552  51.6370 316.3351 0005552 164.5471 195.5697 15.70563012 98302
AEROCUBE 12A            
1 43556U 18046C   20093.32722121  .00001815  00000-0  74837-4 0  9994
2 43556  51.6412 111.2775 0008509  26.0247 334.1160 15.29553225 95721
AEROCUBE 12B            
1 43557U 18046D   20093.76675232  .00001280  00000-0  56831-4 0  9993
2 43557  51.6417 109.7025 0008610  27.1725 332.9704 15.29313407 95730
UITMSAT-1               
1 43589U 98067PD  20093.61117956  .00033628  00000-0  25242-3 0  9999
2 43589  51.6331 316.4449 0005085 174.9130 185.1921 15.72256909 94022
MAYA-1                  
1 43590U 98067PE  20093.79483888  .00028912  00000-0  21765-3 0  9996
2 43590  51.6335 315.4301 0005197 175.3987 184.7060 15.72270474 93989
BHUTAN-1                
1 43591U 98067PF  20093.90023995  .00030810  00000-0  23063-3 0  9992
2 43591  51.6341 314.6891 0005276 176.2266 183.8773 15.72368346 94001
SIRIUSSAT-1             
1 43595U 98067PG  20093.84787653  .00026829  00000-0  21777-3 0  9992
2 43595  51.6337 318.8041 0003309 146.5228 213.5979 15.70522487 93123
SIRIUSSAT-2             
1 43596U 98067PH  20093.90452131  .00026594  00000-0  21683-3 0  9995
2 43596  51.6346 319.2499 0003680 143.1461 216.9789 15.70419302 93127
TANUSHA-3               
1 43597U 98067PJ  20093.89943692  .00045456  00000-0  27939-3 0  9999
2 43597  51.6312 310.7891 0003435 175.8593 184.2437 15.76754214 93238
SURFSAT                 
1 43614U 18070B   20093.84984417  .00002815  00000-0  73442-4 0  9993
2 43614  93.0238 123.3464 0012442 269.2605  90.7223 15.38823304 86858
CP7 (DAVE)              
1 43615U 18070C   20093.61446023  .00002694  00000-0  70589-4 0  9999
2 43615  93.0241 123.2436 0012590 269.7399  90.2413 15.38696683 86810
ELFIN-B                 
1 43616U 18070D   20093.84728056  .00004053  00000-0  10205-3 0  9993
2 43616  93.0204 123.2616 0013042 271.1755  88.8006 15.39879564 86886
ELFIN-A                 
1 43617U 18070E   20093.82386959  .00004051  00000-0  10153-3 0  9994
2 43617  93.0258 123.7008 0012362 267.1510  92.8330 15.40030949 86887
CUBEBEL-1 (BSUSAT-1)    
1 43666U 18083E   20093.76504720  .00000951  00000-0  49934-4 0  9998
2 43666  97.4968 120.9541 0013253 263.0717 158.5509 15.18110723 79134
DEBRISSAT-2             
1 43680U 98067PR  20093.91249687  .00108631  00000-0  43382-3 0  9993
2 43680  51.6324 304.1271 0004572 216.7720 143.2971 15.85739445102051
CICERO 10               
1 43690U 18088A   20093.52984674  .00000957  00000-0  42396-4 0  9995
2 43690  85.0358 128.3551 0013227 221.7856 138.2376 15.20111615 77225
IRVINE01                
1 43693U 18088D   20093.52386613  .00002456  00000-0  10385-3 0  9995
2 43693  85.0334 127.2714 0016856 203.0190 157.0299 15.22537294 77293
PROXIMA I               
1 43694U 18088E   20093.80571335  .00000923  00000-0  38686-4 0  9996
2 43694  85.0299 126.8943 0018544 194.7523 165.3181 15.21841646 77341
PROXIMA II              
1 43696U 18088G   20093.80405776  .00000912  00000-0  38200-4 0  9993
2 43696  85.0300 126.8983 0018585 194.6980 165.3725 15.21844309 77333
FACSAT-1                
1 43721U 18096C   20093.92338673  .00001607  00000-0  63147-4 0  9995
2 43721  97.4257 167.8966 0018475  34.4671 325.7761 15.27022440 74869
CENTAURI-2              
1 43722U 18096D   20093.77713077  .00002126  00000-0  81511-4 0  9996
2 43722  97.4265 167.9585 0018457  35.2129 325.0326 15.27478807 74844
INNOSAT-2               
1 43738U 18096V   20093.86324240  .00002856  00000-0  10033-3 0  9993
2 43738  97.4278 169.7065 0024513  41.4224 318.8869 15.29954934 74971
SIRION PATHFINDER-2     
1 43759U 18099B   20093.89241259  .00000379  00000-0  39584-4 0  9991
2 43759  97.7110 166.8209 0015878  77.5031 282.7965 14.95247323 72647
CORVUS-BC 4             
1 43767U 18099K   20093.87251012  .00000498  00000-0  51062-4 0  9993
2 43767  97.7092 166.2938 0013309  81.5955 278.6774 14.94687138 72615
MOVE-II                 
1 43780U 18099Y   20093.77691235  .00000094  00000-0  13724-4 0  9997
2 43780  97.7115 166.6197 0015104  88.5457 271.7494 14.95324673 72601
SPACEBEE-7              
1 43816U 18099BL  20093.86515893  .00000418  00000-0  42723-4 0  9993
2 43816  97.7124 167.0512 0014753  74.5646 285.7204 14.95627282 72191
SPACEBEE-5              
1 43817U 18099BM  20093.84741642  .00000582  00000-0  56774-4 0  9998
2 43817  97.7172 167.3670 0014542  75.2171 285.0661 14.96155813 72209
SPACEBEE-6              
1 43818U 18099BN  20093.70388061  .00000372  00000-0  38417-4 0  9997
2 43818  97.7143 166.9968 0014874  74.8102 285.4762 14.95797501 72324
SHIELDS 1               
1 43850U 18104B   20093.82428314  .00000041  00000-0  00000-0 0  9995
2 43850  85.0300 225.3229 0014595 358.1923   1.9310 15.21318289 71976
STF-1                   
1 43852U 18104D   20093.63293726  .00000041  00000-0  00000-0 0  9993
2 43852  85.0360 225.9372 0014605  11.3850 348.7875 15.21126431 71927
ZACUBE-2                
1 43907U 18111AH  20093.90624033  .00000587  00000-0  26540-4 0  9997
2 43907  97.2721 355.9194 0022985  53.2701 307.0643 15.24506491 70505
LUME 1                  
1 43908U 18111AJ  20093.71980245  .00001188  00000-0  50278-4 0  9990
2 43908  97.2721 355.8616 0022806  53.6212 306.7126 15.24884867 70482
AOBA VELOX-IV           
1 43940U 19003J   20093.79481907  .00002225  00000-0  91909-4 0  9995
2 43940  97.2376 147.6437 0025409 128.3468 296.0491 15.24730947 67129
CATSAT-2                
1 44029U 98067PV  20093.85895775  .00014571  00000-0  16370-3 0  9995
2 44029  51.6397 338.5729 0004710 153.6405 206.4830 15.62869715 66695
DELPHINI                
1 44030U 98067PW  20093.85397347  .00016063  00000-0  17487-3 0  9997
2 44030  51.6364 337.7101 0004837 151.7751 208.3507 15.63588556 66671
UNITE                   
1 44031U 98067PX  20093.75020045  .00010103  00000-0  12903-3 0  9992
2 44031  51.6386 343.0621 0003819 142.6293 217.4967 15.59924404 66595
TECHEDSAT 8             
1 44032U 98067PY  20093.84953511  .00324626  52105-4  85484-3 0  9995
2 44032  51.6250 314.1989 0007474 228.9350 131.1012 15.94213375 66966
CATSAT-1                
1 44033U 98067PZ  20093.85885839  .00016887  00000-0  18860-3 0  9998
2 44033  51.6399 338.5772 0004587 150.5291 209.5963 15.62888351 66600
RAAVANA-1               
1 44329U 98067QE  20093.72390185  .00011921  00000-0  17194-3 0  9990
2 44329  51.6404 353.4266 0006983  84.2491 275.9297 15.56430451 45203
UGUISU                  
1 44330U 98067QF  20093.86124052  .00010656  00000-0  15481-3 0  9996
2 44330  51.6404 352.8407 0006948  83.5843 276.5939 15.56366563 45201
NEPALISAT-1             
1 44331U 98067QG  20093.78188880  .00010739  00000-0  15543-3 0  9998
2 44331  51.6405 353.0635 0006981  85.6590 274.5199 15.56461396 45204
SPOOQY-1                
1 44332U 98067QH  20093.78141777  .00011373  00000-0  16457-3 0  9993
2 44332  51.6406 353.0574 0005982  88.3278 271.8399 15.56401307 45164
SPACEBEE-9              
1 44370U 19037F   20093.53021761  .00010096  00000-0  23655-3 0  9997
2 44370  45.0097 179.9280 0010926  98.8577 261.3550 15.42329550 42872
SPACEBEE-8              
1 44371U 19037G   20093.65588386  .00018104  00000-0  37521-3 0  9997
2 44371  45.0116 175.8102 0008942  96.6292 263.5617 15.45503108 42928
IOD-1 GEMS              
1 44385U 98067QK  20093.86362829  .00015171  00000-0  20523-3 0  9992
2 44385  51.6418 352.1459 0002940  63.2642 296.8651 15.57935729 42701
MOVE-IIB                
1 44398U 19038N   20093.85557029  .00001365  00000-0  82338-4 0  9997
2 44398  97.5284  56.0956 0026325  31.2215 329.0572 15.12155019 41157
SONATE                  
1 44400U 19038Q   20093.87372726  .00000504  00000-0  33089-4 0  9995
2 44400  97.5314  56.1325 0026118  29.5387 330.7312 15.11880094 41154
LUCKY-7                 
1 44406U 19038W   20093.83605450  .00000840  00000-0  52241-4 0  9994
2 44406  97.5310  56.1742 0025595  29.5986 330.6687 15.12125200 41147
BEESAT 9                
1 44412U 19038AC  20093.83791228  .00001112  00000-0  67868-4 0  9994
2 44412  97.5303  56.1578 0023867  35.4301 324.8509 15.12171721 40843
JAISAT-1                
1 44419U 19038F   20093.81617860  .00001061  00000-0  64102-4 0  9999
2 44419  97.5304  56.3433 0022679  34.9969 325.2747 15.12654411 41164
SWIATOWID               
1 44426U 98067QL  20093.80330784  .00023277  00000-0  30558-3 0  9992
2 44426  51.6431 352.2517 0003242  67.7840  42.0394 15.58409604 42707
KRAKSAT                 
1 44427U 98067QM  20093.77885132  .00007595  00000-0  11858-3 0  9998
2 44427  51.6422 355.3216 0003852  46.7158 313.4154 15.54887855 42707
VCC A                   
1 44428U 98067QN  20093.10926076  .00010029  00000-0  14892-3 0  9996
2 44428  51.6421 357.6034 0003352  66.8652 293.2692 15.55858478 42619
ENTRYSAT                
1 44429U 98067QP  20093.12037973  .00012736  00000-0  18246-3 0  9992
2 44429  51.6411 356.9127 0002981  63.4672 296.6625 15.56556005 42622
VCC C                   
1 44430U 98067QQ  20093.78403793  .00015319  00000-0  21178-3 0  9991
2 44430  51.6410 353.1052 0003164  75.9285 284.2058 15.57341241 41561
VCC B                   
1 44431U 98067QR  20093.43165989  .00009462  00000-0  14077-3 0  9998
2 44431  51.6414 355.9986 0003482  67.1513 292.9846 15.55885332 42601
ATL-1                   
1 44830U 19084G   20093.59732584  .00044248  00000-0  33562-3 0  9992
2 44830  96.9875 322.3552 0033820 165.0521 195.1751 15.71436008 18512
SMOG-P                  
1 44832U 19084J   20093.89306815  .00040524  00000-0  30037-3 0  9998
2 44832  96.9885 322.7139 0033026 162.8224 197.4167 15.72031320 18563
DUCHIFAT-3              
1 44854U 19089C   20093.62656121  .00000441  00000-0  42105-4 0  9990
2 44854  36.9665 186.4551 0006855 173.7672 186.3151 14.99010862 16911
