EYESAT-1 (AO-27)        
1 22825U 93061C   17323.87473721  .00000008  00000-0  20955-4 0  9996
2 22825  98.8344 291.5335 0007506 233.4153 126.6338 14.30013817259388
CUTE-1 (CO-55)          
1 27844U 03031E   17324.48633634  .00000074  00000-0  53147-4 0  9991
2 27844  98.6892 331.2180 0008754 253.7487 106.2728 14.22076161746538
CUBESAT XI-IV (CO-57)   
1 27848U 03031J   17323.82489917  .00000069  00000-0  51154-4 0  9995
2 27848  98.6983 330.8890 0008625 266.9956  93.0235 14.21685538746315
CUBESAT XI 5            
1 28895U 05043F   17324.20189168  .00000178  00000-0  43055-4 0  9993
2 28895  97.8821 119.4864 0017074  14.7731 345.3968 14.63473498643307
CUTE-1.7+APD II (CO-65) 
1 32785U 08021C   17324.19200066  .00000319  00000-0  40349-4 0  9994
2 32785  97.5571 341.2688 0013502  18.0232 342.1462 14.88007666518091
COMPASS-1               
1 32787U 08021E   17323.66955696  .00000640  00000-0  67021-4 0  9996
2 32787  97.5459 350.5766 0012029 346.1850  13.9039 14.92815743518699
AAUSAT-II               
1 32788U 08021F   17323.55363972  .00000914  00000-0  90496-4 0  9991
2 32788  97.5437 353.5727 0011158 337.6491  22.4242 14.94110772518877
DELFI-C3 (DO-64)        
1 32789U 08021G   17323.72243736  .00002138  00000-0  15280-3 0  9993
2 32789  97.5405  18.5744 0011289 294.0994  65.9052 15.05485663520162
CANX-2                  
1 32790U 08021H   17324.53721912  .00000343  00000-0  43192-4 0  9992
2 32790  97.5560 339.8751 0014186  18.4122 341.7605 14.87722452518089
SEEDS II (CO-66)        
1 32791U 08021J   17324.55116457  .00000650  00000-0  72150-4 0  9994
2 32791  97.5512 346.4423 0013298 359.7448   0.3762 14.90392048518431
SWISSCUBE               
1 35932U 09051B   17324.33513655  .00000214  00000-0  59499-4 0  9992
2 35932  98.5175 105.8484 0008629 127.3859 232.8125 14.56087408433049
BEESAT                  
1 35933U 09051C   17324.37775429  .00000184  00000-0  52455-4 0  9997
2 35933  98.5213 107.3040 0006671 137.5367 222.6347 14.56198606433158
ITUPSAT 1               
1 35935U 09051E   17323.90264272  .00000146  00000-0  44727-4 0  9997
2 35935  98.5327 107.0736 0009054 135.3186 224.8741 14.55384542432851
TISAT 1                 
1 36799U 10035E   17324.36331720  .00000857  00000-0  93499-4 0  9993
2 36799  98.0808  90.4531 0012710 168.5916 191.5591 14.90604915399043
M-CUBED & EXP-1 PRIME   
1 37855U 11061F   17324.46716042  .00004201  00000-0  22291-3 0  9990
2 37855 101.7136 275.2813 0178746 339.7450  19.6731 15.03758509330276
HORYU 2                 
1 38340U 12025D   17324.54660719  .00000330  00000-0  56579-4 0  9995
2 38340  98.3765 333.9960 0012244 149.7521 210.4396 14.75448102296348
STRAND-1                
1 39090U 13009E   17324.14162480  .00000068  00000-0  39404-4 0  9995
2 39090  98.5376 168.0083 0008875 191.3941 168.7045 14.34996553247848
BRITE-AUSTRIA           
1 39091U 13009F   17324.49819936  .00000016  00000-0  20869-4 0  9997
2 39091  98.5342 167.6993 0010059 198.8157 161.2658 14.35050189247918
UNIBRITE                
1 39092U 13009G   17323.88365746  .00000035  00000-0  27855-4 0  9998
2 39092  98.5353 166.7685 0009051 193.1860 166.9090 14.34924350247795
AIST-2                  
1 39133U 13015D   17324.52639258  .00000313  00000-0  34671-4 0  9998
2 39133  64.8717 151.4338 0036824 255.6974 104.0056 15.04426606251817
SOMP                    
1 39134U 13015E   17323.94994125  .00002231  00000-0  11611-3 0  9990
2 39134  64.8647  83.4322 0031699 240.9791 118.8159 15.18490424252740
BEESAT-3                
1 39135U 13015F   17324.56010479  .00002442  00000-0  13454-3 0  9992
2 39135  64.8707  92.1721 0033355 260.0907  99.6453 15.16137024253017
BEESAT-2                
1 39136U 13015G   17323.86417963  .00001423  00000-0  83912-4 0  9999
2 39136  64.8708  96.6461 0032802 260.3591  99.3828 15.15625229252477
NEE-01 PEGASUS          
1 39151U 13018B   17324.23596557  .00000245  00000-0  39548-4 0  9995
2 39151  97.9820  54.7619 0015787 264.5379  95.4032 14.79810362246615
CUBEBUG-1 (CAPITAN BETO)
1 39153U 13018D   17324.51468048  .00000393  00000-0  58537-4 0  9994
2 39153  97.9847  55.9768 0015708 261.3287  98.6146 14.80287850246714
ESTCUBE 1               
1 39161U 13021C   17324.48197385  .00000243  00000-0  46603-4 0  9991
2 39161  98.0227  48.4046 0009765  13.8558 346.2921 14.71981569243741
POPACS 1                
1 39268U 13055D   17324.41961930  .00004826  00000-0  13576-3 0  9997
2 39268  81.0036 204.9677 0645398 120.8830 245.7468 14.32572364214549
POPACS 2                
1 39269U 13055E   17324.15977157  .00003168  00000-0  92143-4 0  9993
2 39269  81.0175 223.0021 0696447 167.8744 194.0227 14.21066295213441
POPACS 3                
1 39270U 13055F   17324.05544606  .00001335  00000-0  41697-4 0  9995
2 39270  81.0186 232.8995 0721758 197.5732 159.9255 14.13972241212790
FIREFLY                 
1 39404U 13064AA  17304.93805027  .14819696  74099-5  47644-3 0  9999
2 39404  40.4789 145.0538 0001854 314.5146  47.1024 16.45154788222993
ZACUBE-1 (TSHEPISOSAT)  
1 39417U 13066B   17323.91936702  .00000308  00000-0  45130-4 0  9991
2 39417  97.6120 358.4669 0060565 119.8346 240.8907 14.80821517215821
WNISAT-1                
1 39423U 13066H   17324.46904647  .00000165  00000-0  42757-4 0  9995
2 39423  97.6990 300.0375 0174648 310.0194  48.5776 14.52899736211925
TRITON-1                
1 39427U 13066M   17323.92291629  .00000247  00000-0  47582-4 0  9990
2 39427  97.6364 328.8354 0113498 209.2358 150.2466 14.67563702213696
GOMX 1                  
1 39430U 13066Q   17324.54632733  .00000292  00000-0  62586-4 0  9999
2 39430  97.6762 311.7538 0150328 269.3115  89.0860 14.58975683212723
BRITE-PL                
1 39431U 13066R   17323.92698338  .00000122  00000-0  36385-4 0  9994
2 39431  97.7279 288.0308 0202517 354.1182   5.7636 14.46889243210776
HUMSAT-D                
1 39433U 13066T   17323.69495408  .00000761  00000-0  80501-4 0  9991
2 39433  97.6345  22.0790 0032326  61.6385 298.8087 14.91651678217193
EAGLE 2                 
1 39436U 13066W   17324.29606701  .00052061  00000-0  95158-3 0  9994
2 39436  97.7148  79.0138 0007948 238.0729 121.9748 15.49187857220708
CUBEBUG-2 (LO-74)       
1 39440U 13066AA  17323.94838255  .00000279  00000-0  45847-4 0  9996
2 39440  97.6158 346.4869 0081349 154.0648 206.4674 14.75559621213865
NEE-02 KRYSAOR          
1 39441U 13066AB  17323.84147470  .00000243  00000-0  41609-4 0  9991
2 39441  97.6145 344.8681 0082645 158.5530 201.9176 14.74697091214923
FUNCUBE-1 (AO-73)       
1 39444U 13066AE  17323.68588759  .00000496  00000-0  67618-4 0  9993
2 39444  97.6135 359.5002 0059753 116.8496 243.8843 14.81577671214630
UWE-3                   
1 39446U 13066AG  17324.12637711  .00000283  00000-0  44245-4 0  9993
2 39446  97.6126 352.3272 0071418 136.6077 224.0788 14.78093028214239
BRITE-TORONTO           
1 40020U 14033L   17324.56633373  .00000086  00000-0  23174-4 0  9995
2 40020  97.8110 188.1230 0087330 188.4899 171.4833 14.66443002183004
DUCHIFAT-1              
1 40021U 14033M   17324.30258331  .00000803  00000-0  88856-4 0  9990
2 40021  97.9151 237.6557 0013681 141.6790 218.5402 14.90101835185843
FLOCK 1C-10             
1 40023U 14033P   17324.32072115  .00001312  00000-0  14528-3 0  9998
2 40023  97.9194 236.5444 0012895 148.6546 211.5426 14.89002261185735
NANOSATC-BR1            
1 40024U 14033Q   17323.70481476  .00000711  00000-0  80744-4 0  9990
2 40024  97.9099 235.6896 0012933 144.8807 215.3265 14.89395645185174
QB50P1                  
1 40025U 14033R   17323.90319126  .00000442  00000-0  53469-4 0  9990
2 40025  97.9072 234.6890 0013106 147.7697 212.4323 14.88569226185148
FLOCK 1C-7              
1 40026U 14033S   17324.32756249  .00001437  00000-0  15572-3 0  9996
2 40026  97.9190 237.4865 0011628 146.6059 213.5893 14.89743336185792
FLOCK 1C-1              
1 40027U 14033T   17323.74461239  .00000721  00000-0  82430-4 0  9997
2 40027  97.9185 236.2419 0012521 147.9759 212.2232 14.89062021185667
POPSAT-HIP-1            
1 40028U 14033U   17324.48646281  .00000615  00000-0  72289-4 0  9995
2 40028  97.9100 235.5935 0014359 144.0358 216.1803 14.88433804185728
FLOCK 1C-2              
1 40029U 14033V   17323.70448705  .00001043  00000-0  11648-3 0  9998
2 40029  97.9179 236.0471 0014428 144.8889 215.3356 14.89083251185654
FLOCK 1C-4              
1 40031U 14033X   17323.73669541  .00001448  00000-0  15992-3 0  9992
2 40031  97.9182 236.0307 0014918 143.9372 216.2872 14.88929943185648
QB50P2                  
1 40032U 14033Y   17323.79541043  .00000508  00000-0  61251-4 0  9991
2 40032  97.9037 233.5337 0012634 143.3184 216.8899 14.88120910185069
FLOCK 1C-11             
1 40033U 14033Z   17323.97669952  .00000406  00000-0  47584-4 0  9992
2 40033  97.9226 238.0609 0013047 135.9303 224.2979 14.90347053185795
ANTELSAT                
1 40034U 14033AA  17324.44347104  .00000370  00000-0  62579-4 0  9999
2 40034  97.8365 203.3428 0059516 149.0273 211.4467 14.73807997183940
FLOCK 1C-9              
1 40035U 14033AB  17324.29219268  .00000295  00000-0  37192-4 0  9991
2 40035  97.9203 237.0666 0012481 135.9624 224.2566 14.89132899185735
FLOCK 1C-6              
1 40036U 14033AC  17324.30211587  .00000307  00000-0  38417-4 0  9995
2 40036  97.9224 237.3296 0012399 136.7066 223.5121 14.89237917185756
PERSEUS-M2              
1 40037U 14033AD  17324.31948066  .00000215  00000-0  30612-4 0  9993
2 40037  97.9045 232.2069 0015074 149.2634 210.9467 14.86292759185501
FLOCK 1C-5              
1 40038U 14033AE  17323.77386636  .00000811  00000-0  91599-4 0  9995
2 40038  97.9213 236.5745 0014840 137.5354 222.7046 14.89209630185666
PERSEUS-M1              
1 40039U 14033AF  17324.22405862  .00000128  00000-0  21009-4 0  9990
2 40039  97.9049 231.5947 0014982 146.0230 214.1948 14.85915483185446
FLOCK 1C-8              
1 40040U 14033AG  17323.76239046  .00000399  00000-0  45927-4 0  9994
2 40040  97.9241 239.2066 0013366 123.9656 236.2843 14.91168132185829
FLOCK 1C-3              
1 40041U 14033AH  17323.69961284  .00000827  00000-0  94050-4 0  9990
2 40041  97.9194 236.2264 0014038 136.0436 224.2001 14.88911590185634
POLYITAN-1              
1 40042U 14033AJ  17324.31699084  .00000615  00000-0  72568-4 0  9992
2 40042  97.9146 235.1421 0015545 136.1455 224.0999 14.88223937185647
TIGRISAT                
1 40043U 14033AK  17324.30702761  .00000246  00000-0  43829-4 0  9997
2 40043  97.8343 203.8753 0060732 150.5673 209.8978 14.74057683183831
LEMUR-1                 
1 40044U 14033AL  17324.30675974  .00000266  00000-0  47085-4 0  9993
2 40044  97.8341 203.5734 0059865 151.7904 208.6570 14.73884081183824
AEROCUBE 6A             
1 40045U 14033AM  17324.24289438  .00000573  00000-0  90458-4 0  9996
2 40045  97.8482 205.4109 0058577 145.8010 214.6994 14.74980091183724
AEROCUBE 6B             
1 40046U 14033AN  17324.44636485  .00000439  00000-0  71026-4 0  9998
2 40046  97.8466 205.5235 0057952 144.6187 215.8889 14.74976729183893
UKUBE-1                 
1 40074U 14037F   17324.56494596  .00000461  00000-0  63006-4 0  9995
2 40074  98.3619  86.6702 0003314 269.7490  90.3339 14.83652884182366
BRITE-PL 2              
1 40119U 14049B   17324.22174814  .00000205  00000-0  31020-4 0  9996
2 40119  97.9305  49.2531 0016309 302.6105  57.3535 14.84215430176307
FIREBIRD 4              
1 40378U 15003C   17324.51783515  .00002916  00000-0  12440-3 0  9995
2 40378  99.1099 179.7658 0133391 203.5628 155.9454 15.16332397154698
GRIFEX                  
1 40379U 15003D   17324.56588852  .00002582  00000-0  11766-3 0  9997
2 40379  99.1135 176.9334 0139621 213.0707 146.1732 15.13665624154539
EXOCUBE                 
1 40380U 15003E   17324.51269664  .00001729  00000-0  83508-4 0  9997
2 40380  99.1184 175.2673 0143622 218.5148 140.5762 15.12014085154414
DEORBITSAIL             
1 40719U 15032E   17323.75702341  .00000762  00000-0  11717-3 0  9992
2 40719  97.9632 215.4241 0016896   7.1127 353.0319 14.76242174127277
TIANWANG 1C (TW-1C)     
1 40926U 15051B   17324.38562825  .00011332  00000-0  23621-3 0  9996
2 40926  97.2124   2.8564 0009836 330.9373  89.3148 15.45682510121023
TIANWANG 1B (TW-1B)     
1 40927U 15051C   17324.37462071  .00011070  00000-0  23998-3 0  9994
2 40927  97.2207   2.7904 0010340 344.0373  72.6244 15.44526824120958
TIANWANG 1A (TW-1A)     
1 40928U 15051D   17324.50182170  .00004032  00000-0  11181-3 0  9990
2 40928  97.2107 357.4864 0012309   4.5508 101.4149 15.37430555120703
LEMUR-2-JOEL            
1 40932U 15052C   17324.08146416  .00002011  00000-0  18595-3 0  9993
2 40932   6.0093 194.5660 0015227 300.5685  59.4931 14.77587065116103
LEMUR-2-CHRIS           
1 40933U 15052D   17318.12935564  .00000642  00000-0 -77231-6 0  9996
2 40933   6.0133 235.9272 0015652 222.8837 137.0008 14.77722555115220
LEMUR-2-JEROEN          
1 40934U 15052E   17324.10845535  .00000336  00000-0 -42315-4 0  9993
2 40934   6.0083 199.3397 0013797 297.4494  62.4201 14.77090706116022
LEMUR-2-PETER           
1 40935U 15052F   17324.28783642  .00000688  00000-0  67605-5 0  9992
2 40935   6.0015 199.9399 0011185 291.6088  68.3674 14.76850920116053
EXACTVIEW 9             
1 40936U 15052G   17324.07174852  .00000888  00000-0  35351-4 0  9991
2 40936   6.0000 204.5860 0010992 279.7015  80.2787 14.76323093116016
ATHENOXAT 1             
1 41168U 15077C   17324.54492999  .00002780  00000-0  11799-3 0  9995
2 41168  14.9820 106.7085 0011929  22.2110 303.9324 15.12201544106739
GALASSIA                
1 41170U 15077E   17321.71879687  .00002682  00000-0  11088-3 0  9999
2 41170  14.9880 122.9178 0013380   4.0476 355.9952 15.12626140106352
VELOX 2                 
1 41171U 15077F   17321.13377256  .00001790  00000-0  66864-4 0  9993
2 41171  14.9904 143.1336 0009206 306.2905  53.6565 15.10271676106122
AGGIESAT 4              
1 41313U 98067HP  17324.35291052  .00069511  00000-0  26026-3 0  9997
2 41313  51.6366 274.9652 0004825  71.5934 288.5595 15.87232926103601
HORYU-IV                
1 41340U 16012D   17324.09683404  .00000649  00000-0  43058-4 0  9996
2 41340  31.0043 197.2710 0014188 180.6572 179.4047 15.00804163 96457
OUFTI-1                 
1 41458U 16025C   17324.37673343  .00002107  00000-0  11382-3 0  9997
2 41458  98.1669  10.8333 0173513 126.9940 234.7311 15.03940790 86049
E-ST@R-II               
1 41459U 16025D   17324.54971467  .00003554  00000-0  18978-3 0  9990
2 41459  98.1668  10.9238 0173827 127.0976 234.6261 15.03731302 86065
AAUSAT 4                
1 41460U 16025E   17324.37618847  .00003040  00000-0  16186-3 0  9992
2 41460  98.1608  10.9669 0166436 124.9638 236.7342 15.04890988 86079
DIWATA-1                
1 41463U 98067HT  17324.53508192  .00012572  00000-0  12677-3 0  9991
2 41463  51.6407 314.5815 0002118  50.9935  46.5911 15.65794366 89266
FLOCK 2E'-1             
1 41479U 98067HZ  17324.41958528  .00043496  00000-0  23559-3 0  9997
2 41479  51.6338 294.9841 0003617  61.5036 298.6329 15.79603680 86455
FLOCK 2E'-3             
1 41480U 98067JA  17323.91769545  .00039509  00000-0  22447-3 0  9997
2 41480  51.6274 297.6311 0003305  65.3713 294.7632 15.78589397 86367
FLOCK 2E'-2             
1 41481U 98067JB  17324.35305422  .00430878  89746-4  86056-3 0  9995
2 41481  51.6251 289.8805 0007857 106.6028 253.5845 15.99188540 86499
FLOCK 2E'-4             
1 41482U 98067JC  17312.53569607  .16219661  12308-4  20197-2 0  9995
2 41482  51.6140 345.8340 0002361 349.1392  10.9692 16.35310899 84697
FLOCK 2E-1              
1 41483U 98067JD  17323.53151581  .00035869  00000-0  23317-3 0  9995
2 41483  51.6349 302.6632 0002300  41.3685 318.7488 15.75590526 86125
FLOCK 2E-2              
1 41484U 98067JE  17324.36450392  .00120673  00000-0  58193-3 0  9998
2 41484  51.6307 293.9566 0003147  70.4404 289.6938 15.81721892 86316
FLOCK 2E-3              
1 41486U 98067JG  17324.18187591  .00031774  00000-0  19080-3 0  9993
2 41486  51.6321 300.2244 0003001  54.6224 305.5056 15.77458881 86232
FLOCK 2E-4              
1 41487U 98067JH  17324.20993556  .00024903  00000-0  16126-3 0  9997
2 41487  51.6318 298.9029 0002433  36.2839 323.8325 15.75888121 86255
FLOCK 2E-6              
1 41563U 98067JM  17323.43450249  .00110720  00000-0  62137-3 0  9999
2 41563  51.6338 306.4755 0005174  81.9177 278.2410 15.78424941 84154
FLOCK 2E-5              
1 41564U 98067JN  17324.16112556  .00021466  00000-0  15852-3 0  9997
2 41564  51.6335 303.8518 0003395  64.3252 295.8097 15.72926519 84240
FLOCK 2E-7              
1 41565U 98067JP  17324.17634470  .00042184  00000-0  22940-3 0  9999
2 41565  51.6288 294.8287 0005560  38.1004 322.0389 15.79518063 84267
FLOCK 2E'-5             
1 41567U 98067JR  17324.18901788  .00018935  00000-0  14794-3 0  9996
2 41567  51.6346 306.3308 0005496  26.6779 333.4501 15.71673245 84084
FLOCK 2E'-6             
1 41568U 98067JS  17324.18565316  .00027025  00000-0  17926-3 0  9990
2 41568  51.6316 300.9623 0005292  37.7842 322.3528 15.75271068 84188
FLOCK 2E'-8             
1 41569U 98067JT  17324.16928446  .00042378  00000-0  22302-3 0  9998
2 41569  51.6325 294.0464 0003616  43.7209 316.4078 15.80249453 84157
FLOCK 2E-9              
1 41571U 98067JV  17324.16561320  .00198767  00000-0  76652-3 0  9996
2 41571  51.6308 291.7735 0003608  79.8960 280.2451 15.86189372 84164
FLOCK 2E-10             
1 41572U 98067JW  17324.19114136  .00038437  00000-0  21864-3 0  9991
2 41572  51.6347 296.4989 0005033  36.7062 323.4283 15.78567169 84102
FLOCK 2E-12             
1 41573U 98067JX  17324.19269655  .00044598  00000-0  22933-3 0  9992
2 41573  51.6321 294.2083 0005616  44.1852 315.9598 15.80720792 84137
FLOCK 2E-11             
1 41574U 98067JY  17324.18383832  .00044456  00000-0  23079-3 0  9991
2 41574  51.6257 293.3043 0006439  49.1082 311.0476 15.80506882 84141
FLOCK 2E'-9             
1 41575U 98067JZ  17324.45814024  .00075949  00000-0  33486-3 0  9998
2 41575  51.6295 289.1035 0006962  59.6970 300.4722 15.83790946 84214
FLOCK 2E'-10            
1 41576U 98067KA  17324.45217332  .00056260  00000-0  26843-3 0  9992
2 41576  51.6323 292.2208 0006911  56.8811 303.2853 15.82229969 84072
FLOCK 2E'-11            
1 41577U 98067KB  17324.16856098  .00039225  00000-0  21594-3 0  9999
2 41577  51.6347 295.6195 0005708  35.7019 324.4363 15.79280360 83821
FLOCK 2E'-12            
1 41578U 98067KC  17324.18652695  .00067890  00000-0  29318-3 0  9990
2 41578  51.6264 291.8094 0006830  49.1104 311.0490 15.84272783 83871
FLOCK 2P-6              
1 41606U 16040H   17323.71607481  .00005381  00000-0  22880-3 0  9998
2 41606  97.4420  25.1463 0009170 245.0962 114.9322 15.23414432 78377
FLOCK 2P-11             
1 41608U 16040K   17323.91749781  .00003936  00000-0  16849-3 0  9994
2 41608  97.4415  25.3096 0009208 244.2286 115.8001 15.23360104 78346
FLOCK 2P-2              
1 41609U 16040L   17324.39437138  .00005573  00000-0  23662-3 0  9998
2 41609  97.4418  25.7764 0009114 242.2719 117.7594 15.23448328 78399
FLOCK 2P-9              
1 41610U 16040M   17324.40594394  .00005459  00000-0  23197-3 0  9996
2 41610  97.4414  25.7417 0009407 242.3860 117.6422 15.23427637 78271
FLOCK 2P-4              
1 41611U 16040N   17324.17069596  .00002828  00000-0  12179-3 0  9997
2 41611  97.4441  25.7646 0009338 254.1299 105.8908 15.23389210 78403
FLOCK 2P-10             
1 41612U 16040P   17323.68879858  .00005654  00000-0  24025-3 0  9996
2 41612  97.4449  25.3699 0009153 256.0111 104.0108 15.23414782 78333
FLOCK 2P-8              
1 41613U 16040Q   17323.83673491  .00005288  00000-0  22498-3 0  9994
2 41613  97.4443  25.4517 0009298 254.5155 105.5055 15.23406543 78354
FLOCK 2P-12             
1 41614U 16040R   17323.86387349  .00004567  00000-0  19471-3 0  9998
2 41614  97.4455  25.6346 0008993 254.4536 105.5708 15.23413043 78362
FLOCK 2P-7              
1 41615U 16040S   17324.15862010  .00004614  00000-0  19642-3 0  9998
2 41615  97.4436  25.7675 0009291 253.7657 106.2558 15.23455731 78402
FLOCK 2P-5              
1 41616U 16040T   17324.13751035  .00004434  00000-0  18909-3 0  9996
2 41616  97.4455  25.8801 0008966 252.7455 107.2801 15.23421234 78389
FLOCK 2P-1              
1 41617U 16040U   17324.12457227  .00005823  00000-0  24656-3 0  9991
2 41617  97.4455  25.9017 0008965 253.2436 106.7818 15.23523100 78404
FLOCK 2P-3              
1 41618U 16040V   17324.41676836  .00004910  00000-0  20901-3 0  9998
2 41618  97.4454  26.1131 0008937 252.5524 107.4736 15.23427154 78446
BEESAT-4                
1 41619U 16040W   17324.16979447  .00001820  00000-0  84034-4 0  9990
2 41619  97.4444  24.9520 0010475 238.3591 121.6624 15.21452536 66306
3CAT-2                  
1 41732U 16051B   17324.53673228  .00002152  00000-0  87598-4 0  9994
2 41732  97.3731 239.2151 0015709  81.9825  23.7172 15.25479201 70361
FLOCK 2E'-13            
1 41761U 98067KH  17324.20082734  .00037719  00000-0  36353-3 0  9992
2 41761  51.6361 323.0255 0006810 112.2058 247.9661 15.66104316 67301
FLOCK 2E'-14            
1 41762U 98067KJ  17323.58825690  .00016434  00000-0  16625-3 0  9990
2 41762  51.6374 325.7266 0005793 107.7813 252.3815 15.65435068 67215
FLOCK 2E'-16            
1 41763U 98067KK  17324.20316125  .00038351  00000-0  35906-3 0  9994
2 41763  51.6374 321.5798 0005220 118.0520 242.1005 15.66829761 67288
FLOCK 2E'-15            
1 41764U 98067KL  17324.23054436  .00010878  00000-0  11503-3 0  9993
2 41764  51.6376 323.2613 0005407 118.5363 241.6176 15.64751936 67260
FLOCK 2E'-18            
1 41769U 98067KM  17323.50837001  .00014196  00000-0  14793-3 0  9995
2 41769  51.6377 326.6820 0003875 133.8942 226.2374 15.64828419 67151
FLOCK 2E'-17            
1 41776U 98067KN  17324.31847865  .00033895  00000-0  33903-3 0  9993
2 41776  51.6386 322.3731 0004243 136.7639 223.3690 15.65242561 67279
FLOCK 2E'-19            
1 41777U 98067KP  17323.53574438  .00024738  00000-0  20851-3 0  9994
2 41777  51.6354 320.0521 0003363 120.3793 239.7537 15.69660614 67198
FLOCK 2E'-20            
1 41782U 98067KQ  17324.52055337  .00020782  00000-0  18540-3 0  9999
2 41782  51.6367 316.9298 0003257 120.1543 239.9776 15.68392322 67190
CANX-7                  
1 41788U 16059F   17324.42545502  .00008700  00000-0  15594-2 0  9994
2 41788  98.1900  25.5074 0028683  43.3541 316.9938 14.66745957 61478
ALSAT 1N                
1 41789U 16059G   17324.45072647  .00000165  00000-0  40396-4 0  9990
2 41789  98.1490  24.8559 0029178  26.6374 333.6324 14.64101938 61479
RAVAN                   
1 41849U 16067B   17324.48378115  .00001235  00000-0  11152-3 0  9994
2 41849  97.9390  45.0874 0009318 135.9291 224.2675 14.97383755 55891
CELTEE 1                
1 41850U 16067C   17323.77698310  .00001045  00000-0  96820-4 0  9994
2 41850  97.9389  44.1338 0010126 134.7055 225.4992 14.96687651 55773
OPTICUBE 04             
1 41851U 16067D   17324.19246223  .00000199  00000-0  22790-4 0  9998
2 41851  97.9390  44.5198 0009983 133.6806 226.5244 14.96583594 55835
AEROCUBE 8D             
1 41852U 16067E   17324.20098723 -.00000055  00000-0  50813-6 0  9992
2 41852  97.9401  44.4035 0010631 134.6107 225.5983 14.96349667 55824
AEROCUBE 8C             
1 41853U 16067F   17324.21013356 -.00000069  00000-0 -68785-6 0  9996
2 41853  97.9397  44.3893 0010905 136.6897 223.5182 14.96310860 55824
PROMETHEUS 2-1          
1 41854U 16067G   17324.22612257  .00000656  00000-0  63279-4 0  9994
2 41854  97.9398  44.3776 0011452 137.3336 222.8776 14.96337252 55825
PROMETHEUS 2-3          
1 41855U 16067H   17324.22828008  .00000757  00000-0  72271-4 0  9992
2 41855  97.9398  44.3801 0011685 137.7087 222.5036 14.96330951 55825
LEMUR-2-XIAOQING        
1 41871U 16062C   17323.85241638  .00002939  00000-0  13616-3 0  9992
2 41871  51.6295  67.0841 0004710  60.3854 299.7593 15.23281154 54662
LEMUR-2-SOKOLSKY        
1 41872U 16062D   17323.76788014  .00003023  00000-0  13915-3 0  9994
2 41872  51.6829  67.4162 0006122  77.9169 282.2483 15.23411302 54641
LEMUR-2-ANUBHAVTHAKUR   
1 41873U 16062E   17324.19794251  .00000372  00000-0  30439-4 0  9998
2 41873  51.6407  67.0219 0005451  77.9790 282.1809 15.21965325 54678
LEMUR-2-WINGO           
1 41874U 16062F   17323.76535100  .00003920  00000-0  17854-3 0  9994
2 41874  51.6488  67.8692 0007266  58.8267 301.3420 15.22959477 54635
STARS-C                 
1 41895U 98067KR  17323.55817763  .00078222  00000-0  48031-3 0  9995
2 41895  51.6354 323.9399 0003585  87.9379 272.2032 15.76552773 52356
ITF-2                   
1 41932U 98067KU  17324.27286361  .00021604  00000-0  21625-3 0  9993
2 41932  51.6390 328.0755 0004935 109.7360 250.4169 15.65490447 47937
WASEDA-SAT3             
1 41933U 98067KV  17324.27799673  .00028064  00000-0  26008-3 0  9996
2 41933  51.6369 326.5625 0004748 107.1826 252.9690 15.67250108 47952
AOBA-VELOX 3            
1 41935U 98067KX  17324.45671743  .00025666  00000-0  24432-3 0  9999
2 41935  51.6385 326.2901 0004348 107.8551 252.2919 15.66639245 48077
OSNSAT                  
1 41939U 98067KZ  17324.15905737  .00116684  00000-0  50285-3 0  9999
2 41939  51.6340 315.9013 0007038  91.5945 268.5865 15.84102376 47435
FLOCK 3P-8              
1 41951U 17008D   17323.89395379  .00002091  00000-0  90653-4 0  9994
2 41951  97.4779  24.7268 0008605  18.5609 341.5940 15.23469943 42235
FLOCK 3P-51             
1 41952U 17008E   17324.38898979  .00005507  00000-0  23317-3 0  9991
2 41952  97.4783  25.3134 0009008  34.0541 326.1272 15.23555808 42307
FLOCK 3P-37             
1 41953U 17008F   17323.73144858  .00004491  00000-0  18791-3 0  9991
2 41953  97.4785  24.8037 0008432  41.1736 319.0136 15.24060032 42223
INS-1B                  
1 41954U 17008G   17323.88798165  .00001684  00000-0  75981-4 0  9990
2 41954  97.4754  24.3495 0009845  17.1639 342.9928 15.22376026 42154
FLOCK 3P-19             
1 41955U 17008H   17324.17102173  .00002632  00000-0  11309-3 0  9999
2 41955  97.4773  24.9542 0009404  16.3252 343.8286 15.23532562 42199
FLOCK 3P-24             
1 41956U 17008J   17324.23113169  .00004387  00000-0  18550-3 0  9998
2 41956  97.4770  25.0252 0008995  12.9851 347.1615 15.23713542 42280
FLOCK 3P-18             
1 41957U 17008K   17323.77281381  .00004277  00000-0  18129-3 0  9999
2 41957  97.4772  24.5691 0009194  16.4323 343.7210 15.23648317 42054
FLOCK 3P-22             
1 41958U 17008L   17323.71542260  .00002058  00000-0  89192-4 0  9994
2 41958  97.4776  24.4957 0009102  17.2272 342.9272 15.23499444 42036
FLOCK 3P-21             
1 41959U 17008M   17323.70534827  .00005646  00000-0  23947-3 0  9995
2 41959  97.4782  24.5266 0009013  19.2845 340.8731 15.23484759 42048
FLOCK 3P-28             
1 41960U 17008N   17324.22896364  .00002246  00000-0  97145-4 0  9997
2 41960  97.4780  25.0462 0008819  15.6889 344.4620 15.23479033 42207
FLOCK 3P-26             
1 41961U 17008P   17323.71058453  .00002418  00000-0  10417-3 0  9997
2 41961  97.4780  24.5102 0009055  16.6376 343.5156 15.23525600 42046
FLOCK 3P-17             
1 41962U 17008Q   17323.75873174  .00003453  00000-0  14766-3 0  9998
2 41962  97.4778  24.6004 0008928  19.7019 340.4561 15.23488488 42006
FLOCK 3P-27             
1 41963U 17008R   17323.72014636  .00003433  00000-0  14675-3 0  9993
2 41963  97.4779  24.4999 0009163  17.0839 343.0705 15.23504570 42046
FLOCK 3P-25             
1 41964U 17008S   17324.23187282  .00001925  00000-0  83770-4 0  9996
2 41964  97.4778  25.0347 0008822  15.0820 345.0678 15.23439997 42107
FLOCK 3P-4              
1 41965U 17008T   17323.70036628  .00003381  00000-0  14467-3 0  9999
2 41965  97.4782  24.5289 0008862  19.2610 340.8960 15.23478901 42126
FLOCK 3P-2              
1 41966U 17008U   17323.76700204  .00005895  00000-0  24983-3 0  9990
2 41966  97.4783  24.5992 0008640  17.3951 342.7580 15.23494348 42054
FLOCK 3P-1              
1 41967U 17008V   17324.11825981  .00002612  00000-0  11295-3 0  9997
2 41967  97.4782  24.9015 0008761  17.9299 342.2245 15.23333358 42101
FLOCK 3P-3              
1 41968U 17008W   17323.70429736  .00003761  00000-0  16061-3 0  9992
2 41968  97.4779  24.5215 0008758  18.0592 342.0954 15.23478296 42128
FLOCK 3P-6              
1 41969U 17008X   17323.76423743  .00002093  00000-0  90692-4 0  9991
2 41969  97.4783  24.6032 0008545  17.4185 342.7343 15.23484117 42046
FLOCK 3P-7              
1 41970U 17008Y   17324.14000552  .00003249  00000-0  13904-3 0  9999
2 41970  97.4782  25.0225 0008704  19.4311 340.7256 15.23503671 42101
FLOCK 3P-5              
1 41971U 17008Z   17324.22161950  .00002034  00000-0  88242-4 0  9998
2 41971  97.4784  25.0718 0008617  18.8896 341.2658 15.23476802 42056
FLOCK 3P-12             
1 41972U 17008AA  17324.22019526  .00002303  00000-0  99539-4 0  9990
2 41972  97.4783  25.0717 0008484  19.2557 340.8998 15.23480353 42201
FLOCK 3P-9              
1 41973U 17008AB  17324.42065470  .00002945  00000-0  12642-3 0  9993
2 41973  97.4785  25.2683 0008554  16.1301 344.0206 15.23481104 42235
FLOCK 3P-10             
1 41974U 17008AC  17324.40869475  .00002039  00000-0  88380-4 0  9996
2 41974  97.4785  25.2880 0008425  18.2971 341.8567 15.23509829 42115
FLOCK 3P-11             
1 41975U 17008AD  17323.83063761  .00002273  00000-0  98270-4 0  9996
2 41975  97.4785  24.6776 0008675  18.6457 341.5096 15.23478835 41916
FLOCK 3P-60             
1 41976U 17008AE  17324.39740354  .00003381  00000-0  14447-3 0  9993
2 41976  97.4786  25.3054 0008416  19.7279 340.4282 15.23525479 41486
FLOCK 3P-58             
1 41977U 17008AF  17324.15526165  .00002286  00000-0  98818-4 0  9998
2 41977  97.4783  25.0078 0008443  19.0171 341.1380 15.23474208 42279
FLOCK 3P-57             
1 41978U 17008AG  17323.62189816  .00003612  00000-0  15426-3 0  9995
2 41978  97.4785  24.4953 0008530  19.6360 340.5203 15.23504000 42035
FLOCK 3P-75             
1 41979U 17008AH  17324.21218354  .00001991  00000-0  86417-4 0  9999
2 41979  97.4805  25.1703 0008723  20.4508 339.7076 15.23491570 42279
FLOCK 3P-70             
1 41980U 17008AJ  17324.40750479  .00002179  00000-0  94229-4 0  9990
2 41980  97.4805  25.3716 0008610  19.3145 340.8416 15.23508572 42144
FLOCK 3P-73             
1 41981U 17008AK  17324.21921751  .00003482  00000-0  14879-3 0  9993
2 41981  97.4806  25.1650 0008940  20.6849 339.4747 15.23500184 42257
FLOCK 3P-88             
1 41982U 17008AL  17323.94541205  .00003975  00000-0  16942-3 0  9995
2 41982  97.4805  24.9071 0008786  21.2145 338.9455 15.23510006 41180
FLOCK 3P-85             
1 41983U 17008AM  17324.12838128  .00002122  00000-0  91768-4 0  9993
2 41983  97.4806  25.1294 0008747  24.2480 335.9166 15.23548266 42113
FLOCK 3P-79             
1 41984U 17008AN  17323.73541144  .00002684  00000-0  11530-3 0  9990
2 41984  97.4809  24.7345 0008497  25.5795 334.5861 15.23538671 42053
FLOCK 3P-86             
1 41985U 17008AP  17324.39317413  .00003056  00000-0  13080-3 0  9990
2 41985  97.4804  25.3827 0008389  22.6382 337.5223 15.23545648 42148
FLOCK 3P-36             
1 41986U 17008AQ  17324.13302565  .00003585  00000-0  15306-3 0  9995
2 41986  97.4790  25.0517 0008117  21.8067 338.3514 15.23515624 41597
FLOCK 3P-30             
1 41987U 17008AR  17324.12379176  .00002540  00000-0  10921-3 0  9995
2 41987  97.4789  25.0648 0008014  23.0054 337.1541 15.23552650 42067
FLOCK 3P-34             
1 41988U 17008AS  17324.13650064  .00003207  00000-0  13716-3 0  9991
2 41988  97.4785  25.0333 0008074  19.2837 340.8704 15.23542230 41599
FLOCK 3P-35             
1 41989U 17008AT  17324.13870621  .00001513  00000-0  66347-4 0  9992
2 41989  97.4784  25.0286 0008235  18.8647 341.2894 15.23513088 41593
FLOCK 3P-33             
1 41990U 17008AU  17324.52821048  .00003968  00000-0  16902-3 0  9993
2 41990  97.4785  25.4335 0007881  19.2611 340.8923 15.23531758 41656
LEMUR-2-SATCHMO         
1 41991U 17008AV  17324.13590684  .00001471  00000-0  66007-4 0  9999
2 41991  97.4777  24.8754 0008268  22.8614 337.2989 15.22780229 41581
LEMUR-2-MIA-GRACE       
1 41992U 17008AW  17323.83495017  .00003087  00000-0  13350-3 0  9997
2 41992  97.4782  24.6739 0008200  24.0537 336.1081 15.23189262 41541
LEMUR-2-SMITA-SHARAD    
1 41993U 17008AX  17323.72259103  .00002379  00000-0  10434-3 0  9993
2 41993  97.4779  24.5105 0008259  24.0840 336.0781 15.22939036 41520
LEMUR-2-SPIRE-MINIONS   
1 41994U 17008AY  17323.90819522  .00002121  00000-0  92779-4 0  9999
2 41994  97.4778  24.7221 0008214  22.9331 337.2271 15.23146216 41555
LEMUR-2-RDEATON         
1 41995U 17008AZ  17324.24219701  .00002076  00000-0  91252-4 0  9995
2 41995  97.4778  25.0451 0009630  33.4740 326.7104 15.22994645 42284
LEMUR-2-NOGUECORREIG    
1 41996U 17008BA  17324.15743511  .00001710  00000-0  75328-4 0  9997
2 41996  97.4783  25.0107 0009501  34.5523 325.6329 15.23173866 41491
LEMUR-2-JOBANPUTRA      
1 41997U 17008BB  17324.20425698  .00001850  00000-0  80928-4 0  9994
2 41997  97.4785  25.1026 0009482  33.9684 326.2158 15.23305638 41596
LEMUR-2-TACHIKOMA       
1 41998U 17008BC  17323.78745230  .00002396  00000-0  10519-3 0  9998
2 41998  97.4780  24.5784 0009610  35.4245 324.7628 15.22894463 41457
BGUSAT                  
1 41999U 17008BD  17323.92271783  .00002745  00000-0  11762-3 0  9991
2 41999  97.4791  24.8808 0009395  36.2961 323.8912 15.23599212 41556
DIDO-2                  
1 42000U 17008BE  17324.19464254  .00001381  00000-0  62233-4 0  9997
2 42000  97.4775  24.9489 0009599  34.4921 325.6936 15.22721293 41595
FLOCK 3P-49             
1 42001U 17008BF  17324.31732560  .00002085  00000-0  90226-4 0  9995
2 42001  97.4786  25.2587 0009031  35.9700 324.2143 15.23540005 42141
FLOCK 3P-67             
1 42002U 17008BG  17323.86132937  .00004302  00000-0  18236-3 0  9991
2 42002  97.4784  24.7900 0008972  36.5954 323.5894 15.23639498 42234
FLOCK 3P-68             
1 42003U 17008BH  17324.19374881  .00004099  00000-0  17435-3 0  9998
2 42003  97.4783  25.1073 0009124  34.2187 325.9636 15.23552358 41927
FLOCK 3P-41             
1 42004U 17008BJ  17323.72157895  .00004257  00000-0  18105-3 0  9992
2 42004  97.4784  24.6593 0008932  37.9706 322.2159 15.23535733 42045
FLOCK 3P-45             
1 42005U 17008BK  17323.79125983  .00004512  00000-0  19113-3 0  9997
2 42005  97.4786  24.7296 0008885  37.8106 322.3754 15.23637826 42216
FLOCK 3P-48             
1 42006U 17008BL  17324.25016964  .00003138  00000-0  13432-3 0  9999
2 42006  97.4788  25.1947 0008849  37.0082 323.1764 15.23523002 42076
FLOCK 3P-43             
1 42007U 17008BM  17323.72308126  .00004550  00000-0  19338-3 0  9995
2 42007  97.4786  24.6627 0008763  39.2009 320.9861 15.23525296 42207
FLOCK 3P-42             
1 42008U 17008BN  17323.72220846  .00002237  00000-0  96652-4 0  9993
2 42008  97.4784  24.6581 0008857  38.5812 321.6056 15.23513670 42132
FLOCK 3P-61             
1 42009U 17008BP  17323.78645127  .00002841  00000-0  12196-3 0  9994
2 42009  97.4786  24.7306 0008798  40.0735 320.1149 15.23510329 42198
FLOCK 3P-40             
1 42010U 17008BQ  17323.77987016  .00001952  00000-0  84727-4 0  9993
2 42010  97.4780  24.7197 0008756  40.7446 319.4444 15.23511151 41453
FLOCK 3P-16             
1 42011U 17008BR  17323.76766530  .00002464  00000-0  10625-3 0  9993
2 42011  97.4780  24.7394 0008456  41.9308 318.2575 15.23483180 41395
FLOCK 3P-14             
1 42012U 17008BS  17323.90250101  .00002417  00000-0  10399-3 0  9998
2 42012  97.4787  24.8789 0008604  43.5804 316.6111 15.23578674 42039
FLOCK 3P-53             
1 42013U 17008BT  17324.16846857  .00001468  00000-0  64333-4 0  9990
2 42013  97.4774  25.1082 0008441  40.9262 319.2607 15.23584027 42076
FLOCK 3P-54             
1 42014U 17008BU  17323.70846097  .00002140  00000-0  92694-4 0  9995
2 42014  97.4782  24.6651 0008472  42.7559 317.4335 15.23477226 42176
PEASSS                  
1 42015U 17008BV  17324.40877780  .00002162  00000-0  93761-4 0  9997
2 42015  97.4767  25.3911 0007659  43.6755 316.5087 15.23434550 42123
AL-FARABI 1             
1 42016U 17008BW  17323.92335368  .00001954  00000-0  84371-4 0  9990
2 42016  97.4773  24.9782 0007568  46.2285 313.9577 15.23704668 42178
NAYIF-1 (EO-88)         
1 42017U 17008BX  17323.92053127  .00001978  00000-0  85305-4 0  9995
2 42017  97.4772  24.9798 0007564  46.3981 313.7882 15.23723273 42197
FLOCK 3P-23             
1 42018U 17008BY  17324.16687822  .00001488  00000-0  65401-4 0  9999
2 42018  97.4776  24.9632 0008884  15.5818 344.5690 15.23468607 41041
FLOCK 3P-76             
1 42019U 17008BZ  17324.33402812  .00003782  00000-0  16118-3 0  9992
2 42019  97.4807  25.3227 0008790  21.6583 338.5024 15.23537428 42138
FLOCK 3P-69             
1 42020U 17008CA  17323.74155377  .00003986  00000-0  16980-3 0  9992
2 42020  97.4810  24.7346 0008637  22.6828 337.4789 15.23522840 40936
FLOCK 3P-84             
1 42021U 17008CB  17324.40705357  .00004267  00000-0  18178-3 0  9990
2 42021  97.4804  25.3622 0008981  19.5604 340.5976 15.23480256 42156
FLOCK 3P-59             
1 42022U 17008CC  17323.94895826  .00002843  00000-0  12185-3 0  9990
2 42022  97.4784  24.8264 0008411  22.1499 338.0099 15.23565337 41106
FLOCK 3P-32             
1 42023U 17008CD  17324.14832191  .00002982  00000-0  12783-3 0  9998
2 42023  97.4786  25.0222 0008360  17.7326 342.4201 15.23518363 42278
FLOCK 3P-71             
1 42024U 17008CE  17324.16506398  .00003247  00000-0  13928-3 0  9995
2 42024  97.4811  25.0945 0008839  21.1770 338.9831 15.23427239 41148
FLOCK 3P-77             
1 42025U 17008CF  17323.94101487  .00001526  00000-0  66905-4 0  9993
2 42025  97.4806  24.9185 0008751  22.9627 337.1999 15.23519737 42085
FLOCK 3P-80             
1 42026U 17008CG  17323.72850677  .00003282  00000-0  14024-3 0  9997
2 42026  97.4807  24.7388 0008350  24.7794 335.3842 15.23554060 40195
FLOCK 3P-66             
1 42027U 17008CH  17323.73298655  .00003452  00000-0  14735-3 0  9999
2 42027  97.4788  24.6609 0009110  35.1053 325.0783 15.23549719 42162
FLOCK 3P-65             
1 42028U 17008CJ  17323.73118287  .00004079  00000-0  17355-3 0  9999
2 42028  97.4789  24.6626 0009008  35.3922 324.7911 15.23544090 42061
FLOCK 3P-50             
1 42029U 17008CK  17323.72768721  .00005461  00000-0  23118-3 0  9993
2 42029  97.4791  24.6747 0008910  37.9017 322.2846 15.23564770 41384
FLOCK 3P-52             
1 42030U 17008CL  17323.72897935  .00002955  00000-0  12652-3 0  9991
2 42030  97.4788  24.6611 0008932  36.7742 323.4106 15.23558411 42151
FLOCK 3P-46             
1 42031U 17008CM  17323.72388073  .00001994  00000-0  86429-4 0  9996
2 42031  97.4785  24.6603 0008928  37.5133 322.6725 15.23531248 42212
FLOCK 3P-47             
1 42032U 17008CN  17323.72555456  .00002808  00000-0  12044-3 0  9994
2 42032  97.4783  24.6570 0008938  38.1123 322.0744 15.23538240 42035
FLOCK 3P-44             
1 42033U 17008CP  17323.78427644  .00002169  00000-0  93769-4 0  9992
2 42033  97.4787  24.7398 0008914  40.7076 319.4826 15.23522346 40791
FLOCK 3P-64             
1 42034U 17008CQ  17324.24393293  .00002123  00000-0  91910-4 0  9993
2 42034  97.4781  25.1839 0008766  38.5520 321.6341 15.23501497 42282
FLOCK 3P-63             
1 42035U 17008CR  17323.71604422  .00002395  00000-0  10323-3 0  9993
2 42035  97.4781  24.6588 0008797  40.4005 319.7884 15.23530943 40176
FLOCK 3P-62             
1 42036U 17008CS  17324.22640043  .00003686  00000-0  15637-3 0  9997
2 42036  97.4782  25.2086 0008771  40.2706 319.9179 15.23716184 41450
FLOCK 3P-38             
1 42037U 17008CT  17323.91161779  .00001568  00000-0  68633-4 0  9999
2 42037  97.4782  24.8585 0008535  40.3070 319.8798 15.23514268 42189
FLOCK 3P-39             
1 42038U 17008CU  17323.77845522  .00002635  00000-0  11321-3 0  9996
2 42038  97.4778  24.7177 0008809  40.8278 319.3617 15.23537746 42114
FLOCK 3P-15             
1 42039U 17008CV  17324.17737769  .00001504  00000-0  66007-4 0  9991
2 42039  97.4780  25.1153 0008637  39.2029 320.9832 15.23491131 41452
FLOCK 3P-13             
1 42040U 17008CW  17323.71150218  .00002805  00000-0  12037-3 0  9998
2 42040  97.4785  24.6722 0008543  43.0468 317.1435 15.23532969 41374
FLOCK 3P-55             
1 42041U 17008CX  17323.75563615  .00003490  00000-0  14913-3 0  9998
2 42041  97.4782  24.7617 0008449  45.7541 314.4388 15.23507369 42220
FLOCK 3P-56             
1 42042U 17008CY  17324.26048384  .00003917  00000-0  16471-3 0  9992
2 42042  97.4778  25.3006 0008294  43.5038 316.6852 15.23972233 42091
FLOCK 3P-81             
1 42043U 17008CZ  17324.13220068  .00002894  00000-0  12410-3 0  9992
2 42043  97.4807  25.1239 0008686  23.6221 336.5413 15.23524050 41452
FLOCK 3P-87             
1 42044U 17008DA  17323.94427077  .00002840  00000-0  12190-3 0  9996
2 42044  97.4803  24.9011 0008809  21.2598 338.9003 15.23516967 41574
FLOCK 3P-29             
1 42045U 17008DB  17324.14308959  .00003325  00000-0  14225-3 0  9997
2 42045  97.4785  25.0280 0008375  18.1564 341.9970 15.23499984 41453
FLOCK 3P-82             
1 42046U 17008DC  17323.74777912  .00004082  00000-0  17313-3 0  9994
2 42046  97.4804  24.7111 0008777  22.6290 337.5332 15.23653433 41440
FLOCK 3P-78             
1 42047U 17008DD  17324.14093710  .00003453  00000-0  14754-3 0  9994
2 42047  97.4804  25.1083 0008658  20.7803 339.3784 15.23510889 41438
FLOCK 3P-74             
1 42048U 17008DE  17323.75527495  .00003228  00000-0  13820-3 0  9996
2 42048  97.4809  24.7135 0009045  22.2309 337.9318 15.23496414 41373
FLOCK 3P-31             
1 42049U 17008DF  17323.75722987  .00004444  00000-0  18921-3 0  9998
2 42049  97.4784  24.6267 0008487  20.6773 339.4806 15.23477659 40836
FLOCK 3P-83             
1 42050U 17008DG  17323.69219240  .00002320  00000-0  10020-3 0  9999
2 42050  97.4806  24.6321 0008981  23.2460 336.9181 15.23485295 42098
FLOCK 3P-72             
1 42051U 17008DH  17324.13091859  .00001383  00000-0  60930-4 0  9998
2 42051  97.4810  25.1356 0008412  21.4765 338.6823 15.23508526 39759
LEMUR-2-REDFERN-GOES    
1 42059U 98067LA  17324.11638948  .00020675  00000-0  21448-3 0  9999
2 42059  51.6374 331.4926 0005802 142.2256 217.9147 15.64612152 40360
LEMUR-2-TRUTNA          
1 42067U 98067LC  17324.20429429  .00045682  00000-0  32394-3 0  9997
2 42067  51.6359 325.2928 0004455 114.1499 245.9966 15.73452618 40285
LEMUR-2-AUSTINTACIOUS   
1 42068U 98067LD  17323.88426373  .00021699  00000-0  20921-3 0  9991
2 42068  51.6375 331.4433 0005469 129.8716 230.2762 15.66425406 40272
LEMUR-2-TRUTNAHD        
1 42069U 98067LE  17324.26578380  .00024660  00000-0  24791-3 0  9991
2 42069  51.6384 330.2605 0005143 137.8196 222.3196 15.65291370 40375
HAVELSAT                
1 42700U 98067LH  17324.30454721  .00020719  00000-0  24029-3 0  9995
2 42700  51.6388 335.0131 0003969 171.7745 188.3314 15.61752610 29284
SOMP 2                  
1 42701U 98067LJ  17324.39747119  .00020618  00000-0  24348-3 0  9993
2 42701  51.6384 334.8854 0003992 171.9144 188.1915 15.61285763 29286
COLUMBIA                
1 42702U 98067LK  17324.44689621  .00074783  00000-0  57055-3 0  9996
2 42702  51.6352 329.9339 0003446 105.5547 254.5831 15.71527075 29280
SGSAT                   
1 42703U 98067LL  17324.46798035  .00044708  00000-0  40791-3 0  9992
2 42703  51.6355 331.5775 0003930  72.9513 287.1914 15.67404923 29257
CXBN-2                  
1 42704U 98067LM  17324.27383955  .00019665  00000-0  23184-3 0  9994
2 42704  51.6390 335.5622 0002621  86.8332 273.2962 15.61366848 29190
ICECUBE                 
1 42705U 98067LN  17324.45547047  .00031398  00000-0  33929-3 0  9994
2 42705  51.6414 333.7963 0002972  94.3776 265.7559 15.63324031 29290
PHOENIX                 
1 42706U 98067LP  17324.44863346  .00017827  00000-0  21047-3 0  9996
2 42706  51.6386 334.4786 0001626  86.5626 273.5554 15.61406226 29211
X-CUBESAT               
1 42707U 98067LQ  17324.50596090  .00021801  00000-0  25280-3 0  9993
2 42707  51.6371 334.0994 0001750  83.5963 276.5230 15.61725816 29215
QBEE50-LTU-OC           
1 42708U 98067LR  17324.51487690  .00020767  00000-0  24308-3 0  9990
2 42708  51.6377 334.1604 0001739  87.0047 273.1145 15.61515060 29171
ALTAIR PATHFINDER       
1 42711U 98067LS  17324.45711572  .00012776  00000-0  16642-3 0  9999
2 42711  51.6386 336.0267 0004535 106.3707 253.7784 15.59116700 28858
SHARC                   
1 42712U 98067LT  17324.47677090  .00010835  00000-0  14568-3 0  9997
2 42712  51.6401 336.1731 0002693 107.1549 252.9738 15.58460488 29091
ZA-AEROSAT              
1 42713U 98067LU  17324.45347354  .00018505  00000-0  22704-3 0  9996
2 42713  51.6385 335.2578 0002976  86.8610 273.2724 15.60367466 28868
LINK                    
1 42714U 98067LV  17324.47777837  .00028187  00000-0  30732-3 0  9999
2 42714  51.6366 333.9052 0003381  77.8484 282.2889 15.63153563 28990
CSUNSAT 1               
1 42715U 98067LW  17324.51639382  .00018150  00000-0  22109-3 0  9995
2 42715  51.6391 334.9258 0004846  94.6357 265.5190 15.60565509 28871
UPSAT                   
1 42716U 98067LX  17324.53484584  .00024551  00000-0  27338-3 0  9991
2 42716  51.6383 333.5507 0002229 160.8284 199.2795 15.62697033 29025
SPACECUBE               
1 42717U 98067LY  17324.46682827  .00021090  00000-0  24780-3 0  9997
2 42717  51.6382 334.5953 0002465 166.2324 193.8737 15.61404184 28249
HOOPOE                  
1 42718U 98067LZ  17324.50041692  .00024213  00000-0  27617-3 0  9994
2 42718  51.6382 334.0695 0002366 160.1340 199.9747 15.62084370 28250
CHALLENGER              
1 42721U 98067MA  17324.50397166  .00033794  00000-0  35191-3 0  9998
2 42721  51.6368 333.3278 0004854 143.4286 216.7041 15.64222647 27969
NJUST-1                 
1 42722U 98067MB  17324.48770119  .00015599  00000-0  19492-3 0  9998
2 42722  51.6387 335.4832 0005883 158.4415 201.6827 15.60016470 27936
UNSW-ECO                
1 42723U 98067MC  17324.27865166  .00023778  00000-0  27223-3 0  9992
2 42723  51.6390 335.5922 0005146 149.6490 210.4803 15.61989364 27898
DUTHSAT                 
1 42724U 98067MD  17324.52637923  .00031080  00000-0  32931-3 0  9996
2 42724  51.6377 333.4893 0004077 143.0846 217.0430 15.63828469 27869
LILACSAT-1              
1 42725U 98067ME  17324.53438747  .00018980  00000-0  22990-3 0  9999
2 42725  51.6387 335.0484 0004665 155.7275 204.3939 15.60679439 27843
NSIGHT-1                
1 42726U 98067MF  17324.26093687  .00009022  00000-0  12438-3 0  9993
2 42726  51.6397 337.7286 0005533 164.0648 196.0520 15.58025279 27797
SNUSAT-1                
1 42727U 98067MG  17324.47058995  .00021001  00000-0  25478-3 0  9999
2 42727  51.6375 335.3567 0007226 119.9531 240.2180 15.60548442 27802
QBITO                   
1 42728U 98067MH  17324.49629914  .00022049  00000-0  25992-3 0  9991
2 42728  51.6402 334.8080 0002188 144.9727 215.1411 15.61288248 27652
AALTO-2                 
1 42729U 98067MJ  17324.55911431  .00021509  00000-0  25323-3 0  9995
2 42729  51.6389 334.4662 0002152 143.5044 216.6096 15.61338658 27675
SUSAT                   
1 42730U 98067MK  17324.51066170  .00021062  00000-0  25137-3 0  9991
2 42730  51.6383 334.8877 0002367 143.5161 216.5994 15.60996788 27658
I-INSPIRE II            
1 42731U 98067ML  17324.52017462  .00023024  00000-0  26147-3 0  9995
2 42731  51.6372 334.1855 0006918 103.1780 256.9987 15.62209983 27714
POLYITAN-2-SAU          
1 42732U 98067MM  17324.29482012  .00021544  00000-0  25212-3 0  9994
2 42732  51.6380 335.6838 0006948 103.7376 256.4391 15.61474136 27673
SNUSAT-1B               
1 42733U 98067MN  17324.51102070  .00020744  00000-0  24779-3 0  9991
2 42733  51.6382 334.8813 0006964 107.5916 252.5839 15.60965238 27705
EXALTA-1                
1 42734U 98067MP  17324.33355906  .00025307  00000-0  28725-3 0  9995
2 42734  51.6373 335.1916 0007397 128.1183 232.0479 15.62158211 27632
AOXIANG-1               
1 42735U 98067MQ  17324.54466839  .00015173  00000-0  18884-3 0  9992
2 42735  51.6380 335.1081 0006468 155.8978 204.2319 15.60145523 29075
BEEAGLESAT              
1 42736U 98067MR  17324.52940415  .00017975  00000-0  21889-3 0  9999
2 42736  51.6379 335.0056 0006283 153.2644 206.8674 15.60573260 27761
ATLANTIS                
1 42737U 98067MS  17324.45428270  .00061099  00000-0  51505-3 0  9996
2 42737  51.6345 331.4737 0005092 117.2301 242.9215 15.69203591 27698
LEMUR-2-ANGELA          
1 42752U 17019B   17324.39568814  .00002833  00000-0  11401-3 0  9995
2 42752  51.6430  11.8638 0010520 178.6274 181.4736 15.28265811 25175
LEMUR-2-JENNYBARNA      
1 42753U 17019C   17324.44604886  .00002708  00000-0  10859-3 0  9999
2 42753  51.6417  11.4555 0010264 178.3748 181.7267 15.28567711 25124
LEMUR-2-ROBMOORE        
1 42754U 17019D   17324.46899262  .00003388  00000-0  13415-3 0  9992
2 42754  51.6426  11.5994 0010555 181.6966 178.3980 15.28187090 25161
LEMUR-2-SPIROVISION     
1 42755U 17019E   17324.45628828  .00003359  00000-0  13197-3 0  9995
2 42755  51.6424  11.5159 0010306 181.4078 178.6875 15.28479368 25055
UCLSAT                  
1 42765U 17036A   17324.21116365  .00001964  00000-0  90853-4 0  9992
2 42765  97.4312  22.1430 0013687  89.6032 270.6772 15.21251027 22930
LITUANICASAT-2          
1 42768U 17036D   17324.24563722  .00003316  00000-0  15463-3 0  9997
2 42768  97.4319  21.9496 0017694  79.6247 280.6981 15.20432630 22807
LEMUR-2-SHAINAJOHL      
1 42771U 17036G   17324.10374129  .00002043  00000-0  96618-4 0  9995
2 42771  97.4315  21.8321 0016871  79.5570 280.7566 15.20407725 22725
LEMUR-2-XUENITERENCE    
1 42772U 17036H   17323.70436468  .00002684  00000-0  12578-3 0  9999
2 42772  97.4317  21.4483 0016540  80.4792 279.8311 15.20446671 22666
LEMUR-2-LUCYBRYCE       
1 42773U 17036J   17324.22079315  .00002869  00000-0  13350-3 0  9996
2 42773  97.4316  21.9819 0016269  78.7617 281.5446 15.20638262 22745
LEMUR-2-KUNGFOO         
1 42774U 17036K   17324.22425083  .00002390  00000-0  11212-3 0  9998
2 42774  97.4316  21.9809 0016258  78.5968 281.7093 15.20518184 22739
AALTO-1                 
1 42775U 17036L   17324.48864474  .00001510  00000-0  72410-4 0  9999
2 42775  97.4312  22.2333 0015998  76.6402 283.6615 15.20338872 22784
URSA MAIOR              
1 42776U 17036M   17324.22113547  .00001592  00000-0  76017-4 0  9997
2 42776  97.4316  21.9850 0015848  77.7690 282.5319 15.20395943 22741
COMPASS 2               
1 42777U 17036N   17324.11774130  .00002059  00000-0  95856-4 0  9998
2 42777  97.4328  21.9900 0014872  82.2618 278.0305 15.20965290 22729
LEMUR-2-LYNSEY-SYMO     
1 42779U 17036Q   17324.09522363  .00002291  00000-0  10544-3 0  9994
2 42779  97.4320  22.0038 0014428  88.2958 271.9930 15.21249083 22718
LEMUR-2-LISASAURUS      
1 42780U 17036R   17324.16344709  .00002024  00000-0  93803-4 0  9994
2 42780  97.4316  22.0597 0014346  87.8322 272.4556 15.21147702 22731
LEMUR-2-SAM-AMELIA      
1 42781U 17036S   17324.15673036  .00002226  00000-0  10246-3 0  9995
2 42781  97.4318  22.0672 0014230  88.4912 271.7954 15.21282438 22721
LEMUR-2-MCPEAKE         
1 42782U 17036T   17324.15373980  .00002212  00000-0  10174-3 0  9996
2 42782  97.4319  22.0750 0014091  88.0754 272.2096 15.21317638 22729
DIAMOND RED             
1 42783U 17036U   17323.70386997  .00001859  00000-0  86794-4 0  9997
2 42783  97.4315  21.6007 0014262  90.5614 269.7256 15.20997220 22661
PEGASUS                 
1 42784U 17036V   17323.76434593  .00002216  00000-0  10254-3 0  9995
2 42784  97.4316  21.6754 0014230  90.8598 269.4268 15.21097132 22676
DIAMOND GREEN           
1 42785U 17036W   17323.70296094  .00002003  00000-0  93291-4 0  9999
2 42785  97.4318  21.6063 0014164  91.0972 269.1886 15.20993640 22656
DIAMOND BLUE            
1 42786U 17036X   17323.70137241  .00001926  00000-0  89883-4 0  9993
2 42786  97.4318  21.6074 0013998  91.4706 268.8133 15.20971762 22665
NUDTSAT                 
1 42787U 17036Y   17324.46891120  .00002892  00000-0  13159-3 0  9996
2 42787  97.4316  22.4148 0013834  89.1188 271.1633 15.21434037 22620
SUCHAI                  
1 42788U 17036Z   17324.21273668  .00002209  00000-0  10173-3 0  9996
2 42788  97.4315  22.1439 0013856  89.6777 270.6046 15.21275253 22819
SKCUBE                  
1 42789U 17036AA  17323.74948287  .00002390  00000-0  10978-3 0  9994
2 42789  97.4315  21.6914 0013677  91.0304 269.2499 15.21280110 22663
VZLUSAT-1               
1 42790U 17036AB  17323.73874766  .00003075  00000-0  13959-3 0  9998
2 42790  97.4315  21.7021 0013364  91.5982 268.6784 15.21468543 22663
ROBUSTA-1B              
1 42792U 17036AD  17324.46044149  .00002215  00000-0  10160-3 0  9991
2 42792  97.4312  22.4169 0013242  89.8852 270.3901 15.21415596 22788
CICERO 6                
1 42793U 17036AE  17324.11773380  .00001348  00000-0  63006-4 0  9994
2 42793  97.4310  22.1074 0012324  91.6460 268.6187 15.21458502 22808
D-SAT                   
1 42794U 17036AF  17324.16629902  .00000530  00000-0  52202-4 0  9998
2 42794  97.6235  21.3675 0125961 257.3126 101.3987 14.90707154 22588
TOKI                    
1 42820U 98067MU  17324.49020567  .00017634  00000-0  22110-3 0  9996
2 42820  51.6378 336.2440 0003853  82.6143 277.5288 15.59829825 21201
GHANASAT-1              
1 42821U 98067MV  17324.30600995  .00017464  00000-0  22057-3 0  9997
2 42821  51.6381 337.2644 0003781  85.6156 274.5269 15.59645910 21151
MAZAALAI (NUMSAT-1)     
1 42822U 98067MW  17324.49791124  .00018026  00000-0  22693-3 0  9994
2 42822  51.6381 336.2967 0003735  87.3386 272.8035 15.59705839 21184
BRAC ONNESHA            
1 42823U 98067MX  17324.49982243  .00018127  00000-0  22799-3 0  9998
2 42823  51.6387 336.3142 0006233 114.2755 245.8890 15.59714688 21184
NIGERIAEDUSAT-1         
1 42824U 98067MY  17323.48060766  .00018956  00000-0  23929-3 0  9990
2 42824  51.6393 341.5099 0006078 111.2133 248.9509 15.59584146 21012
LEMUR-2-GREENBERG       
1 42837U 17042N   17323.77912040  .00001025  00000-0  10850-3 0  9999
2 42837  97.6078 228.9145 0013253 168.2628 191.8903 14.91200845 19141
LEMUR-2-ANDIS           
1 42838U 17042P   17323.71022974  .00001085  00000-0  11441-3 0  9995
2 42838  97.6078 228.8514 0013340 168.4272 191.7256 14.91219221 19132
LEMUR-2-MONSON          
1 42839U 17042Q   17324.30698973  .00000654  00000-0  71013-4 0  9993
2 42839  97.6078 229.4422 0013240 165.6968 194.4628 14.91262709 19220
LEMUR-2-FURIAUS         
1 42840U 17042R   17324.30254890  .00001081  00000-0  11368-3 0  9992
2 42840  97.6077 229.4467 0013195 166.0594 194.0992 14.91356319 19219
LEMUR-2-PETERG          
1 42841U 17042S   17324.29119902  .00001208  00000-0  12599-3 0  9993
2 42841  97.6078 229.4628 0012894 164.3902 195.7717 14.91487751 19228
LEMUR-2-DEMBITZ         
1 42842U 17042T   17323.81968675  .00001267  00000-0  13177-3 0  9998
2 42842  97.6077 229.0097 0012858 166.4949 193.6617 14.91507745 19152
LEMUR-2-ZACHARY         
1 42845U 17042W   17323.73426631  .00000999  00000-0  10456-3 0  9991
2 42845  97.6028 228.8840 0013073 171.4696 188.6748 14.91702688 19139
FLOCK 2K-03             
1 42850U 17042AB  17324.03654516  .00008252  00000-0  24689-3 0  9999
2 42850  96.9945 226.1904 0012119 142.3945 217.8149 15.34711431 19539
FLOCK 2K-04             
1 42851U 17042AC  17323.71410043  .00011649  00000-0  34726-3 0  9996
2 42851  96.9950 225.8802 0011825 144.8265 215.3762 15.34736711 19480
FLOCK 2K-01             
1 42852U 17042AD  17323.77750670  .00011370  00000-0  33892-3 0  9990
2 42852  96.9946 225.9421 0011697 143.3305 216.8742 15.34748685 19498
FLOCK 2K-02             
1 42853U 17042AE  17323.68749836  .00003464  00000-0  11011-3 0  9997
2 42853  96.9926 225.7729 0011379 144.2042 215.9994 15.33186024 19470
FLOCK 2K-47             
1 42854U 17042AF  17323.77411590  .00010673  00000-0  31890-3 0  9998
2 42854  96.9944 225.9443 0011542 141.4957 218.7113 15.34690164 19494
FLOCK 2K-48             
1 42855U 17042AG  17324.29427822  .00006120  00000-0  18391-3 0  9995
2 42855  96.9944 226.4457 0011638 140.0198 220.1905 15.34683383 19574
FLOCK 2K-45             
1 42856U 17042AH  17323.96658088  .00004419  00000-0  13342-3 0  9999
2 42856  96.9945 226.1353 0011705 140.2377 219.9727 15.34679122 19523
FLOCK 2K-24             
1 42857U 17042AJ  17323.96544793  .00008074  00000-0  24167-3 0  9995
2 42857  96.9947 226.1356 0011871 138.6281 221.5865 15.34708449 19525
FLOCK 2K-46             
1 42858U 17042AK  17323.96414140  .00004463  00000-0  13457-3 0  9996
2 42858  96.9948 226.1442 0011929 139.6321 220.5811 15.34713912 19524
FLOCK 2K-23             
1 42859U 17042AL  17324.22327790  .00004077  00000-0  12303-3 0  9991
2 42859  96.9947 226.3912 0011954 139.6069 220.6065 15.34737818 19562
FLOCK 2K-21             
1 42860U 17042AM  17323.96094955  .00004564  00000-0  13763-3 0  9999
2 42860  96.9950 226.1451 0011911 139.8097 220.4030 15.34700338 19523
FLOCK 2K-22             
1 42861U 17042AN  17324.23579543  .00008717  00000-0  26166-3 0  9997
2 42861  96.9954 226.3792 0011967 137.5227 222.6945 15.34593003 19561
FLOCK 2K-07             
1 42862U 17042AP  17324.22018203  .00008986  00000-0  26865-3 0  9992
2 42862  96.9949 226.3958 0012244 139.7428 220.4725 15.34710792 19575
FLOCK 2K-08             
1 42863U 17042AQ  17323.69581082  .00009406  00000-0  28110-3 0  9996
2 42863  96.9948 225.8992 0012159 142.0080 218.2024 15.34709020 19482
FLOCK 2K-05             
1 42864U 17042AR  17323.95813575  .00008994  00000-0  26846-3 0  9996
2 42864  96.9950 226.1492 0012287 139.9933 220.2218 15.34758949 19526
FLOCK 2K-40             
1 42865U 17042AS  17323.69436844  .00012720  00000-0  37895-3 0  9996
2 42865  96.9951 225.9062 0012170 141.9574 218.2532 15.34733951 19480
FLOCK 2K-39             
1 42866U 17042AT  17323.69293868  .00010706  00000-0  31943-3 0  9994
2 42866  96.9948 225.9050 0012196 141.4426 218.7692 15.34726290 19483
FLOCK 2K-37             
1 42867U 17042AU  17323.95236277  .00009395  00000-0  28067-3 0  9990
2 42867  96.9949 226.1560 0012189 141.1369 219.0754 15.34722245 19523
FLOCK 2K-38             
1 42868U 17042AV  17323.68849387  .00009933  00000-0  29681-3 0  9994
2 42868  96.9948 225.9124 0012140 141.3656 218.8459 15.34698472 19482
FLOCK 2K-31             
1 42869U 17042AW  17324.27354879  .00008432  00000-0  25230-3 0  9997
2 42869  96.9945 226.4694 0012313 137.9661 222.2530 15.34702145 19579
FLOCK 2K-32             
1 42870U 17042AX  17324.20694422  .00004846  00000-0  14567-3 0  9999
2 42870  96.9945 226.4098 0012357 138.5315 221.6869 15.34770159 19567
FLOCK 2K-29             
1 42871U 17042AY  17323.68389077  .00003874  00000-0  11707-3 0  9991
2 42871  96.9948 225.9192 0012439 139.5560 220.6611 15.34722087 19486
FLOCK 2K-30             
1 42872U 17042AZ  17323.68249747  .00003280  00000-0  99508-4 0  9998
2 42872  96.9947 225.9187 0012346 140.9251 219.2887 15.34706999 19472
FLOCK 2K-44             
1 42873U 17042BA  17324.20254725  .00007624  00000-0  22800-3 0  9996
2 42873  96.9946 226.4180 0013741 129.2117 231.0349 15.34729320 19560
FLOCK 2K-43             
1 42874U 17042BB  17323.77334551  .00003218  00000-0  10055-3 0  9998
2 42874  96.9950 225.9510 0014277 132.7110 227.5338 15.33748942 19494
FLOCK 2K-41             
1 42875U 17042BC  17324.20117352  .00006724  00000-0  20147-3 0  9994
2 42875  96.9948 226.4163 0013840 130.5856 229.6595 15.34711998 19568
FLOCK 2K-36             
1 42876U 17042BD  17324.19801771  .00006998  00000-0  20966-3 0  9990
2 42876  96.9949 226.4247 0014123 131.0658 229.1809 15.34695823 19565
FLOCK 2K-35             
1 42877U 17042BE  17323.67797861  .00003314  00000-0  10043-3 0  9991
2 42877  96.9949 225.9267 0013842 132.4590 227.7827 15.34715307 19484
FLOCK 2K-34             
1 42878U 17042BF  17323.67494396  .00005527  00000-0  16608-3 0  9990
2 42878  96.9947 225.9261 0014006 133.1127 227.1292 15.34697184 19486
FLOCK 2K-33             
1 42879U 17042BG  17323.80241720  .00009724  00000-0  29027-3 0  9999
2 42879  96.9949 226.0536 0014082 132.6616 227.5817 15.34711017 19509
FLOCK 2K-28             
1 42880U 17042BH  17323.76995393  .00003177  00000-0  99294-4 0  9998
2 42880  96.9952 225.9573 0014241 133.4031 226.8401 15.33756844 19496
LEMUR-2-ARTFISCHER      
1 42881U 17042BJ  17323.68749514  .00005379  00000-0  16362-3 0  9992
2 42881  96.9978 225.9560 0014743 134.7719 225.4727 15.34312088 19478
FLOCK 2K-27             
1 42882U 17042BK  17324.19196858  .00004721  00000-0  14217-3 0  9994
2 42882  96.9952 226.4320 0014206 131.6632 228.5831 15.34699883 19566
FLOCK 2K-26             
1 42883U 17042BL  17324.51514878  .00009868  00000-0  29439-3 0  9996
2 42883  96.9947 226.7418 0014159 129.3030 230.9472 15.34727250 19619
FLOCK 2K-25             
1 42884U 17042BM  17323.80395922  .00009662  00000-0  28837-3 0  9998
2 42884  96.9947 226.0497 0014078 132.4715 227.7721 15.34718141 19503
FLOCK 2K-20             
1 42885U 17042BN  17324.25297315  .00007305  00000-0  21860-3 0  9997
2 42885  96.9951 226.4992 0014257 130.1732 230.0763 15.34718972 19578
FLOCK 2K-19             
1 42886U 17042BP  17323.79957060  .00008887  00000-0  26537-3 0  9998
2 42886  96.9952 226.0632 0014196 131.9481 228.2975 15.34725344 19507
FLOCK 2K-18             
1 42887U 17042BQ  17323.78770324  .00012290  00000-0  36602-3 0  9991
2 42887  96.9950 226.0743 0014583 131.0096 229.2412 15.34719555 19506
FLOCK 2K-17             
1 42888U 17042BR  17323.79202901  .00006527  00000-0  19575-3 0  9990
2 42888  96.9944 226.0630 0014393 130.4326 229.8176 15.34688656 19503
FLOCK 2K-16             
1 42889U 17042BS  17323.79372550  .00008736  00000-0  26065-3 0  9995
2 42889  96.9949 226.0697 0014061 130.5395 229.7076 15.34756837 19506
FLOCK 2K-15             
1 42890U 17042BT  17324.30795872  .00007426  00000-0  22182-3 0  9992
2 42890  96.9954 226.5789 0014543 128.9933 231.2609 15.34767206 19585
FLOCK 2K-13             
1 42891U 17042BU  17324.12108120  .00003713  00000-0  11213-3 0  9995
2 42891  96.9947 226.3749 0014416 127.3696 232.8863 15.34741454 19553
FLOCK 2K-14             
1 42892U 17042BV  17324.31088742  .00007206  00000-0  21536-3 0  9994
2 42892  96.9943 226.5617 0014561 128.1236 232.1323 15.34757944 19584
FLOCK 2K-12             
1 42893U 17042BW  17323.71818914  .00003594  00000-0  10849-3 0  9991
2 42893  96.9952 226.0213 0014582 131.0366 229.2142 15.34773912 19491
FLOCK 2K-11             
1 42894U 17042BX  17323.79083240  .00008227  00000-0  24558-3 0  9996
2 42894  96.9949 226.0742 0014557 127.5737 232.6832 15.34754872 19509
FLOCK 2K-10             
1 42895U 17042BY  17323.65451860  .00010562  00000-0  31439-3 0  9990
2 42895  96.9948 225.9495 0014648 129.7197 230.5341 15.34771517 19481
FLOCK 2K-09             
1 42896U 17042BZ  17324.17293572  .00005694  00000-0  17089-3 0  9998
2 42896  96.9952 226.4543 0014497 127.5131 232.7433 15.34714432 19730
FLOCK 2K-06             
1 42897U 17042CA  17324.27675962  .00010460  00000-0  31215-3 0  9991
2 42897  96.9949 226.4684 0012308 139.1427 221.0743 15.34725856 19578
SILU-1 (SILKROAD 1)     
1 42903U 17021F   17324.01194091  .00021014  00000-0  22557-3 0  9993
2 42903  42.7793 147.0558 0009455 272.8233 225.8463 15.63311484 17107
FLOCK 3M-1              
1 42995U 17068J   17324.32278687  .00001481  00000-0  75836-4 0  9998
2 42995  97.3428  77.9476 0018618 153.2525 206.9673 15.17995544  2949
FLOCK 3M-3              
1 42996U 17068K   17324.32074277  .00001441  00000-0  73521-4 0  9993
2 42996  97.3383  77.9370 0017966 153.8390 206.3756 15.18155506  2947
FLOCK 3M-4              
1 42997U 17068L   17324.38563606  .00001364  00000-0  69647-4 0  9997
2 42997  97.3596  78.0663 0017706 154.6389 205.5718 15.18232690  2950
FLOCK 3M-2              
1 42998U 17068M   17324.38183472  .00001539  00000-0  77566-4 0  9990
2 42998  97.3496  78.0405 0016065 150.2917 209.9233 15.18532533  2959
