CUTE-1 (CO-55)          
1 27844U 03031E   18091.90154549  .00000043  00000-0  39025-4 0  9998
2 27844  98.6891 101.6761 0008901 227.6968 132.3456 14.22103066765319
CUBESAT XI-IV (CO-57)   
1 27848U 03031J   18091.69891451  .00000031  00000-0  34083-4 0  9994
2 27848  98.6978 101.8483 0008665 239.5473 120.4849 14.21708341765198
CUBESAT XI 5            
1 28895U 05043F   18092.38725917  .00000130  00000-0  33820-4 0  9990
2 28895  97.8975 246.9599 0015689 312.0891  47.8977 14.63525426662785
CUTE-1.7+APD II (CO-65) 
1 32785U 08021C   18092.19992179  .00000164  00000-0  23465-4 0  9998
2 32785  97.5511 107.9924 0011630 293.2052  66.7940 14.88086782537875
AAUSAT-II               
1 32788U 08021F   18091.61766588  .00000694  00000-0  69688-4 0  9995
2 32788  97.5292 121.2869 0010520 240.7515 119.2655 14.94269720538644
DELFI-C3 (DO-64)        
1 32789U 08021G   18092.23334077  .00001655  00000-0  11799-3 0  9996
2 32789  97.5207 148.9431 0012450 190.0895 170.0084 15.05870708540353
SEEDS II (CO-66)        
1 32791U 08021J   18092.54640767  .00000324  00000-0  38549-4 0  9994
2 32791  97.5416 113.5058 0011823 270.3706  89.6158 14.90503229538243
SWISSCUBE               
1 35932U 09051B   18091.88872532  .00000130  00000-0  40461-4 0  9992
2 35932  98.5332 241.2641 0008877  86.6542 273.5670 14.56137281452330
BEESAT                  
1 35933U 09051C   18091.92143858  .00000121  00000-0  38180-4 0  9995
2 35933  98.5373 242.7961 0007094  97.7968 262.4035 14.56243907452360
ITUPSAT 1               
1 35935U 09051E   18091.93318415  .00000076  00000-0  28517-4 0  9993
2 35935  98.5485 243.0621 0009381  93.2811 266.9459 14.55423327452209
M-CUBED & EXP-1 PRIME   
1 37855U 11061F   18091.91886514  .00001140  00000-0  66462-4 0  9992
2 37855 101.7248 115.4251 0176930 307.9631  50.5708 15.04231708349717
STRAND-1                
1 39090U 13009E   18092.17900593  .00000018  00000-0  21540-4 0  9993
2 39090  98.5294 299.5206 0009599 156.4312 203.7315 14.35017435266926
AIST-2 (RS-43)          
1 39133U 13015D   18092.53879616  .00000076  00000-0  17965-4 0  9999
2 39133  64.8723  90.9551 0029282 234.2293 125.6104 15.04515822271831
SOMP                    
1 39134U 13015E   18092.22734379  .00001058  00000-0  59776-4 0  9999
2 39134  64.8650  12.5870 0020854 219.5542 140.4064 15.18953352273363
BEESAT 3                
1 39135U 13015F   18091.92774909  .00000895  00000-0  55523-4 0  9993
2 39135  64.8709  25.9296 0026309 246.0760 113.7610 15.16510023272694
BEESAT-2                
1 39136U 13015G   18092.26665158  .00000775  00000-0  50113-4 0  9994
2 39136  64.8710  27.4204 0026841 245.2894 114.5437 15.15984971273089
NEE-01 PEGASUS          
1 39151U 13018B   18092.23624319  .00000156  00000-0  27711-4 0  9996
2 39151  97.9731 186.8506 0016933 190.0040 170.0837 14.79872731266286
ESTCUBE 1               
1 39161U 13021C   18092.50937265  .00000148  00000-0  31423-4 0  9994
2 39161  98.0082 179.5179 0008216 305.4811  54.5642 14.72039219263316
POPACS 1                
1 39268U 13055D   18092.49753636  .00003836  00000-0  10658-3 0  9998
2 39268  81.0024  65.6403 0641652  89.3551 278.1066 14.33546792233602
POPACS 2                
1 39269U 13055E   18092.41500365  .00002180  00000-0  62290-4 0  9991
2 39269  81.0129  86.1300 0694138 142.5349 222.6380 14.21695517232370
POPACS 3                
1 39270U 13055F   18091.43201401  .00001929  00000-0  60038-4 0  9991
2 39270  81.0141  98.4567 0720500 178.9923 181.2926 14.14383083231505
ZACUBE-1 (TSHEPISOSAT)  
1 39417U 13066B   18091.62617665  .00000206  00000-0  32383-4 0  9999
2 39417  97.5954 124.3207 0060220  47.1193 313.5055 14.80900454235466
WNISAT-1                
1 39423U 13066H   18092.52216732  .00000029  00000-0  15878-4 0  9999
2 39423  97.7184  62.4864 0174043 253.8021 104.3957 14.52937360231240
GOMX 1                  
1 39430U 13066Q   18092.52460592  .00000146  00000-0  35671-4 0  9995
2 39430  97.6916  74.8794 0150822 208.9282 150.3499 14.59046172232127
EAGLE 2                 
1 39436U 13066W   18092.29928133  .00147265  00000-0  12368-2 0  9995
2 39436  97.7130 222.8727 0001433 221.5438 138.5714 15.69445505241404
CUBEBUG-2 (LO-74)       
1 39440U 13066AA  18091.92481284  .00000214  00000-0  36663-4 0  9998
2 39440  97.6064 111.6735 0082101  83.4237 277.6312 14.75634999233471
NEE-02 KRYSAOR          
1 39441U 13066AB  18091.55746591  .00000126  00000-0  24923-4 0  9991
2 39441  97.6062 109.6242 0083548  89.2512 271.8270 14.74750235234488
FUNCUBE-1 (AO-73)       
1 39444U 13066AE  18091.86468208  .00000266  00000-0  39261-4 0  9990
2 39444  97.5964 125.9752 0059256  42.1179 318.4566 14.81669849234354
UWE-3                   
1 39446U 13066AG  18092.55196508  .00000206  00000-0  33949-4 0  9991
2 39446  97.5995 118.3578 0071626  63.1317 297.7193 14.78169179233940
BRITE-TORONTO           
1 40020U 14033L   18092.55159755  .00000043  00000-0  15674-4 0  9993
2 40020  97.7968 314.6699 0088720 125.3687 235.5849 14.66479203202506
DUCHIFAT-1              
1 40021U 14033M   18092.32156342  .00000478  00000-0  55062-4 0  9995
2 40021  97.9172  10.9034 0014430  70.3693 289.9080 14.90241604205656
NANOSATC-BR1            
1 40024U 14033Q   18092.25812988  .00000352  00000-0  42836-4 0  9991
2 40024  97.9112   9.2310 0013723  72.5639 287.7077 14.89513658205571
QB50P1                  
1 40025U 14033R   18091.72496638  .00000267  00000-0  34579-4 0  9993
2 40025  97.9076   7.2734 0013965  77.8557 282.4223 14.88666622205411
QB50P2                  
1 40032U 14033Y   18091.72459636  .00000244  00000-0  32535-4 0  9993
2 40032  97.9034   6.0686 0013346  73.8628 286.4057 14.88214572205359
PERSEUS-M2              
1 40037U 14033AD  18092.21242342  .00000104  00000-0  18014-4 0  9998
2 40037  97.9029   4.3260 0015871  79.7089 280.5915 14.86337102205247
PERSEUS-M1              
1 40039U 14033AF  18092.21808840  .00000093  00000-0  16981-4 0  9999
2 40039  97.9029   3.7390 0015702  76.5811 283.7153 14.85959011205198
POLYITAN-1              
1 40042U 14033AJ  18091.83233778  .00000348  00000-0  43612-4 0  9996
2 40042  97.9151   7.4749 0016170  66.8617 293.4301 14.88344000204846
TIGRISAT                
1 40043U 14033AK  18092.21569675  .00000153  00000-0  30102-4 0  9992
2 40043  97.8200 332.2605 0061558  83.8071 277.0146 14.74113336203412
AEROCUBE 6A             
1 40045U 14033AM  18091.86199062  .00000339  00000-0  56329-4 0  9998
2 40045  97.8358 333.9477 0059618  79.3804 281.4113 14.75093724203031
AEROCUBE 6B             
1 40046U 14033AN  18091.86274363  .00000319  00000-0  53481-4 0  9991
2 40046  97.8332 333.8301 0058744  78.9497 281.8311 14.75083844203419
UKUBE-1                 
1 40074U 14037F   18092.42087031  .00000314  00000-0  45102-4 0  9999
2 40074  98.3744 225.9072 0004365 181.8832 178.2376 14.83750704202061
BRITE-PL 2              
1 40119U 14049B   18092.23270515  .00000128  00000-0  21726-4 0  9991
2 40119  97.9181 181.3887 0016583 222.3938 137.5996 14.84266507196032
FIREBIRD 4              
1 40378U 15003C   18092.26086472  .00001786  00000-0  76655-4 0  9991
2 40378  99.0960 338.9954 0133195 122.7836 238.6306 15.16909184174812
GRIFEX                  
1 40379U 15003D   18092.54895035  .00001213  00000-0  57041-4 0  9999
2 40379  99.0995 335.8486 0139810 133.2955 228.0033 15.14100909174654
EXOCUBE                 
1 40380U 15003E   18092.18255597  .00000903  00000-0  45456-4 0  9996
2 40380  99.1046 333.4826 0144041 140.9595 220.2135 15.12344271174469
TIANWANG 1C (TW-1C)     
1 40926U 15051B   18092.40822797  .00006420  00000-0  12540-3 0  9999
2 40926  97.1923 135.1328 0009878 182.3460 303.0190 15.47768630141585
TIANWANG 1A (TW-1A)     
1 40928U 15051D   18092.37429412  .00002578  00000-0  70433-4 0  9990
2 40928  97.1938 127.8468 0010313 229.7764 250.9695 15.38263461141127
EXACTVIEW 9             
1 40936U 15052G   18091.14262544  .00000822  00000-0  26080-4 0  9994
2 40936   6.0052 343.3831 0010644 346.4182  13.5734 14.76363256135561
ATHENOXAT 1             
1 41168U 15077C   18092.45484609  .00001874  00000-0  66253-4 0  9996
2 41168  14.9866 214.5224 0012383  69.3272 348.6440 15.12587000126896
GALASSIA                
1 41170U 15077E   18091.88341907  .00001820  00000-0  62316-4 0  9995
2 41170  14.9879 213.6041 0013248  81.3646 278.8176 15.12986224126857
VELOX 2                 
1 41171U 15077F   18091.84462880  .00001452  00000-0  46433-4 0  9999
2 41171  14.9907 233.5269 0009047  23.5918 336.4816 15.10531814126676
HORYU-IV                
1 41340U 16012D   18092.30844754  .00000520  00000-0  33136-4 0  9994
2 41340  31.0054  69.7657 0014060  61.0588 299.1456 15.00929091116488
E-ST@R-II               
1 41459U 16025D   18092.34858312  .00001588  00000-0  86463-4 0  9994
2 41459  98.1460 150.9944 0173123  43.1352 318.3259 15.04182429106026
AAUSAT 4                
1 41460U 16025E   18092.39697565  .00001776  00000-0  95625-4 0  9991
2 41460  98.1392 151.4326 0163974  39.5342 321.7703 15.05523165106088
DIWATA-1                
1 41463U 98067HT  18092.35973472  .00009703  00000-0  88585-4 0  9995
2 41463  51.6411 359.3609 0001771 141.7365 326.2061 15.68612628110092
BEESAT-4                
1 41619U 16040W   18092.13403307  .00001332  00000-0  61509-4 0  9997
2 41619  97.4231 156.3119 0013006 132.1952 228.0391 15.21885656 86521
CANX-7                  
1 41788U 16059F   18092.50664237  .00004202  00000-0  73129-3 0  9995
2 41788  98.2020 158.6995 0024683 340.3688  19.6697 14.68430137 80990
ALSAT 1N                
1 41789U 16059G   18092.37412042  .00000060  00000-0  20596-4 0  9995
2 41789  98.1265 156.1971 0027571 328.8865  31.0704 14.64138245 80926
RAVAN                   
1 41849U 16067B   18092.18490345  .00001294  00000-0  11580-3 0  9994
2 41849  97.9260 179.8184 0009737  65.6004 294.6233 14.97639762 75753
CELTEE 1                
1 41850U 16067C   18092.21658610 -.00000342  00000-0 -24545-4 0  9992
2 41850  97.9247 179.4307 0010024  60.8182 299.4040 14.96772165 75739
OPTICUBE 04             
1 41851U 16067D   18092.30850595  .00000330  00000-0  34286-4 0  9997
2 41851  97.9239 179.4578 0010034  63.6283 296.5967 14.96637074 75741
AEROCUBE 8D             
1 41852U 16067E   18092.20222321  .00000225  00000-0  25188-4 0  9991
2 41852  97.9260 179.2032 0011119  62.7374 297.4978 14.96447362 75713
AEROCUBE 8C             
1 41853U 16067F   18092.21454882 -.00000284  00000-0 -19706-4 0  9998
2 41853  97.9257 179.1838 0011296  62.8699 297.3673 14.96408975 75718
PROMETHEUS 2-1          
1 41854U 16067G   18092.22567616  .00000124  00000-0  16280-4 0  9995
2 41854  97.9257 179.1871 0011400  62.9034 297.3349 14.96483846 75717
PROMETHEUS 2-3          
1 41855U 16067H   18092.22817973  .00000193  00000-0  22369-4 0  9991
2 41855  97.9259 179.1924 0011562  63.3922 296.8482 14.96480833 75714
ITF-2                   
1 41932U 98067KU  18092.18064768  .00026503  00000-0  20506-3 0  9991
2 41932  51.6383  11.1708 0002553 252.6795 107.3924 15.71681425 68792
WASEDA-SAT3             
1 41933U 98067KV  18092.15222082  .00038035  00000-0  24749-3 0  9990
2 41933  51.6367   7.1204 0002080 238.6156 121.4640 15.75539914 68848
AOBA-VELOX 3            
1 41935U 98067KX  18091.90470119  .00033559  00000-0  23334-3 0  9995
2 41935  51.6374  10.0358 0001907 241.6164 118.4643 15.74068234 68885
INS-1B                  
1 41954U 17008G   18091.90425758  .00001189  00000-0  53929-4 0  9999
2 41954  97.4540 156.4886 0007881 258.5102 101.5249 15.22781052 62394
BGUSAT                  
1 41999U 17008BD  18092.47849391  .00001758  00000-0  75016-4 0  9997
2 41999  97.4581 157.8972 0006834 277.4402  82.6058 15.24235400 61893
DIDO-2                  
1 42000U 17008BE  18092.44801391  .00000838  00000-0  38627-4 0  9991
2 42000  97.4557 157.4172 0007069 279.5354  80.5084 15.23027599 61879
PEASSS                  
1 42015U 17008BV  18092.13761847  .00001052  00000-0  46656-4 0  9994
2 42015  97.4553 157.4776 0004997 291.6897  68.3808 15.23803452 62335
AL-FARABI 1             
1 42016U 17008BW  18092.47784632  .00001286  00000-0  55812-4 0  9992
2 42016  97.4560 157.9613 0004871 290.4283  69.6431 15.24164600 62518
NAYIF-1 (EO-88)         
1 42017U 17008BX  18092.14499548  .00001370  00000-0  59203-4 0  9998
2 42017  97.4558 157.6359 0004855 292.3056  67.7666 15.24186391 62487
HAVELSAT                
1 42700U 98067LH  18092.42865989  .00022069  00000-0  20634-3 0  9991
2 42700  51.6381  21.0720 0002996 340.5833  19.5048 15.67189572 50129
SGSAT                   
1 42703U 98067LL  18092.21818873  .00186380  00000-0  64606-3 0  9995
2 42703  51.6324   8.2209 0003883 185.6273 174.4689 15.88389259 50185
CXBN-2                  
1 42704U 98067LM  18092.17549741  .00023928  00000-0  22649-3 0  9995
2 42704  51.6385  23.1422 0000970 193.9774 166.1195 15.66831596 49997
ICECUBE                 
1 42705U 98067LN  18092.40031735  .00045235  00000-0  34498-3 0  9991
2 42705  51.6430  17.9479 0001314 226.5524 133.5365 15.71750665 50140
PHOENIX                 
1 42706U 98067LP  18092.24910043  .00018541  00000-0  18240-3 0  9999
2 42706  51.6381  22.8764 0000444 147.0855 213.0168 15.66048729 49996
X-CUBESAT               
1 42707U 98067LQ  18092.36582703  .00023663  00000-0  21811-3 0  9990
2 42707  51.6355  21.3624 0000640 149.5742 210.5291 15.67498360 50012
QBEE50-LTU-OC           
1 42708U 98067LR  18092.27781306  .00023363  00000-0  22030-3 0  9992
2 42708  51.6382  22.3027 0000569 150.1533 209.9496 15.66941495 49958
ALTAIR PATHFINDER       
1 42711U 98067LS  18092.44673130  .00011346  00000-0  13138-3 0  9997
2 42711  51.6384  26.4463 0002783 245.6034 114.4670 15.62359849 49629
SHARC                   
1 42712U 98067LT  18092.35211415  .00010311  00000-0  12545-3 0  9994
2 42712  51.6403  28.1055 0001172 248.3877 111.6992 15.61183683 49833
ZA-AEROSAT              
1 42713U 98067LU  18092.28121697  .00018200  00000-0  18717-3 0  9991
2 42713  51.6372  24.5819 0001341 206.9041 153.1885 15.64943467 49635
LINK                    
1 42714U 98067LV  18092.36028780  .00040436  00000-0  30611-3 0  9993
2 42714  51.6334  18.2838 0001833 181.3035 178.7959 15.71976524 49835
CSUNSAT 1               
1 42715U 98067LW  18092.38687342  .00018603  00000-0  18855-3 0  9998
2 42715  51.6385  23.8007 0002809 228.6736 131.4018 15.65294104 49651
SPACECUBE               
1 42717U 98067LY  18092.36558773  .00022554  00000-0  21337-3 0  9992
2 42717  51.6367  22.1354 0001800 351.2089   8.8875 15.66884120 49049
HOOPOE                  
1 42718U 98067LZ  18092.30841321  .00028144  00000-0  24826-3 0  9998
2 42718  51.6374  21.0071 0001398 351.7474   8.3499 15.68475323 49058
CHALLENGER              
1 42721U 98067MA  18092.41962110  .00045816  00000-0  30384-3 0  9995
2 42721  51.6341  15.6770 0001856 301.0230  59.0587 15.75016422 48833
NJUST-1                 
1 42722U 98067MB  18092.42819933  .00016980  00000-0  18030-3 0  9995
2 42722  51.6382  24.8245 0004397 312.6609  47.4015 15.64181729 48714
UNSW-ECO                
1 42723U 98067MC  18092.33373275  .00030161  00000-0  26220-3 0  9997
2 42723  51.6391  21.1958 0003046 311.1794  48.8940 15.68790718 48737
LILACSAT-1              
1 42725U 98067ME  18092.25132965  .00022604  00000-0  22286-3 0  9990
2 42725  51.6381  24.3926 0003190 315.9232  44.1509 15.65846232 48603
NSIGHT-1                
1 42726U 98067MF  18092.32100930  .00007504  00000-0  95988-4 0  9998
2 42726  51.6403  29.3926 0004600 316.0131  44.0496 15.60337281 48553
SNUSAT-1                
1 42727U 98067MG  18092.06666874  .00021519  00000-0  21331-3 0  9996
2 42727  51.6364  25.3716 0004795 263.2499  96.7951 15.65738942 48541
I-INSPIRE II            
1 42731U 98067ML  18092.35179325  .00028487  00000-0  24272-3 0  9991
2 42731  51.6367  20.5160 0003918 241.5125 118.5477 15.69309608 48521
POLYITAN-2-SAU          
1 42732U 98067MM  18092.23464906  .00024417  00000-0  22625-3 0  9990
2 42732  51.6374  22.7526 0004271 242.5336 117.5226 15.67341360 48483
SNUSAT-1B               
1 42733U 98067MN  18092.25968244  .00022369  00000-0  21662-3 0  9991
2 42733  51.6376  23.6794 0004445 248.6484 111.4038 15.66299227 48473
EXALTA-1                
1 42734U 98067MP  18092.22750239  .00034560  00000-0  29121-3 0  9996
2 42734  51.6353  21.1758 0004259 276.3415  83.7097 15.69474125 48456
BEEAGLESAT              
1 42736U 98067MR  18092.20310182  .00018653  00000-0  18785-3 0  9994
2 42736  51.6372  24.7990 0004453 305.9138  54.1444 15.65448261 48516
ATLANTIS                
1 42737U 98067MS  18087.11387049  .13966215  12356-4  93055-3 0  9999
2 42737  51.6095  27.8979 0006293 234.7874 125.2564 16.40626348 47903
UCLSAT                  
1 42765U 17036A   18091.66912479  .00001129  00000-0  52988-4 0  9993
2 42765  97.4096 152.7250 0011483 353.2054   6.9024 15.21639031 43663
LITUANICASAT-2          
1 42768U 17036D   18092.15965630  .00001755  00000-0  82009-4 0  9990
2 42768  97.4108 152.8553 0014990 338.3760  21.6841 15.21036091 43007
AALTO-1                 
1 42775U 17036L   18091.70253233  .00000727  00000-0  36251-4 0  9993
2 42775  97.4092 152.3752 0013540 338.7223  21.3447 15.20603452 42874
URSA MAIOR              
1 42776U 17036M   18092.21918461  .00000775  00000-0  38369-4 0  9997
2 42776  97.4097 152.9193 0013304 337.1609  22.9033 15.20673304 42954
COMPASS 2               
1 42777U 17036N   18091.66145573  .00001425  00000-0  66420-4 0  9994
2 42777  97.4116 152.6404 0012344 343.5391  16.5443 15.21456331 42876
DIAMOND RED             
1 42783U 17036U   18092.10953922  .00000928  00000-0  44553-4 0  9996
2 42783  97.4097 153.0572 0012012 351.0976   9.0045 15.21280830 42949
PEGASUS                 
1 42784U 17036V   18092.22339345  .00001026  00000-0  48692-4 0  9995
2 42784  97.4098 153.2149 0011968 350.7916   9.3099 15.21460967 42967
DIAMOND GREEN           
1 42785U 17036W   18091.71392197  .00000890  00000-0  42845-4 0  9995
2 42785  97.4100 152.6784 0011969 353.2359   6.8713 15.21284836 42953
DIAMOND BLUE            
1 42786U 17036X   18092.10771792  .00000852  00000-0  41150-4 0  9998
2 42786  97.4098 153.0664 0011772 352.2072   7.8979 15.21285600 42938
NUDTSAT                 
1 42787U 17036Y   18091.70797870  .00001469  00000-0  67434-4 0  9997
2 42787  97.4105 152.8412 0011502 352.8097   7.2973 15.21945405 42732
SUCHAI                  
1 42788U 17036Z   18092.39047411  .00001225  00000-0  57139-4 0  9994
2 42788  97.4097 153.4476 0011533 350.4469   9.6546 15.21695794 43063
SKCUBE                  
1 42789U 17036AA  18091.66505853  .00001136  00000-0  53264-4 0  9999
2 42789  97.4098 152.7336 0011457 353.1303   6.9774 15.21672207 42879
VZLUSAT-1               
1 42790U 17036AB  18091.76424535  .00001498  00000-0  68628-4 0  9990
2 42790  97.4101 152.9047 0011088 353.3493   6.7594 15.21973899 42890
ROBUSTA-1B              
1 42792U 17036AD  18092.16675159  .00001147  00000-0  53508-4 0  9999
2 42792  97.4095 153.2755 0011009 352.7973   7.3103 15.21812543 42962
CICERO 6                
1 42793U 17036AE  18092.41789067  .00000732  00000-0  35366-4 0  9993
2 42793  97.4089 153.5395 0010198 353.7989   6.3119 15.21724402 43070
D-SAT                   
1 42794U 17036AF  18092.13370576  .00000169  00000-0  20281-4 0  9998
2 42794  97.6009 149.6297 0127422 174.6232 185.6391 14.90812826 42392
TOKI                    
1 42820U 98067MU  18092.03947165  .00019460  00000-0  20283-3 0  9999
2 42820  51.6374  27.4604 0002103 205.5134 154.5758 15.64550605 41921
MAZAALAI (NUMSAT-1)     
1 42822U 98067MW  18092.18895387  .00018881  00000-0  19855-3 0  9994
2 42822  51.6376  26.9624 0001950 212.4991 147.5884 15.64347757 41922
BRAC ONNESHA            
1 42823U 98067MX  18092.18863801  .00018841  00000-0  19763-3 0  9995
2 42823  51.6382  26.9731 0003976 255.5462 104.5091 15.64409326 41924
NIGERIAEDUSAT-1         
1 42824U 98067MY  18092.20447477  .00018402  00000-0  19428-3 0  9997
2 42824  51.6388  27.0907 0003875 256.4806 103.5757 15.64263492 41917
CORVUS BC2              
1 42846U 17042X   18091.80847408  .00000316  00000-0  36693-4 0  9997
2 42846  97.6034 357.4138 0011213  90.5716 269.6788 14.91782337 38981
CORVUS BC1              
1 42847U 17042Y   18092.19363015  .00000103  00000-0  15502-4 0  9998
2 42847  97.6033 357.8234 0010902  89.2255 271.0213 14.91881510 39039
SILU-1 (SILKROAD 1)     
1 42903U 17021F   18092.39459992  .00019752  00000-0  17418-3 0  9997
2 42903  42.7793  66.2032 0009402 132.0740   0.7050 15.68268364 38016
MIRATA                  
1 43015U 17073C   18091.85987498  .00000668  00000-0  58162-4 0  9994
2 43015  97.7004  26.1175 0259270 159.6884 201.4875 14.77908311 19862
ASTERIA                 
1 43020U 98067NH  18092.28623367  .00011251  00000-0  15641-3 0  9996
2 43020  51.6418  35.1622 0001613 235.0708 125.0133 15.57513517 20659
DELLINGR (RBLE)         
1 43021U 98067NJ  18092.33156170  .00007344  00000-0  10847-3 0  9997
2 43021  51.6408  35.4578 0001525 228.0355 132.0507 15.56478067 20656
TECHEDSAT 6             
1 43026U 98067NK  18092.41947436  .00154655  00000-0  10220-2 0  9996
2 43026  51.6339  27.7506 0003342 154.7380 205.3783 15.74572540 20663
OSIRIS-3U               
1 43027U 98067NL  18092.42052467  .00022540  00000-0  27473-3 0  9995
2 43027  51.6397  33.0503 0002415 197.3581 162.7330 15.60399446 20572
AEROCUBE 7B             
1 43042U 17071F   18092.19297017  .00002538  00000-0  76402-4 0  9996
2 43042  51.6397  51.6056 0005392 357.9349   2.1612 15.38339083 17900
AEROCUBE 7C             
1 43043U 17071G   18092.19231229  .00002599  00000-0  78005-4 0  9998
2 43043  51.6399  51.6034 0005368 358.8729   1.2242 15.38334140 17878
CHEFSAT                 
1 43044U 17071H   18092.10719818  .00005347  00000-0  14698-3 0  9996
2 43044  51.6401  51.7921 0005409 355.9021   4.1918 15.38859256 17869
ASGARDIA 1              
1 43049U 17071N   18091.92009488  .00002757  00000-0  81697-4 0  9991
2 43049  51.6402  52.7892 0002977  21.9341 338.1770 15.38480778 17837
ISARA                   
1 43050U 17071P   18092.10381850  .00005104  00000-0  14096-3 0  9997
2 43050  51.6400  51.7713 0002961  19.7565 340.3534 15.38818125 17850
FAUNA                   
1 43052U 17071R   18092.30418740  .00003327  00000-0  96158-4 0  9995
2 43052  51.6402  50.8588 0002883  20.6759 339.4341 15.38584195 17888
CORVUS BC3              
1 43118U 18004H   18091.75519853  .00000721  00000-0  34588-4 0  9994
2 43118  97.5416 154.1655 0010822  11.4416 348.7064 15.22102724 12087
MICROMAS-2A             
1 43131U 18004W   18092.19922936  .00001599  00000-0  72062-4 0  9991
2 43131  97.5421 154.6531 0010037  13.9660 346.1852 15.22496438 12155
GOMX4-B                 
1 43196U 18015E   18091.89007659  .00000584  00000-0  27296-4 0  9998
2 43196  97.3332 222.4607 0021337  67.8520 292.4972 15.23446649  8916
GOMX4-A                 
1 43197U 18015F   18092.36258488  .00000465  00000-0  22278-4 0  9993
2 43197  97.3337 222.9182 0021190  67.0384 353.8052 15.23571816  8996
