CUTE-1 (CO-55)          
1 27844U 03031E   20047.51266789  .00000035  00000-0  35214-4 0  9996
2 27844  98.6843  57.0747 0010694  52.7202 307.4949 14.22221075862764
CUBESAT XI-IV (CO-57)   
1 27848U 03031J   20047.50399149  .00000027  00000-0  31977-4 0  9999
2 27848  98.6914  57.6099 0010700  63.8339 296.3938 14.21810258862619
CUBESAT XI-V            
1 28895U 05043F   20047.59959371  .00000087  00000-0  25664-4 0  9997
2 28895  97.9887 187.5132 0015627 307.6122  52.3661 14.63737635762789
CUTE-1.7+APD II (CO-65) 
1 32785U 08021C   20047.45163743  .00000174  00000-0  24298-4 0  9993
2 32785  97.5646  40.8977 0013161 171.3747 188.7699 14.88417712639729
AAUSAT-II               
1 32788U 08021F   20046.96882108  .00000742  00000-0  72868-4 0  9991
2 32788  97.4928  56.9133 0013303 105.4959 254.7733 14.94944947641017
DELFI-C3 (DO-64)        
1 32789U 08021G   20047.54092930  .00001256  00000-0  86741-4 0  9999
2 32789  97.4352  94.5180 0012358  21.5358 338.6387 15.07453933643440
SEEDS II (CO-66)        
1 32791U 08021J   20047.46108964  .00000272  00000-0  32880-4 0  9990
2 32791  97.5361  47.0397 0014180 143.8010 216.4171 14.90972124640209
SWISSCUBE               
1 35932U 09051B   20047.40527939  .00000108  00000-0  35322-4 0  9997
2 35932  98.6032 225.7931 0008392 136.2098 223.9766 14.56357995552069
BEESAT-1                
1 35933U 09051C   20047.46283432  .00000080  00000-0  29094-4 0  9999
2 35933  98.6042 227.6965 0006429 146.0779 214.0830 14.56438100552143
ITUPSAT1                
1 35935U 09051E   20047.45502211  .00000070  00000-0  27382-4 0  9996
2 35935  98.6151 227.9040 0008729 146.7630 213.4116 14.55588760551923
TISAT 1                 
1 36799U 10035E   20047.45690289  .00000326  00000-0  38900-4 0  9994
2 36799  98.1802 213.1312 0012433  16.1818 343.9794 14.91270239520740
M-CUBED & EXP-1 PRIME   
1 37855U 11061F   20047.54422698  .00001134  00000-0  63717-4 0  9997
2 37855 101.7261  73.0924 0171898  76.7318 285.3002 15.06000084452857
AEROCUBE 4.5A           
1 38767U 12048K   20047.57456498  .00000301  00000-0  38599-4 0  9999
2 38767  64.6641 257.3933 0155942 176.9062 183.3054 14.92157689 23617
AEROCUBE 4.5B           
1 38768U 12048L   20047.21261450  .00000670  00000-0  62999-4 0  9993
2 38768  64.6649 229.2212 0144752 173.7195 186.5780 14.95784883 23596
STRAND-1                
1 39090U 13009E   20047.55667804  .00000009  00000-0  18301-4 0  9994
2 39090  98.4666 254.1623 0008103 289.9421  70.0892 14.35117881365203
SOMP                    
1 39134U 13015E   20047.46744217  .00000839  00000-0  46742-4 0  9995
2 39134  64.8637 313.5606 0037553 263.9496  95.7352 15.20744337377129
BEESAT-3                
1 39135U 13015F   20047.23596494  .00000803  00000-0  48435-4 0  9995
2 39135  64.8685 336.0627 0045680 265.3704  94.2204 15.17932226376664
BEESAT-2                
1 39136U 13015G   20047.23402811  .00000468  00000-0  33188-4 0  9991
2 39136  64.8704 340.6442 0030099 278.8970  80.8748 15.17330978376575
NEE-01 PEGASO           
1 39151U 13018B   20047.24487504  .00000098  00000-0  19907-4 0  9996
2 39151  97.9703 146.9495 0018116 133.6266 226.6452 14.80128024367607
ESTCUBE 1               
1 39161U 13021C   20047.22088194  .00000096  00000-0  22994-4 0  9999
2 39161  97.9711 132.6816 0008398 272.9569  87.0674 14.72280349364051
POPACS 1                
1 39268U 13055D   20047.46929880  .00002275  00000-0  62650-4 0  9990
2 39268  81.0006  65.0361 0619588 224.2697 130.7333 14.38485731330454
POPACS 2                
1 39269U 13055E   20047.56107927  .00001884  00000-0  54393-4 0  9992
2 39269  81.0132 100.1366 0679114 315.2727  39.5543 14.24973882328626
POPACS 3                
1 39270U 13055F   20047.50661151  .00001629  00000-0  49769-4 0  9990
2 39270  81.0165 120.1946 0711603  13.0401 348.8136 14.16569620307861
ZACUBE-1 (TSHEPISOSAT)  
1 39417U 13066B   20047.43353127  .00000169  00000-0  27707-4 0  9994
2 39417  97.5630  52.2650 0057864 319.1875  40.5011 14.81222214336976
WNISAT-1                
1 39423U 13066H   20047.50581603  .00000050  00000-0  20144-4 0  9998
2 39423  97.7980 337.3395 0174168 275.9842  82.1506 14.53095210330716
TRITON-1                
1 39427U 13066M   20047.46815807  .00000208  00000-0  40749-4 0  9991
2 39427  97.7097  15.2892 0115058 108.1022 253.2756 14.67943106333760
GOMX-1                  
1 39430U 13066Q   20047.55625676  .00000087  00000-0  24970-4 0  9991
2 39430  97.7783 353.5373 0150092 208.2718 151.0264 14.59348053332027
CUBEBUG-2 (LO-74)       
1 39440U 13066AA  20047.46293586  .00000201  00000-0  34802-4 0  9996
2 39440  97.6203  36.7833 0080639  17.4072 342.9873 14.75958473334588
NEE-02 KRYSAOR          
1 39441U 13066AB  20047.46086239  .00000132  00000-0  25770-4 0  9999
2 39441  97.6267  34.3757 0082374  25.5772 334.9478 14.74979874334425
FUNCUBE-1 (AO-73)       
1 39444U 13066AE  20047.56848589  .00000197  00000-0  30592-4 0  9996
2 39444  97.5586  54.5469 0056828 311.3975  48.2361 14.82063344335311
UWE-3                   
1 39446U 13066AG  20047.45728457  .00000189  00000-0  31751-4 0  9996
2 39446  97.5915  43.9682 0069676 349.1082  10.8618 14.78493908335139
AEROCUBE 5A             
1 39465U 13072D   20047.51082554  .00004247  00000-0  35538-3 0  9997
2 39465 120.4993  81.8820 0280238 119.4524 243.4794 14.75131522 23361
AEROCUBE 5B             
1 39466U 13072E   20047.49235674  .00004775  00000-0  34056-3 0  9998
2 39466 120.4931 112.0898 0253464 126.6425 235.8218 14.84417716 23455
BRITE-CA1 (TORONTO)     
1 40020U 14033L   20047.42728062  .00000049  00000-0  16445-4 0  9998
2 40020  97.7320 242.6023 0088797 101.9648 259.1528 14.66622461302884
DUCHIFAT-1              
1 40021U 14033M   20047.53024759  .00000284  00000-0  34697-4 0  9993
2 40021  97.9368 338.0777 0012356 335.9534  24.1105 14.90811905307725
NANOSATC-BR1            
1 40024U 14033Q   20047.55285395  .00000270  00000-0  33921-4 0  9997
2 40024  97.9234 334.8599 0011766 340.2915  19.7846 14.89995410307085
QB50P1                  
1 40025U 14033R   20047.49487647  .00000152  00000-0  22123-4 0  9996
2 40025  97.9129 331.8488 0012120 347.4333  12.6580 14.89070293306945
QB50P2                  
1 40032U 14033Y   20047.50554156  .00000179  00000-0  25225-4 0  9991
2 40032  97.9030 329.5820 0011458 344.3941  15.6921 14.88600491306841
PERSEUS-M2              
1 40037U 14033AD  20047.49476025  .00000061  00000-0  13144-4 0  9999
2 40037  97.8911 324.7493 0014333 358.1395   1.9764 14.86515768307043
PERSEUS-M1              
1 40039U 14033AF  20047.33852734  .00000069  00000-0  14150-4 0  9995
2 40039  97.8883 323.4891 0014135 356.5334   3.5781 14.86135670306941
POLYITAN-1              
1 40042U 14033AJ  20047.33549757  .00000319  00000-0  40078-4 0  9993
2 40042  97.9211 332.1387 0014140 337.1569  22.9017 14.88805579306827
TIGRISAT                
1 40043U 14033AK  20047.39562476  .00000091  00000-0  20792-4 0  9991
2 40043  97.7258 269.4242 0060773  34.2696 326.2412 14.74341324304069
AEROCUBE 6A             
1 40045U 14033AM  20047.55541451  .00000211  00000-0  37421-4 0  9992
2 40045  97.7506 274.4679 0058466  25.5998 334.8086 14.75518039304131
AEROCUBE 6B             
1 40046U 14033AN  20047.56387335  .00000220  00000-0  38749-4 0  9997
2 40046  97.7424 273.8803 0057683  24.8975 335.4997 14.75496770304135
UKUBE-1                 
1 40074U 14037F   20047.54687546  .00000194  00000-0  30403-4 0  9996
2 40074  98.4516 228.6318 0004857 136.5446 223.6158 14.84192963303676
BRITE-PL2 (HEWELIUSZ)   
1 40119U 14049B   20047.52009631  .00000078  00000-0  15646-4 0  9993
2 40119  97.8963 140.9583 0018319 144.2114 216.0332 14.84470796297609
FIREBIRD 4              
1 40378U 15003C   20047.31975584  .00001733  00000-0  70528-4 0  9996
2 40378  99.1118  82.5594 0125111   2.1921 357.9830 15.19625058278769
GRIFEX                  
1 40379U 15003D   20047.52752016  .00001299  00000-0  58421-4 0  9998
2 40379  99.1179  75.4186 0134106  24.1163 336.6266 15.16083798278360
EXOCUBE (CP10)          
1 40380U 15003E   20047.30207547  .00001314  00000-0  61633-4 0  9997
2 40380  99.1241  71.1420 0139345  38.1628 322.9365 15.14066179278064
AEROCUBE 8A             
1 40659U 15025J   20047.57333447  .00012602  00000-0  14980-3 0  9992
2 40659  55.0176 135.8091 0112694 218.4004 140.8972 15.54243084 24585
AEROCUBE 8B             
1 40660U 15025K   20047.57729410  .00013146  00000-0  15476-3 0  9998
2 40660  55.0148 134.0430 0111814 220.1852 139.0877 15.54538635 24592
TIANWANG 1C (TW-1C)     
1 40926U 15051B   20047.59855889  .00011497  00000-0  13627-3 0  9997
2 40926  97.1027  98.8432 0006855 170.8613 345.8042 15.61355361247985
TIANWANG 1A (TW-1A)     
1 40928U 15051D   20047.35514097  .00001967  00000-0  48093-4 0  9993
2 40928  97.1226  78.1187 0008865 272.8069 144.7299 15.41962886246553
EXACTVIEW 9             
1 40936U 15052G   20046.43783489  .00000734  00000-0  13540-4 0  9994
2 40936   6.0032 137.4355 0011039 320.4272  39.5050 14.76542345237013
AEROCUBE 5C             
1 40965U 15058B   20047.55072562  .00000028  00000-0  23164-4 0  9998
2 40965  64.7787 153.0919 0170366 119.3857 242.4380 14.74477692 23335
AEROCUBE 7              
1 40966U 15058C   20047.55545223  .00000054  00000-0  26151-4 0  9996
2 40966  64.7788 151.7276 0169222 119.1137 242.7028 14.74768216 23333
ATHENOXAT 1             
1 41168U 15077C   20047.17724082  .00001624  00000-0  49671-4 0  9998
2 41168  14.9871 238.3997 0011506 226.9337 133.0020 15.14106866230785
GALASSIA                
1 41170U 15077E   20046.85499281  .00001567  00000-0  45972-4 0  9991
2 41170  14.9875 233.0270 0012794 248.0523 111.8438 15.14418993230807
VELOX-II                
1 41171U 15077F   20047.24076524  .00001314  00000-0  36874-4 0  9998
2 41171  14.9906 270.6501 0008775 157.4624 202.6083 15.11522211230504
HORYU-4                 
1 41340U 16012D   20047.24300580  .00000406  00000-0  24064-4 0  9997
2 41340  31.0061  30.0195 0013861  15.9346 344.1724 15.01417173219490
E-ST@R-II               
1 41459U 16025D   20047.56116190  .00001577  00000-0  84022-4 0  9999
2 41459  98.0958 151.3118 0165040 261.6827  96.5669 15.06041463209093
AAUSAT 4                
1 41460U 16025E   20047.54705747  .00001647  00000-0  85340-4 0  9993
2 41460  98.0942 153.2169 0154218 251.9287 106.5034 15.08179704209261
DIWATA-1                
1 41463U 98067HT  20047.43793425  .00083057  14332-4  15290-3 0  9998
2 41463  51.6242  52.7581 0003486  54.4683  94.9773 16.01227398218367
BEESAT-4                
1 41619U 16040W   20047.15681806  .00000957  00000-0  42770-4 0  9995
2 41619  97.3367 109.5007 0009648 246.7686 113.2536 15.23685024190777
CANX-7                  
1 41788U 16059F   20047.54165235  .00007243  00000-0  10359-2 0  9999
2 41788  98.2529 132.4885 0022966 320.1850  39.7625 14.76766208181818
RAVAN                   
1 41849U 16067B   20047.54574961 -.00000133  00000-0 -59573-5 0  9993
2 41849  97.9242 155.4199 0007789 293.1629  66.8772 14.98445493178360
CELTEE 1                
1 41850U 16067C   20047.56454148  .00000506  00000-0  49091-4 0  9996
2 41850  97.9194 153.5139 0007285 297.3275  62.7204 14.97118699178263
OPTICUBE 04             
1 41851U 16067D   20047.34092010 -.00000317  00000-0 -22346-4 0  9995
2 41851  97.9185 152.9706 0007872 301.4022  58.6428 14.96881083178216
AEROCUBE 8D             
1 41852U 16067E   20047.28792432  .00000232  00000-0  25581-4 0  9992
2 41852  97.9190 152.7459 0008382 300.2305  59.8086 14.96836847178181
AEROCUBE 8C             
1 41853U 16067F   20047.51716494  .00000286  00000-0  30323-4 0  9992
2 41853  97.9199 152.8941 0008546 303.3650  56.6753 14.96809000178218
PROMETHEUS 2-1          
1 41854U 16067G   20047.51133130  .00000773  00000-0  72276-4 0  9997
2 41854  97.9208 153.1433 0008670 301.5691  58.4683 14.97090143178227
PROMETHEUS 2-3          
1 41855U 16067H   20047.24522338  .00000749  00000-0  70218-4 0  9997
2 41855  97.9211 152.9001 0008870 302.9962  57.0407 14.97099386178180
INS-1B                  
1 41954U 17008G   20047.46855354  .00000891  00000-0  39113-4 0  9991
2 41954  97.3703 113.9792 0009477  21.5565 338.6070 15.24474758166789
BGUSAT                  
1 41999U 17008BD  20047.14848725  .00001562  00000-0  61705-4 0  9997
2 41999  97.3801 117.1558 0008634  34.0051 326.1740 15.26990243166281
DIDO-2                  
1 42000U 17008BE  20047.41112724  .00000593  00000-0  27144-4 0  9996
2 42000  97.3712 114.4623 0009414  39.5807 320.6116 15.24273454166175
PEASSS                  
1 42015U 17008BV  20047.47670948  .00000819  00000-0  35292-4 0  9999
2 42015  97.3730 115.8915 0007357  45.9380 314.2463 15.25340100166753
AL-FARABI 1             
1 42016U 17008BW  20047.43090995  .00001034  00000-0  42862-4 0  9995
2 42016  97.3755 116.7001 0007197  45.2095 314.9728 15.26103934166917
NAYIF-1 (EO-88)         
1 42017U 17008BX  20047.15050889  .00001023  00000-0  42381-4 0  9997
2 42017  97.3750 116.4352 0007242  46.0005 314.1829 15.26141004166891
NSIGHT                  
1 42726U 98067MF  20047.48599565  .00064418  00000-0  22463-3 0  9998
2 42726  51.6292 134.8487 0004826  15.7914 344.3241 15.88699703156155
UCLSAT                  
1 42765U 17036A   20047.44236535  .00000903  00000-0  40975-4 0  9997
2 42765  97.3190 104.8646 0013083  95.7694 264.5036 15.23240721148005
LITUANICASAT-2          
1 42768U 17036D   20047.58699353  .00001363  00000-0  59660-4 0  9998
2 42768  97.3239 104.8102 0016494  86.7499 273.5625 15.23598467147287
AALTO-1                 
1 42775U 17036L   20047.14672110  .00000507  00000-0  25390-4 0  9992
2 42775  97.3170 102.7274 0015613  89.8548 270.4477 15.21658148147076
URSA MAIOR              
1 42776U 17036M   20047.41295914  .00000571  00000-0  28088-4 0  9994
2 42776  97.3181 103.2205 0015425  88.8990 271.4014 15.21821433147123
COMPASS 2               
1 42777U 17036N   20047.40409171  .00001106  00000-0  49105-4 0  9994
2 42777  97.3231 105.0851 0014062  88.4208 271.8640 15.23542946147211
DIAMOND RED             
1 42783U 17036U   20047.58068060  .00000672  00000-0  31799-4 0  9995
2 42783  97.3191 104.3880 0013781  96.9056 263.3749 15.22602210147204
PEGASUS                 
1 42784U 17036V   20047.44341234  .00000790  00000-0  36508-4 0  9992
2 42784  97.3195 104.6021 0013646  96.5129 263.7661 15.22949905147208
DIAMOND GREEN           
1 42785U 17036W   20047.11944341  .00000664  00000-0  31456-4 0  9992
2 42785  97.3193 103.9702 0013678  98.8746 261.4040 15.22603307147209
DIAMOND BLUE            
1 42786U 17036X   20047.38153151  .00000689  00000-0  32526-4 0  9999
2 42786  97.3193 104.2218 0013526  98.2411 262.0360 15.22601983147166
NUDTSAT                 
1 42787U 17036Y   20047.60008973  .00001412  00000-0  60850-4 0  9992
2 42787  97.3243 105.8852 0012588  87.8668 272.4013 15.24133798147132
SUCHAI                  
1 42788U 17036Z   20047.57537607  .00000950  00000-0  42685-4 0  9992
2 42788  97.3202 105.2118 0013208  94.9838 265.2908 15.23449048147326
SKCUBE                  
1 42789U 17036AA  20047.41260634  .00000862  00000-0  39185-4 0  9992
2 42789  97.3197 104.9406 0013069  95.6644 264.6083 15.23312802147216
VZLUSAT-1               
1 42790U 17036AB  20047.58822057  .00001206  00000-0  52413-4 0  9997
2 42790  97.3218 105.8687 0012597  93.6955 266.5724 15.24121318147282
ROBUSTA-1B              
1 42792U 17036AD  20047.57831939  .00000898  00000-0  40469-4 0  9991
2 42792  97.3198 105.3165 0012659  95.5985 264.6697 15.23495717147262
CICERO 6                
1 42793U 17036AE  20047.38519403  .00000598  00000-0  28391-4 0  9997
2 42793  97.3178 104.6825 0011952  98.0659 262.1934 15.22933451147287
D-SAT                   
1 42794U 17036AF  20047.58969199  .00000228  00000-0  24893-4 0  9994
2 42794  97.5099  86.1757 0127483  52.1846 309.0832 14.91218557144537
CORVUS BC2              
1 42846U 17042X   20047.45499593  .00000040  00000-0  91934-5 0  9994
2 42846  97.5402 296.3844 0008886 333.9926  26.0846 14.92060369141219
CORVUS BC1              
1 42847U 17042Y   20047.25777037  .00000008  00000-0  60564-5 0  9994
2 42847  97.5405 296.3432 0008535 334.3643  25.7152 14.92161299141184
MIRATA                  
1 43015U 17073C   20047.33289337  .00000787  00000-0  65589-4 0  9991
2 43015  97.7227 324.1826 0255461  86.8745 276.1662 14.79403614121166
MAKERSAT 0              
1 43016U 17073D   20046.99030471  .00000486  00000-0  42508-4 0  9998
2 43016  97.7264 324.0507 0258018  88.7713 274.3042 14.79039171121109
ASTERIA                 
1 43020U 98067NH  20047.30448125  .00073166  00000-0  26796-3 0  9995
2 43020  51.6399 148.3334 0002737 354.5374   5.5601 15.87673075128142
DELLINGR (RBLE)         
1 43021U 98067NJ  20047.53952876  .00009857  00000-0  93883-4 0  9992
2 43021  51.6358 181.4241 0001641 315.6122  44.4742 15.67533838127726
AEROCUBE 7B (OCSD B)    
1 43042U 17071F   20047.55522361  .00002309  00000-0  61428-4 0  9990
2 43042  51.6381 304.3236 0003970 327.4570  32.6171 15.42702163123554
AEROCUBE 7C (OCSD C)    
1 43043U 17071G   20047.42711011  .00002347  00000-0  62316-4 0  9998
2 43043  51.6381 304.9829 0004234 331.3964  28.6789 15.42679383123506
CHEFSAT                 
1 43044U 17071H   20047.50107510  .00005267  00000-0  11253-3 0  9998
2 43044  51.6386 293.6935 0003802 334.5889  25.4911 15.46586104123666
ASGARDIA 1              
1 43049U 17071N   20047.42573154  .00002280  00000-0  60623-4 0  9993
2 43049  51.6392 304.2817 0002121 358.3307   1.7671 15.42769228123518
ISARA                   
1 43050U 17071P   20047.54322160  .00004277  00000-0  95409-4 0  9995
2 43050  51.6367 295.3857 0001846   1.0521 359.0470 15.45819379123645
PROPCUBE 2 (FAUNA)      
1 43052U 17071R   20047.18608384  .00002617  00000-0  67348-4 0  9999
2 43052  51.6388 304.2003 0002003 354.8965   5.2000 15.43151298123488
CORVUS BC3              
1 43118U 18004H   20047.17760716  .00000521  00000-0  25013-4 0  9991
2 43118  97.4583 118.3782 0011850 118.0605 242.1831 15.23175507116387
MICROMAS-2A             
1 43131U 18004W   20047.47754582  .00001396  00000-0  59038-4 0  9998
2 43131  97.4621 120.0031 0010755 116.8613 243.3726 15.24852328116504
SPACEBEE-4              
1 43139U 18004AE  20047.14830523  .00001816  00000-0  73507-4 0  9994
2 43139  97.4649 120.5813 0010059 119.1143 241.1104 15.25963790116509
SPACEBEE-3              
1 43140U 18004AF  20047.48643989  .00002141  00000-0  84234-4 0  9992
2 43140  97.4658 121.4281 0009915 117.7373 242.4872 15.26713190116580
SPACEBEE-2              
1 43141U 18004AG  20047.16083313  .00002357  00000-0  91748-4 0  9994
2 43141  97.4670 121.2886 0009858 118.3044 241.9191 15.26969323116547
SPACEBEE-1              
1 43142U 18004AH  20047.48214798  .00002610  00000-0  10043-3 0  9993
2 43142  97.4673 121.8045 0009859 117.3911 242.8332 15.27263252116598
CICERO 7                
1 43143U 18004AJ  20047.41795495  .00001222  00000-0  51951-4 0  9997
2 43143  97.4603 120.1463 0008826 124.0662 236.1414 15.24933459116518
GOMX-4B                 
1 43196U 18015E   20047.63594460  .00000340  00000-0  16890-4 0  9993
2 43196  97.4190 177.2636 0018946 168.6778 191.4883 15.24144297113343
GOMX-4A                 
1 43197U 18015F   20047.54452756  .00000605  00000-0  27590-4 0  9998
2 43197  97.4183 177.2278 0019288 169.2459 255.6319 15.24324596113340
1KUNS-PF                
1 43466U 98067NP  20047.55502619  .00043696  00000-0  23253-3 0  9995
2 43466  51.6312 171.5851 0001948 335.5721  24.5188 15.79995593101113
UBAKUSAT                
1 43467U 98067NQ  20047.58823033  .00016668  00000-0  14289-3 0  9993
2 43467  51.6338 186.1780 0001548 283.7581  76.3244 15.69547983100931
BATSU-CS1 (IRAZU)       
1 43468U 98067NR  20047.48393467  .00264341  40745-4  48319-3 0  9994
2 43468  51.6279 155.8617 0006509 342.7617  17.3171 16.00828531201300
CUBERRT                 
1 43546U 98067NU  20047.47014473  .00007772  00000-0  69531-4 0  9996
2 43546  51.6349 185.3981 0003478 344.0502  16.0385 15.69469333 91065
TEMPEST-D               
1 43547U 98067NV  20047.44469013  .00005824  00000-0  75075-4 0  9994
2 43547  51.6365 207.0476 0004712 320.5814  39.4836 15.60636600 90458
RAINCUBE                
1 43548U 98067NW  20047.02347120  .00017055  00000-0  15385-3 0  9999
2 43548  51.6337 195.8957 0004299 333.5185  26.5592 15.68272857 91018
HALOSAT                 
1 43549U 98067NX  20047.42936037  .00014302  00000-0  13128-3 0  9990
2 43549  51.6355 194.1518 0004117 336.7691  23.3119 15.68008321 90630
ENDUROSAT ONE           
1 43551U 98067NZ  20047.58948520  .00024108  00000-0  18557-3 0  9996
2 43551  51.6334 186.9245 0004523 348.0819  12.0071 15.71857347 91159
EQUISAT                 
1 43552U 98067PA  20047.37819486  .00016324  00000-0  14645-3 0  9997
2 43552  51.6358 193.1008 0004891 344.2178  15.8665 15.68443698 91018
AEROCUBE 12A            
1 43556U 18046C   20047.32826770  .00001674  00000-0  70287-4 0  9996
2 43556  51.6433 332.1892 0007912 215.2332 144.8126 15.29401742 88683
AEROCUBE 12B            
1 43557U 18046D   20047.49937976  .00000224  00000-0  20326-4 0  9995
2 43557  51.6438 331.8237 0007873 215.7425 144.3029 15.29181146 88659
UITMSAT-1               
1 43589U 98067PD  20047.42638145  .00019576  00000-0  16611-3 0  9991
2 43589  51.6325 192.5406 0004254 351.8823   8.2105 15.69660225 86760
MAYA-1                  
1 43590U 98067PE  20047.41948900  .00019740  00000-0  16744-3 0  9995
2 43590  51.6328 192.5029 0004315 352.5669   7.5263 15.69661873 86699
BHUTAN-1                
1 43591U 98067PF  20047.59124173  .00019586  00000-0  16560-3 0  9997
2 43591  51.6337 191.4492 0004508 353.3160   6.7777 15.69745549 86729
SIRIUSSAT-1             
1 43595U 98067PG  20047.61618394  .00017696  00000-0  16001-3 0  9997
2 43595  51.6332 194.5776 0002624 313.4616  46.6162 15.68186871 85868
SIRIUSSAT-2             
1 43596U 98067PH  20047.41527932  .00018763  00000-0  16995-3 0  9991
2 43596  51.6338 196.2991 0003088 310.9580  49.1149 15.68095939 85823
TANUSHA-3               
1 43597U 98067PJ  20047.57107899  .00030525  00000-0  22472-3 0  9992
2 43597  51.6310 188.9489 0002872 326.8228  33.2590 15.72777703 85936
SURFSAT                 
1 43614U 18070B   20047.41496707  .00001850  00000-0  48530-4 0  9993
2 43614  93.0310 104.1321 0018223  89.4983 270.8359 15.38598319 79715
CP7 (DAVE)              
1 43615U 18070C   20047.43611079  .00001801  00000-0  47425-4 0  9995
2 43615  93.0314 104.1372 0018357  88.8998 271.4359 15.38483499 79712
ELFIN-B                 
1 43616U 18070D   20047.57276108  .00002807  00000-0  71216-4 0  9993
2 43616  93.0274 104.1071 0018948  91.0425 269.3001 15.39560863 79768
ELFIN-A                 
1 43617U 18070E   20047.42365818  .00002750  00000-0  69514-4 0  9990
2 43617  93.0329 104.4554 0018261  88.6295 271.7051 15.39693224 79742
CUBEBEL-1 (BSUSAT-1)    
1 43666U 18083E   20047.50622691  .00000659  00000-0  35660-4 0  9993
2 43666  97.5015  75.1092 0016548  66.7548  69.8735 15.18013594 72114
DEBRISSAT-2             
1 43680U 98067PR  20047.40198999  .00050739  00000-0  29580-3 0  9994
2 43680  51.6343 185.5966 0002632 332.1333  27.9526 15.77902168 94691
CICERO 10               
1 43690U 18088A   20047.58023774  .00000834  00000-0  36735-4 0  9999
2 43690  85.0415 158.6110 0016339  44.0018 316.2520 15.20032899 70249
IRVINE01                
1 43693U 18088D   20047.51411852  .00001738  00000-0  73316-4 0  9993
2 43693  85.0386 157.6941 0018503  26.9753 333.2447 15.22339812 70299
PROXIMA I               
1 43694U 18088E   20047.44800266  .00000709  00000-0  29323-4 0  9993
2 43694  85.0358 157.5361 0019777  18.8448 341.3521 15.21765424 70293
PROXIMA II              
1 43696U 18088G   20047.51220376  .00000696  00000-0  28749-4 0  9997
2 43696  85.0358 157.4960 0019804  18.5302 341.6657 15.21769213 70299
FACSAT-1                
1 43721U 18096C   20047.52661028  .00001079  00000-0  43547-4 0  9998
2 43721  97.4334 121.7167 0017560 188.2694 171.8258 15.26879323 67787
CENTAURI-2              
1 43722U 18096D   20047.45913274  .00001484  00000-0  58096-4 0  9999
2 43722  97.4342 121.8206 0017609 188.7783 171.3151 15.27295926 67778
INNOSAT-2               
1 43738U 18096V   20047.42279261  .00001964  00000-0  70462-4 0  9998
2 43738  97.4352 123.2669 0023392 198.8035 161.2344 15.29699691 67875
SIRION PATHFINDER-2     
1 43759U 18099B   20047.44947144 -.00000344  00000-0 -25971-4 0  9996
2 43759  97.7188 121.1184 0013281 226.7178 133.2935 14.95226668 65697
CORVUS-BC 4             
1 43767U 18099K   20047.54612296  .00000482  00000-0  49700-4 0  9990
2 43767  97.7173 120.7551 0010697 228.9169 131.1129 14.94667781 65691
MOVE-II                 
1 43780U 18099Y   20047.46982451  .00000516  00000-0  52016-4 0  9991
2 43780  97.7189 121.0435 0012491 237.7755 122.2255 14.95276735 65687
SPACEBEE-7              
1 43816U 18099BL  20047.43380743  .00000159  00000-0  19513-4 0  9992
2 43816  97.7207 121.3234 0012456 221.5734 138.4540 14.95591947 65251
SPACEBEE-5              
1 43817U 18099BM  20047.43153185  .00000820  00000-0  78079-4 0  9998
2 43817  97.7248 121.5936 0012398 221.0764 138.9525 14.96064441 65265
SPACEBEE-6              
1 43818U 18099BN  20047.21053464  .00000814  00000-0  78154-4 0  9991
2 43818  97.7215 121.1888 0012593 221.7048 138.3214 14.95738420 65376
SHIELDS 1               
1 43850U 18104B   20047.51697480  .00000042  00000-0  00000-0 0  9993
2 43850  85.0256 255.9408 0015895 149.9524 210.2613 15.21274071 64930
STF-1                   
1 43852U 18104D   20047.31887039  .00000041  00000-0  00000-0 0  9993
2 43852  85.0310 256.5243 0015309 164.3597 195.8172 15.21019754 64885
ZACUBE-2                
1 43907U 18111AH  20047.49979727  .00000408  00000-0  19387-4 0  9996
2 43907  97.2766 310.8632 0020607 210.6342 149.3694 15.24450882 63439
LUME 1                  
1 43908U 18111AJ  20047.45543032  .00000733  00000-0  32259-4 0  9993
2 43908  97.2766 310.9187 0020411 210.6531 149.3516 15.24786653 63430
AOBA VELOX-IV           
1 43940U 19003J   20047.46985709  .00001133  00000-0  48569-4 0  9998
2 43940  97.2463 102.8533 0022532 296.9245 186.4231 15.24562115 60065
CATSAT-2                
1 44029U 98067PV  20047.54226518  .00008309  00000-0  10139-3 0  9992
2 44029  51.6378 212.2400 0003771 345.6582  14.4304 15.61419977 59452
DELPHINI                
1 44030U 98067PW  20047.49263607  .00011611  00000-0  13618-3 0  9993
2 44030  51.6346 211.8461 0003726 339.0773  21.0068 15.61996422 59423
UNITE                   
1 44031U 98067PX  20046.90612105  .00006836  00000-0  92417-4 0  9998
2 44031  51.6365 218.4635 0002764 336.8717  23.2151 15.59022525 59287
TECHEDSAT 8             
1 44032U 98067PY  20047.44064873  .00085064  00000-0  47402-3 0  9995
2 44032  51.6288 196.4064 0003841 320.9564  39.1159 15.78697141 59607
CATSAT-1                
1 44033U 98067PZ  20047.15805917  .00008269  00000-0  10097-3 0  9998
2 44033  51.6380 214.1781 0003640 342.1407  17.9459 15.61409676 59304
RAAVANA-1               
1 44329U 98067QE  20047.48009759  .00007222  00000-0  11072-3 0  9994
2 44329  51.6384 224.5784 0006099 264.2460  95.7836 15.55476896 38006
UGUISU                  
1 44330U 98067QF  20047.48717840  .00007171  00000-0  11023-3 0  9992
2 44330  51.6385 224.6236 0006073 262.9633  97.0668 15.55416677 37986
NEPALISAT-1             
1 44331U 98067QG  20047.47478189  .00007118  00000-0  10911-3 0  9998
2 44331  51.6385 224.5431 0006116 265.6837  94.3455 15.55507436 37996
SPOOQY-1                
1 44332U 98067QH  20047.53713765  .00006853  00000-0  10545-3 0  9996
2 44332  51.6385 224.2063 0004982 268.0127  92.0294 15.55473236 37966
SPACEBEE-9              
1 44370U 19037F   20047.46837662  .00005020  00000-0  12478-3 0  9995
2 44370  45.0160  76.8979 0012895 195.0905 164.9601 15.41560899 35762
SPACEBEE-8              
1 44371U 19037G   20047.48526993  .00009162  00000-0  20303-3 0  9997
2 44371  45.0196  74.5013 0010715 201.2498 158.7958 15.44111973 35788
IOD-1 GEMS              
1 44385U 98067QK  20047.52846399  .00009868  00000-0  14332-3 0  9990
2 44385  51.6397 224.1806 0002829 225.0030 135.0733 15.56486572 35484
MOVE-IIB                
1 44398U 19038N   20047.46673566  .00000732  00000-0  46096-4 0  9996
2 44398  97.5212  10.3920 0025063 184.1199 175.9829 15.12045730 34141
SONATE                  
1 44400U 19038Q   20047.34506225  .00000218  00000-0  16506-4 0  9996
2 44400  97.5238  10.2910 0025121 182.8968 177.2121 15.11830321 34120
LUCKY-7                 
1 44406U 19038W   20047.38087673  .00000489  00000-0  32046-4 0  9994
2 44406  97.5235  10.3904 0024584 182.3756 177.7362 15.12062122 34128
BEESAT 9                
1 44412U 19038AC  20047.45000045  .00000633  00000-0  40404-4 0  9995
2 44412  97.5229  10.4418 0022497 187.7007 172.3882 15.12088251 33834
JAISAT-1                
1 44419U 19038F   20047.37689306  .00000633  00000-0  39878-4 0  9999
2 44419  97.5230  10.5419 0021363 187.2226 172.8700 15.12570302 34146
SWIATOWID               
1 44426U 98067QL  20047.53099171  .00011306  00000-0  16150-3 0  9995
2 44426  51.6427 224.1042 0003664 214.1633 185.6475 15.56768698 35499
KRAKSAT                 
1 44427U 98067QM  20047.55708216  .00005324  00000-0  87489-4 0  9992
2 44427  51.6400 225.8642 0003543 214.5587 145.5174 15.54165040 35517
VCC A                   
1 44428U 98067QN  20047.49184754  .00006976  00000-0  10923-3 0  9993
2 44428  51.6402 225.4321 0002710 233.6088 126.4653 15.54956369 35515
ENTRYSAT                
1 44429U 98067QP  20047.52082799  .00007984  00000-0  12166-3 0  9995
2 44429  51.6389 224.8660 0002620 223.4058 136.6727 15.55480392 35528
VCC C                   
1 44430U 98067QQ  20047.49769431  .00011014  00000-0  16189-3 0  9996
2 44430  51.6392 224.7180 0002709 236.4459 123.6274 15.56020072 34356
VCC B                   
1 44431U 98067QR  20045.82254497  .00006315  00000-0  99614-4 0  9996
2 44431  51.6397 233.7779 0002904 225.4019 134.6736 15.54942917 35190
DUCHIFAT-3              
1 44854U 19089C   20047.53135241  .00000212  00000-0  23573-4 0  9998
2 44854  36.9665  98.8363 0007091 157.8189 202.2846 14.98970664  9990
