EYESAT-1 (AO-27)        
1 22825U 93061C   17354.17132345  .00000002  00000-0  18597-4 0  9990
2 22825  98.8390 322.2820 0008974 143.0073 217.1729 14.30016927263983
CUTE-1 (CO-55)          
1 27844U 03031E   17353.96690208  .00000066  00000-0  49695-4 0  9990
2 27844  98.6883   0.2608 0010050 164.5138 195.6349 14.22083271750727
CUBESAT XI-IV (CO-57)   
1 27848U 03031J   17353.94697010  .00000050  00000-0  42730-4 0  9996
2 27848  98.6975   0.5754 0009740 174.1592 185.9701 14.21691673750569
CUBESAT XI 5            
1 28895U 05043F   17353.87497609  .00000173  00000-0  42039-4 0  9996
2 28895  97.8840 147.8679 0015527 276.7097  83.2339 14.63487827647410
CUTE-1.7+APD II (CO-65) 
1 32785U 08021C   17354.18324363  .00000320  00000-0  40437-4 0  9993
2 32785  97.5548   9.8488 0011602 272.3533  87.6356 14.88030769522557
COMPASS-1               
1 32787U 08021E   17354.03331981  .00000760  00000-0  78533-4 0  9999
2 32787  97.5426  19.6856 0011376 233.6332 126.3839 14.92857155523174
AAUSAT-II               
1 32788U 08021F   17354.02498225  .00000928  00000-0  91782-4 0  9991
2 32788  97.5400  22.8349 0010936 223.3991 136.6369 14.94157022523325
DELFI-C3 (DO-64)        
1 32789U 08021G   17354.09592452  .00002119  00000-0  15095-3 0  9992
2 32789  97.5374  48.2542 0012697 182.3618 177.7551 15.05605194524735
CANX-2                  
1 32790U 08021H   17353.99617412  .00000273  00000-0  35612-4 0  9993
2 32790  97.5540   7.9318 0012305 275.1908  84.7905 14.87742365522384
SEEDS II (CO-66)        
1 32791U 08021J   17354.02443142  .00000488  00000-0  55482-4 0  9991
2 32791  97.5483  14.6109 0012035 253.0332 106.9568 14.90423224522825
SWISSCUBE               
1 35932U 09051B   17354.22707759  .00000154  00000-0  45885-4 0  9990
2 35932  98.5200 136.3659 0008322  46.3332 313.8554 14.56101116437354
BEESAT                  
1 35933U 09051C   17353.85516177  .00000133  00000-0  40970-4 0  9998
2 35933  98.5238 137.4173 0006753  60.7301 299.4570 14.56210854437369
ITUPSAT 1               
1 35935U 09051E   17354.29028805  .00000122  00000-0  39228-4 0  9997
2 35935  98.5349 138.1164 0008963  52.7993 307.4020 14.55395480437273
TISAT 1                 
1 36799U 10035E   17354.30198023  .00000616  00000-0  68856-4 0  9999
2 36799  98.0831 121.0875 0013617  77.8842 282.3900 14.90643215403302
M-CUBED & EXP-1 PRIME   
1 37855U 11061F   17353.87417389  .00001607  00000-0  90568-4 0  9999
2 37855 101.7182 319.6879 0177993 252.7112 105.4556 15.03915586334222
HORYU 2                 
1 38340U 12025D   17353.97881620  .00000290  00000-0  50771-4 0  9993
2 38340  98.3752   4.4607 0012694  64.1691 296.0824 14.75468862290276
STRAND-1                
1 39090U 13009E   17353.56622332  .00000039  00000-0  28907-4 0  9994
2 39090  98.5348 197.1064 0010225 108.3598 251.8700 14.35002127252043
BRITE-AUSTRIA           
1 39091U 13009F   17353.50338154 -.00000001  00000-0  15000-4 0  9995
2 39091  98.5315 196.3738 0011486 115.6582 244.5791 14.35053979252063
UNIBRITE                
1 39092U 13009G   17354.00705653  .00000005  00000-0  17176-4 0  9993
2 39092  98.5325 196.5461 0010454 108.0472 252.1853 14.34928135252112
AIST-2                  
1 39133U 13015D   17354.24048016  .00000225  00000-0  28491-4 0  9991
2 39133  64.8742  57.5070 0035740 250.8418 108.8831 15.04453283255896
SOMP                    
1 39134U 13015E   17354.11193759  .00002179  00000-0  11331-3 0  9997
2 39134  64.8657 345.9531 0029855 235.0025 124.8299 15.18639331257700
BEESAT-3                
1 39135U 13015F   17354.17568281  .00001520  00000-0  87487-4 0  9995
2 39135  64.8692 356.8270 0031466 256.6631 103.0986 15.16247764257114
BEESAT-2                
1 39136U 13015G   17354.14960487  .00001585  00000-0  92044-4 0  9993
2 39136  64.8699 359.2231 0032567 256.9349 102.8141 15.15735860257060
NEE-01 PEGASUS          
1 39151U 13018B   17354.19027841  .00000224  00000-0  36773-4 0  9992
2 39151  97.9807  84.5214 0017565 164.1539 196.0226 14.79828523251034
CUBEBUG-1 (CAPITAN BETO)
1 39153U 13018D   17354.25651900  .00000289  00000-0  44871-4 0  9999
2 39153  97.9836  85.5582 0017527 161.9128 198.2711 14.80309637251039
ESTCUBE 1               
1 39161U 13021C   17354.05159370  .00000183  00000-0  37033-4 0  9999
2 39161  98.0202  77.5616 0008084 270.8755  89.1527 14.71997512248090
POPACS 1                
1 39268U 13055D   17354.23980962  .00004457  00000-0  12563-3 0  9991
2 39268  81.0007 173.7766 0644127  33.2908 330.7107 14.32823305217341
POPACS 2                
1 39269U 13055E   17354.22368143  .00002875  00000-0  82413-4 0  9996
2 39269  81.0138 192.1454 0696302  81.0596 286.8687 14.21249234216492
POPACS 3                
1 39270U 13055F   17354.27163759  .00002273  00000-0  69815-4 0  9992
2 39270  81.0156 202.2267 0722536 111.2516 256.7357 14.14101112196363
ZACUBE-1 (TSHEPISOSAT)  
1 39417U 13066B   17354.05598008  .00000322  00000-0  47015-4 0  9993
2 39417  97.6079  27.0662 0059704  23.1694 337.2190 14.80844390220287
WNISAT-1                
1 39423U 13066H   17354.15155372  .00000125  00000-0  34607-4 0  9998
2 39423  97.7035 327.3300 0174475 216.5019 142.4188 14.52908991216234
TRITON-1                
1 39427U 13066M   17354.26382406  .00000256  00000-0  48505-4 0  9991
2 39427  97.6360 357.1340 0115517 112.3921 248.9572 14.67583008218145
GOMX 1                  
1 39430U 13066Q   17353.89980251  .00000191  00000-0  43461-4 0  9999
2 39430  97.6785 338.9118 0151732 176.0593 184.1843 14.58991529217019
BRITE-PL                
1 39431U 13066R   17354.14715600  .00000047  00000-0  20825-4 0  9992
2 39431  97.7329 315.6543 0201174 260.1851  97.6577 14.46898151215145
HUMSAT-D                
1 39433U 13066T   17354.14935110  .00000435  00000-0  48467-4 0  9997
2 39433  97.6302  51.5609 0029987 320.6607  39.2434 14.91691651221739
EAGLE 2                 
1 39436U 13066W   17354.29614941  .00059768  00000-0  96405-3 0  9999
2 39436  97.7120 111.1584 0006232 131.8196 228.3589 15.52699622224200
CUBEBUG-2 (LO-74)       
1 39440U 13066AA  17354.05689715  .00000323  00000-0  51857-4 0  9995
2 39440  97.6128  14.8407 0081813  57.8186 303.0925 14.75581714218304
NEE-02 KRYSAOR          
1 39441U 13066AB  17354.03553159  .00000214  00000-0  37337-4 0  9992
2 39441  97.6117  13.2594 0083307  62.1229 298.8388 14.74712572218211
FUNCUBE-1 (AO-73)       
1 39444U 13066AE  17354.07723117  .00000389  00000-0  54534-4 0  9993
2 39444  97.6094  28.3813 0058741  19.2090 341.1319 14.81604244219134
UWE-3                   
1 39446U 13066AG  17354.04785884  .00000316  00000-0  48719-4 0  9999
2 39446  97.6091  20.6043 0071214  40.8581 319.7938 14.78115106218652
BRITE-TORONTO           
1 40020U 14033L   17354.11150029  .00000117  00000-0  28285-4 0  9994
2 40020  97.8077 216.2559 0088957  95.2217 265.9147 14.66452689187347
DUCHIFAT-1              
1 40021U 14033M   17354.25140107  .00000650  00000-0  73024-4 0  9999
2 40021  97.9170 267.6504 0014176  51.6367 308.6122 14.90141719190301
FLOCK 1C-10             
1 40023U 14033P   17353.82109324  .00000378  00000-0  46139-4 0  9993
2 40023  97.9177 266.0528 0014113  58.4108 301.8489 14.89054662190127
NANOSATC-BR1            
1 40024U 14033Q   17354.20534294  .00000448  00000-0  52999-4 0  9994
2 40024  97.9116 266.1833 0013509  53.7803 306.4661 14.89429828189715
QB50P1                  
1 40025U 14033R   17354.21903835  .00000376  00000-0  46371-4 0  9994
2 40025  97.9088 264.9482 0013759  57.0462 303.2076 14.88597874189659
FLOCK 1C-7              
1 40026U 14033S   17353.94762553  .00000812  00000-0  90442-4 0  9997
2 40026  97.9220 267.1565 0012487  55.3921 304.8440 14.89797909190200
FLOCK 1C-1              
1 40027U 14033T   17354.18453503  .00000891  00000-0  10034-3 0  9992
2 40027  97.9223 266.6997 0014167  54.1963 306.0614 14.89117298190199
POPSAT-HIP-1            
1 40028U 14033U   17354.13287081  .00000498  00000-0  59653-4 0  9998
2 40028  97.9121 265.1932 0015298  55.7773 304.4929 14.88459379190135
FLOCK 1C-2              
1 40029U 14033V   17354.21093876  .00001142  00000-0  12674-3 0  9993
2 40029  97.9207 266.5689 0015232  52.2174 308.0361 14.89160210190190
FLOCK 1C-4              
1 40031U 14033X   17354.17939956  .00000877  00000-0  99162-4 0  9991
2 40031  97.9187 266.4808 0015455  50.8580 309.4046 14.88981068190178
QB50P2                  
1 40032U 14033Y   17354.18764119  .00000386  00000-0  47917-4 0  9996
2 40032  97.9051 263.8342 0013083  53.0091 307.2321 14.88148041189581
FLOCK 1C-11             
1 40033U 14033Z   17354.25624983  .00000766  00000-0  84426-4 0  9997
2 40033  97.9235 268.4270 0013098  44.0224 316.2047 14.90386806190304
ANTELSAT                
1 40034U 14033AA  17354.11235850  .00000338  00000-0  57805-4 0  9990
2 40034  97.8341 232.0158 0060127  55.4066 305.2795 14.73830445187778
FLOCK 1C-9              
1 40035U 14033AB  17354.19306013  .00001361  00000-0  14986-3 0  9998
2 40035  97.9239 266.9991 0012915  45.1236 315.1054 14.89193161190196
FLOCK 1C-6              
1 40036U 14033AC  17353.79772662  .00001239  00000-0  13656-3 0  9998
2 40036  97.9243 266.8640 0012937  47.2139 313.0148 14.89298114190141
PERSEUS-M2              
1 40037U 14033AD  17354.21064367  .00000163  00000-0  24790-4 0  9990
2 40037  97.9056 261.9252 0015681  59.0871 301.1883 14.86305642189449
FLOCK 1C-5              
1 40038U 14033AE  17354.21071796  .00001209  00000-0  13342-3 0  9997
2 40038  97.9234 267.0436 0015188  44.9171 315.3226 14.89270349190197
PERSEUS-M1              
1 40039U 14033AF  17354.19014318  .00000179  00000-0  26788-4 0  9996
2 40039  97.9060 261.3710 0015482  55.8585 304.4096 14.85928138189389
FLOCK 1C-8              
1 40040U 14033AG  17354.02508786  .00000175  00000-0  23428-4 0  9991
2 40040  97.9255 269.6144 0013844  32.0358 328.1682 14.91225564190324
FLOCK 1C-3              
1 40041U 14033AH  17354.14265879  .00001068  00000-0  11945-3 0  9990
2 40041  97.9217 266.6859 0014178  42.9532 317.2782 14.88962991190168
POLYITAN-1              
1 40042U 14033AJ  17353.83298987  .00000525  00000-0  62856-4 0  9997
2 40042  97.9162 264.6144 0015839  46.7824 313.4712 14.88257660189523
TIGRISAT                
1 40043U 14033AK  17354.10673024  .00000236  00000-0  42390-4 0  9998
2 40043  97.8320 232.6785 0061336  56.4828 304.2220 14.74073562187926
LEMUR-1                 
1 40044U 14033AL  17354.10996338  .00000240  00000-0  43142-4 0  9996
2 40044  97.8317 232.3709 0060515  57.7432 302.9621 14.73900802187801
AEROCUBE 6A             
1 40045U 14033AM  17354.15943004  .00000541  00000-0  85651-4 0  9999
2 40045  97.8463 234.4207 0059341  51.0796 309.5683 14.75014908187890
AEROCUBE 6B             
1 40046U 14033AN  17354.15951876  .00000537  00000-0  85172-4 0  9999
2 40046  97.8446 234.3300 0058471  50.7213 309.9162 14.75006700187895
UKUBE-1                 
1 40074U 14037F   17354.17165417  .00000314  00000-0  45113-4 0  9998
2 40074  98.3650 117.6830 0005124 156.6852 203.4588 14.83679628186750
BRITE-PL 2              
1 40119U 14049B   17354.22209797  .00000224  00000-0  33200-4 0  9991
2 40119  97.9285  79.0714 0017132 198.0309 162.0299 14.84230660180753
FIREBIRD 4              
1 40378U 15003C   17354.07938037  .00002452  00000-0  10437-3 0  9999
2 40378  99.1071 215.2355 0134380 105.6764 255.9337 15.16496978159175
GRIFEX                  
1 40379U 15003D   17354.24600878  .00001608  00000-0  74454-4 0  9990
2 40379  99.1112 212.4136 0140812 115.1039 246.4875 15.13792990159011
EXOCUBE                 
1 40380U 15003E   17353.56380431  .00001314  00000-0  64038-4 0  9997
2 40380  99.1162 209.9263 0144889 122.8268 238.7005 15.12112595158796
DEORBITSAIL             
1 40719U 15032E   17354.19008438  .00000552  00000-0  86969-4 0  9999
2 40719  97.9621 245.4245 0015195 265.3116  94.6358 14.76279899131763
TIANWANG 1C (TW-1C)     
1 40926U 15051B   17354.16202631  .00009042  00000-0  18537-3 0  9996
2 40926  97.2077  32.4592 0010002 204.1362 228.1489 15.46235387125625
TIANWANG 1B (TW-1B)     
1 40927U 15051C   17354.10071941  .00008417  00000-0  17973-3 0  9997
2 40927  97.2175  32.3273 0009262 215.2725 169.7401 15.45066564125545
TIANWANG 1A (TW-1A)     
1 40928U 15051D   17354.10927072  .00002902  00000-0  80650-4 0  9999
2 40928  97.2071  26.5437 0010496 243.7400 196.1501 15.37621976125253
LEMUR-2-JOEL            
1 40932U 15052C   17352.43068235  .00000804  00000-0  21571-4 0  9992
2 40932   6.0064 352.2709 0013808 353.3182   6.6557 14.77598286120301
LEMUR-2-CHRIS           
1 40933U 15052D   17352.41498348 -.00000466  00000-0 -15121-3 0  9992
2 40933   6.0035 350.9900 0014468 354.3919   5.6647 14.77748105120317
LEMUR-2-JEROEN          
1 40934U 15052E   17352.46730572  .00000658  00000-0  23892-5 0  9993
2 40934   6.0035 357.2045 0011263 337.0474  22.9218 14.77096257120222
LEMUR-2-PETER           
1 40935U 15052F   17342.65643757  .00018824  00000-0  24485-2 0  9992
2 40935   6.0127  67.7048 0054342 206.4878 154.3668 14.76952933118770
EXACTVIEW 9             
1 40936U 15052G   17354.13421309  .00000824  00000-0  26328-4 0  9997
2 40936   6.0036 350.3570 0010904 344.7215  15.2791 14.76333481120460
ATHENOXAT 1             
1 41168U 15077C   17354.07424769  .00002346  00000-0  93331-4 0  9997
2 41168  14.9874 250.7613 0011888  75.2979 141.9518 15.12308781111215
GALASSIA                
1 41170U 15077E   17354.02926582  .00002161  00000-0  81716-4 0  9994
2 41170  14.9883 246.4829 0013226  93.1541 267.0294 15.12731625111253
VELOX 2                 
1 41171U 15077F   17354.15551550  .00001806  00000-0  67639-4 0  9991
2 41171  14.9911 262.3801 0008986  43.0685 317.0338 15.10351024111123
AGGIESAT 4              
1 41313U 98067HP  17353.83870879  .00091549  14300-4  28166-3 0  9997
2 41313  51.6342 120.0418 0001564 210.3716 149.7200 15.91809178108299
HORYU-IV                
1 41340U 16012D   17354.22501008  .00000637  00000-0  42207-4 0  9995
2 41340  31.0066   5.6066 0014159 118.5786 241.6276 15.00838406100980
OUFTI-1                 
1 41458U 16025C   17354.11552840  .00001826  00000-0  99371-4 0  9992
2 41458  98.1631  42.2256 0172534  28.3840 332.6657 15.04071508 90518
E-ST@R-II               
1 41459U 16025D   17354.09318983  .00001851  00000-0  10113-3 0  9992
2 41459  98.1628  42.1058 0173144  28.6687 332.4004 15.03839057 90507
AAUSAT 4                
1 41460U 16025E   17354.16232427  .00002176  00000-0  11745-3 0  9993
2 41460  98.1564  42.4338 0164773  25.7967 335.1365 15.05048983 90556
DIWATA-1                
1 41463U 98067HT  17354.07906341  .00011376  00000-0  11213-3 0  9997
2 41463  51.6386 164.6266 0002084 134.0087 330.1363 15.66487062 93890
FLOCK 2E'-1             
1 41479U 98067HZ  17354.24973709  .00050571  00000-0  23760-3 0  9995
2 41479  51.6314 140.1453 0001959 210.8402 149.2485 15.82633807 91170
FLOCK 2E'-3             
1 41480U 98067JA  17354.27613922  .00051799  00000-0  25810-3 0  9999
2 41480  51.6255 140.3020 0001794 213.2070 146.8820 15.81357582 91160
FLOCK 2E'-2             
1 41481U 98067JB  17334.77617065  .16809613  12434-4  52553-3 0  9990
2 41481  51.6166 233.3710 0007521 225.1371 134.8092 16.44458340 88170
FLOCK 2E-1              
1 41483U 98067JD  17353.82807975  .00029265  00000-0  17536-3 0  9994
2 41483  51.6330 146.4624 0001312 192.8168 167.2799 15.77556459 90902
FLOCK 2E-2              
1 41484U 98067JE  17354.23018288  .00201029  25952-4  64133-3 0  9994
2 41484  51.6280 137.8190 0003255 299.5083  60.5598 15.90706371 91052
FLOCK 2E-3              
1 41486U 98067JG  17353.80881936  .00035669  00000-0  19463-3 0  9990
2 41486  51.6300 147.0323 0001261 191.2615 168.8358 15.79541033 90911
FLOCK 2E-4              
1 41487U 98067JH  17353.79048753  .00103488  00000-0  53947-3 0  9991
2 41487  51.6289 146.1517 0000368 320.2117  39.8857 15.80097991 90924
FLOCK 2E-6              
1 41563U 98067JM  17353.82006948  .00132039  00000-0  54485-3 0  9992
2 41563  51.6292 148.5862 0004307 239.1631 120.8949 15.84980807 88963
FLOCK 2E-5              
1 41564U 98067JN  17353.81514780  .00023923  00000-0  16490-3 0  9995
2 41564  51.6317 151.6111 0002488 185.4420 174.6552 15.74469180 88918
FLOCK 2E-7              
1 41565U 98067JP  17353.81975292  .00043690  00000-0  20818-3 0  9997
2 41565  51.6260 140.9742 0003137 158.2233 201.8903 15.82393067 88955
FLOCK 2E'-5             
1 41567U 98067JR  17354.24890781  .00020450  00000-0  15006-3 0  9998
2 41567  51.6321 152.3061 0004321 140.5292 219.6022 15.73109713 88818
FLOCK 2E'-6             
1 41568U 98067JS  17353.85237349  .00034923  00000-0  20934-3 0  9996
2 41568  51.6283 148.0370 0003489 155.4280 204.6887 15.77447109 88863
FLOCK 2E'-8             
1 41569U 98067JT  17353.98629336  .00052900  00000-0  23988-3 0  9999
2 41569  51.6299 139.1101 0001422 176.1092 183.9922 15.83371997 88878
FLOCK 2E-9              
1 41571U 98067JV  17354.22554758  .01092208  74225-3  10643-2 0  9997
2 41571  51.6189 132.3578 0008615 326.1174  33.9290 16.10929302 88963
FLOCK 2E-10             
1 41572U 98067JW  17353.78879154  .00042535  00000-0  21219-3 0  9994
2 41572  51.6324 143.1146 0002897 158.4975 201.6149 15.81416851 88781
FLOCK 2E-12             
1 41573U 98067JX  17354.25083202  .00058708  00000-0  25627-3 0  9995
2 41573  51.6291 137.8786 0002896 175.2409 184.8622 15.84131063 88895
FLOCK 2E-11             
1 41574U 98067JY  17353.80816119  .00054266  00000-0  24462-3 0  9998
2 41574  51.6237 139.3106 0003834 176.8876 183.2151 15.83479477 88834
FLOCK 2E'-9             
1 41575U 98067JZ  17353.81788392  .00072363  00000-0  25907-3 0  9994
2 41575  51.6262 135.5833 0004197 200.4441 159.6396 15.88128930 88875
FLOCK 2E'-10            
1 41576U 98067KA  17354.22540795  .00063543  00000-0  25324-3 0  9997
2 41576  51.6295 136.9813 0004156 191.6175 168.4734 15.85991999 88790
FLOCK 2E'-11            
1 41577U 98067KB  17353.81639071  .00044760  00000-0  21556-3 0  9991
2 41577  51.6316 141.8150 0003438 158.9375 201.1770 15.82152193 88511
FLOCK 2E'-12            
1 41578U 98067KC  17354.22456663  .00102784  00000-0  34474-3 0  9996
2 41578  51.6231 134.5531 0003397 196.7913 163.2981 15.89306554 88647
FLOCK 2P-6              
1 41606U 16040H   17354.12505086  .00002682  00000-0  11468-3 0  9996
2 41606  97.4378  55.2945 0011743 137.4454 222.7695 15.23652333 83008
FLOCK 2P-11             
1 41608U 16040K   17354.13103531  .00003035  00000-0  12969-3 0  9998
2 41608  97.4374  55.2589 0011749 137.4100 222.8051 15.23568796 82942
FLOCK 2P-2              
1 41609U 16040L   17354.14558919  .00003267  00000-0  13877-3 0  9990
2 41609  97.4376  55.2739 0011624 136.8910 223.3240 15.23720315 82927
FLOCK 2P-9              
1 41610U 16040M   17354.15762506  .00005166  00000-0  21777-3 0  9990
2 41610  97.4374  55.2383 0011908 137.1425 223.0742 15.23704317 82807
FLOCK 2P-4              
1 41611U 16040N   17354.12085116  .00005404  00000-0  22814-3 0  9991
2 41611  97.4401  55.4653 0011810 145.6087 214.5917 15.23630301 82968
FLOCK 2P-10             
1 41612U 16040P   17354.16322633  .00005385  00000-0  22696-3 0  9990
2 41612  97.4407  55.5955 0011633 145.3325 214.8673 15.23688548 82975
FLOCK 2P-8              
1 41613U 16040Q   17354.11507940  .00003510  00000-0  14927-3 0  9998
2 41613  97.4402  55.4789 0011783 144.8135 215.3883 15.23631880 82969
FLOCK 2P-12             
1 41614U 16040R   17354.14126584  .00004223  00000-0  17875-3 0  9990
2 41614  97.4413  55.6669 0011507 144.7751 215.4249 15.23672194 82979
FLOCK 2P-7              
1 41615U 16040S   17354.10835754  .00001200  00000-0  53069-4 0  9991
2 41615  97.4401  55.4682 0011822 145.8635 214.3365 15.23574132 82962
FLOCK 2P-5              
1 41616U 16040T   17354.15220056  .00002180  00000-0  93771-4 0  9992
2 41616  97.4413  55.6516 0011422 144.4037 215.7964 15.23656616 82958
FLOCK 2P-1              
1 41617U 16040U   17354.13831269  .00001208  00000-0  53281-4 0  9997
2 41617  97.4416  55.6754 0011477 144.9635 215.2359 15.23657805 82971
FLOCK 2P-3              
1 41618U 16040V   17354.16907736  .00005308  00000-0  22388-3 0  9992
2 41618  97.4413  55.6241 0011420 144.9435 215.2556 15.23672562 82972
BEESAT-4                
1 41619U 16040W   17354.15898922  .00002017  00000-0  92356-4 0  9995
2 41619  97.4402  54.6012 0013012 132.9390 227.2939 15.21581328 70862
3CAT-2                  
1 41732U 16051B   17354.11980110  .00001537  00000-0  63269-4 0  9997
2 41732  97.3760 268.3846 0013559 345.7131 123.7238 15.25584334 74877
FLOCK 2E'-13            
1 41761U 98067KH  17353.91042665  .00053031  00000-0  45598-3 0  9997
2 41761  51.6329 171.9282 0006849 233.3687 126.6681 15.68767723 71961
FLOCK 2E'-14            
1 41762U 98067KJ  17354.09239084  .00014041  00000-0  13762-3 0  9997
2 41762  51.6351 170.9431 0005459 223.8876 136.1686 15.66383204 71992
FLOCK 2E'-16            
1 41763U 98067KK  17353.89468839  .00038518  00000-0  32120-3 0  9991
2 41763  51.6345 170.3652 0005772 243.3625 116.6781 15.69663624 71946
FLOCK 2E'-15            
1 41764U 98067KL  17353.91911913  .00013024  00000-0  13215-3 0  9990
2 41764  51.6352 172.7830 0004875 231.6281 128.4277 15.65591145 71912
FLOCK 2E'-18            
1 41769U 98067KM  17353.89770770  .00011687  00000-0  11880-3 0  9995
2 41769  51.6352 172.6334 0003533 251.3459 108.7153 15.65672674 71912
FLOCK 2E'-17            
1 41776U 98067KN  17353.91839019  .00052381  00000-0  47087-3 0  9992
2 41776  51.6353 172.0530 0004793 257.7261 102.3199 15.67697928 71914
FLOCK 2E'-19            
1 41777U 98067KP  17353.88887734  .00024780  00000-0  19658-3 0  9991
2 41777  51.6333 164.9957 0003345 245.1173 114.9478 15.71123550 71965
FLOCK 2E'-20            
1 41782U 98067KQ  17353.88060463  .00022140  00000-0  18678-3 0  9998
2 41782  51.6343 167.2484 0003116 240.1982 119.8706 15.69713653 71809
CANX-7                  
1 41788U 16059F   17354.16367192  .00006686  00000-0  11885-2 0  9995
2 41788  98.1931  55.2215 0028346 294.9977  64.8289 14.67214657 65833
ALSAT 1N                
1 41789U 16059G   17354.11096720  .00000139  00000-0  35705-4 0  9993
2 41789  98.1456  54.1907 0027181 292.2754  67.5573 14.64112149 65816
RAVAN                   
1 41849U 16067B   17354.21979291  .00000872  00000-0  80142-4 0  9992
2 41849  97.9366  75.2919 0008976  45.7035 314.4921 14.97458731 60341
CELTEE 1                
1 41850U 16067C   17354.19595598  .00000221  00000-0  24679-4 0  9996
2 41850  97.9368  74.9942 0009971  46.8578 313.3475 14.96715846 60329
OPTICUBE 04             
1 41851U 16067D   17354.01195628 -.00000271  00000-0 -18470-4 0  9997
2 41851  97.9360  74.7656 0009845  47.0459 313.1586 14.96596785 60299
AEROCUBE 8D             
1 41852U 16067E   17354.22561651  .00000344  00000-0  35740-4 0  9992
2 41852  97.9368  74.8511 0010443  46.7036 313.5054 14.96373111 60315
AEROCUBE 8C             
1 41853U 16067F   17354.16862281  .00000648  00000-0  62593-4 0  9992
2 41853  97.9369  74.7677 0010902  48.6209 311.5948 14.96337842 60302
PROMETHEUS 2-1          
1 41854U 16067G   17354.18387303  .00001073  00000-0  10001-3 0  9991
2 41854  97.9380  74.7592 0011430  48.3825 311.8373 14.96384887 60306
PROMETHEUS 2-3          
1 41855U 16067H   17354.18613823  .00001016  00000-0  95029-4 0  9992
2 41855  97.9382  74.7623 0011634  48.5421 311.6797 14.96380410 60300
LEMUR-2-XIAOQING        
1 41871U 16062C   17354.22536507  .00003693  00000-0  16642-3 0  9999
2 41871  51.6335 282.5242 0003667 150.6397 209.4793 15.23504008 59291
LEMUR-2-SOKOLSKY        
1 41872U 16062D   17354.20436110  .00002554  00000-0  11910-3 0  9995
2 41872  51.6950 282.7189 0005351 162.4507 197.6649 15.23596130 59287
LEMUR-2-ANUBHAVTHAKUR   
1 41873U 16062E   17354.20524283  .00000780  00000-0  48026-4 0  9993
2 41873  51.6361 284.5234 0005839 166.3347 193.7822 15.22002928 59243
LEMUR-2-WINGO           
1 41874U 16062F   17354.21046093  .00003045  00000-0  14099-3 0  9992
2 41874  51.6602 283.1132 0007212 147.4646 212.6783 15.23172956 59273
STARS-C                 
1 41895U 98067KR  17354.05549318  .00101036  00000-0  47883-3 0  9996
2 41895  51.6330 166.0678 0004221 246.9893 113.0665 15.82164279 57178
ITF-2                   
1 41932U 98067KU  17353.87818241  .00024375  00000-0  23009-3 0  9995
2 41932  51.6364 177.7945 0004605 226.0512 134.0105 15.66879878 52577
WASEDA-SAT3             
1 41933U 98067KV  17353.91014234  .00030376  00000-0  26158-3 0  9997
2 41933  51.6341 175.6991 0004571 226.5704 133.4913 15.69011839 52603
AOBA-VELOX 3            
1 41935U 98067KX  17354.10195766  .00028921  00000-0  25728-3 0  9996
2 41935  51.6358 175.5206 0004138 226.5360 133.5292 15.68245419 52724
OSNSAT                  
1 41939U 98067KZ  17353.83423635  .00272001  40333-4  66000-3 0  9993
2 41939  51.6275 159.9810 0006740 257.4365 102.5890 15.95775997 52158
FLOCK 3P-8              
1 41951U 17008D   17354.10581461  .00005427  00000-0  22927-3 0  9995
2 41951  97.4738  54.8245 0006807 257.7553 102.2921 15.23653648 46823
FLOCK 3P-51             
1 41952U 17008E   17354.13856249  .00001451  00000-0  63327-4 0  9991
2 41952  97.4745  54.9578 0006709 280.2887  79.7593 15.23757803 46847
FLOCK 3P-37             
1 41953U 17008F   17354.12804648  .00003879  00000-0  16182-3 0  9999
2 41953  97.4743  55.1157 0005982 286.2459  73.8120 15.24269755 46852
INS-1B                  
1 41954U 17008G   17354.18766360  .00001854  00000-0  83084-4 0  9991
2 41954  97.4712  54.4720 0008023 259.1253 100.9080 15.22495191 46767
FLOCK 3P-19             
1 41955U 17008H   17354.11943922  .00001690  00000-0  73482-4 0  9995
2 41955  97.4735  54.7890 0007625 258.1593 101.8789 15.23642485 46753
FLOCK 3P-24             
1 41956U 17008J   17354.10892082  .00004628  00000-0  19419-3 0  9998
2 41956  97.4729  54.7999 0007461 253.6963 106.3454 15.23959752 46832
FLOCK 3P-18             
1 41957U 17008K   17354.11202004  .00003917  00000-0  16532-3 0  9992
2 41957  97.4730  54.7999 0007503 256.1159 103.9244 15.23853332 46676
FLOCK 3P-22             
1 41958U 17008L   17354.12410837  .00001057  00000-0  47163-4 0  9997
2 41958  97.4735  54.7882 0007377 256.5011 103.5404 15.23606332 46662
FLOCK 3P-21             
1 41959U 17008M   17354.11424769  .00001166  00000-0  51719-4 0  9999
2 41959  97.4742  54.8214 0007235 258.6518 101.3906 15.23597592 46670
FLOCK 3P-28             
1 41960U 17008N   17354.11246405  .00005391  00000-0  22778-3 0  9996
2 41960  97.4738  54.8166 0007106 256.5048 103.5397 15.23648656 46750
FLOCK 3P-26             
1 41961U 17008P   17354.11866531  .00002957  00000-0  12625-3 0  9990
2 41961  97.4737  54.8047 0007306 255.8424 104.2001 15.23672499 46673
FLOCK 3P-17             
1 41962U 17008Q   17354.16730490  .00001754  00000-0  76165-4 0  9994
2 41962  97.4738  54.8939 0007098 259.4217 100.6221 15.23641015 46633
FLOCK 3P-27             
1 41963U 17008R   17354.12819266  .00005641  00000-0  23774-3 0  9996
2 41963  97.4737  54.7943 0007396 256.3169 103.7244 15.23710427 46677
FLOCK 3P-25             
1 41964U 17008S   17354.11590861  .00005627  00000-0  23765-3 0  9997
2 41964  97.4736  54.8038 0007082 256.6834 103.3614 15.23640512 46659
FLOCK 3P-4              
1 41965U 17008T   17354.24043174  .00004659  00000-0  19720-3 0  9992
2 41965  97.4737  54.9539 0006969 257.8850 102.1607 15.23665911 46774
FLOCK 3P-2              
1 41966U 17008U   17354.11005977  .00005534  00000-0  23375-3 0  9992
2 41966  97.4741  54.8290 0006877 256.1653 103.8819 15.23650254 46670
FLOCK 3P-1              
1 41967U 17008V   17354.13559406  .00003132  00000-0  13418-3 0  9995
2 41967  97.4742  54.8009 0007020 258.7144 101.3304 15.23508101 46679
FLOCK 3P-3              
1 41968U 17063B   17354.11330678  .00002616  00000-0  11225-3 0  9993
2 41968  97.4737  54.8146 0006950 256.7858 103.2604 15.23605701 46754
FLOCK 3P-6              
1 41969U 17008X   17353.97615399  .00005328  00000-0  22522-3 0  9997
2 41969  97.4741  54.7022 0006783 256.5915 103.4566 15.23641322 46644
FLOCK 3P-7              
1 41970U 17008Y   17354.15333223  .00002825  00000-0  12058-3 0  9995
2 41970  97.4741  54.9267 0006837 259.9422 100.1044 15.23721960 46685
FLOCK 3P-5              
1 41971U 17008Z   17354.10509426  .00005337  00000-0  22552-3 0  9992
2 41971  97.4744  54.8444 0006806 259.8484 100.1986 15.23648767 46608
FLOCK 3P-12             
1 41972U 17008AA  17354.10361739  .00005215  00000-0  22041-3 0  9994
2 41972  97.4741  54.8435 0006651 260.4354  99.6131 15.23657702 46757
FLOCK 3P-9              
1 41973U 17008AB  17354.10698972  .00005385  00000-0  22748-3 0  9999
2 41973  97.4744  54.8445 0006810 257.4756 102.5719 15.23654905 46759
FLOCK 3P-10             
1 41974U 17008AC  17354.15992519  .00005004  00000-0  21134-3 0  9995
2 41974  97.4744  54.9308 0006638 259.2739 100.7750 15.23698716 46649
FLOCK 3P-11             
1 41975U 17008AD  17354.10821015  .00004014  00000-0  17042-3 0  9996
2 41975  97.4743  54.8426 0006907 258.2544 101.7918 15.23642939 46644
FLOCK 3P-60             
1 41976U 17008AE  17354.14754960  .00001912  00000-0  82534-4 0  9998
2 41976  97.4746  54.9501 0006555 261.1395  98.9100 15.23737531 46013
FLOCK 3P-58             
1 41977U 17008AF  17354.10419450  .00003939  00000-0  16728-3 0  9999
2 41977  97.4742  54.8456 0006575 259.5400 100.5096 15.23645739 46830
FLOCK 3P-57             
1 41978U 17008AG  17354.29276243  .00001561  00000-0  68109-4 0  9991
2 41978  97.4743  55.0535 0006702 257.2605 102.7883 15.23656210 46707
FLOCK 3P-75             
1 41979U 17008AH  17354.16053738  .00002921  00000-0  12472-3 0  9992
2 41979  97.4764  55.0176 0006859 261.5858  98.4602 15.23683431 46832
FLOCK 3P-70             
1 41980U 17008AJ  17354.15890158  .00002946  00000-0  12575-3 0  9999
2 41980  97.4765  55.0228 0006828 260.8089  99.2375 15.23680981 46672
FLOCK 3P-73             
1 41981U 17008AK  17354.16809564  .00001678  00000-0  73027-4 0  9993
2 41981  97.4767  55.0118 0007074 262.3387  97.7046 15.23633280 46819
FLOCK 3P-88             
1 41982U 17008AL  17354.15585670  .00001588  00000-0  69118-4 0  9998
2 41982  97.4763  55.0160 0006880 261.7764  98.2692 15.23703898 45780
FLOCK 3P-85             
1 41983U 17008AM  17354.14157670  .00003565  00000-0  15136-3 0  9990
2 41983  97.4766  55.0438 0006787 265.9291  94.1170 15.23725286 46680
FLOCK 3P-79             
1 41984U 17008AN  17354.14199646  .00001624  00000-0  70542-4 0  9997
2 41984  97.4766  55.0419 0006459 265.8374  94.2125 15.23749962 46685
FLOCK 3P-86             
1 41985U 17008AP  17354.14322191  .00001600  00000-0  69552-4 0  9994
2 41985  97.4765  55.0350 0006422 264.6826  95.3678 15.23734916 46675
FLOCK 3P-36             
1 41986U 17008AQ  17354.14585810  .00001639  00000-0  71164-4 0  9998
2 41986  97.4748  54.9590 0006208 261.7708  98.2825 15.23754285 46161
FLOCK 3P-30             
1 41987U 17008AR  17354.13699884  .00001596  00000-0  69500-4 0  9998
2 41987  97.4749  54.9716 0006085 263.2045  96.8500 15.23695657 46630
FLOCK 3P-34             
1 41988U 17008AS  17354.14901285  .00001600  00000-0  69551-4 0  9993
2 41988  97.4743  54.9392 0006265 258.6021 101.4512 15.23750707 46169
FLOCK 3P-35             
1 41989U 17008AT  17354.15184975  .00001642  00000-0  71323-4 0  9990
2 41989  97.4743  54.9337 0006433 258.5795 101.4719 15.23728714 46165
FLOCK 3P-33             
1 41990U 17008AU  17354.27817961  .00001358  00000-0  59465-4 0  9990
2 41990  97.4745  55.0775 0006070 259.3162 100.7392 15.23750933 46180
LEMUR-2-SATCHMO         
1 41991U 17008AV  17354.16485627  .00001521  00000-0  67947-4 0  9995
2 41991  97.4736  54.7564 0006264 264.2560  95.7962 15.22884922 46153
LEMUR-2-MIA-GRACE       
1 41992U 17008AW  17354.11820440  .00002363  00000-0  10252-3 0  9998
2 41992  97.4740  54.8299 0006170 264.3232  95.7301 15.23335394 46150
LEMUR-2-SMITA-SHARAD    
1 41993U 17008AX  17354.14259345  .00001717  00000-0  75922-4 0  9990
2 41993  97.4736  54.7883 0006203 264.2950  95.7579 15.23049940 46153
LEMUR-2-SPIRE-MINIONS   
1 41994U 17008AY  17354.12655117  .00002656  00000-0  11496-3 0  9994
2 41994  97.4736  54.8101 0006217 263.1712  96.8817 15.23296015 46151
LEMUR-2-RDEATON         
1 41995U 17008AZ  17354.13549089  .00001758  00000-0  77527-4 0  9996
2 41995  97.4737  54.8016 0007291 280.9840  79.0576 15.23104360 46831
LEMUR-2-NOGUECORREIG    
1 41996U 17008BA  17354.11257747  .00002475  00000-0  10727-3 0  9997
2 41996  97.4743  54.8405 0007155 280.9442  79.0989 15.23311826 46057
LEMUR-2-JOBANPUTRA      
1 41997U 17008BB  17354.15680667  .00002286  00000-0  98927-4 0  9992
2 41997  97.4745  54.9364 0007138 280.6469  79.3964 15.23443422 46157
LEMUR-2-TACHIKOMA       
1 41998U 17008BC  17354.14265749  .00001743  00000-0  77124-4 0  9995
2 41998  97.4736  54.7896 0007193 281.5222  78.5206 15.23003532 46079
BGUSAT                  
1 41999U 17008BD  17354.13167406  .00002913  00000-0  12401-3 0  9992
2 41999  97.4749  54.9863 0007050 281.6260  78.4185 15.23786968 46150
DIDO-2                  
1 42000U 17008BE  17354.29063124  .00001319  00000-0  59441-4 0  9990
2 42000  97.4732  54.8925 0007196 281.8924  78.1506 15.22810990 46172
FLOCK 3P-49             
1 42001U 17008BF  17354.13327191  .00001728  00000-0  74943-4 0  9999
2 42001  97.4747  54.9686 0006732 282.5466  77.5018 15.23712447 46684
FLOCK 3P-67             
1 42002U 17008BG  17354.13511867  .00003688  00000-0  15594-3 0  9998
2 42002  97.4743  54.9600 0006614 280.9938  79.0555 15.23836323 46843
FLOCK 3P-68             
1 42003U 17008BH  17354.14059825  .00002059  00000-0  88625-4 0  9998
2 42003  97.4742  54.9469 0006803 280.0349  80.0120 15.23752888 46486
FLOCK 3P-41             
1 42004U 17008BJ  17354.12866557  .00002460  00000-0  10538-3 0  9998
2 42004  97.4742  54.9570 0006544 282.3869  77.6636 15.23727137 46689
FLOCK 3P-45             
1 42005U 17008BK  17354.13063737  .00003816  00000-0  16122-3 0  9990
2 42005  97.4744  54.9653 0006511 282.4811  77.5697 15.23844296 46846
FLOCK 3P-48             
1 42006U 17008BL  17354.13177202  .00001662  00000-0  72159-4 0  9994
2 42006  97.4748  54.9706 0006482 283.5729  76.4786 15.23725142 46628
FLOCK 3P-43             
1 42007U 17008BM  17354.13097947  .00001174  00000-0  51977-4 0  9995
2 42007  97.4745  54.9599 0006395 283.2884  76.7640 15.23648376 46847
FLOCK 3P-42             
1 42008U 17008BN  17354.13015030  .00005416  00000-0  22852-3 0  9991
2 42008  97.4740  54.9544 0006419 283.0135  77.0385 15.23694847 46762
FLOCK 3P-61             
1 42009U 17008BP  17354.12901282  .00005099  00000-0  21546-3 0  9990
2 42009  97.4744  54.9623 0006312 285.9929  74.0612 15.23678946 46817
FLOCK 3P-40             
1 42010U 17008BQ  17354.12271362  .00004516  00000-0  19127-3 0  9996
2 42010  97.4737  54.9485 0006270 286.9187  73.1362 15.23659391 46070
FLOCK 3P-16             
1 42011U 17008BR  17354.11084335  .00005464  00000-0  23093-3 0  9998
2 42011  97.4737  54.9677 0005952 288.1475  71.9114 15.23640806 46010
FLOCK 3P-14             
1 42012U 17008BS  17354.11205358  .00003045  00000-0  12962-3 0  9995
2 42012  97.4746  54.9822 0006161 289.6348  70.4224 15.23750084 46635
FLOCK 3P-53             
1 42013U 17008BT  17354.11528110  .00001717  00000-0  74459-4 0  9994
2 42013  97.4734  54.9448 0006008 288.5286  71.5297 15.23732944 46633
FLOCK 3P-54             
1 42014U 17008BU  17354.11750443  .00005353  00000-0  22644-3 0  9999
2 42014  97.4741  54.9598 0005921 289.2519  70.8077 15.23616520 46840
PEASSS                  
1 42015U 17008BV  17354.29350298  .00001531  00000-0  67078-4 0  9998
2 42015  97.4726  55.1544 0005132 293.2564  66.8132 15.23538161 46679
AL-FARABI 1             
1 42016U 17008BW  17354.13080284  .00002342  00000-0  10015-3 0  9996
2 42016  97.4730  55.0783 0005005 294.4083  65.6631 15.23839258 46770
NAYIF-1 (EO-88)         
1 42017U 17008BX  17354.12761108  .00002393  00000-0  10220-3 0  9991
2 42017  97.4729  55.0797 0004984 294.8848  65.1870 15.23858425 46791
FLOCK 3P-23             
1 42018U 17008BY  17354.11635270  .00005599  00000-0  23653-3 0  9996
2 42018  97.4735  54.7973 0007190 256.0292 104.0145 15.23635103 45609
FLOCK 3P-76             
1 42019U 17008BZ  17354.14991865  .00001771  00000-0  76712-4 0  9998
2 42019  97.4768  55.0414 0006857 263.7811  96.2645 15.23729190 46676
FLOCK 3P-69             
1 42020U 17008CA  17354.14851300  .00001587  00000-0  69010-4 0  9997
2 42020  97.4768  55.0425 0006713 262.2910  97.7564 15.23740491 45565
FLOCK 3P-84             
1 42021U 17008CB  17354.15843123  .00004864  00000-0  20554-3 0  9993
2 42021  97.4761  55.0122 0007083 261.6825  98.3608 15.23697432 46688
FLOCK 3P-59             
1 42022U 17008CC  17354.15840001  .00003655  00000-0  15487-3 0  9992
2 42022  97.4742  54.9290 0006522 262.0788  97.9709 15.23773433 45707
FLOCK 3P-32             
1 42023U 17008CD  17354.16241387  .00001848  00000-0  80058-4 0  9995
2 42023  97.4744  54.9260 0006541 257.6460 102.4045 15.23662595 46842
FLOCK 3P-71             
1 42024U 17008CE  17354.11424807  .00004194  00000-0  17786-3 0  9995
2 42024  97.4766  54.9421 0006864 263.9836  96.0618 15.23658728 45702
FLOCK 3P-77             
1 42025U 17008CF  17354.15105304  .00001624  00000-0  70588-4 0  9993
2 42025  97.4765  55.0293 0006771 263.9845  96.0621 15.23724380 46688
FLOCK 3P-80             
1 42026U 17008CG  17354.13462224  .00004029  00000-0  17022-3 0  9994
2 42026  97.4764  55.0468 0006354 264.0979  95.9534 15.23815124 44821
FLOCK 3P-66             
1 42027U 17008CH  17354.13970820  .00001735  00000-0  75188-4 0  9990
2 42027  97.4747  54.9601 0006800 278.9130  81.1337 15.23729257 46796
FLOCK 3P-65             
1 42028U 17008CJ  17354.13781101  .00001550  00000-0  67476-4 0  9999
2 42028  97.4746  54.9620 0006634 279.4554  80.5933 15.23744323 46693
FLOCK 3P-50             
1 42029U 17008CK  17354.13430301  .00001759  00000-0  76175-4 0  9990
2 42029  97.4749  54.9753 0006509 282.5795  77.4714 15.23737880 46015
FLOCK 3P-52             
1 42030U 17008CL  17354.13615751  .00001759  00000-0  76272-4 0  9994
2 42030  97.4746  54.9595 0006581 281.2956  78.7541 15.23703247 46789
FLOCK 3P-46             
1 42031U 17008CM  17354.13098033  .00001388  00000-0  60792-4 0  9991
2 42031  97.4742  54.9579 0006509 282.5226  77.5283 15.23714708 46843
FLOCK 3P-47             
1 42032U 17008CN  17354.13268930  .00001669  00000-0  72498-4 0  9995
2 42032  97.4742  54.9542 0006471 283.4529  76.5987 15.23710408 46661
FLOCK 3P-44             
1 42033U 17008CP  17354.12680997  .00001111  00000-0  49373-4 0  9994
2 42033  97.4746  54.9714 0006504 286.2422  73.8099 15.23629074 45411
FLOCK 3P-64             
1 42034U 17008CQ  17354.12705938  .00005525  00000-0  23323-3 0  9997
2 42034  97.4741  54.9556 0006344 285.7223  74.3314 15.23672465 46831
FLOCK 3P-63             
1 42035U 17008CR  17354.12426866  .00001640  00000-0  71439-4 0  9994
2 42035  97.4740  54.9534 0006352 285.6546  74.3990 15.23637592 44800
FLOCK 3P-62             
1 42036U 17008CS  17354.17023082  .00003668  00000-0  15476-3 0  9993
2 42036  97.4740  55.0521 0006399 287.5241  72.5297 15.23921583 46014
FLOCK 3P-38             
1 42037U 17008CT  17354.12305057  .00005509  00000-0  23279-3 0  9990
2 42037  97.4741  54.9577 0006047 286.8423  73.2150 15.23637987 46781
FLOCK 3P-39             
1 42038U 17008CU  17354.12068789  .00002045  00000-0  88248-4 0  9999
2 42038  97.4737  54.9462 0006351 287.4000  72.6542 15.23663661 46737
FLOCK 3P-15             
1 42039U 17008CV  17354.12623215  .00005394  00000-0  22789-3 0  9998
2 42039  97.4739  54.9520 0006173 286.5678  73.4881 15.23658510 46011
FLOCK 3P-13             
1 42040U 17008CW  17354.11945324  .00001414  00000-0  61978-4 0  9990
2 42040  97.4743  54.9688 0006075 288.6584  71.3993 15.23649296 46004
FLOCK 3P-55             
1 42041U 17008CX  17354.16407392  .00001622  00000-0  70724-4 0  9994
2 42041  97.4743  55.0572 0005941 292.9879  67.0731 15.23627737 46856
FLOCK 3P-56             
1 42042U 17008CY  17354.13362223  .00003840  00000-0  16065-3 0  9996
2 42042  97.4737  55.0840 0005810 291.7724  68.2894 15.24177453 46645
FLOCK 3P-81             
1 42043U 17008CZ  17354.14489495  .00005052  00000-0  21282-3 0  9993
2 42043  97.4765  55.0385 0006678 265.3715  94.6759 15.23782410 46020
FLOCK 3P-87             
1 42044U 17008DA  17354.15495534  .00005182  00000-0  21880-3 0  9994
2 42044  97.4760  55.0093 0006895 261.7122  98.3333 15.23693408 46178
FLOCK 3P-29             
1 42045U 17008DB  17354.15676701  .00003538  00000-0  15034-3 0  9999
2 42045  97.4744  54.9328 0006602 257.4792 102.5707 15.23695972 46026
FLOCK 3P-82             
1 42046U 17008DC  17354.15254904  .00003501  00000-0  14812-3 0  9990
2 42046  97.4762  55.0202 0006879 262.5779  97.4676 15.23857992 46072
FLOCK 3P-78             
1 42047U 17008DD  17354.15411473  .00001948  00000-0  84095-4 0  9991
2 42047  97.4765  55.0215 0006785 261.7208  98.3260 15.23720267 46000
FLOCK 3P-74             
1 42048U 17008DE  17354.16370226  .00004280  00000-0  18137-3 0  9998
2 42048  97.4767  55.0193 0007100 262.5692  97.4738 15.23670694 46004
FLOCK 3P-31             
1 42049U 17008DF  17354.16554007  .00005322  00000-0  22464-3 0  9996
2 42049  97.4743  54.9236 0006668 259.2747 100.7739 15.23694122 45467
FLOCK 3P-83             
1 42050U 17008DG  17354.16628733  .00005162  00000-0  21813-3 0  9995
2 42050  97.4762  55.0020 0006952 263.7877  96.2568 15.23664258 46730
FLOCK 3P-72             
1 42051U 17008DH  17354.14560348  .00000990  00000-0  44377-4 0  9996
2 42051  97.4770  55.0494 0006540 262.2717  97.7778 15.23596981 44324
LEMUR-2-REDFERN-GOES    
1 42059U 98067LA  17353.92875251  .00024278  00000-0  23623-3 0  9990
2 42059  51.6347 180.3400 0005690 257.7275 102.3084 15.66119171 45037
LEMUR-2-TRUTNA          
1 42067U 98067LC  17353.89578969  .00069724  00000-0  42546-3 0  9991
2 42067  51.6374 172.5659 0004729 244.2841 115.7672 15.76734171 44963
LEMUR-2-AUSTINTACIOUS   
1 42068U 98067LD  17353.91394382  .00028889  00000-0  25730-3 0  9993
2 42068  51.6349 178.7398 0005516 247.5563 112.4850 15.68209569 44989
LEMUR-2-TRUTNAHD        
1 42069U 98067LE  17353.93677000  .00028568  00000-0  26871-3 0  9998
2 42069  51.6355 179.6656 0005100 254.4405 105.6028 15.66869144 45021
HAVELSAT                
1 42700U 98067LH  17354.10981527  .00020640  00000-0  22777-3 0  9996
2 42700  51.6360 184.5690 0003951 284.4928  75.5628 15.63041767 33946
SOMP 2                  
1 42701U 98067LJ  17354.14785041  .00019579  00000-0  22068-3 0  9996
2 42701  51.6356 184.8243 0003968 285.4171  74.6385 15.62534117 33932
COLUMBIA                
1 42702U 98067LK  17353.90145028  .00105171  00000-0  63364-3 0  9993
2 42702  51.6311 178.6136 0004994 242.2193 117.8301 15.76854960 33924
SGSAT                   
1 42703U 98067LL  17353.95547106  .00058572  00000-0  46608-3 0  9996
2 42703  51.6322 181.2424 0004062 204.2252 155.8555 15.70618420 33888
CXBN-2                  
1 42704U 98067LM  17353.95849414  .00021113  00000-0  23651-3 0  9998
2 42704  51.6364 185.8134 0002404 201.2610 158.8284 15.62642667 33834
ICECUBE                 
1 42705U 98067LN  17353.96814944  .00021181  00000-0  21478-3 0  9990
2 42705  51.6395 184.4080 0002514 216.9475 143.1348 15.65184547 33916
PHOENIX                 
1 42706U 98067LP  17354.07036667  .00018644  00000-0  21071-3 0  9991
2 42706  51.6357 185.0589 0001430 197.0266 163.0681 15.62506189 33849
X-CUBESAT               
1 42707U 98067LQ  17353.92746049  .00022800  00000-0  25092-3 0  9993
2 42707  51.6342 185.5875 0001618 200.9530 159.1399 15.63047542 33816
QBEE50-LTU-OC           
1 42708U 98067LR  17353.94098577  .00022107  00000-0  24608-3 0  9994
2 42708  51.6353 185.6825 0001569 202.1304 157.9622 15.62774292 33771
ALTAIR PATHFINDER       
1 42711U 98067LS  17353.93325335  .00012928  00000-0  16339-3 0  9994
2 42711  51.6356 187.8850 0004108 215.7176 144.3543 15.59908212 33453
SHARC                   
1 42712U 98067LT  17353.90223684  .00008219  00000-0  10947-3 0  9993
2 42712  51.6376 188.4480 0002218 213.8655 146.2197 15.59103873 33684
ZA-AEROSAT              
1 42713U 98067LU  17354.09467626  .00018205  00000-0  21417-3 0  9991
2 42713  51.6354 185.9673 0002746 198.2685 161.8210 15.61481416 33495
LINK                    
1 42714U 98067LV  17353.93092102  .00031431  00000-0  31770-3 0  9996
2 42714  51.6334 184.8507 0003342 198.3830 161.7045 15.65020837 33602
CSUNSAT 1               
1 42715U 98067LW  17353.89790142  .00018123  00000-0  21162-3 0  9998
2 42715  51.6363 186.9037 0004535 205.6033 154.4737 15.61674481 33465
UPSAT                   
1 42716U 98067LX  17354.06293791  .00028550  00000-0  29738-3 0  9999
2 42716  51.6353 184.2537 0002462 274.7049  85.3665 15.64315342 33645
SPACECUBE               
1 42717U 98067LY  17353.76708493  .00019450  00000-0  21826-3 0  9995
2 42717  51.6353 186.7761 0002494 278.4766  81.5946 15.62656691 32826
HOOPOE                  
1 42718U 98067LZ  17354.10588497  .00024048  00000-0  25948-3 0  9993
2 42718  51.6356 184.5396 0002502 274.3549  85.7159 15.63518048 32886
CHALLENGER              
1 42721U 98067MA  17353.93400049  .00037797  00000-0  36019-3 0  9999
2 42721  51.6339 184.1195 0005250 256.3178 103.7233 15.66396299 32570
NJUST-1                 
1 42722U 98067MB  17353.94477324  .00016542  00000-0  19870-3 0  9992
2 42722  51.6361 187.2154 0005588 270.4725  89.5628 15.61006402 32538
UNSW-ECO                
1 42723U 98067MC  17354.07689667  .00026832  00000-0  28874-3 0  9990
2 42723  51.6363 185.1027 0005204 263.7687  96.2715 15.63509986 32555
DUTHSAT                 
1 42724U 98067MD  17354.09258088  .00035160  00000-0  34245-3 0  9995
2 42724  51.6348 183.6938 0004450 256.4075 103.6425 15.65890960 32496
LILACSAT-1              
1 42725U 98067ME  17353.84881796  .00019036  00000-0  22023-3 0  9991
2 42725  51.6360 187.3276 0004556 268.0969  91.9503 15.61877082 32420
NSIGHT-1                
1 42726U 98067MF  17354.08060201  .00008969  00000-0  12115-3 0  9993
2 42726  51.6371 188.1349 0005025 279.4949  80.5475 15.58587337 32440
SNUSAT-1                
1 42727U 98067MG  17353.91491226  .00021222  00000-0  24541-3 0  9993
2 42727  51.6346 186.9986 0006975 231.7556 128.2810 15.61794830 32407
QBITO                   
1 42728U 98067MH  17353.92614451  .00021581  00000-0  24209-3 0  9991
2 42728  51.6375 186.3626 0002188 258.6280 101.4469 15.62590819 32257
AALTO-2                 
1 42729U 98067MJ  17354.11575775  .00022577  00000-0  25217-3 0  9995
2 42729  51.6359 185.3626 0002208 258.4226 101.6521 15.62672203 32293
SUSAT                   
1 42730U 98067MK  17354.13854255  .00021318  00000-0  24241-3 0  9990
2 42730  51.6353 185.5084 0002318 258.3626 101.7108 15.62247876 32289
I-INSPIRE II            
1 42731U 98067ML  17353.93032033  .00028544  00000-0  30352-3 0  9998
2 42731  51.6347 185.5984 0006718 216.3479 143.7060 15.63769132 32312
POLYITAN-2-SAU          
1 42732U 98067MM  17354.10418840  .00022616  00000-0  25060-3 0  9997
2 42732  51.6354 185.2656 0006685 218.2188 141.8333 15.62856966 32330
SNUSAT-1B               
1 42733U 98067MN  17353.62783169  .00019656  00000-0  22432-3 0  9993
2 42733  51.6356 188.0890 0006699 218.1814 141.8706 15.62195491 32258
EXALTA-1                
1 42734U 98067MP  17353.93599027  .00028699  00000-0  30519-3 0  9998
2 42734  51.6344 185.6383 0007297 241.4899 118.5361 15.63759309 32267
AOXIANG-1               
1 42735U 98067MQ  17354.12714980  .00016835  00000-0  20090-3 0  9990
2 42735  51.6353 186.1754 0006140 268.1385  91.8905 15.61159957 33694
BEEAGLESAT              
1 42736U 98067MR  17354.16663814  .00018577  00000-0  21648-3 0  9999
2 42736  51.6353 185.6882 0006012 265.5111  94.5196 15.61700753 32391
ATLANTIS                
1 42737U 98067MS  17353.89821959  .00081043  00000-0  56772-3 0  9999
2 42737  51.6312 180.8389 0006291 241.5952 118.4413 15.73488573 32329
LEMUR-2-ANGELA          
1 42752U 17019B   17354.08178598  .00002517  00000-0  10232-3 0  9990
2 42752  51.6387 229.5428 0009743 287.4887  72.5028 15.28408497 29712
LEMUR-2-JENNYBARNA      
1 42753U 17019C   17354.06028886  .00003940  00000-0  15123-3 0  9998
2 42753  51.6404 229.4053 0009645 288.1285  71.8644 15.28776457 29661
LEMUR-2-ROBMOORE        
1 42754U 17019D   17354.15654631  .00001974  00000-0  83165-4 0  9999
2 42754  51.6388 229.2876 0009667 291.2198  68.7749 15.28337519 29704
LEMUR-2-SPIROVISION     
1 42755U 17019E   17354.07232057  .00003912  00000-0  15072-3 0  9990
2 42755  51.6390 229.4768 0009693 290.2358  69.7580 15.28676717 29582
UCLSAT                  
1 42765U 17036A   17353.61250999  .00001667  00000-0  77392-4 0  9993
2 42765  97.4272  51.1507 0011630 353.8472   6.2619 15.21359124 27993
LITUANICASAT-2          
1 42768U 17036D   17354.12279737  .00003222  00000-0  14974-3 0  9999
2 42768  97.4276  51.3937 0015256 338.6925  21.3674 15.20604716 27348
LEMUR-2-SHAINAJOHL      
1 42771U 17036G   17354.11348367  .00001729  00000-0  82062-4 0  9992
2 42771  97.4273  51.4029 0014467 338.3635  21.6987 15.20530597 27288
LEMUR-2-XUENITERENCE    
1 42772U 17036H   17354.10820808  .00001996  00000-0  94121-4 0  9992
2 42772  97.4272  51.4091 0014126 338.3384  21.7252 15.20572902 27282
LEMUR-2-LUCYBRYCE       
1 42773U 17036J   17354.09415731  .00002594  00000-0  12063-3 0  9995
2 42773  97.4275  51.4307 0013798 337.7460  22.3175 15.20786172 27285
LEMUR-2-KUNGFOO         
1 42774U 17036K   17354.10022006  .00001992  00000-0  93741-4 0  9991
2 42774  97.4275  51.4256 0013873 338.1098  21.9543 15.20642753 27274
AALTO-1                 
1 42775U 17036L   17354.10539755  .00001176  00000-0  57040-4 0  9992
2 42775  97.4269  51.4113 0013601 337.3717  22.6917 15.20414291 27286
URSA MAIOR              
1 42776U 17036M   17354.09999357  .00001228  00000-0  59285-4 0  9990
2 42776  97.4273  51.4256 0013456 337.6229  22.4418 15.20474899 27283
COMPASS 2               
1 42777U 17036N   17354.11631755  .00002509  00000-0  11573-3 0  9999
2 42777  97.4285  51.5809 0012485 342.2644  17.8154 15.21108100 27281
LEMUR-2-LYNSEY-SYMO     
1 42779U 17036Q   17354.15385642  .00002566  00000-0  11729-3 0  9992
2 42779  97.4278  51.6646 0012139 348.9300  11.1667 15.21402035 27283
LEMUR-2-LISASAURUS      
1 42780U 17036R   17354.15851713  .00002368  00000-0  10887-3 0  9995
2 42780  97.4273  51.6507 0012120 349.1321  10.9651 15.21282223 27298
LEMUR-2-SAM-AMELIA      
1 42781U 17036S   17354.14893095  .00002591  00000-0  11830-3 0  9991
2 42781  97.4274  51.6624 0011958 349.5688  10.5297 15.21437037 27284
LEMUR-2-MCPEAKE         
1 42782U 17036T   17354.14525776  .00002582  00000-0  11779-3 0  9992
2 42782  97.4278  51.6723 0011842 349.1374  10.9604 15.21470365 27286
DIAMOND RED             
1 42783U 17036U   17354.09715222  .00001272  00000-0  60302-4 0  9996
2 42783  97.4273  51.5752 0012143 351.2599   8.8423 15.21075875 27283
PEGASUS                 
1 42784U 17036V   17354.15544886  .00001627  00000-0  75975-4 0  9996
2 42784  97.4273  51.6531 0012111 351.5032   8.5997 15.21200879 27298
DIAMOND GREEN           
1 42785U 17036W   17354.09627228  .00001454  00000-0  68454-4 0  9994
2 42785  97.4274  51.5819 0012069 352.0496   8.0546 15.21083170 27355
DIAMOND BLUE            
1 42786U 17036X   17354.09510045  .00001414  00000-0  66710-4 0  9992
2 42786  97.4273  51.5822 0011901 352.4765   7.6290 15.21064133 27355
NUDTSAT                 
1 42787U 17036Y   17354.12941583  .00002582  00000-0  11741-3 0  9992
2 42787  97.4275  51.6891 0011648 352.0001   8.1047 15.21579285 27133
SUCHAI                  
1 42788U 17036Z   17354.13968761  .00001909  00000-0  88105-4 0  9992
2 42788  97.4273  51.6721 0011754 351.8771   8.2273 15.21395265 27364
SKCUBE                  
1 42789U 17036AA  17354.13683405  .00001786  00000-0  82632-4 0  9994
2 42789  97.4271  51.6736 0011578 351.9763   8.1285 15.21393390 27285
VZLUSAT-1               
1 42790U 17036AB  17354.12200215  .00002526  00000-0  11483-3 0  9997
2 42790  97.4271  51.6899 0011219 352.7161   7.3910 15.21614004 27284
ROBUSTA-1B              
1 42792U 17036AD  17354.12166407  .00001800  00000-0  82930-4 0  9993
2 42792  97.4269  51.6876 0011176 353.4478   6.6610 15.21526634 27290
CICERO 6                
1 42793U 17036AE  17354.10724276  .00001142  00000-0  53742-4 0  9994
2 42793  97.4266  51.7025 0010343 355.4333   4.6807 15.21538736 27362
D-SAT                   
1 42794U 17036AF  17354.10353175  .00000585  00000-0  56393-4 0  9996
2 42794  97.6190  50.2736 0127980 157.3678 203.3255 14.90741522 27045
TOKI                    
1 42820U 98067MU  17353.94950250  .00018603  00000-0  22317-3 0  9995
2 42820  51.6352 187.9884 0003642 193.3401 166.7497 15.60950988 25807
GHANASAT-1              
1 42821U 98067MV  17353.76920096  .00016367  00000-0  19885-3 0  9992
2 42821  51.6353 189.0345 0003530 195.9265 164.1618 15.60724778 25753
MAZAALAI (NUMSAT-1)     
1 42822U 98067MW  17353.83169674  .00017793  00000-0  21496-3 0  9993
2 42822  51.6355 188.7032 0003509 197.7374 162.3498 15.60802716 25768
BRAC ONNESHA            
1 42823U 98067MX  17353.64136662  .00016812  00000-0  20339-3 0  9990
2 42823  51.6360 189.6886 0005956 224.1323 135.9196 15.60803647 25731
NIGERIAEDUSAT-1         
1 42824U 98067MY  17353.90531618  .00017790  00000-0  21560-3 0  9993
2 42824  51.6365 188.4561 0005799 225.2382 134.8140 15.60711153 25766
LEMUR-2-GREENBERG       
1 42837U 17042N   17354.17561608  .00000776  00000-0  83301-4 0  9991
2 42837  97.6085 258.2319 0014735  74.5273 285.7572 14.91254272 23670
LEMUR-2-ANDIS           
1 42838U 17042P   17354.17342209  .00000822  00000-0  87898-4 0  9993
2 42838  97.6085 258.2341 0014823  74.3774 285.9080 14.91275182 23677
LEMUR-2-MONSON          
1 42839U 17042Q   17354.16561880  .00000596  00000-0  65181-4 0  9990
2 42839  97.6085 258.2430 0014541  74.1233 286.1587 14.91298939 23672
LEMUR-2-FURIAUS         
1 42840U 17042R   17354.22621550  .00000893  00000-0  94700-4 0  9999
2 42840  97.6083 258.3146 0014594  73.9034 286.3791 14.91409550 23673
LEMUR-2-PETERG          
1 42841U 17042S   17354.21222968  .00000918  00000-0  96887-4 0  9995
2 42841  97.6087 258.3344 0014289  72.6212 287.6569 14.91540627 23682
LEMUR-2-DEMBITZ         
1 42842U 17042T   17354.20991768  .00000895  00000-0  94495-4 0  9993
2 42842  97.6084 258.3345 0014286  73.0775 287.2009 14.91561620 23688
LEMUR-2-ZACHARY         
1 42845U 17042W   17354.18760302  .00000676  00000-0  72395-4 0  9993
2 42845  97.6034 258.2594 0014681  77.3289 282.9570 14.91757840 23672
FLOCK 2K-03             
1 42850U 17042AB  17354.15555690  .00003350  00000-0  10040-3 0  9998
2 42850  96.9943 254.7657 0012905  48.1174 312.1169 15.35066602 24158
FLOCK 2K-04             
1 42851U 17042AC  17354.15881901  .00004390  00000-0  13081-3 0  9999
2 42851  96.9947 254.7668 0012624  49.7190 310.5156 15.35089516 24155
FLOCK 2K-01             
1 42852U 17042AD  17354.15703546  .00002340  00000-0  70811-4 0  9996
2 42852  96.9943 254.7651 0012446  48.4424 311.7886 15.35063728 24152
FLOCK 2K-02             
1 42853U 17042AE  17354.16538633  .00002749  00000-0  87396-4 0  9990
2 42853  96.9954 254.6241 0013334  48.6061 311.6326 15.33329777 24149
FLOCK 2K-47             
1 42854U 17042AF  17354.15395547  .00003857  00000-0  11522-3 0  9993
2 42854  96.9943 254.7667 0012306  46.5870 313.6396 15.35088391 24150
FLOCK 2K-48             
1 42855U 17042AG  17354.15257600  .00002486  00000-0  75084-4 0  9992
2 42855  96.9945 254.7741 0012277  46.8863 313.3406 15.35068236 24153
FLOCK 2K-45             
1 42856U 17042AH  17354.15067057  .00002472  00000-0  74660-4 0  9992
2 42856  96.9943 254.7722 0012327  45.6688 314.5565 15.35075285 24150
FLOCK 2K-24             
1 42857U 17042AJ  17354.15048716  .00002175  00000-0  66172-4 0  9993
2 42857  96.9945 254.7723 0012311  44.0914 316.1309 15.34959211 24155
FLOCK 2K-46             
1 42858U 17042AK  17354.14903224  .00005612  00000-0  16678-3 0  9991
2 42858  96.9948 254.7822 0012386  45.8569 314.3692 15.35060695 24151
FLOCK 2K-23             
1 42859U 17042AL  17354.14720032  .00002431  00000-0  73504-4 0  9994
2 42859  96.9948 254.7817 0012361  46.3804 313.8464 15.35053295 24156
FLOCK 2K-21             
1 42860U 17042AM  17354.21105794  .00002953  00000-0  88843-4 0  9997
2 42860  96.9947 254.8442 0012333  45.6989 314.5264 15.35047413 24169
FLOCK 2K-22             
1 42861U 17042AN  17354.16114447  .00011654  00000-0  34426-3 0  9992
2 42861  96.9950 254.7694 0012293  44.8212 315.4023 15.35018601 24156
FLOCK 2K-07             
1 42862U 17042AP  17354.20920727  .00002737  00000-0  82462-4 0  9990
2 42862  96.9950 254.8496 0012559  46.1647 314.0634 15.35059476 24170
FLOCK 2K-08             
1 42863U 17042AQ  17354.20626588  .00002807  00000-0  84559-4 0  9996
2 42863  96.9947 254.8466 0012607  46.5864 313.6428 15.35041440 24160
FLOCK 2K-05             
1 42864U 17042AR  17354.20772157  .00002801  00000-0  84419-4 0  9990
2 42864  96.9952 254.8508 0012543  45.4892 314.7375 15.35026182 24161
FLOCK 2K-40             
1 42865U 17042AS  17354.20466625  .00004462  00000-0  13302-3 0  9998
2 42865  96.9951 254.8555 0012647  46.7934 313.4364 15.35066308 24167
FLOCK 2K-39             
1 42866U 17042AT  17354.20296690  .00002825  00000-0  85053-4 0  9996
2 42866  96.9947 254.8533 0012721  46.0799 314.1493 15.35056355 24166
FLOCK 2K-37             
1 42867U 17042AU  17354.20133403  .00002972  00000-0  89311-4 0  9993
2 42867  96.9948 254.8576 0012801  46.2577 313.9724 15.35067118 24163
FLOCK 2K-38             
1 42868U 17042AV  17354.19816549  .00003013  00000-0  90511-4 0  9992
2 42868  96.9946 254.8607 0012826  45.2554 314.9732 15.35073396 24163
FLOCK 2K-31             
1 42869U 17042AW  17354.19642537  .00002788  00000-0  83881-4 0  9997
2 42869  96.9945 254.8604 0012850  43.8392 316.3870 15.35085228 24167
FLOCK 2K-32             
1 42870U 17042AX  17354.19477950  .00002944  00000-0  88479-4 0  9996
2 42870  96.9944 254.8627 0012836  44.0704 316.1561 15.35078109 24162
FLOCK 2K-29             
1 42871U 17042AY  17354.19337112  .00002893  00000-0  86945-4 0  9991
2 42871  96.9947 254.8677 0012949  43.5433 316.6831 15.35091928 24168
FLOCK 2K-30             
1 42872U 17042AZ  17354.19132937  .00002748  00000-0  82546-4 0  9992
2 42872  96.9946 254.8674 0012922  44.6164 315.6118 15.35148883 24158
FLOCK 2K-44             
1 42873U 17042BA  17354.19007930  .00003175  00000-0  95094-4 0  9994
2 42873  96.9948 254.8721 0013544  33.9711 326.2398 15.35115880 24164
FLOCK 2K-43             
1 42874U 17042BB  17354.17464145  .00002676  00000-0  83586-4 0  9996
2 42874  96.9952 254.7495 0014108  35.5695 324.6487 15.33904126 24150
FLOCK 2K-41             
1 42875U 17042BC  17354.18703021  .00011025  00000-0  32223-3 0  9996
2 42875  96.9946 254.8728 0013751  35.7383 324.4779 15.35350476 24161
FLOCK 2K-36             
1 42876U 17042BD  17354.18703493  .00002450  00000-0  74177-4 0  9997
2 42876  96.9952 254.8789 0013933  35.7593 324.4581 15.34982270 24164
FLOCK 2K-35             
1 42877U 17042BE  17354.18652928  .00002755  00000-0  82709-4 0  9992
2 42877  96.9950 254.8772 0013784  35.5710 324.6451 15.35153541 24168
FLOCK 2K-34             
1 42878U 17042BF  17354.18485225  .00002870  00000-0  86305-4 0  9991
2 42878  96.9949 254.8746 0013938  36.3693 323.8496 15.35065871 24166
FLOCK 2K-33             
1 42879U 17042BG  17354.18198667  .00002871  00000-0  86346-4 0  9999
2 42879  96.9949 254.8787 0014076  36.0978 324.1214 15.35055376 24160
FLOCK 2K-28             
1 42880U 17042BH  17354.17117567  .00002922  00000-0  91057-4 0  9992
2 42880  96.9953 254.7566 0014208  36.0949 324.1252 15.33908406 24156
LEMUR-2-ARTFISCHER      
1 42881U 17042BJ  17354.20673737  .00005512  00000-0  16610-3 0  9992
2 42881  96.9976 254.9044 0014832  37.1559 323.0709 15.34595740 24156
FLOCK 2K-27             
1 42882U 17042BK  17354.18093217  .00007343  00000-0  21716-3 0  9996
2 42882  96.9951 254.8860 0014180  36.8077 323.4138 15.35090392 24167
FLOCK 2K-26             
1 42883U 17042BL  17354.17821518  .00002899  00000-0  87162-4 0  9998
2 42883  96.9946 254.8851 0014181  35.0703 325.1472 15.35057622 24169
FLOCK 2K-25             
1 42884U 17042BM  17354.18357939  .00004859  00000-0  14450-3 0  9998
2 42884  96.9946 254.8736 0013950  36.2892 323.9295 15.35086985 24160
FLOCK 2K-20             
1 42885U 17042BN  17354.17692468  .00005884  00000-0  17477-3 0  9998
2 42885  96.9948 254.8899 0014197  34.8124 325.4046 15.35036348 24168
FLOCK 2K-19             
1 42886U 17042BP  17354.17995828  .00005722  00000-0  16997-3 0  9992
2 42886  96.9950 254.8880 0014218  35.3947 324.8238 15.35042586 24162
FLOCK 2K-18             
1 42887U 17042BQ  17354.16823637  .00002578  00000-0  77825-4 0  9994
2 42887  96.9949 254.8979 0014305  34.1259 326.0902 15.35025611 24162
FLOCK 2K-17             
1 42888U 17042BR  17354.17295962  .00002790  00000-0  84093-4 0  9991
2 42888  96.9942 254.8835 0014294  33.4443 326.7701 15.35006823 24169
FLOCK 2K-16             
1 42889U 17042BS  17354.17398150  .00002968  00000-0  89422-4 0  9993
2 42889  96.9948 254.8936 0013928  33.3760 326.8359 15.34979803 24168
FLOCK 2K-15             
1 42890U 17042BT  17354.16671656  .00002374  00000-0  71883-4 0  9992
2 42890  96.9955 254.9104 0014178  33.8139 326.4007 15.35007972 24165
FLOCK 2K-13             
1 42891U 17042BU  17354.17551781  .00001973  00000-0  60181-4 0  9993
2 42891  96.9947 254.8888 0014270  30.9025 329.3056 15.34961549 24164
FLOCK 2K-14             
1 42892U 17042BV  17354.16962484  .00010799  00000-0  31893-3 0  9992
2 42892  96.9945 254.8890 0014175  32.7977 327.4144 15.35020699 24166
FLOCK 2K-12             
1 42893U 17042BW  17354.16375724  .00002642  00000-0  79759-4 0  9990
2 42893  96.9953 254.9089 0014273  34.1974 326.0187 15.35008227 24164
FLOCK 2K-11             
1 42894U 17042BX  17354.17115991  .00003744  00000-0  11207-3 0  9997
2 42894  96.9949 254.8983 0014170  30.4692 329.7373 15.35017729 24168
FLOCK 2K-10             
1 42895U 17042BY  17354.16496390  .00002575  00000-0  77809-4 0  9994
2 42895  96.9948 254.8970 0014260  32.2619 327.9494 15.34993663 24166
FLOCK 2K-09             
1 42896U 17042BZ  17354.16213855  .00006686  00000-0  19810-3 0  9992
2 42896  96.9958 254.9089 0014150  32.1107 328.0997 15.35067587 24336
FLOCK 2K-06             
1 42897U 17042CA  17354.19972062  .00002819  00000-0  84824-4 0  9990
2 42897  96.9948 254.8606 0012887  45.1277 315.1011 15.35070480 24168
SILU-1 (SILKROAD 1)     
1 42903U 17021F   17354.21637380  .00020601  00000-0  21134-3 0  9992
2 42903  42.7792 326.1886 0007105 123.9754 359.0683 15.64498793 21833
FLOCK 3M-1              
1 42995U 17068J   17353.98539166  .00000980  00000-0  51160-4 0  9991
2 42995  97.3442 106.7352 0018995  57.3692 302.9372 15.18062304  7449
FLOCK 3M-3              
1 42996U 17068K   17354.24385259  .00000933  00000-0  48680-4 0  9995
2 42996  97.3398 106.9676 0018354  57.2931 303.0070 15.18223102  7481
FLOCK 3M-4              
1 42997U 17068L   17354.10931384  .00002121  00000-0  10615-3 0  9994
2 42997  97.3611 106.9897 0018127  58.6997 301.6009 15.18345841  7469
FLOCK 3M-2              
1 42998U 17068M   17354.29743562  .00001018  00000-0  52265-4 0  9996
2 42998  97.3511 107.1252 0016310  54.7532 305.5226 15.18607034  7493
ECAMSAT                 
1 43019U 98067NG  17353.65766803  .00005693  00000-0  89892-4 0  9990
2 43019  51.6380 193.5510 0005079 217.0987 142.9654 15.55133248 90592
ASTERIA                 
1 43020U 98067NH  17353.97628363  .00006572  00000-0  10158-3 0  9990
2 43020  51.6383 191.9301 0002460 206.6252 153.4613 15.55429073  4565
DELLINGR (RBLE)         
1 43021U 98067NJ  17353.97955766  .00006353  00000-0  99407-4 0  9993
2 43021  51.6383 191.9516 0002236 204.2088 155.8798 15.55155392  4566
TECHEDSAT 6             
1 43026U 98067NK  17353.88431365  .00056642  00000-0  73858-3 0  9999
2 43026  51.6373 192.0662 0003083 204.3999 155.6847 15.58142968  4456
OSIRIS-3U               
1 43027U 98067NL  17354.16034671  .00022659  00000-0  32365-3 0  9990
2 43027  51.6378 190.9101 0004276 189.0127 171.0788 15.56151753  4472
2017-071E               
1 43041U 17071E   17353.93883312  .00005751  00000-0  16127-3 0  9992
2 43041  51.6378 193.9089 0000810 147.2447 212.8587 15.38073220  4302
2017-071F               
1 43042U 17071F   17354.13744790  .00003145  00000-0  94204-4 0  9990
2 43042  51.6375 192.9846 0005006 344.7004  15.3827 15.37640785  2042
2017-071G               
1 43043U 17071G   17353.94242385  .00003446  00000-0  10220-3 0  9991
2 43043  51.6376 193.9325 0004977 343.8466  16.2358 15.37645497  1981
2017-071H               
1 43044U 17071H   17353.94194707  .00004383  00000-0  12682-3 0  9991
2 43044  51.6376 193.9294 0004807 342.8059  17.2761 15.37722833  1985
2017-071J               
1 43045U 17071J   17354.13418720  .00006083  00000-0  17018-3 0  9995
2 43045  51.6375 192.9636 0003838 332.0957  27.9821 15.38038600  2063
2017-071K               
1 43046U 17071K   17353.93872942  .00003424  00000-0  10020-3 0  9995
2 43046  51.6388 193.9096 0003643 328.4219  31.6546 15.38093226  2031
2017-071L               
1 43047U 17071L   17353.94217445  .00006331  00000-0  17870-3 0  9998
2 43047  51.6379 193.9312 0003293  20.5123 339.5992 15.37687623  2021
2017-071M               
1 43048U 17071M   17353.94209630  .00004173  00000-0  12137-3 0  9999
2 43048  51.6381 193.9308 0003180  20.4875 339.6235 15.37686787  2029
2017-071N               
1 43049U 17071N   17353.94083212  .00003099  00000-0  92447-4 0  9995
2 43049  51.6376 193.9222 0002636  11.7665 348.3380 15.37818870  1975
2017-071P               
1 43050U 17071P   17353.94050630  .00002384  00000-0  73471-4 0  9997
2 43050  51.6384 193.9205 0002479   8.2657 351.8367 15.37848203  1982
2017-071Q               
1 43051U 17071Q   17349.45742660  .00004926  00000-0  14141-3 0  9992
2 43051  51.6385 215.7358 0002160 105.0230 255.0993 15.37679354  1288
2017-071R               
1 43052U 17071R   17353.94042165  .00003444  00000-0  10141-3 0  9995
2 43052  51.6379 193.9200 0002516   8.9610 351.1418 15.37870967  1972
2017-071S               
1 43053U 17071S   17353.94172981  .00008690  00000-0  24104-3 0  9998
2 43053  51.6377 193.9279 0002091 113.8965 246.2238 15.37720718  1987
2017-071T               
1 43054U 17071T   17353.93891375  .00003982  00000-0  11494-3 0  9990
2 43054  51.6377 193.9097 0000774 146.8706 213.2326 15.38051973  1984
