YAOGAN-35 04A           
1 53522U 22100A   22255.90493167  .00011910  00000+0  49481-3 0  9997
2 53522  35.0022  55.7516 0006208 124.3528 235.7776 15.23006440  3691
CZ-2D R/B               
1 53523U 22100B   22255.89478992  .00018825  00000+0  75965-3 0  9993
2 53523  35.0005  55.6664 0006866 122.6971 237.4408 15.23910796  3698
YAOGAN-35 04B           
1 53524U 22100C   22255.90124117  .00011134  00000+0  46145-3 0  9997
2 53524  35.0002  55.7187 0004643 121.0368 239.0804 15.23106589  3641
CZ-2D DEB               
1 53525U 22100D   22255.88935429  .00020791  00000+0  82912-3 0  9992
2 53525  35.0001  55.6217 0006931 134.2972 225.8314 15.24290483  3640
YAOGAN-35 04C           
1 53526U 22100E   22255.90435176  .00008318  00000+0  34718-3 0  9992
2 53526  35.0008  55.7461 0004750 133.3960 226.7152 15.22922106  3646
STARLINK-4511           
1 53527U 22101A   22255.91667824 -.01148973  00000+0 -20186-1 0  9999
2 53527  53.2163  35.8862 0001766  29.8022  57.1806 15.52873664  1307
STARLINK-4503           
1 53528U 22101B   22255.91667824 -.01115080  00000+0 -19551-1 0  9997
2 53528  53.2170  35.8733 0002252  21.1798  65.0108 15.52837188  1303
STARLINK-4478           
1 53529U 22101C   22255.91667824 -.01126912  00000+0 -19764-1 0  9990
2 53529  53.2164  35.8973 0001939  30.6638  57.1408 15.52862851  1302
STARLINK-4482           
1 53530U 22101D   22256.25001157 -.01114248  00000+0 -20097-1 0  9991
2 53530  53.2171  34.3119 0001544  46.1111 107.3321 15.52062691  3867
STARLINK-4487           
1 53531U 22101E   22255.91667824 -.01247179  00000+0 -21666-1 0  9996
2 53531  53.2165  35.9090 0001693  26.2293  62.3373 15.52954564  1304
STARLINK-4483           
1 53532U 22101F   22256.25001157 -.01114070  00000+0 -20085-1 0  9993
2 53532  53.2172  34.4212 0001850  33.8191 120.4412 15.52071654  3862
STARLINK-4493           
1 53533U 22101G   22256.25001157 -.01114070  00000+0 -20080-1 0  9999
2 53533  53.2173  34.4291 0001807  35.2532 119.8266 15.52078919  3868
STARLINK-4488           
1 53534U 22101H   22256.25001157 -.01114043  00000+0 -20058-1 0  9995
2 53534  53.2173  34.4663 0001858  33.7683 124.5886 15.52107975  3864
STARLINK-4138           
1 53535U 22101J   22255.91667824 -.01206048  00000+0 -20882-1 0  9999
2 53535  53.2170  36.0397 0001950  25.9041  66.7434 15.52954301  1304
STARLINK-4053           
1 53536U 22101K   22255.91667824 -.00030763  00000+0 -21505-3 0  9993
2 53536  53.2166  35.3470 0002260  31.0911  12.9545 15.73251802  1308
STARLINK-4120           
1 53537U 22101L   22256.25001157 -.01114171  00000+0 -20078-1 0  9992
2 53537  53.2173  34.4311 0001613  42.8536 113.0458 15.52086116  3865
STARLINK-4118           
1 53538U 22101M   22256.25001157 -.00001670  00000+0 -74757-5 0  9998
2 53538  53.2164  33.6930 0001856  29.1878 104.4148 15.73195358  3873
STARLINK-4123           
1 53539U 22101N   22255.91667824 -.01146835  00000+0 -20104-1 0  9997
2 53539  53.2170  36.0510 0001748  35.1133  58.3628 15.52928860  1308
STARLINK-4486           
1 53540U 22101P   22256.25001157  .00039904  00000+0  28759-3 0  9999
2 53540  53.2169  33.6929 0001861  24.6106 110.2073 15.73182817  3877
STARLINK-4485           
1 53541U 22101Q   22256.25001157 -.01114094  00000+0 -20055-1 0  9996
2 53541  53.2173  34.4781 0001645  41.6372 117.5388 15.52115348  3862
STARLINK-4489           
1 53542U 22101R   22255.91667824 -.00035585  00000+0 -24988-3 0  9995
2 53542  53.2166  35.3405 0002337  22.7545  24.3543 15.73225352  1304
STARLINK-4297           
1 53543U 22101S   22256.25001157  .00113123  00000+0  80181-3 0  9995
2 53543  53.2166  33.6927 0001973  32.7311 101.5034 15.73134985  3870
STARLINK-4303           
1 53544U 22101T   22256.25001157 -.00056966  00000+0 -40399-3 0  9996
2 53544  53.2166  33.6875 0002064  30.0596 107.1505 15.73210388  3878
STARLINK-4475           
1 53545U 22101U   22256.25001157 -.00016570  00000+0 -11381-3 0  9993
2 53545  53.2168  33.6909 0001687  33.8649 101.5595 15.73211843  3873
STARLINK-4477           
1 53546U 22101V   22256.25001157  .00020251  00000+0  14838-3 0  9993
2 53546  53.2180  32.6033 0002311  13.5346 289.6181 15.73196104  3881
STARLINK-4474           
1 53547U 22101W   22256.25001157 -.00013039  00000+0 -88557-4 0  9992
2 53547  53.2168  33.6893 0001847  29.4992 107.1156 15.73216330  3878
STARLINK-4513           
1 53548U 22101X   22256.25001157  .00011092  00000+0  83375-4 0  9991
2 53548  53.2166  33.6830 0001895  26.4789 113.1391 15.73191191  3877
STARLINK-4516           
1 53549U 22101Y   22256.25001157  .00015084  00000+0  11159-3 0  9997
2 53549  53.2160  33.6834 0001846  32.1504 105.6177 15.73222564  3878
STARLINK-4518           
1 53550U 22101Z   22256.25001157  .00071023  00000+0  50673-3 0  9998
2 53550  53.2162  33.6803 0001949  24.5077 115.6709 15.73174130  3879
STARLINK-4514           
1 53551U 22101AA  22256.25001157  .00026229  00000+0  19068-3 0  9990
2 53551  53.2167  33.6853 0002075  29.5651 108.8173 15.73203857  3872
STARLINK-4495           
1 53552U 22101AB  22256.25001157  .00013776  00000+0  10238-3 0  9994
2 53552  53.2165  33.6787 0001933  22.0502 119.9009 15.73206788  3879
STARLINK-4501           
1 53553U 22101AC  22256.25001157  .00052179  00000+0  37408-3 0  9993
2 53553  53.2164  33.6798 0001935  27.1081 113.6700 15.73187087  3870
STARLINK-4506           
1 53554U 22101AD  22256.25001157  .00050132  00000+0  36016-3 0  9995
2 53554  53.2160  33.6743 0001675  30.9450 112.2900 15.73155298  3876
STARLINK-4504           
1 53555U 22101AE  22256.25001157  .00039980  00000+0  28815-3 0  9992
2 53555  53.2160  33.6766 0001811  22.3823 119.0140 15.73180712  3873
STARLINK-4505           
1 53556U 22101AF  22255.91667824  .00051891  00000+0  37191-3 0  9996
2 53556  53.2159  35.3241 0002251  23.1988  32.1870 15.73195458  1303
STARLINK-4502           
1 53557U 22101AG  22256.25001157  .00105951  00000+0  75047-3 0  9995
2 53557  53.2161  33.6761 0002000  40.9583 101.4829 15.73179444  3870
STARLINK-4494           
1 53558U 22101AH  22256.25001157  .00095410  00000+0  67720-3 0  9993
2 53558  53.2163  33.6716 0001897  36.2368 109.2854 15.73175895  3875
STARLINK-4508           
1 53559U 22101AJ  22256.25001157  .00048989  00000+0  35147-3 0  9991
2 53559  53.2163  33.6744 0001804  25.3796 118.3617 15.73197132  3875
STARLINK-4564           
1 53560U 22101AK  22256.25001157  .00021582  00000+0  15784-3 0  9998
2 53560  53.2159  33.6675 0001921  27.2723 119.4506 15.73193094  3878
STARLINK-4563           
1 53561U 22101AL  22256.25001157  .00088847  00000+0  63147-3 0  9992
2 53561  53.2160  33.6705 0002025  30.4546 114.5086 15.73173618  3879
STARLINK-4565           
1 53562U 22101AM  22256.25001157  .00050947  00000+0  36518-3 0  9995
2 53562  53.2159  33.6652 0001904  23.0404 124.8395 15.73201629  3876
STARLINK-4561           
1 53563U 22101AN  22256.25001157  .00012015  00000+0  89892-4 0  9994
2 53563  53.2160  33.6691 0001880  25.3027 120.8276 15.73203516  3872
STARLINK-4577           
1 53564U 22101AP  22256.25001157  .00025652  00000+0  18659-3 0  9998
2 53564  53.2156  33.6617 0001728  25.6933 123.4020 15.73204478  3870
STARLINK-4575           
1 53565U 22101AQ  22256.25001157  .00031135  00000+0  22559-3 0  9996
2 53565  53.2159  33.6658 0001727  25.4873 121.8499 15.73182875  3877
STARLINK-4576           
1 53566U 22101AR  22255.91667824  .00052961  00000+0  37935-3 0  9992
2 53566  53.2158  35.3124 0002229  26.0717  35.2680 15.73201018  1303
STARLINK-4585           
1 53567U 22101AS  22255.91667824  .00061517  00000+0  43969-3 0  9994
2 53567  53.2160  35.3161 0002108  19.3237  40.2562 15.73189910  1307
STARLINK-4583           
1 53568U 22101AT  22256.25001157  .00072553  00000+0  51737-3 0  9998
2 53568  53.2158  33.6568 0002059  23.6440 128.4811 15.73177913  3876
STARLINK-4582           
1 53569U 22101AU  22256.25001157  .00010169  00000+0  76721-4 0  9995
2 53569  53.2159  33.6613 0001907  20.3071 129.3755 15.73219196  3871
STARLINK-4550           
1 53570U 22101AV  22255.91667824  .00077838  00000+0  55434-3 0  9991
2 53570  53.2158  35.3099 0002177  27.9119  34.5895 15.73179798  1306
STARLINK-4584           
1 53571U 22101AW  22256.25001157  .00051538  00000+0  36952-3 0  9994
2 53571  53.2159  33.6585 0001779  28.0415 122.8282 15.73190297  3879
STARLINK-4555           
1 53572U 22101AX  22256.25001157  .00008509  00000+0  64995-4 0  9994
2 53572  53.2160  33.6536 0002222  22.7308 131.1672 15.73197074  3870
STARLINK-4547           
1 53573U 22101AY  22255.91667824  .00008462  00000+0  64579-4 0  9992
2 53573  53.2157  35.3068 0002292  22.9214  40.7877 15.73227770  1306
STARLINK-4559           
1 53574U 22101AZ  22256.25001157  .00000902  00000+0  10850-4 0  9996
2 53574  53.2161  33.6529 0002096  26.9926 128.0941 15.73205698  3872
STARLINK-4551           
1 53575U 22101BA  22255.91667824  .00075492  00000+0  53789-3 0  9991
2 53575  53.2157  35.3060 0002258  22.5266  41.7936 15.73180665  1303
STARLINK-4581           
1 53576U 22101BB  22256.25001157  .00039250  00000+0  28299-3 0  9991
2 53576  53.2154  33.6485 0001982  13.3577 142.3586 15.73181057  3878
STARLINK-4553           
1 53577U 22101BC  22255.91667824  .00086072  00000+0  61249-3 0  9999
2 53577  53.2158  35.3029 0002438  32.7241  32.7796 15.73157210  1301
STARLINK-4556           
1 53578U 22101BD  22255.91667824 -.00039669  00000+0 -27910-3 0  9999
2 53578  53.2157  35.3007 0002351  24.2638  43.0147 15.73233577  1303
STARLINK-4580           
1 53579U 22101BE  22255.91667824 -.00235979  00000+0 -17157-2 0  9993
2 53579  53.2162  35.2972 0002480  23.6002  44.2812 15.73313374  1307
FALCON 9 DEB            
1 53580U 22101BF  22251.69903974  .06630223  12236-4  58430-3 0  9999
2 53580  53.2077  52.2940 0010089 118.4804 241.7262 16.38230071  3214
FALCON 9 DEB            
1 53581U 22101BG  22251.87823506  .07763753  12306-4  56387-3 0  9995
2 53581  53.1994  51.2645 0007744 109.0751 251.1137 16.39930548  3240
FALCON 9 DEB            
1 53582U 22101BH  22251.92466758  .09832904  12462-4  28754-3 0  9991
2 53582  53.2126  50.8388 0003632 118.1516 241.9902 16.45196635  3256
FALCON 9 DEB            
1 53583U 22101BJ  22251.92182980  .07711824  12398-4  35486-3 0  9997
2 53583  53.2129  50.8020 0005288 111.8467 248.3145 16.43049681  3253
CHUANGXIN 16 (CX-16)    
1 53586U 22102A   22255.76736700  .00001703  00000+0  15225-3 0  9994
2 53586  28.9997 235.5307 0004811 104.3277 255.7722 14.91681683  3095
BEIJING-3B              
1 53587U 22103A   22256.01558174  .00000972  00000+0  11376-3 0  9992
2 53587  97.9406 324.6409 0014059 193.1133 166.9740 14.87306987  2966
STARLINK-4691           
1 53588U 22104A   22256.25001157 -.00604665  00000+0 -45798-2 0  9999
2 53588  53.2169 208.2302 0001113  60.9700 299.9766 15.73413160  2564
STARLINK-4673           
1 53589U 22104B   22256.25001157 -.00340661  00000+0 -25094-2 0  9990
2 53589  53.2170 208.2245 0001268  60.8947 303.0572 15.73320054  2567
STARLINK-4689           
1 53590U 22104C   22256.25001157 -.00579859  00000+0 -43822-2 0  9994
2 53590  53.2167 208.2295 0000980  72.4383 289.1215 15.73396582  2560
STARLINK-4674           
1 53591U 22104D   22256.25001157 -.00558221  00000+0 -42096-2 0  9997
2 53591  53.2169 208.2276 0001201  64.1302 298.0545 15.73385117  2565
STARLINK-4672           
1 53592U 22104E   22256.25001157 -.00585989  00000+0 -44282-2 0  9998
2 53592  53.2168 208.2275 0001267  68.9638 293.7991 15.73413414  2569
STARLINK-4671           
1 53593U 22104F   22256.25001157 -.00532814  00000+0 -40070-2 0  9999
2 53593  53.2166 208.2244 0000912  62.9306 300.4510 15.73379912  2563
STARLINK-4681           
1 53594U 22104G   22256.25001157 -.00313573  00000+0 -23053-2 0  9991
2 53594  53.2168 208.2233 0001091  48.6488 316.5123 15.73289253  2561
STARLINK-4684           
1 53595U 22104H   22256.25001157 -.00408127  00000+0 -30329-2 0  9996
2 53595  53.2167 208.2227 0000946  69.8026 294.7986 15.73308496  2986
STARLINK-4668           
1 53596U 22104J   22256.25001157 -.00297259  00000+0 -21817-2 0  9991
2 53596  53.2164 208.2174 0000951  82.7258 284.2406 15.73281650  2569
STARLINK-4682           
1 53597U 22104K   22256.25001157 -.00319400  00000+0 -23491-2 0  9995
2 53597  53.2166 208.2197 0001169  67.3661 298.4000 15.73296123  2564
STARLINK-4676           
1 53598U 22104L   22256.25001157 -.00276758  00000+0 -20256-2 0  9990
2 53598  53.2173 208.2175 0001301  35.9538 332.2127 15.73285215  2568
STARLINK-4665           
1 53599U 22104M   22256.25001157  .00143993  00000+0  66671-3 0  9995
2 53599  53.2167 207.4882 0002081  36.7940 326.5801 15.82560915  2579
STARLINK-4677           
1 53600U 22104N   22256.25001157 -.00248220  00000+0 -18110-2 0  9993
2 53600  53.2164 208.2128 0001246  70.7050 298.6542 15.73274806  2980
STARLINK-4675           
1 53601U 22104P   22256.25001157 -.00356445  00000+0 -26285-2 0  9995
2 53601  53.2165 208.2172 0001068  67.7342 299.8157 15.73340880  2568
STARLINK-4648           
1 53602U 22104Q   22256.25001157 -.00053738  00000+0 -38097-3 0  9990
2 53602  53.2156 208.2103 0001046  71.7157 298.8673 15.73197208  2564
STARLINK-4692           
1 53603U 22104R   22256.25001157 -.00057954  00000+0 -41138-3 0  9995
2 53603  53.2157 208.2111 0001170  64.6058 305.4122 15.73199044  2568
STARLINK-4690           
1 53604U 22104S   22256.25001157 -.00055638  00000+0 -39468-3 0  9996
2 53604  53.2167 208.2118 0001042  84.7121 287.0620 15.73197794  2567
STARLINK-4693           
1 53605U 22104T   22256.25001157 -.00229005  00000+0 -16672-2 0  9999
2 53605  53.2164 208.2139 0001179  74.1448 294.6094 15.73267901  2561
STARLINK-4590           
1 53606U 22104U   22255.91667824 -.00193922  00000+0 -14021-2 0  9995
2 53606  53.2160 209.8509 0000946  75.3290 211.1904 15.73321268  1307
STARLINK-4591           
1 53607U 22104V   22256.25001157 -.00042990  00000+0 -30362-3 0  9990
2 53607  53.2157 208.2103 0001005  64.8348 306.3385 15.73188163  2565
STARLINK-4647           
1 53608U 22104W   22256.25001157  .00000080  00000+0  49879-5 0  9998
2 53608  53.2155 208.2039 0000947  77.5951 295.9658 15.73176716  2564
STARLINK-4660           
1 53609U 22104X   22255.91667824 -.00043784  00000+0 -30846-3 0  9992
2 53609  53.2161 209.8540 0001046  99.4125 183.9906 15.73253846  1306
STARLINK-4610           
1 53610U 22104Y   22255.91667824 -.00008201  00000+0 -53990-4 0  9995
2 53610  53.2160 209.8497 0001117  93.5158 192.2549 15.73235350  1304
STARLINK-4650           
1 53611U 22104Z   22256.25001157 -.00075237  00000+0 -53616-3 0  9992
2 53611  53.2154 208.2042 0001081  76.1867 296.7755 15.73213345  2569
STARLINK-4658           
1 53612U 22104AA  22256.25001157 -.00025922  00000+0 -18094-3 0  9990
2 53612  53.2157 208.1988 0001143  82.4603 294.0675 15.73188516  2561
STARLINK-4655           
1 53613U 22104AB  22256.25001157 -.00039812  00000+0 -28066-3 0  9994
2 53613  53.2155 208.2027 0000983  67.8768 306.2905 15.73194838  2561
STARLINK-4654           
1 53614U 22104AC  22256.35111286  .02708820  11924-4  86092-3 0  9998
2 53614  53.2095 204.9951 0028294 104.0772 344.5927 16.24407855  2616
STARLINK-4653           
1 53615U 22104AD  22256.25001157  .00924479  11606-4  70314-3 0  9998
2 53615  53.2142 205.8899 0050099 100.8093 310.9992 16.11471511  2591
STARLINK-4605           
1 53616U 22104AE  22255.91667824 -.00055796  00000+0 -39419-3 0  9991
2 53616  53.2167 209.1379 0000890  47.7220 223.5198 15.73294095  1306
STARLINK-4601           
1 53617U 22104AF  22255.91667824 -.00042198  00000+0 -29715-3 0  9992
2 53617  53.2164 209.8463 0001114  89.3001 198.8496 15.73247604  1303
STARLINK-4604           
1 53618U 22104AG  22256.25001157 -.00070491  00000+0 -50159-3 0  9995
2 53618  53.2162 208.1948 0001026  67.4391 312.0784 15.73221942  2569
STARLINK-4609           
1 53619U 22104AH  22256.25001157  .00059901  00000+0  42931-3 0  9996
2 53619  53.2156 208.1956 0001628  75.4937 302.2574 15.73137630  2563
STARLINK-4615           
1 53620U 22104AJ  22256.25001157 -.00016395  00000+0 -11237-3 0  9995
2 53620  53.2157 208.1905 0001104  74.4098 306.0685 15.73252900  2569
STARLINK-4608           
1 53621U 22104AK  22256.25001157 -.00072196  00000+0 -51421-3 0  9996
2 53621  53.2159 208.1947 0001110  91.5587 287.3767 15.73209118  2563
STARLINK-4568           
1 53622U 22104AL  22256.25001157 -.00037118  00000+0 -26137-3 0  9998
2 53622  53.2153 208.1864 0001131  72.1277 309.7944 15.73187053  2569
STARLINK-4573           
1 53623U 22104AM  22256.25001157 -.00048771  00000+0 -34493-3 0  9990
2 53623  53.2157 208.1916 0001105  92.2809 287.8085 15.73211370  2569
STARLINK-4596           
1 53624U 22104AN  22256.25001157 -.00049169  00000+0 -34774-3 0  9995
2 53624  53.2161 208.1880 0001235  79.3876 303.1092 15.73215213  2569
STARLINK-4603           
1 53625U 22104AP  22256.25001157 -.00065079  00000+0 -46251-3 0  9997
2 53625  53.2159 208.1898 0001067  72.5988 308.6766 15.73218362  2564
STARLINK-4554           
1 53626U 22104AQ  22256.25001157 -.00046551  00000+0 -32905-3 0  9993
2 53626  53.2162 208.1850 0001132  76.0764 308.2172 15.73203489  2562
STARLINK-4595           
1 53627U 22104AR  22256.25001157 -.00057150  00000+0 -40538-3 0  9992
2 53627  53.2159 208.1864 0001012  75.9351 307.1328 15.73210160  2566
STARLINK-4600           
1 53628U 22104AS  22255.91667824  .00032117  00000+0  23221-3 0  9998
2 53628  53.2166 209.8302 0000922  88.9994 207.4893 15.73217057  1308
STARLINK-4602           
1 53629U 22104AT  22256.25001157 -.00063741  00000+0 -45302-3 0  9991
2 53629  53.2160 208.1852 0001164  72.3559 311.3243 15.73208697  2561
STARLINK-4598           
1 53630U 22104AU  22256.25001157 -.00002964  00000+0 -16743-4 0  9991
2 53630  53.2160 208.1808 0001014  84.9243 301.0940 15.73162714  2566
STARLINK-4599           
1 53631U 22104AV  22256.25001157 -.00067841  00000+0 -48237-3 0  9999
2 53631  53.2158 208.1825 0001100  77.8616 306.9768 15.73223838  2561
STARLINK-4606           
1 53632U 22104AW  22256.25001157 -.00082384  00000+0 -58703-3 0  9998
2 53632  53.2160 208.1787 0001182  75.5287 311.7143 15.73251911  2565
STARLINK-4593           
1 53633U 22104AX  22256.25001157  .00006209  00000+0  48736-4 0  9995
2 53633  53.2160 208.1791 0001066  78.5497 308.1139 15.73144441  2562
STARLINK-4592           
1 53634U 22104AY  22256.25001157 -.00058040  00000+0 -41179-3 0  9991
2 53634  53.2158 208.1751 0001111  72.3263 316.0635 15.73211017  2563
STARLINK-4587           
1 53635U 22104AZ  22256.25001157 -.00061418  00000+0 -43600-3 0  9996
2 53635  53.2154 208.1745 0001092  79.6265 308.2261 15.73221038  2565
STARLINK-4586           
1 53636U 22104BA  22256.25001157 -.00065019  00000+0 -46235-3 0  9995
2 53636  53.2160 208.1736 0001050  70.5866 319.0229 15.73204811  2568
STARLINK-4396           
1 53637U 22104BB  22256.25001157 -.00027910  00000+0 -19522-3 0  9993
2 53637  53.2163 208.1754 0001128  77.7967 311.2752 15.73186278  2560
STARLINK-4594           
1 53638U 22104BC  22256.25001157 -.00073463  00000+0 -52334-3 0  9996
2 53638  53.2160 208.1710 0001299  85.4363 305.3653 15.73211062  2569
STARLINK-4422           
1 53639U 22104BD  22256.25001157 -.00050273  00000+0 -35587-3 0  9992
2 53639  53.2162 208.1727 0001165  80.3324 309.9076 15.73203888  2569
STARLINK-4597           
1 53640U 22104BE  22256.25001157 -.00051217  00000+0 -36255-3 0  9996
2 53640  53.2158 208.1687 0001193  92.3627 299.0756 15.73211757  2569
STARLINK-4588           
1 53641U 22104BF  22255.91667824 -.00020375  00000+0 -14086-3 0  9997
2 53641  53.2165 209.8167 0001007  96.8756 206.1553 15.73240885  1304
FALCON 9 DEB            
1 53642U 22104BG  22256.15510266  .02157499  11846-4  83398-3 0  9997
2 53642  53.2158 206.1054 0035888 107.7402 252.7561 16.21465485  2582
FALCON 9 DEB            
1 53643U 22104BH  22255.90521803  .02063983  11817-4  88714-3 0  9998
2 53643  53.2089 207.3829 0036218 105.4003 255.1043 16.20177084  2541
FALCON 9 DEB            
1 53644U 22104BJ  22256.13964930  .02052762  11884-4  74183-3 0  9999
2 53644  53.2154 205.9869 0032473 101.2357 259.2337 16.22576047  2587
FALCON 9 DEB            
1 53645U 22104BK  22256.25828202  .02169526  11938-4  67107-3 0  9999
2 53645  53.2157 205.2950 0029332  99.6560 260.7797 16.24627554  2603
STARLINK-4622           
1 53648U 22105A   22256.25001157 -.00081876  00000+0 -67941-3 0  9995
2 53648  97.6560 134.4000 0001840 122.2442 359.9070 15.70338899  2348
STARLINK-4386           
1 53649U 22105B   22255.91667824  .00047960  00000+0  39486-3 0  9994
2 53649  97.6565 134.0342 0001787 128.7381 270.9294 15.70261499  1308
STARLINK-4380           
1 53650U 22105C   22256.25001157 -.00093638  00000+0 -77771-3 0  9999
2 53650  97.6560 134.4007 0002019 122.8663   0.4449 15.70354772  2333
STARLINK-4388           
1 53651U 22105D   22256.25001157 -.00098652  00000+0 -82063-3 0  9991
2 53651  97.6550 134.3996 0002116 128.0984 355.8261 15.70332959  2333
STARLINK-4374           
1 53652U 22105E   22255.91667824  .00059975  00000+0  49279-3 0  9998
2 53652  97.6548 134.0347 0001491 136.3655 264.9672 15.70262715  1304
STARLINK-4390           
1 53653U 22105F   22256.25001157 -.00102006  00000+0 -84861-3 0  9990
2 53653  97.6548 134.3997 0001779 129.3117 355.7765 15.70342699  2339
STARLINK-4420           
1 53654U 22105G   22255.91667824 -.00040681  00000+0 -33593-3 0  9998
2 53654  97.6549 134.0366 0001592 140.5255 263.2735 15.70299916  1308
STARLINK-4470           
1 53655U 22105H   22255.91667824  .00221980  00000+0  17952-2 0  9990
2 53655  97.6557 134.0240 0001592 113.4039 289.1779 15.70138368  1306
STARLINK-4466           
1 53656U 22105J   22255.91667824  .00268015  00000+0  21578-2 0  9990
2 53656  97.6556 134.0254 0001664 115.7260 289.2530 15.70110261  1300
STARLINK-4469           
1 53657U 22105K   22255.91667824  .00059236  00000+0  48732-3 0  9996
2 53657  97.6556 134.0362 0001448 137.1636 266.0351 15.70235692  1306
STARLINK-4452           
1 53658U 22105L   22255.91667824  .00058326  00000+0  47967-3 0  9995
2 53658  97.6551 134.0374 0001886 127.4535 278.1339 15.70246746  1303
STARLINK-4463           
1 53659U 22105M   22255.91667824  .00046230  00000+0  38076-3 0  9998
2 53659  97.6546 134.0370 0001842 131.5314 272.8731 15.70259603  1300
STARLINK-4473           
1 53660U 22105N   22256.25001157 -.00063683  00000+0 -52741-3 0  9997
2 53660  97.6562 134.4041 0001908 135.8685 354.5821 15.70322856  2333
STARLINK-4472           
1 53661U 22105P   22255.91667824  .00028560  00000+0  23596-3 0  9998
2 53661  97.6558 134.0377 0001786 124.7074 281.4936 15.70277566  1308
STARLINK-4357           
1 53662U 22105Q   22256.25001157 -.00014860  00000+0 -12156-3 0  9998
2 53662  97.6557 134.4058 0002113 131.4295   0.8231 15.70314797  2336
STARLINK-4457           
1 53663U 22105R   22256.25001157 -.00016350  00000+0 -13383-3 0  9998
2 53663  97.6559 134.4036 0002057 124.1822   5.6901 15.70323563  2335
STARLINK-4471           
1 53664U 22105S   22255.91667824  .00044128  00000+0  36342-3 0  9992
2 53664  97.6547 134.0404 0001692 127.0403 282.7141 15.70271125  1305
STARLINK-4334           
1 53665U 22105T   22256.25001157 -.00000917  00000+0 -64694-5 0  9995
2 53665  97.6550 134.4038 0002175 124.1841   6.9005 15.70298885  2339
STARLINK-4449           
1 53666U 22105U   22255.91667824  .00013675  00000+0  11377-3 0  9998
2 53666  97.6555 134.0410 0001943 130.5110 280.4765 15.70273730  1307
STARLINK-4406           
1 53667U 22105V   22255.91667824  .00023158  00000+0  19162-3 0  9996
2 53667  97.6549 134.0387 0001786 135.4185 273.1413 15.70283000  1305
STARLINK-4458           
1 53668U 22105W   22256.25001157  .00024999  00000+0  20690-3 0  9998
2 53668  97.6553 134.3930 0001968 115.7851  18.7521 15.70261731  2335
STARLINK-4464           
1 53669U 22105X   22255.91667824 -.00051885  00000+0 -42894-3 0  9996
2 53669  97.6563 134.0407 0001653 136.8286 273.4994 15.70320967  1307
STARLINK-4459           
1 53670U 22105Y   22255.91667824  .00005216  00000+0  44077-4 0  9999
2 53670  97.6546 134.0423 0001864 137.4040 275.3142 15.70291424  1308
STARLINK-4440           
1 53671U 22105Z   22256.25001157  .00199770  00000+0  16215-2 0  9999
2 53671  97.6552 134.3954 0001955 127.0813   8.1601 15.70115695  2333
STARLINK-4428           
1 53672U 22105AA  22256.25001157  .00000041  00000+0  14258-5 0  9990
2 53672  97.6557 134.4091 0001650 135.0996   2.2399 15.70272008  2336
STARLINK-4456           
1 53673U 22105AB  22256.25001157 -.00077687  00000+0 -64441-3 0  9990
2 53673  97.6564 134.4075 0002198 135.8311   0.6014 15.70332500  2334
STARLINK-4620           
1 53674U 22105AC  22255.91667824  .00001468  00000+0  13201-4 0  9993
2 53674  97.6555 134.0279 0001722 129.8397 285.7768 15.70276219  1308
STARLINK-4617           
1 53675U 22105AD  22255.91667824  .00022411  00000+0  18541-3 0  9996
2 53675  97.6554 134.0408 0002081 141.3295 272.5659 15.70292833  1300
STARLINK-4621           
1 53676U 22105AE  22255.91667824  .00023497  00000+0  19436-3 0  9996
2 53676  97.6559 134.0446 0001831 144.8517 272.0458 15.70287638  1304
STARLINK-4579           
1 53677U 22105AF  22256.25001157  .00089467  00000+0  73320-3 0  9997
2 53677  97.6553 134.3944 0001706 113.3011  24.8282 15.70222933  2335
STARLINK-4418           
1 53678U 22105AG  22256.25001157  .00085129  00000+0  69798-3 0  9993
2 53678  97.6554 134.3961 0001752 111.4194  29.6869 15.70225647  2337
STARLINK-4632           
1 53679U 22105AH  22256.25001157  .00109182  00000+0  89286-3 0  9994
2 53679  97.6554 134.3951 0001785 120.7997  18.5266 15.70211005  2338
STARLINK-4630           
1 53680U 22105AJ  22256.25001157 -.00004968  00000+0 -39877-4 0  9996
2 53680  97.6560 134.4114 0001714 124.4797  17.8100 15.70308430  2338
STARLINK-4424           
1 53681U 22105AK  22256.25001157  .00036968  00000+0  30509-3 0  9992
2 53681  97.6553 134.3956 0001896 124.0604  16.4369 15.70254544  2336
STARLINK-4438           
1 53682U 22105AL  22255.91667824 -.00002159  00000+0 -16719-4 0  9999
2 53682  97.6560 134.0465 0001436 132.0864 288.3787 15.70300901  1303
STARLINK-4625           
1 53683U 22105AM  22256.25001157  .00082045  00000+0  67293-3 0  9991
2 53683  97.6554 134.3963 0001723 116.0081  25.6930 15.70227480  2331
STARLINK-4624           
1 53684U 22105AN  22256.25001157  .00028947  00000+0  23955-3 0  9990
2 53684  97.6569 134.4551 0001506 122.5089 110.6833 15.70235954  2333
STARLINK-4626           
1 53685U 22105AP  22256.25001157  .00062606  00000+0  51470-3 0  9994
2 53685  97.6554 134.3968 0001514 118.2692  24.6180 15.70239095  2339
STARLINK-4467           
1 53686U 22105AQ  22256.25001157 -.00080462  00000+0 -66758-3 0  9992
2 53686  97.6557 134.4127 0001475 118.8095  25.9164 15.70338551  2333
STARLINK-4569           
1 53687U 22105AR  22256.25001157  .00109860  00000+0  89833-3 0  9994
2 53687  97.6554 134.3973 0001684 133.1020  10.9895 15.70210956  2332
STARLINK-4571           
1 53688U 22105AS  22256.25001157 -.00043442  00000+0 -35833-3 0  9991
2 53688  97.6558 134.4135 0001910 117.6015  28.3353 15.70338876  2335
STARLINK-4562           
1 53689U 22105AT  22256.25001157 -.00067734  00000+0 -56104-3 0  9996
2 53689  97.6564 134.4127 0001757 122.6859  22.6838 15.70334138  2337
STARLINK-4570           
1 53690U 22105AU  22255.91667824 -.00033031  00000+0 -27236-3 0  9996
2 53690  97.6564 134.0494 0001896 120.9475 303.1449 15.70294130  1309
STARLINK-4560           
1 53691U 22105AV  22256.25001157 -.00004640  00000+0 -37225-4 0  9990
2 53691  97.6558 134.3966 0001180 115.7400  30.7018 15.70280107  2334
STARLINK-4572           
1 53692U 22105AW  22255.91667824  .00045629  00000+0  37599-3 0  9995
2 53692  97.6551 134.0498 0001811 130.6167 294.0926 15.70250979  1305
STARLINK-4566           
1 53693U 22105AX  22255.91667824 -.00045150  00000+0 -37321-3 0  9990
2 53693  97.6562 134.0486 0001715 125.8937 299.3955 15.70295930  1305
FALCON 9 DEB            
1 53694U 22105AY  22256.20230932  .00188115  14976-4  65497-3 0  9994
2 53694  97.6722 134.6043 0009747 215.8542 144.2077 15.89299728  2060
FALCON 9 DEB            
1 53695U 22105AZ  22255.69558890  .00198123  16414-4  68085-3 0  9998
2 53695  97.6699 134.0374 0008090 203.2425 156.8482 15.89583337  1987
FALCON 9 DEB            
1 53696U 22105BA  22255.18364868  .00212537  18774-4  68856-3 0  9996
2 53696  97.6670 133.4745 0012830 200.5205 159.5554 15.90658560  1900
FALCON 9 DEB            
1 53697U 22105BB  22255.74745340  .00219056  19920-4  69173-3 0  9997
2 53697  97.6654 134.1153 0012017 186.0769 174.0360 15.91177271  1996
YAOGAN-33 02            
1 53698U 22106A   22256.15801989  .00000131  00000+0  34885-4 0  9996
2 53698  98.1873 262.1957 0005925 211.7120 148.3729 14.62864866  1495
CZ-4C R/B               
1 53699U 22106B   22255.96370830  .00002219  00000+0  18711-3 0  9999
2 53699  98.2016 262.5033 0145166  18.8470 341.8121 14.91480789  1486
STARLINK A              
1 53700U 22107A   22256.25001157 -.01195295  00000+0 -79339-2 0  9991
2 53700  53.2173 232.7719 0001244  72.3402 106.7782 15.77530796  1404
STARLINK B              
1 53701U 22107B   22256.25001157 -.01195312  00000+0 -79248-2 0  9991
2 53701  53.2173 232.7711 0001249  71.4467 108.1135 15.77556534  1409
STARLINK C              
1 53702U 22107C   22256.25001157 -.01195513  00000+0 -79091-2 0  9991
2 53702  53.2174 232.7692 0001214  80.7901  99.6697 15.77605058  1400
STARLINK D              
1 53703U 22107D   22256.25001157 -.01195090  00000+0 -79412-2 0  9999
2 53703  53.2173 232.7730 0001340  59.2286 119.4460 15.77505085  1408
STARLINK E              
1 53704U 22107E   22256.25001157 -.01195237  00000+0 -79718-2 0  9992
2 53704  53.2173 232.7756 0001240  73.2859 104.0788 15.77423893  1407
STARLINK F              
1 53705U 22107F   22256.25001157 -.01195084  00000+0 -79608-2 0  9991
2 53705  53.2173 232.7749 0001309  62.5527 115.2513 15.77450611  1407
STARLINK G              
1 53706U 22107G   22256.25001157 -.01195067  00000+0 -79509-2 0  9993
2 53706  53.2173 232.7739 0001339  59.3098 118.9317 15.77477555  1405
STARLINK H              
1 53707U 22107H   22256.25001157 -.01195400  00000+0 -78935-2 0  9997
2 53707  53.2174 232.7675 0001244  72.4735 108.9274 15.77646103  1403
STARLINK J              
1 53708U 22107J   22256.25001157 -.01195123  00000+0 -79129-2 0  9996
2 53708  53.2173 232.7703 0001410  53.0997 126.8890 15.77584172  1405
STARLINK K              
1 53709U 22107K   22256.25001157 -.01195136  00000+0 -79998-2 0  9995
2 53709  53.2173 232.7787 0001246  71.8673 104.1708 15.77343870  1409
STARLINK L              
1 53710U 22107L   22256.25001157  .00157902  20129-4  52480-3 0  9990
2 53710  53.2134 232.5752 0008503 308.1262 326.6823 15.89978096  1407
STARLINK M              
1 53711U 22107M   22256.25001157 -.01195148  00000+0 -80084-2 0  9999
2 53711  53.2173 232.7797 0001238  73.5966 101.9796 15.77320341  1408
STARLINK N              
1 53712U 22107N   22256.25001157 -.01195195  00000+0 -79906-2 0  9993
2 53712  53.2173 232.7777 0001236  73.9952 102.4848 15.77370780  1400
STARLINK P              
1 53713U 22107P   22256.25001157 -.01195079  00000+0 -80264-2 0  9994
2 53713  53.2173 232.7816 0001246  71.8657 102.8086 15.77268913  1407
STARLINK Q              
1 53714U 22107Q   22256.25001157 -.01195043  00000+0 -80175-2 0  9997
2 53714  53.2173 232.7805 0001266  68.3203 106.8164 15.77292614  1402
STARLINK R              
1 53715U 22107R   22256.25001157 -.01194985  00000+0 -80552-2 0  9991
2 53715  53.2173 232.7844 0001254  70.1215 103.2182 15.77187214  1395
STARLINK S              
1 53716U 22107S   22256.25001157 -.01194831  00000+0 -80433-2 0  9990
2 53716  53.2173 232.7834 0001356  57.5329 116.2444 15.77215791  1390
STARLINK T              
1 53717U 22107T   22256.25001157  .00167289  21230-4  55691-3 0  9997
2 53717  53.2130 232.5792 0008689 308.8893 324.1165 15.89919376  1392
STARLINK U              
1 53718U 22107U   22256.25001157 -.01195026  00000+0 -80356-2 0  9993
2 53718  53.2173 232.7826 0001259  69.4728 104.7546 15.77242210  1391
STARLINK V              
1 53719U 22107V   22255.66667824 -.01197748  00000+0 -49249-2 0  9996
2 53719  53.2175 235.5519 0004631 270.2339 256.6453 15.88003114  1306
STARLINK W              
1 53720U 22107W   22256.25001157 -.01194802  00000+0 -80627-2 0  9998
2 53720  53.2173 232.7854 0001339  59.1855 113.6969 15.77161779  1399
STARLINK X              
1 53721U 22107X   22256.25001157 -.01194963  00000+0 -81108-2 0  9992
2 53721  53.2173 232.7903 0001229  75.1542  95.4358 15.77033893  1398
STARLINK Y              
1 53722U 22107Y   22256.25001157 -.01195046  00000+0 -80928-2 0  9995
2 53722  53.2173 232.7883 0001222  77.2153  94.2942 15.77085187  1399
STARLINK Z              
1 53723U 22107Z   22256.25001157 -.01194924  00000+0 -81305-2 0  9990
2 53723  53.2173 232.7923 0001228  75.2902  94.3957 15.76979011  1395
STARLINK AA             
1 53724U 22107AA  22256.25001157 -.01194787  00000+0 -81015-2 0  9996
2 53724  53.2173 232.7892 0001297  63.7677 107.3057 15.77055031  1392
STARLINK AB             
1 53725U 22107AB  22255.66667824  .00137628  17927-4  46532-3 0  9995
2 53725  53.2127 235.5375 0008903 305.7260 226.3102 15.89696287  1308
STARLINK AC             
1 53726U 22107AC  22256.25001157 -.01194749  00000+0 -81190-2 0  9990
2 53726  53.2173 232.7912 0001296  63.8283 106.3110 15.77006165  1393
STARLINK AD             
1 53727U 22107AD  22256.25001157 -.01194831  00000+0 -81570-2 0  9995
2 53727  53.2173 232.7953 0001238  72.8308  95.4516 15.76904386  1392
STARLINK AE             
1 53728U 22107AE  22256.25001157 -.01194886  00000+0 -81478-2 0  9993
2 53728  53.2173 232.7942 0001228  75.1088  93.6344 15.76930819  1390
STARLINK AF             
1 53729U 22107AF  22256.25001157 -.01194578  00000+0 -81851-2 0  9997
2 53729  53.2173 232.7982 0001316  61.3004 105.6115 15.76821505  1399
STARLINK AG             
1 53730U 22107AG  22256.25001157 -.01194777  00000+0 -81670-2 0  9999
2 53730  53.2173 232.7961 0001246  71.0880  96.7433 15.76875849  1393
STARLINK AH             
1 53731U 22107AH  22256.25001157 -.01194477  00000+0 -82022-2 0  9999
2 53731  53.2173 232.8002 0001360  56.8128 109.1507 15.76772297  1398
STARLINK AJ             
1 53732U 22107AJ  22256.25001157 -.01194784  00000+0 -81766-2 0  9995
2 53732  53.2173 232.7971 0001240  72.2797  95.0869 15.76849844  1391
STARLINK AK             
1 53733U 22107AK  22256.25001157 -.01194456  00000+0 -82219-2 0  9996
2 53733  53.2173 232.8021 0001344  58.2783 106.7562 15.76718433  1392
STARLINK AL             
1 53734U 22107AL  22256.25001157 -.01194512  00000+0 -81929-2 0  9997
2 53734  53.2173 232.7991 0001347  58.0510 108.3791 15.76798506  1398
STARLINK AM             
1 53735U 22107AM  22256.25001157 -.01194491  00000+0 -82420-2 0  9991
2 53735  53.2173 232.8042 0001300  62.8753 101.2242 15.76665062  1391
STARLINK AN             
1 53736U 22107AN  22256.25001157 -.01194641  00000+0 -82133-2 0  9990
2 53736  53.2173 232.8010 0001261  68.2839  97.2102 15.76746598  1391
STARLINK AP             
1 53737U 22107AP  22256.25001157 -.01194400  00000+0 -82505-2 0  9997
2 53737  53.2173 232.8052 0001343  58.2923 105.3318 15.76639651  1393
STARLINK AQ             
1 53738U 22107AQ  22256.25001157 -.01194433  00000+0 -82301-2 0  9998
2 53738  53.2173 232.8030 0001349  57.7582 106.7905 15.76695631  1398
STARLINK AR             
1 53739U 22107AR  22251.66667824  .00145181  18581-4  51603-3 0  9991
2 53739  53.2121 255.8022 0009425 294.3008  22.4027 15.88669860   580
STARLINK AS             
1 53740U 22107AS  22256.25001157 -.01194713  00000+0 -82631-2 0  9998
2 53740  53.2173 232.8059 0001215  77.5547  85.5978 15.76613473  1393
STARLINK AT             
1 53741U 22107AT  22256.25001157 -.01194264  00000+0 -82870-2 0  9995
2 53741  53.2173 232.8092 0001398  53.4989 108.2179 15.76537414  1392
STARLINK AU             
1 53742U 22107AU  22256.25001157 -.01194690  00000+0 -82716-2 0  9998
2 53742  53.2173 232.8070 0001218  76.5023  86.1644 15.76589944  1391
STARLINK AV             
1 53743U 22107AV  22256.25001157 -.01194600  00000+0 -83094-2 0  9990
2 53743  53.2173 232.8112 0001222  75.2495  85.5110 15.76485950  1396
STARLINK AW             
1 53744U 22107AW  22256.25001157 -.01194351  00000+0 -82787-2 0  9992
2 53744  53.2173 232.8080 0001344  58.0491 104.1492 15.76562272  1395
STARLINK AX             
1 53745U 22107AX  22256.25001157 -.01194328  00000+0 -83169-2 0  9992
2 53745  53.2173 232.8123 0001314  61.0377  99.2474 15.76459012  1399
STARLINK AY             
1 53746U 22107AY  22256.25001157 -.01194349  00000+0 -82984-2 0  9990
2 53746  53.2173 232.8100 0001317  60.7416 100.5082 15.76509301  1396
STARLINK AZ             
1 53747U 22107AZ  22256.25001157  .00300695  44947-4  91460-3 0  9994
2 53747  53.2123 232.5389 0007883 304.3094 348.1457 15.91521148  1397
STARLINK BA             
1 53748U 22107BA  22256.25001157 -.01194292  00000+0 -83247-2 0  9992
2 53748  53.2173 232.8131 0001324  59.9089  99.8780 15.76437147  1399
STARLINK BB             
1 53749U 22107BB  22256.25001157 -.01194123  00000+0 -83327-2 0  9995
2 53749  53.2173 232.8145 0001476  48.0416 111.2673 15.76410426  1397
STARLINK BC             
1 53750U 22107BC  22255.66667824 -.01214899  00000+0 -79398-2 0  9996
2 53750  53.2167 235.7175 0001311  48.6981  36.2180 15.77919519  1306
2022-107BD              
1 53751U 22107BD  22255.50887772  .00221796  29108-4  71414-3 0  9994
2 53751  53.2134 236.3125 0008312 302.0797  57.9423 15.90483081  1184
2022-107BE              
1 53752U 22107BE  22255.51376492  .00203460  26000-4  69312-3 0  9998
2 53752  53.2114 236.3474 0011673 315.9988  44.0109 15.89339893  1186
2022-107BF              
1 53753U 22107BF  22255.51190604  .00226961  29806-4  75267-3 0  9992
2 53753  53.2104 236.3356 0011178 299.4558  60.5354 15.89846874  1181
2022-107BG              
1 53754U 22107BG  22255.51423437  .00106539  15109-4  38326-3 0  9990
2 53754  53.2133 236.3496 0009956 299.4561  60.5472 15.88588474  1183
2022-107BH              
1 53755U 22107BH  22255.44425517  .00255038  35138-4  80114-3 0  9999
2 53755  53.2081 236.6244 0006432 306.8565  53.1872 15.90952053  1175
2022-107BJ              
1 53756U 22107BJ  22255.50575785  .00246662  33669-4  76085-3 0  9992
2 53756  53.2077 236.2965 0007117 287.5619  72.4631 15.91305692  1183
CENTISPACE-1 S3         
1 53757U 22108A   22256.13940920  .00000359  00000+0  11676-3 0  9995
2 53757  53.5342 317.6820 0008703 297.7782  62.2330 14.58243952  1020
CENTISPACE-1 S4         
1 53758U 22108B   22256.21056506  .00000627  00000+0  17612-3 0  9997
2 53758  53.5314 317.4117 0008467 281.7211  78.2821 14.57708466  1032
KZ-1A R/B               
1 53759U 22108C   22256.33029219  .00459020  99109-5  76870-3 0  9992
2 53759  53.5590 313.2844 0390600 101.0280 263.4912 15.33933047  1100
YAOGAN-35 05A           
1 53760U 22109A   22255.97721065  .00023363  00000+0  96404-3 0  9990
2 53760  34.9991 342.7860 0007526 319.2656  34.8382 15.23123465  1034
YAOGAN-35 05B           
1 53761U 22109B   22255.97280093  .00012187  00000+0  49296-3 0  9991
2 53761  34.9974 342.7627 0008789 340.3146   8.0340 15.23882803   997
CZ-2D DEB               
1 53762U 22109C   22255.66979020  .00018501  00000+0  75085-3 0  9994
2 53762  34.9989 344.6840 0009358 331.4294 146.9021 15.23703633   957
YAOGAN-35 05C           
1 53763U 22109D   22256.04509259  .00008745  00000+0  36328-3 0  9997
2 53763  34.9983 342.3426 0006395 330.6592  41.9279 15.23062328  1013
CZ-2D R/B               
1 53764U 22109E   22255.74118389  .00040410  00000+0  16417-2 0  9995
2 53764  34.9899 344.2416 0011188 318.3941 185.5609 15.23513953   967
EUTELSAT KONNECT VHTS   
1 53765U 22110A   22254.63416227 -.00000271  00000+0 -35041-4 0  9996
2 53765   3.3859 144.8282 8141457 176.2500 200.7230  1.21238399    53
ARIANE 5 R/B            
1 53766U 22110B   22254.90594030  .00000255  00000+0  48483-3 0  9999
2 53766   3.1742 150.4282 8159613 170.4376  13.2695  1.26356030    56
1998-067UE              
1 53767U 98067UE  22253.94192498  .00026618  00000+0  45483-3 0  9997
2 53767  51.6427 271.7127 0003348 290.5794 141.1499 15.51094767   718
1998-067UF              
1 53768U 98067UF  22254.50940401  .00030867  00000+0  52772-3 0  9996
2 53768  51.6407 268.9076 0001460 318.3167  41.7711 15.51000843   819
1998-067UG              
1 53769U 98067UG  22252.96290273  .00033781  00000+0  57715-3 0  9990
2 53769  51.6408 276.5790 0001464 309.0996  50.9863 15.50973521   574
1998-067UH              
1 53770U 98067UH  22252.96259623  .00047589  00000+0  80358-3 0  9996
2 53770  51.6407 276.5781 0003305 286.4967  73.5659 15.51141058   574
1998-067UJ              
1 53771U 98067UJ  22252.96250189  .00047689  00000+0  80385-3 0  9996
2 53771  51.6407 276.5761 0003415 287.5866  72.4750 15.51189357   568
