EUTELSAT 10B            
1 54259U 22157A   22347.63101023 -.00000173  00000+0  33303-1 0  9990
2 54259  18.0468 294.5941 7870251 184.1688 159.0292  1.11012561   257
FALCON 9 R/B            
1 54260U 22157B   22347.47946354  .00003124  00000+0  14830-2 0  9991
2 54260  22.4719 294.2886 8185158 184.9727 151.8453  1.25051460   255
EOS-6 (OCEANSAT-3)      
1 54361U 22158A   22353.80272744  .00000385  00000+0  12257-3 0  9991
2 54361  98.3540  88.2356 0008581 156.1635   1.5366 14.45012603  3393
2022-158B               
1 54362U 22158B   22354.02563684  .00004858  00000+0  24828-3 0  9999
2 54362  97.4615  89.0082 0024473 163.7379  11.2723 15.16875349  3588
THYBOLT-1               
1 54363U 22158C   22354.05180346  .00014551  00000+0  68369-3 0  9992
2 54363  97.4483  88.9376 0011798 173.5939   1.8275 15.19646709  3590
THYBOLT-2               
1 54364U 22158D   22354.05157693  .00014585  00000+0  68527-3 0  9995
2 54364  97.4475  88.9380 0011423 173.9986   0.7359 15.19650818  3595
INS-2B                  
1 54365U 22158E   22354.04759992  .00013844  00000+0  64653-3 0  9998
2 54365  97.4435  88.9203 0011656 183.5083 349.4479 15.19871903  3595
ANAND                   
1 54366U 22158F   22354.04503612  .00011463  00000+0  53417-3 0  9996
2 54366  97.4418  88.9163 0010711 182.3699 352.0892 15.20002663  3593
ASTROCAST-0304          
1 54367U 22158G   22354.03905774  .00006426  00000+0  29904-3 0  9998
2 54367  97.4464  88.9462 0008877 179.5344 353.3195 15.20252518  3587
ASTROCAST-0303          
1 54368U 22158H   22354.03771337  .00005839  00000+0  27140-3 0  9992
2 54368  97.4484  88.9559 0008788 187.7866 345.0415 15.20331442  3596
ASTROCAST-0302          
1 54369U 22158J   22354.03474292  .00014934  00000+0  68198-3 0  9997
2 54369  97.4483  88.9576 0008081 195.5732 336.1154 15.20657991  3591
ASTROCAST-0301          
1 54370U 22158K   22354.03222612  .00009722  00000+0  44409-3 0  9994
2 54370  97.4485  88.9650 0008252 203.4182 328.1919 15.20756560  3598
DRAGON CRS-26           
1 54371U 22159A   22353.56332079  .00011291  00000+0  20512-3 0  9995
2 54371  51.6432 138.2624 0003495 172.6282 277.4278 15.50056320373937
2022-160A               
1 54372U 22160A   22354.01519284  .00014308  00000+0  60019-3 0  9992
2 54372  34.9969  86.3632 0004828  64.0866 104.2301 15.22660470  3437
2022-160B               
1 54373U 22160B   22354.00462943  .00025276  00000+0  10144-2 0  9990
2 54373  34.9974  86.2754 0007639  95.5511  72.7767 15.24042916  3433
2022-160C               
1 54374U 22160C   22353.75047994  .00010599  00000+0  44770-3 0  9992
2 54374  34.9981  88.0778 0005204  62.2917  73.5037 15.22470695  3352
2022-160D               
1 54375U 22160D   22354.03246528  .00027896  00000+0  11065-2 0  9997
2 54375  34.9979  86.0319 0007770 104.1710 242.9711 15.24416968  3431
2022-160E               
1 54376U 22160E   22354.05354167 -.00012150  00000+0 -51328-3 0  9995
2 54376  34.9986  86.1842 0007733  71.3226 285.2256 15.22332955  3433
COSMOS 2564 [GLONASS-M] 
1 54377U 22161A   22353.55648269  .00000068  00000+0  00000+0 0  9990
2 54377  64.7499 235.1839 0043129 141.1296  36.6185  2.13104957   440
FREGAT R/B              
1 54378U 22161B   22332.88538517  .00000006  00000+0  00000+0 0  9990
2 54378  64.7543 235.8312 0069964  61.3586  78.3433  2.10629160    00
SHENZHOU-15             
1 54379U 22162A   22352.97720563  .00020807  00000+0  25713-3 0  9991
2 54379  41.4745 173.9201 0003843 166.0922 329.9912 15.59625205 93650
COSMOS 2565             
1 54381U 22163A   22353.85935130  .00000453  00000+0  38074-3 0  9990
2 54381  67.1548 326.9348 0007076 264.4172 113.0222 13.96675835  2674
SL-4 R/B                
1 54382U 22163B   22353.95326505  .00130331  76895-5  65181-3 0  9991
2 54382  67.1330 318.5162 0449319  74.5993 290.4309 15.06623010  2875
2022-163C               
1 54383U 22163C   22353.99341665  .00000013  00000+0  63445-4 0  9994
2 54383  67.1420 326.5613 0011323 318.6599  41.3628 13.97183345  2383
1998-067UL              
1 54534U 98067UL  22353.66242911  .00057867  00000+0  94860-3 0  9999
2 54534  51.6398 137.6157 0005882 189.7306 170.3571 15.51875586  2740
1998-067UM              
1 54535U 98067UM  22353.87847802  .00055962  00000+0  91085-3 0  9993
2 54535  51.6433 136.5278 0006106 191.0931 301.8375 15.52087733  2779
1998-067UN              
1 54536U 98067UN  22353.93730442  .00043438  00000+0  71774-3 0  9990
2 54536  51.6435 136.2504 0006318 189.7060 264.3489 15.51776353  2741
1998-067UP              
1 54537U 98067UP  22353.87889362  .00048523  00000+0  79566-3 0  9997
2 54537  51.6424 136.5296 0006575 191.1391 301.8653 15.51938578  2772
2022-164A               
1 54588U 22164A   22353.84066884  .00001185  00000+0  35530-3 0  9997
2 54588  98.3565  21.0071 0008781 237.4103 122.6215 14.44540969  1852
KZ-11 R/B               
1 54589U 22164B   22353.90477281  .00017939  22009-5  20270-3 0  9990
2 54589  98.3695  22.4377 0379896  62.2688 301.6530 15.07861872  1949
2022-165A               
1 54640U 22165A   22354.05432869  .00000665  00000+0  15532-3 0  9993
2 54640  98.1177 292.3096 0000885  98.7433 261.3612 14.57762603  1654
2022-165B               
1 54641U 22165B   22353.87844569  .00000750  00000+0  14675-3 0  9999
2 54641  98.0287 292.0033 0033425 267.1240  92.6147 14.65359366  1620
ONEWEB-0527             
1 54642U 22166A   22353.78138183  .00002860  00000+0  28522-3 0  9999
2 54642  86.5167 153.5567 0007814 193.4171 166.6850 14.91178928  1939
ONEWEB-0528             
1 54643U 22166B   22353.78150547  .00002880  00000+0  28732-3 0  9993
2 54643  86.5180 153.5586 0007766 194.1365 165.9646 14.91163350  1933
ONEWEB-0539             
1 54644U 22166C   22353.77952514  .00002926  00000+0  28994-3 0  9998
2 54644  86.5162 153.5537 0009132 192.3143 167.7863 14.91438190  1931
ONEWEB-0540             
1 54645U 22166D   22353.78230672  .00002893  00000+0  28951-3 0  9990
2 54645  86.5147 153.5540 0007541 197.3519 162.7451 14.91051331  1917
ONEWEB-0542             
1 54646U 22166E   22353.77285653  .00001498  00000+0  14347-3 0  9993
2 54646  86.5168 153.5518 0012423 203.3055 156.7611 14.92365774  1915
ONEWEB-0545             
1 54647U 22166F   22353.78189876  .00002867  00000+0  28644-3 0  9991
2 54647  86.5149 153.5544 0007670 195.7542 164.3448 14.91108663  1911
ONEWEB-0580             
1 54648U 22166G   22353.84181598  .00003018  00000+0  29411-3 0  9994
2 54648  86.5156 153.5230 0011965 199.6462 160.4307 14.92091006  2362
ONEWEB-0582             
1 54649U 22166H   22353.77829077  .00002852  00000+0  28134-3 0  9994
2 54649  86.5163 153.5520 0009915 193.0225 167.0748 14.91606282  1919
ONEWEB-0583             
1 54650U 22166J   22353.77719025  .00002902  00000+0  28511-3 0  9992
2 54650  86.5167 153.5539 0010579 193.0456 167.0499 14.91760636  1916
ONEWEB-0584             
1 54651U 22166K   22353.77770846  .00002907  00000+0  28613-3 0  9999
2 54651  86.5161 153.5519 0010232 193.4469 166.6488 14.91692606  1917
ONEWEB-0585             
1 54652U 22166L   22353.77972511  .00003031  00000+0  30065-3 0  9996
2 54652  86.5170 153.5561 0009002 192.2708 167.8302 14.91410996  1919
ONEWEB-0586             
1 54653U 22166M   22353.78343065  .00002891  00000+0  29049-3 0  9997
2 54653  86.5186 153.5608 0007092 201.6474 158.4455 14.90896870  1914
ONEWEB-0587             
1 54654U 22166N   22353.77867062  .00002798  00000+0  27629-3 0  9993
2 54654  86.5174 153.5580 0009697 192.4458 167.6532 14.91553786  1918
ONEWEB-0589             
1 54655U 22166P   22353.77324625  .00002851  00000+0  27611-3 0  9998
2 54655  86.5160 153.5523 0012267 203.1152 156.9526 14.92306182  1910
ONEWEB-0590             
1 54656U 22166Q   22353.77381498  .00001737  00000+0  16747-3 0  9990
2 54656  86.5154 153.5520 0012039 201.7809 158.2909 14.92227862  1918
ONEWEB-0591             
1 54657U 22166R   22353.77404289  .00006833  00000+0  66756-3 0  9992
2 54657  86.5185 153.5530 0011952 201.5974 158.4751 14.92190498  1919
ONEWEB-0592             
1 54658U 22166S   22353.78317628  .00002836  00000+0  28457-3 0  9999
2 54658  86.5148 153.5551 0007172 200.5922 159.5017 14.90934104  1918
ONEWEB-0593             
1 54659U 22166T   22353.77808619  .00002901  00000+0  28599-3 0  9994
2 54659  86.5174 153.5577 0010008 193.2436 166.8531 14.91637255  1916
ONEWEB-0594             
1 54660U 22166U   22353.77548719  .00002895  00000+0  28268-3 0  9993
2 54660  86.5168 153.5533 0011513 197.5919 162.4911 14.91994830  1917
ONEWEB-0595             
1 54661U 22166V   22353.77792204  .00002963  00000+0  29196-3 0  9991
2 54661  86.5176 153.5577 0010111 193.3372 166.7590 14.91658936  1919
ONEWEB-0596             
1 54662U 22166W   22353.77902030  .00002903  00000+0  28713-3 0  9990
2 54662  86.5161 153.5525 0009479 192.1205 167.9796 14.91506194  1913
ONEWEB-0597             
1 54663U 22166X   22353.77441662  .00005831  00000+0  57004-3 0  9998
2 54663  86.5152 153.5520 0011924 200.0334 160.0427 14.92139983  1913
ONEWEB-0600             
1 54664U 22166Y   22353.77334586  .00003071  00000+0  29775-3 0  9993
2 54664  86.5157 153.5522 0012191 202.9244 157.1442 14.92294083  1916
ONEWEB-0601             
1 54665U 22166Z   22353.77454815  .00002823  00000+0  27463-3 0  9998
2 54665  86.5182 153.5532 0011903 199.7463 160.3305 14.92128024  1917
ONEWEB-0602             
1 54666U 22166AA  22353.77489848  .00003170  00000+0  30916-3 0  9996
2 54666  86.5177 153.5529 0011773 198.7954 161.2841 14.92077832  1912
ONEWEB-0603             
1 54667U 22166AB  22353.78373588  .00003305  00000+0  33270-3 0  9997
2 54667  86.5155 153.5568 0007020 203.1562 156.9350 14.90861821  1911
ONEWEB-0604             
1 54668U 22166AC  22353.78284351  .00002890  00000+0  28971-3 0  9997
2 54668  86.5191 153.5617 0007300 199.2765 160.8188 14.90979787  1912
ONEWEB-0605             
1 54669U 22166AD  22353.78393728  .00003051  00000+0  30717-3 0  9998
2 54669  86.5169 153.5586 0006994 204.1320 155.9581 14.90830260  1918
ONEWEB-0606             
1 54670U 22166AE  22353.78206791  .00002971  00000+0  29708-3 0  9991
2 54670  86.5189 153.5605 0007617 196.5094 163.5886 14.91088900  1919
ONEWEB-0607             
1 54671U 22166AF  22353.78246614  .00002739  00000+0  27408-3 0  9997
2 54671  86.5148 153.5543 0007473 198.0953 162.0010 14.91029391  1919
ONEWEB-0608             
1 54672U 22166AG  22353.77522252  .00002797  00000+0  27283-3 0  9997
2 54672  86.5163 153.5537 0011633 198.1314 161.9501 14.92030227  1919
ONEWEB-0610             
1 54673U 22166AH  22353.78184848  .00001743  00000+0  17305-3 0  9998
2 54673  86.5158 153.5553 0007690 195.8899 164.2089 14.91102939  1918
ONEWEB-0611             
1 54674U 22166AJ  22353.77753776  .00002960  00000+0  29119-3 0  9998
2 54674  86.5177 153.5572 0010354 193.2629 166.8328 14.91714082  1917
ONEWEB-0612             
1 54675U 22166AK  22353.78302804  .00002910  00000+0  29195-3 0  9991
2 54675  86.5190 153.5614 0007229 199.8913 160.2034 14.90952932  1914
ONEWEB-0615             
1 54676U 22166AL  22353.77921102  .00002849  00000+0  28195-3 0  9999
2 54676  86.5177 153.5585 0009363 191.9222 168.1785 14.91478989  1910
ONEWEB-0655             
1 54677U 22166AM  22353.77936122  .00002147  00000+0  21185-3 0  9991
2 54677  86.5167 153.5535 0009231 192.5323 167.5676 14.91453328  1910
ONEWEB-0659             
1 54678U 22166AN  22353.77881059  .00002841  00000+0  28066-3 0  9996
2 54678  86.5163 153.5525 0009601 192.1562 167.9436 14.91536025  1912
ONEWEB-0685             
1 54679U 22166AP  22353.78363110  .00002106  00000+0  21102-3 0  9999
2 54679  86.5190 153.5608 0007019 202.9437 157.1478 14.90861291  1919
ONEWEB-0712             
1 54680U 22166AQ  22353.77503794  .00002804  00000+0  27331-3 0  9999
2 54680  86.5176 153.5529 0011711 198.5398 161.5405 14.92057942  1918
ONEWEB-0714             
1 54681U 22166AR  22353.77351898  .00001613  00000+0  15508-3 0  9996
2 54681  86.5179 153.5521 0012131 202.1761 157.8944 14.92272725  1911
2022-167A               
1 54682U 22167A   22354.02025748  .00010630  00000+0  67853-3 0  9998
2 54682  97.5353 128.8241 0013484 226.4149 266.8828 15.08782570  1625
2022-167B               
1 54683U 22167B   22354.03176473  .00032477  00000+0  36773-3 0  9992
2 54683  97.5862 129.4641 0203176 287.0640  70.8448 15.41138674  1639
CAS-5A (FO-118)         
1 54684U 22167C   22354.02053498  .00008329  00000+0  53141-3 0  9990
2 54684  97.5372 128.8283 0013904 228.3591 270.5264 15.08864291  1619
2022-167D               
1 54685U 22167D   22354.01567229  .00005839  00000+0  36788-3 0  9993
2 54685  97.5432 128.8422 0012711 242.2963 254.5625 15.09469522  1617
2022-167E               
1 54686U 22167E   22354.01566684  .00005839  00000+0  36797-3 0  9998
2 54686  97.5390 128.8361 0012524 241.7321 254.9795 15.09466370  1617
2022-167F               
1 54687U 22167F   22354.01530198  .00007586  00000+0  47571-3 0  9993
2 54687  97.5372 128.8349 0013222 241.9884 254.8381 15.09538841  1619
2022-167G               
1 54688U 22167G   22354.01496538  .00010621  00000+0  66218-3 0  9996
2 54688  97.5347 128.8320 0013512 242.7181 255.1260 15.09645387  1616
2022-167H               
1 54689U 22167H   22354.01477556  .00005904  00000+0  37059-3 0  9995
2 54689  97.5452 128.8451 0013632 242.7718 253.9416 15.09591881  1616
2022-167J               
1 54690U 22167J   22354.01371052  .00005949  00000+0  37184-3 0  9999
2 54690  97.5332 128.8312 0013984 245.4150 251.2544 15.09741592  1610
2022-167K               
1 54691U 22167K   22354.01438211  .00006340  00000+0  39672-3 0  9991
2 54691  97.5389 128.8399 0014116 245.1042 252.3695 15.09673997  1615
2022-167L               
1 54692U 22167L   22354.01371020  .00006004  00000+0  37509-3 0  9990
2 54692  97.5436 128.8445 0014613 244.3592 252.6041 15.09749268  1617
2022-167M               
1 54693U 22167M   22354.02071331  .00011633  00000+0  74147-3 0  9997
2 54693  97.5409 128.8307 0014110 226.3347 269.8481 15.08804187  1580
2022-167N               
1 54694U 22167N   22354.01294644  .00006063  00000+0  37755-3 0  9996
2 54694  97.5347 128.8344 0014897 245.5494 251.4028 15.09857332  1610
2022-167P               
1 54695U 22167P   22354.01294933  .00006026  00000+0  37525-3 0  9992
2 54695  97.5399 128.8401 0015190 245.4155 251.6470 15.09859242  1617
FALCON 9 R/B            
1 54698U 22168C   22345.32368031  .00002049 -64822-5  00000+0 0  9995
2 54698  29.0000  41.2312 0098300  59.8200  27.0300 16.15592824    07
2022-169A               
1 54699U 22169A   22353.84203539  .00000126  00000+0  10276-3 0  9999
2 54699  59.9951 132.3681 0006659 253.6501 259.7896 14.29221598  1061
2022-169B               
1 54700U 22169B   22353.88461394  .00000431  00000+0  22486-3 0  9996
2 54700  59.9943 132.2459 0007100 235.4231 124.6139 14.28667038  1070
2022-169C               
1 54701U 22169C   22354.12213012  .00000225  00000+0  94501-4 0  9996
2 54701  59.9558 130.5459 0094296  46.7971 314.0899 14.49495112  1129
2022-169D               
1 54702U 22169D   22354.16251505  .00001035  00000+0  46003-3 0  9993
2 54702  59.9970 131.3157 0006314 246.1371 113.8992 14.29136999  1128
SZ-14 MODULE            
1 54704U 22060G   22353.90617718  .00025520  00000+0  30181-3 0  9993
2 54704  41.4847 168.1877 0008117 176.4945 183.5952 15.60655165  2163
GALAXY 35 (G-35)        
1 54741U 22170A   22350.18729448 -.00000213  00000+0  00000+0 0  9993
2 54741   3.2871 218.7269 5571717 178.9031 316.2064  1.94785585    49
GALAXY 36 (G-36)        
1 54742U 22170B   22350.43859110 -.00000334  00000+0  00000+0 0  9996
2 54742   3.4336 218.5937 5690547 178.9969 147.4018  1.97366996    59
METEOSAT-12             
1 54743U 22170C   22353.31524981 -.00000002  00000+0  00000+0 0  9994
2 54743   5.5504 217.8990 7131836 181.4542 110.3708  2.25104636   115
ARIANE 5 DEB [SYLDA]    
1 54744U 22170D   22351.58393401  .00100173  00000+0  20354-1 0  9998
2 54744   6.0190 217.5841 7282940 180.9906 173.5217  2.28665153    87
ARIANE 5 R/B            
1 54745U 22170E   22350.70750442  .00034354  00000+0  36366-2 0  9992
2 54745   5.8807 219.6241 7285962 178.2913 187.0722  2.29667630    64
2022-171A               
1 54746U 22171A   22353.93860485 -.00000037  00000+0  00000+0 0  9996
2 54746  35.0039 302.7241 0005142 313.1875 110.3882 15.23028488   797
2022-171B               
1 54747U 22171B   22353.93761529 -.00000037  00000+0  00000+0 0  9996
2 54747  34.9957 302.6932 0009954 312.5466 110.7705 15.23456388   764
2022-171C               
1 54748U 22171C   22353.93697517 -.00000037  00000+0  00000+0 0  9992
2 54748  34.9987 302.7051 0007760 307.8989 115.2065 15.23570795   769
2022-171D               
1 54749U 22171D   22353.93646483 -.00000038  00000+0  00000+0 0  9990
2 54749  34.9958 302.6863 0009923 319.9843 103.0184 15.23802341   766
2022-171E               
1 54750U 22171E   22353.93857661 -.00000037  00000+0  00000+0 0  9993
2 54750  34.9853 302.6734 0010004 335.2360 102.3040 15.23659867   751
2022-167Q               
1 54751U 22167Q   22353.95051339  .00007541  00000+0  47163-3 0  9990
2 54751  97.5362 128.7710 0013315 244.1167 264.5563 15.09634904  1261
SHIYAN 21               
1 54752U 22172A   22353.86051318  .00007787  00000+0  28309-3 0  9997
2 54752  35.9984 132.3483 0014153 332.4791 160.1188 15.27607042   559
SWOT                    
1 54754U 22173A   22353.94541832  .00137865  00000+0  76186-1 0  9999
2 54754  77.5864 321.3499 0005829  35.2986 349.0627 14.10385887   480
2022-174A               
1 54755U 22174A   22353.77623232  .00000047  00000+0  00000+0 0  9998
2 54755   9.6164 256.5598 1871721 188.6357 167.6491  7.26208101   213
2022-174B               
1 54756U 22174B   22353.91334351  .00000047  00000+0  00000+0 0  9996
2 54756   9.6188 256.3602 1869832 189.1009 166.9899  7.26305058   217
2022-174C               
1 54757U 22174C   22353.36484503  .00000047  00000+0  00000+0 0  9991
2 54757   9.6209 257.1735 1868337 187.4265 169.3825  7.25878007   160
