SOYUZ-MS 23             
1 55688U 23024A   23084.33064495  .00020909  00000+0  37966-3 0  9997
2 55688  51.6424  24.0027 0006186 130.1254   7.8345 15.49509892388781
HORUS 1                 
1 55690U 23025A   23085.45196422  .00015528  00000+0  65687-3 0  9993
2 55690  97.4676 159.2251 0015856 132.5575 353.5615 15.23177107  4594
CZ-2C R/B               
1 55691U 23025B   23085.20755672  .00015461  00000+0  71595-3 0  9996
2 55691  97.5961 159.3920 0066442 178.0359 182.1150 15.18205429  4547
CZ-2C DEB               
1 55692U 23025C   23085.16312475  .00104246  00000+0  44000-2 0  9992
2 55692  97.6458 159.3041 0084068 125.9658 234.8825 15.19640304  4552
CZ-2C DEB               
1 55693U 23025D   23085.42188926  .00165695  00000+0  66318-2 0  9995
2 55693  97.2408 158.0757 0081082 124.8204 236.0367 15.21372314  4575
2023-025E               
1 55694U 23025E   23084.93508805  .00053489  00000+0  44742-2 0  9997
2 55694  97.2670 156.4625 0154463  68.3780 293.3439 14.89393164  4438
STARLINK-30050          
1 55695U 23026A   23085.25001157  .00091293  00000+0  80083-3 0  9997
2 55695  43.0036 126.4452 0001381 261.7154  63.7016 15.67833119  5148
STARLINK-30038          
1 55696U 23026B   23085.49204040  .00151864  00000+0  12979-2 0  9999
2 55696  43.0044 124.7164 0001863 270.0408  90.0245 15.68243578  5196
STARLINK-30040          
1 55697U 23026C   23085.58334491  .00207353  00000+0  17747-2 0  9997
2 55697  43.0013 124.4370 0001517 273.9898 134.2545 15.68024109  5191
STARLINK-30061          
1 55698U 23026D   23085.58334491  .00100948  00000+0  87970-3 0  9996
2 55698  42.9998 124.4477 0001834 275.0124 130.9389 15.67954372  5199
STARLINK-30055          
1 55699U 23026E   23085.58334491  .00089728  00000+0  78784-3 0  9992
2 55699  42.9982 124.4020 0001644 258.0483 168.8253 15.67816553  5193
STARLINK-30064          
1 55700U 23026F   23085.58334491  .00192022  00000+0  16603-2 0  9998
2 55700  43.0012 124.4412 0001875 223.7291 187.1139 15.67824707  5196
STARLINK-30065          
1 55701U 23026G   23085.58334491  .00178209  00000+0  15483-2 0  9995
2 55701  43.0048 124.3816 0002150 323.3777 106.8754 15.67752114  5199
STARLINK-30042          
1 55702U 23026H   23085.58334491 -.00100564  00000+0 -89163-3 0  9994
2 55702  42.9983 124.4195 0001947 279.7058 138.5763 15.67919626  5191
STARLINK-30044          
1 55703U 23026J   23085.58334491  .00193711  00000+0  17765-2 0  9997
2 55703  43.0005 124.4298 0001888  26.7969  26.8185 15.66366917  5193
STARLINK-30051          
1 55704U 23026K   23085.58334491  .00163258  00000+0  14099-2 0  9998
2 55704  43.0034 124.3987 0001910 306.4534 121.8124 15.67949881  5199
STARLINK-30057          
1 55705U 23026L   23085.16667824 -.00075514  00000+0 -66494-3 0  9998
2 55705  43.0002 126.8839 0001727 246.9156 351.9860 15.67979491  5139
STARLINK-30054          
1 55706U 23026M   23085.58334491  .00189736  00000+0  17224-2 0  9992
2 55706  43.0003 124.3936 0002281  67.9556   0.3617 15.66632262  5195
STARLINK-30060          
1 55707U 23026N   23085.58334491  .00145880  00000+0  12643-2 0  9995
2 55707  43.0015 124.3928 0001622 290.9662 140.8102 15.67922921  5200
STARLINK-30058          
1 55708U 23026P   23085.48669119 -.00041345  00000+0 -36473-3 0  9994
2 55708  43.0032 124.6852 0001470 259.3128 100.7573 15.67720000  5195
STARLINK-30047          
1 55709U 23026Q   23085.25001157  .00164704  00000+0  14345-2 0  9998
2 55709  42.9997 126.3708 0002116 218.2349 133.4383 15.67736769  5146
STARLINK-30046          
1 55710U 23026R   23085.58334491  .00327121  00000+0  28001-2 0  9994
2 55710  43.0024 124.2908 0001307 281.2094 188.0361 15.67642051  5195
STARLINK-30048          
1 55711U 23026S   23085.16667824  .00141097  00000+0  12596-2 0  9996
2 55711  42.9999 126.8039 0003554  79.8682 189.7678 15.67208223  5130
STARLINK-30037          
1 55712U 23026T   23085.16667824  .00759870  00000+0  63812-2 0  9998
2 55712  43.0011 126.8985 0001606 259.8747 332.1349 15.66770702  5130
STARLINK-30063          
1 55713U 23026U   23085.50001157 -.00092784  00000+0 -82015-3 0  9991
2 55713  43.0001 124.9111 0001510 255.2413  55.5545 15.67963743  5183
STARLINK-30059          
1 55714U 23026V   23085.50001157  .00012027  00000+0  10969-3 0  9991
2 55714  43.0011 124.9062 0001116 285.8690  26.6092 15.67859294  5189
STARLINK-30062          
1 55715U 23026W   23085.49492083  .00846221  00000+0  53665-2 0  9992
2 55715  43.0001 124.7563 0004618  79.2813 280.8576 15.73302087  5186
CREW DRAGON 6           
1 55740U 23027A   23084.33064495  .00020909  00000+0  37966-3 0  9999
2 55740  51.6424  24.0027 0006186 130.1254   7.8345 15.49509892388780
STARLINK-5592           
1 55741U 23028A   23085.25001157 -.00883296  00000+0 -91377-2 0  9992
2 55741  70.0010  91.9869 0003640 275.1466  96.3413 15.67160552  4196
STARLINK-5594           
1 55742U 23028B   23085.25001157 -.00884178  00000+0 -91623-2 0  9997
2 55742  70.0011  91.9882 0003665 272.0504  98.0445 15.67121431  4208
STARLINK-5602           
1 55743U 23028C   23085.58334491 -.00978658  00000+0 -10331-1 0  9997
2 55743  70.0008  91.0565 0003559 278.4765 170.4734 15.66507848  4255
STARLINK-5601           
1 55744U 23028D   23085.58334491 -.00983207  00000+0 -10366-1 0  9992
2 55744  70.0008  91.0547 0003418 276.3762 174.0118 15.66552216  4259
STARLINK-5565           
1 55745U 23028E   23085.58334491 -.00966046  00000+0 -10196-1 0  9996
2 55745  70.0008  91.0573 0003552 275.0676 173.1621 15.66479961  4252
STARLINK-5579           
1 55746U 23028F   23085.58334491 -.00975890  00000+0 -10223-1 0  9995
2 55746  70.0007  91.0485 0003960 276.4783 178.9339 15.66685301  4257
STARLINK-5539           
1 55747U 23028G   23085.25001157 -.00901445  00000+0 -91760-2 0  9991
2 55747  70.0011  91.9850 0003681 267.8238 105.0506 15.67204906  4208
STARLINK-5580           
1 55748U 23028H   23085.58334491 -.00979340  00000+0 -10289-1 0  9993
2 55748  70.0009  91.0511 0003593 276.9639 176.3026 15.66626942  4259
STARLINK-5560           
1 55749U 23028J   23085.25001157 -.00915884  00000+0 -92962-2 0  9990
2 55749  70.0009  91.9810 0003567 270.4102 105.9258 15.67313342  4204
STARLINK-5573           
1 55750U 23028K   23085.58334491 -.00979092  00000+0 -10278-1 0  9998
2 55750  70.0008  91.0503 0003572 276.8069 177.1767 15.66646662  4257
STARLINK-5577           
1 55751U 23028L   23085.25001157 -.00883990  00000+0 -91378-2 0  9995
2 55751  70.0010  91.9859 0003676 270.3806 101.8020 15.67181221  4204
STARLINK-5613           
1 55752U 23028M   23085.58334491 -.00971902  00000+0 -10155-1 0  9996
2 55752  70.0009  91.0431 0003429 276.7659 183.2068 15.66744913  4255
STARLINK-5617           
1 55753U 23028N   23085.58334491 -.00976354  00000+0 -10239-1 0  9996
2 55753  70.0007  91.0491 0003562 274.4714 180.2295 15.66664415  4252
STARLINK-5612           
1 55754U 23028P   23085.25001157 -.00916363  00000+0 -92932-2 0  9996
2 55754  70.0011  91.9787 0003602 276.1747 102.0547 15.67334925  4203
STARLINK-5619           
1 55755U 23028Q   23084.73620621  .00074913  00000+0  61822-3 0  9991
2 55755  70.0008  93.4166 0003625 265.9459  94.1322 15.69962807  4120
STARLINK-5614           
1 55756U 23028R   23084.54441169 -.00261680  00000+0 -23060-2 0  9991
2 55756  69.9996  93.9513 0004029 258.8343 101.2399 15.69248511  4096
STARLINK-5544           
1 55757U 23028S   23085.58334491 -.00970534  00000+0 -10157-1 0  9993
2 55757  70.0008  91.0462 0003449 275.9225 181.4179 15.66701609  4253
STARLINK-5072           
1 55758U 23028T   23085.58334491 -.00962096  00000+0 -10053-1 0  9993
2 55758  70.0008  91.0439 0003519 275.1106 184.1506 15.66717573  4257
STARLINK-5081           
1 55759U 23028U   23085.58334491  .00128186  00000+0  62525-3 0  9999
2 55759  69.9913  90.6991 0002422 262.4601 122.3322 15.81837037  4254
STARLINK-5532           
1 55760U 23028V   23084.73569960 -.00042503  00000+0 -35975-3 0  9997
2 55760  69.9992  93.4134 0003694 300.6254  59.4577 15.69498534  4123
STARLINK-5611           
1 55761U 23028W   23085.43612763  .00040940  00000+0  34070-3 0  9992
2 55761  70.0023  91.4436 0003026 235.8791 124.2117 15.69917592  4221
STARLINK-5603           
1 55762U 23028X   23085.43570813  .00000473  00000+0  56984-5 0  9999
2 55762  70.0023  91.4418 0002900 253.9743 106.1133 15.69934304  4227
STARLINK-5593           
1 55763U 23028Y   23084.73580681 -.00036845  00000+0 -31171-3 0  9999
2 55763  69.9997  93.4151 0004389 291.0244  69.0482 15.69470523  4124
STARLINK-5499           
1 55764U 23028Z   23085.43581003  .00025550  00000+0  21364-3 0  9999
2 55764  70.0022  91.4419 0003530 240.4995 119.5849 15.69919408  4229
STARLINK-5595           
1 55765U 23028AA  23085.43591671  .00059753  00000+0  49476-3 0  9998
2 55765  70.0015  91.4420 0003407 284.5512  75.5306 15.69944198  4224
STARLINK-5599           
1 55766U 23028AB  23085.11669979  .00010172  00000+0  86207-4 0  9997
2 55766  70.0013  92.3337 0003650 267.9579  92.1199 15.69938360  4171
STARLINK-5606           
1 55767U 23028AC  23085.11743690 -.00006602  00000+0 -53138-4 0  9993
2 55767  70.0008  92.3382 0004210 288.9264  71.1475 15.69934907  4170
STARLINK-5583           
1 55768U 23028AD  23085.43560306  .00002636  00000+0  23690-4 0  9991
2 55768  70.0021  91.4408 0003016 258.2882 101.7975 15.69915896  4221
STARLINK-5584           
1 55769U 23028AE  23085.43550070 -.00001133  00000+0 -76625-5 0  9999
2 55769  70.0006  91.4410 0002899 281.0619  79.0251 15.69916578  4220
STARLINK-5557           
1 55770U 23028AF  23085.49910517 -.00006953  00000+0 -56107-4 0  9990
2 55770  70.0030  91.2615 0002926 259.5922 100.4944 15.69926157  4235
STARLINK-5591           
1 55771U 23028AG  23085.43507234  .00039407  00000+0  32797-3 0  9999
2 55771  70.0029  91.4390 0002826 250.2316 109.8575 15.69925521  4226
STARLINK-5835           
1 55772U 23028AH  23085.43464876 -.00003354  00000+0 -26130-4 0  9993
2 55772  70.0019  91.4372 0003153 256.5600 103.5245 15.69931358  4236
STARLINK-5833           
1 55773U 23028AJ  23085.43517953 -.00002722  00000+0 -20884-4 0  9997
2 55773  70.0030  91.4396 0003160 249.1021 110.9836 15.69920934  4224
STARLINK-5812           
1 55774U 23028AK  23085.43496728  .00007856  00000+0  67106-4 0  9993
2 55774  70.0021  91.4385 0002910 244.8599 115.2295 15.69900430  4223
STARLINK-5809           
1 55775U 23028AL  23085.43475371  .00003282  00000+0  29038-4 0  9996
2 55775  70.0014  91.4373 0003351 253.0508 107.0321 15.69935721  4225
STARLINK-5810           
1 55776U 23028AM  23085.17925422 -.00012010  00000+0 -98168-4 0  9996
2 55776  70.0026  92.1527 0003026 252.9310 107.1554 15.69946457  4199
STARLINK-5814           
1 55777U 23028AN  23085.43455039  .00006153  00000+0  52922-4 0  9995
2 55777  70.0020  91.4376 0003112 260.0255 100.0590 15.69914077  4232
STARLINK-5816           
1 55778U 23028AP  23085.43444096  .00029070  00000+0  24276-3 0  9990
2 55778  70.0019  91.4358 0002991 243.8616 116.2272 15.69918752  4235
STARLINK-5817           
1 55779U 23028AQ  23084.91667824  .00048059  00000+0  40011-3 0  9992
2 55779  70.0005  92.7081 0003935 261.2726 208.6820 15.69864410  4150
STARLINK-5819           
1 55780U 23028AR  23085.17946754 -.00004666  00000+0 -37020-4 0  9990
2 55780  70.0006  92.1526 0004160 274.4253  85.6467 15.69940102  4190
STARLINK-5820           
1 55781U 23028AS  23085.43422623  .00006230  00000+0  53509-4 0  9991
2 55781  70.0024  91.4361 0003330 260.9170  99.1649 15.69939983  4238
STARLINK-5826           
1 55782U 23028AT  23085.43401974  .00003598  00000+0  31675-4 0  9992
2 55782  70.0025  91.4345 0003227 251.9510 108.1334 15.69928843  4230
STARLINK-5825           
1 55783U 23028AU  23085.11533084  .00036730  00000+0  30569-3 0  9990
2 55783  70.0013  92.3286 0005072 290.2532  69.8118 15.69931681  4183
STARLINK-5797           
1 55784U 23028AV  23085.43349517  .00009593  00000+0  81477-4 0  9994
2 55784  70.0012  91.4326 0003076 263.0914  96.9932 15.69918986  4236
STARLINK-5818           
1 55785U 23028AW  23085.43380725  .00001931  00000+0  17814-4 0  9993
2 55785  70.0015  91.4332 0003103 245.9788 114.1083 15.69934263  4221
STARLINK-5823           
1 55786U 23028AX  23085.17851846  .00032626  00000+0  27190-3 0  9994
2 55786  70.0008  92.1465 0004345 272.4324  87.6374 15.69932712  4188
STARLINK-5811           
1 55787U 23028AY  23085.17883855  .00006244  00000+0  53631-4 0  9997
2 55787  70.0008  92.1507 0004266 274.3097  85.7611 15.69932921  4181
STARLINK-5804           
1 55788U 23028AZ  23084.73273187  .00038393  00000+0  31989-3 0  9991
2 55788  69.9969  93.3998 0002355 277.5649  82.5280 15.69905967  4128
STARLINK-5815           
1 55789U 23028BA  23085.43306945  .00049120  00000+0  40762-3 0  9998
2 55789  70.0006  91.4298 0003311 268.4463  91.6353 15.69940407  4223
STARLINK-5813           
1 55790U 23028BB  23085.17830861  .00023849  00000+0  19935-3 0  9998
2 55790  70.0003  92.1472 0004971 278.9889  81.0744 15.69939460  4184
STARLINK-5807           
1 55791U 23028BC  23085.17841613  .00008721  00000+0  74244-4 0  9993
2 55791  70.0010  92.1465 0003271 253.8712 106.2123 15.69917347  4185
ONEWEB-0530             
1 55796U 23029A   23085.21479527  .00007548  00000+0  75200-3 0  9993
2 55796  86.5131 192.0822 0010906 152.9783 207.2015 14.91428172  3158
ONEWEB-0534             
1 55797U 23029B   23084.81283322  .00007619  00000+0  76031-3 0  9997
2 55797  86.5089 192.2502 0010710 154.8943 205.2807 14.91364967  2393
ONEWEB-0556             
1 55798U 23029C   23084.81139851  .00014564  00000+0  14495-2 0  9997
2 55798  86.5123 192.2583 0011098 152.1487 208.0336 14.91505682  2395
ONEWEB-0562             
1 55799U 23029D   23085.55210573  .00007475  00000+0  74781-3 0  9999
2 55799  86.5088 191.9248 0010311 153.3802 206.7957 14.91269378  3182
ONEWEB-0563             
1 55800U 23029E   23085.34984521  .00007392  00000+0  73790-3 0  9997
2 55800  86.5132 192.0242 0010503 153.5354 206.6412 14.91352962  3152
ONEWEB-0564             
1 55801U 23029F   23085.21420054  .00007454  00000+0  74157-3 0  9997
2 55801  86.5090 192.0731 0011126 152.0868 208.0958 14.91481840  3154
ONEWEB-0638             
1 55802U 23029G   23085.34178250  .00011529  00000+0  11302-2 0  9990
2 55802  86.5117 192.0167 0013499 154.9387 205.2499 14.92082816  3172
ONEWEB-0639             
1 55803U 23029H   23085.58334491  .00025997  00000+0  29725-2 0  9990
2 55803  86.5513 191.9401 0009740 156.8471 308.8164 14.85864876  3187
ONEWEB-0640             
1 55804U 23029J   23085.00295982  .00009043  00000+0  87918-3 0  9992
2 55804  86.5105 192.1605 0014116 164.6751 195.4907 14.92388989  3106
ONEWEB-0641             
1 55805U 23029K   23085.58334491  .00021961  00000+0  24806-2 0  9994
2 55805  86.5529 191.9228 0012601 152.0794  12.0428 14.86357820  3183
ONEWEB-0642             
1 55806U 23029L   23085.58334491  .00025769  00000+0  29429-2 0  9991
2 55806  86.5554 191.9444 0010299 152.7460 325.1971 14.85912042  3183
ONEWEB-0643             
1 55807U 23029M   23085.34230515  .00007096  00000+0  69643-3 0  9994
2 55807  86.5097 192.0096 0014400 153.7433 206.4528 14.91983032  3172
ONEWEB-0644             
1 55808U 23029N   23084.91667824 -.00053460  00000+0 -61962-2 0  9997
2 55808  86.5550 192.2361 0010019 156.4226 347.4730 14.85842896  1305
ONEWEB-0645             
1 55809U 23029P   23085.58334491 -.00451151  00000+0 -53772-1 0  9991
2 55809  86.5550 191.9288 0012929 151.1048  16.3393 14.86577695  3184
ONEWEB-0646             
1 55810U 23029Q   23085.58334491  .00025865  00000+0  29726-2 0  9993
2 55810  86.5568 191.9463 0010045 153.6918 316.3118 14.85652815  3185
ONEWEB-0648             
1 55811U 23029R   23085.00592882  .00008217  00000+0  80399-3 0  9997
2 55811  86.5109 192.1616 0013994 156.2189 203.9688 14.92130159  3122
ONEWEB-0649             
1 55812U 23029S   23085.58334491  .00025298  00000+0  28376-2 0  9995
2 55812  86.5459 191.9276 0010997 148.0259 346.9939 14.86645457  3185
ONEWEB-0650             
1 55813U 23029T   23085.58334491  .00025092  00000+0  28414-2 0  9991
2 55813  86.5543 191.9297 0012498 151.1065   4.3671 14.86242885  3198
ONEWEB-0652             
1 55814U 23029U   23084.87369404  .00014648  00000+0  14411-2 0  9992
2 55814  86.5106 192.2188 0013358 156.4903 203.6938 14.91945237  2402
ONEWEB-0653             
1 55815U 23029V   23085.00815885  .00007560  00000+0  74364-3 0  9997
2 55815  86.5114 192.1665 0013102 154.3480 205.8401 14.91918278  3107
ONEWEB-0654             
1 55816U 23029W   23084.86872093 -.00006465  00000+0 -63487-3 0  9994
2 55816  86.5111 192.2171 0014826 159.5967 200.5857 14.92391761  2401
ONEWEB-0656             
1 55817U 23029X   23084.86566244  .00008345  00000+0  80457-3 0  9996
2 55817  86.5102 192.2179 0014966 166.6937 193.4689 14.92704185  3087
ONEWEB-0657             
1 55818U 23029Y   23085.58334491 -.00599171  00000+0 -70690-1 0  9994
2 55818  86.5500 191.9179 0013208 152.0049  24.9631 14.87273172  3184
ONEWEB-0658             
1 55819U 23029Z   23085.58334491 -.00614244  00000+0 -72554-1 0  9995
2 55819  86.5494 191.9190 0013095 151.9394  22.0052 14.87289397  3187
ONEWEB-0660             
1 55820U 23029AA  23085.00731003  .00007728  00000+0  75865-3 0  9995
2 55820  86.5116 192.1664 0013404 156.1021 204.0832 14.91998956  3122
ONEWEB-0661             
1 55821U 23029AB  23084.86796651  .00007856  00000+0  76151-3 0  9990
2 55821  86.5099 192.2186 0014626 162.5867 197.5865 14.92487645  2400
ONEWEB-0662             
1 55822U 23029AC  23085.00722787  .00008145  00000+0  79949-3 0  9997
2 55822  86.5117 192.1662 0013503 155.6831 204.5037 14.92005796  3120
ONEWEB-0663             
1 55823U 23029AD  23084.86643032  .00008286  00000+0  80036-3 0  9991
2 55823  86.5122 192.2194 0014872 165.7311 194.4341 14.92630295  3081
ONEWEB-0664             
1 55824U 23029AE  23084.86770120  .00003621  00000+0  34937-3 0  9998
2 55824  86.5094 192.2175 0014717 163.6400 196.5306 14.92517539  3082
ONEWEB-0665             
1 55825U 23029AF  23085.33866461  .00008018  00000+0  77980-3 0  9996
2 55825  86.5111 192.0117 0014580 159.7401 200.4408 14.92360701  3155
ONEWEB-0666             
1 55826U 23029AG  23085.00098048  .00008239  00000+0  79671-3 0  9993
2 55826  86.5126 192.1607 0014848 164.3328 195.8363 14.92585019  3107
ONEWEB-0667             
1 55827U 23029AH  23084.99927388  .00009180  00000+0  88420-3 0  9997
2 55827  86.5111 192.1580 0015169 166.9412 193.2212 14.92750150  3106
ONEWEB-0669             
1 55828U 23029AJ  23084.86608636  .00008401  00000+0  81084-3 0  9990
2 55828  86.5098 192.2177 0014939 166.2459 193.9180 14.92664977  3081
ONEWEB-0670             
1 55829U 23029AK  23084.86823976  .00007916  00000+0  76802-3 0  9999
2 55829  86.5123 192.2204 0014349 161.6239 198.5511 14.92459213  2401
ONEWEB-0671             
1 55830U 23029AL  23085.58334491  .00024610  00000+0  27902-2 0  9996
2 55830  86.5542 191.9256 0012910 151.6176   7.4553 14.86191808  3188
ONEWEB-0672             
1 55831U 23029AM  23084.86654322  .00007977  00000+0  77066-3 0  9999
2 55831  86.5094 192.2174 0014751 165.1611 195.0053 14.92621702  3089
ONEWEB-0673             
1 55832U 23029AN  23085.25001157  .00048394  00000+0  54876-2 0  9997
2 55832  86.5511 192.0764 0011077 152.5170 358.6948 14.86084147  3163
ONEWEB-0674             
1 55833U 23029AP  23084.86782035  .00007857  00000+0  76138-3 0  9990
2 55833  86.5128 192.2209 0014811 163.1719 197.0004 14.92500897  2406
ONEWEB-0675             
1 55834U 23029AQ  23085.25001157  .00048513  00000+0  54460-2 0  9991
2 55834  86.5503 192.0767 0011314 151.2325  10.7369 14.86493866  3166
ONEWEB-0720             
1 55835U 23029AR  23084.91667824 -.00734484  00000+0 -11024+0 0  9990
2 55835  86.6044 192.3100 0009392 158.3972 153.7570 14.77443090  1301
2023-030A               
1 55836U 23030A   23085.46730434 -.00000110  00000+0 -42387-4 0  9995
2 55836  98.9961  93.6031 0005506 181.0438 179.0644 14.02940572  2326
2023-030B               
1 55837U 23030B   23085.45746878  .00000858  00000+0  57316-3 0  9998
2 55837  98.9974  93.6189 0002817 208.4992 151.6021 14.03790363  2323
2023-030C               
1 55838U 23030C   23085.46597606  .00000248  00000+0  13012-3 0  9991
2 55838  99.0057  94.1832 0087765 357.0135   3.0497 14.21265625  2352
2023-030D               
1 55839U 23030D   23085.46712762 -.00000083  00000+0 -24928-4 0  9992
2 55839  98.9962  93.6039 0005603 182.6082 177.5018 14.02942447  2318
LUCH-5X (OLYMP-K 2)     
1 55841U 23031A   23083.14016005 -.00000120  00000+0  00000+0 0  9997
2 55841   0.2165 344.6345 0045937 193.9496 131.7034  1.00211891   111
BREEZE-M R/B            
1 55842U 23031B   23084.49975563 -.00000190  00000+0  00000+0 0  9997
2 55842   0.2605 284.3970 0069158 149.0821 287.2565  0.98963683   115
BREEZE-M DEB [TANK]     
1 55843U 23031C   23084.43110741  .00000361  00000+0  11584-2 0  9992
2 55843  48.7362 164.0968 7230488   2.8021 359.8013  2.27426677   334
HORUS 2                 
1 55844U 23032A   23085.48853306  .00015124  00000+0  62980-3 0  9991
2 55844  97.4720 159.1439 0011346 205.0717 211.9762 15.23774219  2030
CZ-2C R/B               
1 55845U 23032B   23085.17558988  .00121139  00000+0  58448-2 0  9993
2 55845  97.2589 158.3219 0096767 180.2727 179.8468 15.14086306  1907
CZ-2C DEB               
1 55846U 23032C   23085.18277950  .00008965  00000+0  49976-3 0  9990
2 55846  97.6436 159.0954 0062622 191.0852 168.8773 15.12129452  1971
CZ-2C DEB               
1 55847U 23032D   23085.26271970  .00105431  00000+0  53366-2 0  9999
2 55847  97.6508 158.9167 0107994 176.5592 183.5563 15.11561589  1989
CZ-2C DEB               
1 55848U 23032E   23085.14014620  .00067869  00000+0  59101-2 0  9999
2 55848  97.2686 157.8050 0163564 124.9639 236.6568 14.86843387  1925
CZ-2C DEB               
1 55849U 23032F   23085.15294562  .00064103  00000+0  57262-2 0  9990
2 55849  97.6980 158.3658 0168744 123.9915 237.6788 14.85336347  1936
DRAGON CRS-27           
1 55860U 23033A   23084.33064495  .00020909  00000+0  37966-3 0  9999
2 55860  51.6424  24.0027 0006186 130.1254   7.8345 15.49509892388783
SHIYAN 19 (SY-19)       
1 55861U 23034A   23085.47165606  .00009972  00000+0  45848-3 0  9998
2 55861  97.4655 273.7245 0013627 236.6290 212.2910 15.20473225  1661
2023-035A               
1 55908U 23035A   23084.97594896  .00008827  00000+0  92625-3 0  9995
2 55908  44.1832 265.4532 0003826 233.5214 126.5382 14.89788753  1342
2023-035B               
1 55909U 23035B   23085.50933311  .00028322  00000+0  28735-2 0  9997
2 55909  44.0041 263.1139 0004064 284.8259  75.2440 14.90414203  1427
2023-035C               
1 55910U 23035C   23085.17414946  .00002503  00000+0  27401-3 0  9993
2 55910  44.0042 264.8710 0003810 280.6691  79.3572 14.90253968  1379
GAOFEN 13-02            
1 55912U 23036A   23077.88356580  .00000059  00000+0  00000+0 0  9990
2 55912  28.5049 299.6563 7300844 180.5092 161.2501  2.28101003    39
CZ-3B R/B               
1 55913U 23036B   23080.34465328  .00003900 -60593-6  10000-3 0  9991
2 55913  28.4891 298.7179 7228687 181.2232 176.4569  2.39033481   101
STARLINK-5856           
1 55914U 23037A   23085.25001157 -.00943832  00000+0 -38333-2 0  9990
2 55914  69.9998 157.5930 0008463 231.9237 112.1535 15.87999597  1855
STARLINK-5859           
1 55915U 23037B   23085.25001157 -.01041166  31323-3 -38226-2 0  9998
2 55915  69.9999 157.5916 0008470 232.7046 112.5112 15.88036530  1851
STARLINK-5796           
1 55916U 23037C   23085.25001157 -.00943159  00000+0 -38284-2 0  9999
2 55916  69.9998 157.5925 0008536 238.4885 105.8985 15.88007764  1858
STARLINK-5855           
1 55917U 23037D   23085.25001157 -.00942256  00000+0 -38213-2 0  9999
2 55917  69.9999 157.5925 0008472 237.2756 107.6834 15.88025162  1858
STARLINK-5867           
1 55918U 23037E   23085.25001157 -.00945809  00000+0 -38380-2 0  9992
2 55918  69.9998 157.5923 0008521 237.8980 106.7353 15.88020043  1855
STARLINK-5871           
1 55919U 23037F   23085.25001157 -.01041312  31334-3 -38215-2 0  9995
2 55919  69.9998 157.5912 0008439 235.5893 109.9220 15.88045669  1859
STARLINK-5862           
1 55920U 23037G   23085.58334491 -.00904898  00000+0 -37581-2 0  9996
2 55920  70.0001 156.6268 0008691 250.7967 201.8416 15.87459845  1903
STARLINK-5861           
1 55921U 23037H   23085.25001157 -.01040009  31270-3 -38112-2 0  9995
2 55921  69.9999 157.5908 0008497 239.3366 106.9741 15.88073898  1859
STARLINK-5863           
1 55922U 23037J   23085.25001157 -.01041341  31342-3 -38178-2 0  9998
2 55922  69.9998 157.5906 0008417 237.1738 108.8457 15.88066163  1850
STARLINK-5854           
1 55923U 23037K   23085.25001157 -.01041191  31330-3 -38190-2 0  9993
2 55923  69.9999 157.5910 0008489 236.3895 109.3758 15.88055806  1853
STARLINK-5849           
1 55924U 23037L   23085.25001157 -.01039825  31290-3 -37919-2 0  9998
2 55924  69.9997 157.5877 0008315 236.9992 111.8884 15.88175600  1859
STARLINK-5922           
1 55925U 23037M   23085.25001157 -.01041084  31333-3 -38127-2 0  9999
2 55925  69.9999 157.5900 0008585 242.9399 103.6157 15.88085681  1857
STARLINK-5921           
1 55926U 23037N   23085.25001157 -.01042998  31464-3 -38049-2 0  9993
2 55926  69.9996 157.5875 0008425 235.9492 112.6911 15.88166861  1853
STARLINK-5919           
1 55927U 23037P   23085.25001157 -.01041111  31338-3 -38111-2 0  9990
2 55927  69.9999 157.5897 0008495 239.4487 107.3567 15.88096041  1851
STARLINK-5930           
1 55928U 23037Q   23085.25001157 -.01035885  31052-3 -37892-2 0  9990
2 55928  69.9999 157.5894 0008410 239.3034 108.0645 15.88111300  1854
STARLINK-5898           
1 55929U 23037R   23085.25001157 -.01040109  31284-3 -38059-2 0  9999
2 55929  69.9999 157.5896 0008531 240.0890 107.0240 15.88103488  1858
STARLINK-5896           
1 55930U 23037S   23085.25001157 -.01044092  31532-3 -38047-2 0  9999
2 55930  69.9997 157.5870 0008532 238.6181 110.5360 15.88187698  1854
STARLINK-5897           
1 55931U 23037T   23085.25001157 -.01041836  31387-3 -38082-2 0  9990
2 55931  69.9998 157.5887 0008512 238.5877 109.0388 15.88125353  1856
STARLINK-5848           
1 55932U 23037U   23085.25001157 -.01040214  31410-3 -37320-2 0  9991
2 55932  69.9998 157.5772 0008416 238.2208 119.2421 15.88502923  1851
STARLINK-5852           
1 55933U 23037V   23085.25001157 -.01040513  31319-3 -37998-2 0  9993
2 55933  69.9999 157.5885 0008493 238.1590 109.9780 15.88144396  1856
STARLINK-5927           
1 55934U 23037W   23085.25001157 -.01040950  31374-3 -37824-2 0  9998
2 55934  69.9998 157.5849 0008490 239.5826 111.1377 15.88245723  1853
STARLINK-5920           
1 55935U 23037X   23085.25001157 -.01042547  31448-3 -37973-2 0  9990
2 55935  69.9997 157.5867 0008513 235.0071 114.3961 15.88197169  1856
STARLINK-5882           
1 55936U 23037Y   23085.25001157 -.01040167  31405-3 -37336-2 0  9993
2 55936  69.9997 157.5776 0008399 232.8419 124.3424 15.88493617  1851
STARLINK-5913           
1 55937U 23037Z   23085.25001157 -.01042447  31446-3 -37948-2 0  9991
2 55937  69.9997 157.5864 0008565 231.9680 117.6745 15.88207729  1853
STARLINK-5909           
1 55938U 23037AA  23085.25001157 -.01043296  31496-3 -37965-2 0  9999
2 55938  69.9996 157.5859 0008467 235.4753 114.4769 15.88216718  1857
STARLINK-5918           
1 55939U 23037AB  23085.25001157 -.01041061  31377-3 -37849-2 0  9997
2 55939  69.9999 157.5857 0008471 235.3316 115.1443 15.88234836  1856
STARLINK-5864           
1 55940U 23037AC  23085.25001157 -.01043590  31515-3 -37956-2 0  9991
2 55940  69.9997 157.5856 0008502 237.9046 112.3124 15.88226728  1854
STARLINK-5914           
1 55941U 23037AD  23085.25001157 -.01042698  31444-3 -38056-2 0  9993
2 55941  69.9995 157.5878 0008478 234.9250 113.4606 15.88156506  1856
STARLINK-5917           
1 55942U 23037AE  23085.25001157 -.01043341  31523-3 -37812-2 0  9997
2 55942  69.9998 157.5835 0008481 236.6873 115.2648 15.88298924  1854
STARLINK-5932           
1 55943U 23037AF  23085.25001157 -.01042688  31480-3 -37828-2 0  9990
2 55943  69.9996 157.5842 0008456 238.2337 113.2188 15.88278017  1854
STARLINK-5926           
1 55944U 23037AG  23085.25001157 -.01042784  31489-3 -37813-2 0  9991
2 55944  69.9997 157.5838 0008420 237.1514 114.5480 15.88288416  1850
STARLINK-5925           
1 55945U 23037AH  23085.25001157 -.01041732  31420-3 -37834-2 0  9992
2 55945  69.9998 157.5852 0008457 237.3923 113.5709 15.88256134  1859
STARLINK-5857           
1 55946U 23037AJ  23085.25001157 -.01040908  31377-3 -37785-2 0  9993
2 55946  69.9999 157.5847 0008462 236.6878 114.5185 15.88266144  1853
STARLINK-5851           
1 55947U 23037AK  23085.25001157 -.01040966  31393-3 -37712-2 0  9996
2 55947  69.9998 157.5837 0008452 237.6485 114.5821 15.88306449  1856
STARLINK-5900           
1 55948U 23037AL  23085.25001157 -.01040389  31375-3 -37600-2 0  9992
2 55948  69.9997 157.5820 0008431 238.0724 115.4678 15.88355484  1859
STARLINK-5899           
1 55949U 23037AM  23085.25001157 -.01040553  31378-3 -37644-2 0  9997
2 55949  69.9998 157.5827 0008447 235.0728 117.9766 15.88334861  1857
STARLINK-5911           
1 55950U 23037AN  23085.25001157 -.01040700  31399-3 -37573-2 0  9997
2 55950  69.9998 157.5813 0008448 236.1432 117.9067 15.88375790  1859
STARLINK-5908           
1 55951U 23037AP  23085.25001157 -.01043185  31520-3 -37770-2 0  9993
2 55951  69.9997 157.5829 0008489 236.0395 116.4511 15.88318169  1853
STARLINK-5893           
1 55952U 23037AQ  23085.25001157 -.01040654  31387-3 -37628-2 0  9995
2 55952  69.9998 157.5823 0008439 233.7767 119.5099 15.88345535  1853
STARLINK-5889           
1 55953U 23037AR  23085.25001157 -.01040866  31393-3 -37673-2 0  9998
2 55953  69.9998 157.5830 0008443 238.6014 114.1753 15.88325495  1857
STARLINK-5892           
1 55954U 23037AS  23085.25001157 -.01040147  31389-3 -37424-2 0  9990
2 55954  69.9998 157.5791 0008450 237.0374 118.8209 15.88445063  1855
STARLINK-5878           
1 55955U 23037AT  23085.25001157 -.01040143  31373-3 -37517-2 0  9993
2 55955  69.9998 157.5808 0008495 240.8791 113.7242 15.88394286  1850
STARLINK-5883           
1 55956U 23037AU  23085.25001157 -.01040022  31388-3 -37383-2 0  9997
2 55956  69.9998 157.5785 0008420 236.6259 119.7380 15.88465135  1856
STARLINK-5884           
1 55957U 23037AV  23085.25001157 -.01030837  30852-3 -37144-2 0  9991
2 55957  69.9996 157.5808 0010458 228.2373 126.0776 15.88380626  1850
STARLINK-5928           
1 55958U 23037AW  23085.25001157 -.01040682  31407-3 -37518-2 0  9993
2 55958  69.9998 157.5803 0008424 237.7234 117.1120 15.88405335  1858
STARLINK-5929           
1 55959U 23037AX  23085.25001157 -.01039081  31320-3 -37441-2 0  9994
2 55959  69.9995 157.5797 0008447 239.8298 115.2540 15.88415134  1859
STARLINK-5938           
1 55960U 23037AY  23085.25001157 -.01040598  31426-3 -37366-2 0  9994
2 55960  69.9997 157.5774 0008431 236.0513 120.8426 15.88485374  1858
STARLINK-5933           
1 55961U 23037AZ  23085.25001157 -.01039625  31363-3 -37385-2 0  9995
2 55961  69.9996 157.5783 0008460 239.9862 116.1118 15.88455721  1858
STARLINK-5906           
1 55962U 23037BA  23085.25001157 -.01040142  31386-3 -37442-2 0  9991
2 55962  69.9998 157.5793 0008433 235.7666 119.8200 15.88435522  1857
STARLINK-5924           
1 55963U 23037BB  23085.25001157 -.01040150  31383-3 -37460-2 0  9998
2 55963  69.9998 157.5798 0008469 234.5361 120.7970 15.88425455  1850
STARLINK-5895           
1 55964U 23037BC  23085.25001157 -.01032204  30922-3 -37176-2 0  9992
2 55964  70.0005 157.5815 0011913 222.4093 131.3628 15.88361723  1854
STARLINK-5894           
1 55965U 23037BD  23085.25001157 -.01040227  31402-3 -37372-2 0  9999
2 55965  69.9998 157.5783 0008455 236.5015 120.1417 15.88474555  1854
FALCON 9 DEB            
1 55966U 23037BE  23084.63985501  .01941601  40891-5  10301-2 0  9996
2 55966  69.9814 159.0234 0049954 150.0080 210.4019 16.16591874  1421
FALCON 9 DEB            
1 55967U 23037BF  23084.57390159  .02047858  41067-5  10573-2 0  9998
2 55967  69.9842 159.1972 0042248 153.0674 207.2753 16.17803402  1416
FALCON 9 DEB            
1 55968U 23037BG  23084.62862002  .02536368  41303-5  10468-2 0  9991
2 55968  69.9864 158.9888 0037977 146.1689 214.1967 16.20973265  1420
FALCON 9 DEB            
1 55969U 23037BH  23084.62936717  .02333293  41186-5  10013-2 0  9994
2 55969  69.9864 158.9908 0041688 150.3678 209.9919 16.20117495  1427
SES-18                  
1 55970U 23038A   23083.67384855 -.00000169  00000+0  00000+0 0  9999
2 55970  15.1276 357.3162 5847644 181.0226 271.5530  2.00498341   234
SES-19                  
1 55971U 23038B   23083.69938324 -.00000167  00000+0  00000+0 0  9996
2 55971  15.7042 357.1717 5984346 180.9198 259.2107  2.02859372   200
2023-038C               
1 55972U 23038C   23084.84182674  .00010324  00000+0  28591-2 0  9997
2 55972  26.9196 354.7412 5921280 185.5157 162.7878  4.14060102   421
2023-039A               
1 55973U 23039A   23085.39378262  .00006686  00000+0  32588-3 0  9998
2 55973  97.4171 236.0278 0010965 238.5533 205.5773 15.18608868   615
2023-039B               
1 55974U 23039B   23085.39329699  .00008957  00000+0  43293-3 0  9997
2 55974  97.4093 236.0243 0010736 242.6563 201.4548 15.18802736   600
2023-039C               
1 55975U 23039C   23085.39300118  .00007020  00000+0  33912-3 0  9990
2 55975  97.4141 236.0281 0009844 244.6753 199.4398 15.18910125   597
2023-039D               
1 55976U 23039D   23085.39210348  .00007871  00000+0  37608-3 0  9996
2 55976  97.4151 236.0296 0010321 254.4102 189.6255 15.19248141   590
COSMOS 2567             
1 55978U 23040A   23084.93439907 -.00000097  00000+0  00000+0 0  9999
2 55978  97.6354 339.1729 0066845  62.5883   2.2615 15.37609894   418
SL-4 R/B                
1 55979U 23040B   23085.44340230  .00053063  00000+0  72007-3 0  9997
2 55979  97.6430 339.7583 0113698  64.7431 349.6311 15.50085737   498
2023-041A               
1 55981U 23041A   23085.29133204 -.00000275  00000+0  00000+0 0  9993
2 55981  42.0174 243.7518 0008178 310.5698  49.7750 15.38165631   296
2023-041B               
1 55982U 23041B   23084.90172499 -.00000274  00000+0  00000+0 0  9999
2 55982  42.0179 246.0200 0007512 296.5372  63.4403 15.37772458   231
2023-041C               
1 55983U 23041C   23084.90122155 -.00000276  00000+0  00000+0 0  9996
2 55983  42.0187 246.0179 0008605 282.6585  77.3503 15.38301402   235
2023-041D               
1 55984U 23041D   23085.49899989  .00996266  36508-3  25649-2 0  9995
2 55984  41.9714 241.7809 0145180  30.2475 330.1547 15.78765152   336
2023-041E               
1 55985U 23041E   23085.48039556  .02551918  75774-5  12921-2 0  9993
2 55985  42.0177 241.6663 0166804 275.0893  83.2130 15.95533221   320
