ONEWEB-0410             
1 51622U 22012A   22069.91668981 -.00858734  00000+0 -57671-1 0  9993
2 51622  87.2776 351.7852 0018434 139.8715  13.9575 15.09335122  3600
ONEWEB-0411             
1 51623U 22012B   22069.91668981 -.01010204  00000+0 -90016-1 0  9997
2 51623  87.4140 351.9782 0017287 145.4757 183.9008 14.98802351  3616
ONEWEB-0415             
1 51624U 22012C   22069.91668981 -.01005857  00000+0 -87786-1 0  9996
2 51624  87.4142 351.9720 0017932 145.2425 230.5867 14.99573394  3613
ONEWEB-0416             
1 51625U 22012D   22069.91668981 -.01010125  00000+0 -79399-1 0  9992
2 51625  87.4264 351.9415 0016192 143.6842 155.1261 15.03573795  3613
ONEWEB-0422             
1 51626U 22012E   22069.91668981 -.00897215  00000+0 -64002-1 0  9990
2 51626  87.3206 351.8652 0018480 143.4099 279.0184 15.07247973  3604
ONEWEB-0423             
1 51627U 22012F   22070.16667824 -.00722525  00000+0 -49343-1 0  9997
2 51627  87.2757 351.7044 0019768 136.2821 303.1741 15.08672213  5613
ONEWEB-0425             
1 51628U 22012G   22069.91668981 -.01004974  00000+0 -83766-1 0  9993
2 51628  87.4208 351.9680 0018009 135.4359 354.1192 15.01318499  3620
ONEWEB-0428             
1 51629U 22012H   22069.91668981 -.01009041  00000+0 -90940-1 0  9996
2 51629  87.4114 351.9815 0016278 146.1323 150.8516 14.98380745  3611
ONEWEB-0431             
1 51630U 22012J   22069.91668981 -.01034441  00000+0 -83406-1 0  9999
2 51630  87.4172 351.9634 0017699 137.6877 344.2660 15.02656705  3610
ONEWEB-0434             
1 51631U 22012K   22069.91668981 -.01003315  00000+0 -82511-1 0  9992
2 51631  87.4234 351.9633 0016700 132.9214  35.5954 15.01846355  3611
ONEWEB-0435             
1 51632U 22012L   22069.91668981 -.01007308  00000+0 -87121-1 0  9991
2 51632  87.4167 351.9809 0018437 144.9735 256.7935 14.99912980  3612
ONEWEB-0436             
1 51633U 22012M   22069.91668981 -.00900873  00000+0 -59245-1 0  9996
2 51633  87.2800 351.7840 0018273 131.8992 108.2028 15.10224472  3616
ONEWEB-0438             
1 51634U 22012N   22069.91668981 -.01007131  00000+0 -80403-1 0  9993
2 51634  87.4263 351.9536 0016803 141.5001 127.4312 15.02972404  3617
ONEWEB-0439             
1 51635U 22012P   22069.91668981 -.01009400  00000+0 -82484-1 0  9996
2 51635  87.4227 351.9524 0016895 132.9177  52.3994 15.02099884  3618
ONEWEB-0442             
1 51636U 22012Q   22069.91668981 -.00873318  00000+0 -56575-1 0  9995
2 51636  87.2793 351.7715 0016650 130.9745 153.4119 15.10717172  3611
ONEWEB-0443             
1 51637U 22012R   22070.16667824 -.00731776  00000+0 -48534-1 0  9997
2 51637  87.2781 351.6950 0018304 132.7226  13.1005 15.09797870  5621
ONEWEB-0444             
1 51638U 22012S   22069.91668981 -.01001474  00000+0 -77847-1 0  9999
2 51638  87.4312 351.9448 0016268 146.5544 181.0995 15.03965977  3622
ONEWEB-0445             
1 51639U 22012T   22069.91668981 -.01000013  00000+0 -79608-1 0  9995
2 51639  87.4225 351.9472 0016563 135.1198  96.8129 15.03064397  3617
ONEWEB-0446             
1 51640U 22012U   22069.91668981 -.01006792  00000+0 -79610-1 0  9990
2 51640  87.4288 351.9462 0016223 142.5823 147.4311 15.03341075  3614
ONEWEB-0448             
1 51641U 22012V   22070.16667824 -.00804369  00000+0 -69535-1 0  9995
2 51641  87.4091 351.8810 0018172 140.7188 197.5001 14.99769737  5596
ONEWEB-0449             
1 51642U 22012W   22069.91668981 -.01005271  00000+0 -85249-1 0  9998
2 51642  87.4164 351.9660 0018217 138.2545 313.7657 15.00661117  3617
ONEWEB-0451             
1 51643U 22012X   22069.91668981 -.00887361  00000+0 -58967-1 0  9993
2 51643  87.2796 351.7886 0019325 136.2322  57.3158 15.09785844  3606
ONEWEB-0452             
1 51644U 22012Y   22069.91668981 -.00893983  00000+0 -53997-1 0  9999
2 51644  87.2971 351.7889 0015908 131.6679 244.2196 15.13299748  3632
ONEWEB-0455             
1 51645U 22012Z   22070.16667824 -.00905217  00000+0 -81167-1 0  9998
2 51645  87.4130 351.8919 0017324 145.6686 122.0387 14.98713471  5592
ONEWEB-0456             
1 51646U 22012AA  22069.91668981 -.01005551  00000+0 -77192-1 0  9991
2 51646  87.4313 351.9363 0017217 142.4467 204.8959 15.04426601  3601
ONEWEB-0457             
1 51647U 22012AB  22069.91668981 -.01012080  00000+0 -81500-1 0  9995
2 51647  87.4217 351.9433 0016501 139.1608 106.7999 15.02666061  3617
ONEWEB-0458             
1 51648U 22012AC  22069.91668981 -.01010653  00000+0 -84330-1 0  9994
2 51648  87.4199 351.9626 0017190 133.5419  13.9690 15.01308396  3614
ONEWEB-0461             
1 51649U 22012AD  22069.91668981 -.00865135  00000+0 -61962-1 0  9993
2 51649  87.3225 351.8734 0017419 145.8435 251.0806 15.07023051  3624
ONEWEB-0463             
1 51650U 22012AE  22069.91668981 -.00858152  00000+0 -56408-1 0  9995
2 51650  87.2822 351.7891 0018715 134.5878  78.7755 15.10105696  3624
ONEWEB-0464             
1 51651U 22012AF  22069.91668981 -.01010901  00000+0 -81452-1 0  9996
2 51651  87.4220 351.9494 0015970 137.7984  91.7291 15.02650531  3616
ONEWEB-0468             
1 51652U 22012AG  22069.91668981 -.01007726  00000+0 -87603-1 0  9992
2 51652  87.4099 351.9612 0018457 142.8902 262.8626 14.99719134  3627
ONEWEB-0473             
1 51653U 22012AH  22069.91668981 -.01013999  00000+0 -83552-1 0  9991
2 51653  87.4182 351.9592 0017302 134.5761  54.6628 15.01790912  3623
ONEWEB-0474             
1 51654U 22012AJ  22069.91668981 -.01003526  00000+0 -86457-1 0  9994
2 51654  87.4171 351.9806 0015367 147.1314 209.8862 15.00105649  3601
ONEWEB-0475             
1 51655U 22012AK  22069.91668981 -.00891371  00000+0 -60237-1 0  9995
2 51655  87.2819 351.8044 0018526 141.0860 359.4776 15.09204931  3622
EOS-4                   
1 51656U 22013A   22070.14215874  .00001772  00000+0  10474-3 0  9999
2 51656  97.5541  78.9966 0012844 157.0359 268.0033 15.12731169  3797
INSPIRESAT-1            
1 51657U 22013B   22069.99216661  .00002591  00000+0  14986-3 0  9998
2 51657  97.5612  78.8910 0011928 163.6230 196.5388 15.13103815  3776
INS-2TD                 
1 51658U 22013C   22069.92303752  .00003957  00000+0  22558-3 0  9991
2 51658  97.5599  78.8243 0011469 165.9877 194.1674 15.13314345  3765
PSLV R/B                
1 51659U 22013D   22069.95008586  .00003245  00000+0  17212-3 0  9993
2 51659  97.5727  79.0249 0031834 250.2832 109.4966 15.15663747  3774
PROGRESS-MS 19          
1 51660U 22014A   22069.55497043  .00006432  00000+0  12204-3 0  9999
2 51660  51.6425 105.0495 0004974 238.0960 286.3762 15.49650723329885
CYGNUS NG-17            
1 51712U 22015A   22069.55497043  .00006432  00000+0  12204-3 0  9998
2 51712  51.6425 105.0495 0004974 238.0960 286.3762 15.49650723329883
STARLINK-3528           
1 51714U 22016A   22070.16667824 -.00036399  00000+0 -25549-3 0  9999
2 51714  53.2176  52.6415 0001404  55.1671 279.6855 15.73250065  3987
STARLINK-3533           
1 51715U 22016B   22069.91668981  .00004585  00000+0  37033-4 0  9998
2 51715  53.2192  53.8721 0000985  57.8092 302.3109 15.73221433  3419
STARLINK-3543           
1 51716U 22016C   22070.16667824 -.00074253  00000+0 -52800-3 0  9992
2 51716  53.2180  52.6380 0001254  65.7353 269.7359 15.73258046  3988
STARLINK-3445           
1 51717U 22016D   22070.16667824 -.00062557  00000+0 -44375-3 0  9995
2 51717  53.2176  52.6380 0001308  61.9518 274.1257 15.73245735  4052
STARLINK-3546           
1 51718U 22016E   22070.16667824 -.00070690  00000+0 -50241-3 0  9992
2 51718  53.2179  52.6314 0001283  53.4941 285.1529 15.73250011  3989
STARLINK-3540           
1 51719U 22016F   22070.16667824 -.00050491  00000+0 -35684-3 0  9994
2 51719  53.2178  52.6338 0001357  61.3156 276.0848 15.73242334  3985
STARLINK-3526           
1 51720U 22016G   22069.91668981  .00055541  00000+0  39756-3 0  9995
2 51720  53.2178  53.8659 0001132  67.3662 295.3185 15.73198563  3415
STARLINK-3524           
1 51721U 22016H   22069.91668981 -.00021510  00000+0 -14897-3 0  9996
2 51721  53.2176  53.8678 0001195  58.1822 303.2267 15.73240778  3416
STARLINK-3535           
1 51722U 22016J   22070.16667824 -.00066350  00000+0 -47094-3 0  9997
2 51722  53.2181  52.6270 0001103  56.9715 284.2165 15.73255992  3985
STARLINK-3531           
1 51723U 22016K   22070.16667824  .00417879  00000+0  25330-2 0  9990
2 51723  53.2236  52.2443 0007261 278.5289 251.8932 15.75801765  4041
STARLINK-3529           
1 51724U 22016L   22069.91668981  .00020640  00000+0  15098-3 0  9994
2 51724  53.2180  53.8602 0000994  64.8368 301.0405 15.73220744  3417
STARLINK-3522           
1 51725U 22016M   22069.91668981  .00064033  00000+0  45849-3 0  9996
2 51725  53.2176  53.8654 0001060  72.2864 291.6443 15.73133218  3414
STARLINK-3527           
1 51726U 22016N   22070.16667824 -.00057730  00000+0 -40899-3 0  9999
2 51726  53.2182  52.6224 0001291  73.2238 270.5474 15.73242503  3984
STARLINK-3532           
1 51727U 22016P   22070.16667824 -.00026796  00000+0 -18695-3 0  9997
2 51727  53.2179  52.6274 0001165  60.7831 281.0996 15.73220675  3988
STARLINK-3448           
1 51728U 22016Q   22070.16667824 -.00039247  00000+0 -27590-3 0  9997
2 51728  53.2183  52.6199 0001086  65.4013 279.6658 15.73253119  4052
STARLINK-3523           
1 51729U 22016R   22070.16667824 -.00005346  00000+0 -33643-4 0  9998
2 51729  53.2179  52.6228 0001553  64.3663 278.8014 15.73230880  4056
STARLINK-3530           
1 51730U 22016S   22069.91668981  .00007031  00000+0  54413-4 0  9995
2 51730  53.2182  53.8528 0000900  78.1735 291.5119 15.73223096  3414
STARLINK-3514           
1 51731U 22016T   22069.91668981 -.00025566  00000+0 -17783-3 0  9999
2 51731  53.2179  53.8562 0001154  73.0388 294.7096 15.73260385  3410
STARLINK-3518           
1 51732U 22016U   22070.16667824 -.00057998  00000+0 -41084-3 0  9999
2 51732  53.2185  52.6165 0001232  72.1607 274.7852 15.73247291  4055
STARLINK-3525           
1 51733U 22016V   22070.16667824 -.00061790  00000+0 -43836-3 0  9992
2 51733  53.2179  52.6179 0001207  63.4165 282.2880 15.73238126  3981
STARLINK-3450           
1 51734U 22016W   22069.91668981  .00089327  00000+0  63453-3 0  9990
2 51734  53.2183  53.8481 0000983  65.1670 307.0326 15.73185354  3419
STARLINK-3517           
1 51735U 22016X   22070.16667824 -.00060010  00000+0 -42493-3 0  9996
2 51735  53.2181  52.6145 0000961  77.8023 269.8020 15.73270665  4035
STARLINK-3447           
1 51736U 22016Y   22070.16667824 -.00080165  00000+0 -57032-3 0  9995
2 51736  53.2185  52.6102 0001142  60.2092 289.9625 15.73277732  4055
STARLINK-3509           
1 51737U 22016Z   22070.16667824 -.00004162  00000+0 -25211-4 0  9994
2 51737  53.2181  52.6131 0001133  74.9799 273.2526 15.73236542  3981
STARLINK-3515           
1 51738U 22016AA  22070.16667824  .00021111  00000+0  15431-3 0  9998
2 51738  53.2186  52.6079 0001184  66.6409 284.8185 15.73221847  4038
STARLINK-3516           
1 51739U 22016AB  22070.16667824 -.00124016  00000+0 -88888-3 0  9995
2 51739  53.2182  52.6106 0001099  58.0656 291.5734 15.73289448  4047
STARLINK-3500           
1 51740U 22016AC  22070.16667824 -.00068231  00000+0 -48460-3 0  9995
2 51740  53.2185  52.6039 0000980  68.9671 284.3830 15.73252716  3989
STARLINK-3520           
1 51741U 22016AD  22070.16667824 -.00071786  00000+0 -51021-3 0  9992
2 51741  53.2183  52.6083 0000898  68.2134 282.5787 15.73256854  4037
STARLINK-3521           
1 51742U 22016AE  22070.16667824 -.00002090  00000+0 -10469-4 0  9997
2 51742  53.2186  52.6029 0001176  68.0887 285.9439 15.73220388  4050
STARLINK-3512           
1 51743U 22016AF  22069.91668981 -.00019656  00000+0 -13571-3 0  9996
2 51743  53.2181  53.8413 0001132  86.9616 288.4674 15.73243162  3410
STARLINK-3452           
1 51744U 22016AG  22070.16667824 -.00023689  00000+0 -16460-3 0  9992
2 51744  53.2187  52.6005 0001115  85.5084 269.7517 15.73234404  3985
STARLINK-3449           
1 51745U 22016AH  22070.16667824 -.00056190  00000+0 -39780-3 0  9996
2 51745  53.2184  52.6049 0000870  58.9694 293.7185 15.73248757  4052
STARLINK-3502           
1 51746U 22016AJ  22069.91668981  .00089422  00000+0  63537-3 0  9992
2 51746  53.2185  53.8335 0001019  55.0530 324.8111 15.73178927  3424
STARLINK-3446           
1 51747U 22016AK  22069.91668981  .00091626  00000+0  65084-3 0  9991
2 51747  53.2183  53.8366 0000914  84.9053 293.0580 15.73175794  3427
STARLINK-3501           
1 51748U 22016AL  22070.16667824 -.00043338  00000+0 -30521-3 0  9993
2 51748  53.2187  52.5955 0001250  55.2667 302.5249 15.73257028  3988
STARLINK-3451           
1 51749U 22016AM  22069.91668981 -.00018958  00000+0 -13074-3 0  9994
2 51749  53.2182  53.8338 0001277  57.5879 321.6579 15.73239590  3423
STARLINK-3505           
1 51750U 22016AN  22069.91668981 -.00005615  00000+0 -35555-4 0  9991
2 51750  53.2186  53.8287 0000871  74.3100 308.1035 15.73243475  3429
STARLINK-3506           
1 51751U 22016AP  22069.91668981 -.00011547  00000+0 -77842-4 0  9998
2 51751  53.2183  53.8314 0001391  72.5955 307.9127 15.73235706  3421
STARLINK-3511           
1 51752U 22016AQ  22069.91668981  .00091554  00000+0  65005-3 0  9990
2 51752  53.2188  53.8278 0000965  58.3264 324.7263 15.73186072  3426
STARLINK-3507           
1 51753U 22016AR  22069.91668981  .00091448  00000+0  64956-3 0  9997
2 51753  53.2184  53.8291 0001456  67.9182 313.8910 15.73176740  3428
STARLINK-3457           
1 51754U 22016AS  22069.91668981  .00005913  00000+0  46468-4 0  9999
2 51754  53.2186  53.8246 0000985  60.4688 323.9180 15.73223611  3427
STARLINK-3460           
1 51755U 22016AT  22070.16667824 -.00050692  00000+0 -35775-3 0  9998
2 51755  53.2186  52.5900 0001235  73.9629 286.3772 15.73277548  4039
STARLINK-3513           
1 51756U 22016AU  22070.16667824 -.00007946  00000+0 -52169-4 0  9990
2 51756  53.2190  52.5886 0001463  63.0149 298.6390 15.73235146  3981
STARLINK-3459           
1 51757U 22016AV  22070.16667824 -.00058494  00000+0 -41435-3 0  9998
2 51757  53.2186  52.5865 0001008  57.9548 304.3030 15.73251763  4030
STARLINK-3458           
1 51758U 22016AW  22070.16667824 -.00024729  00000+0 -17182-3 0  9995
2 51758  53.2190  52.5860 0001279  43.8453 319.0457 15.73263802  4055
STARLINK-3456           
1 51759U 22016AX  22070.16667824 -.00096088  00000+0 -68599-3 0  9991
2 51759  53.2185  52.5835 0001164  52.5370 311.0380 15.73270347  4059
FALCON 9 DEB            
1 51760U 22016AY  22070.16537570  .00145683  00000+0  66169-3 0  9992
2 51760  53.2309  51.8694 0005721 325.1128  34.9520 15.82948160  2934
FALCON 9 DEB            
1 51761U 22016AZ  22070.16035149  .00168569  00000+0  73932-3 0  9992
2 51761  53.2283  51.8316 0004560 295.5225  64.5328 15.83628379  2938
FALCON 9 DEB            
1 51762U 22016BA  22070.14896538  .00157502  00000+0  65675-3 0  9998
2 51762  53.2252  51.7479 0009164 301.2844  58.7283 15.84677538  2938
FALCON 9 DEB            
1 51763U 22016BB  22070.14619748  .00150838  00000+0  62598-3 0  9991
2 51763  53.2236  51.7255 0008836 282.9990  77.0049 15.84801167  2936
STARLINK-3622           
1 51768U 22017A   22070.16667824 -.00097922  00000+0 -69954-3 0  9996
2 51768  53.2196  76.6862 0001464  43.6213 240.6229 15.73262183  3358
STARLINK-3621           
1 51769U 22017B   22070.16667824 -.00094731  00000+0 -67631-3 0  9992
2 51769  53.2198  76.6829 0001443  51.6215 233.9107 15.73263229  3354
STARLINK-3612           
1 51770U 22017C   22070.16667824 -.00081705  00000+0 -58202-3 0  9995
2 51770  53.2195  76.6851 0001247  55.4548 229.4580 15.73255320  3359
STARLINK-3614           
1 51771U 22017D   22070.16667824 -.00060178  00000+0 -42644-3 0  9990
2 51771  53.2199  76.6819 0001567  50.6016 235.5788 15.73252751  3353
STARLINK-3623           
1 51772U 22017E   22070.16667824 -.00080393  00000+0 -57250-3 0  9991
2 51772  53.2194  76.6785 0001451  52.6344 235.4791 15.73255111  3401
STARLINK-3624           
1 51773U 22017F   22070.16667824  .00020809  00000+0  15215-3 0  9991
2 51773  53.2200  76.6806 0001210  48.1312 238.6938 15.73224883  3367
STARLINK-3629           
1 51774U 22017G   22070.16667824 -.00082368  00000+0 -58632-3 0  9992
2 51774  53.2193  76.6761 0001359  59.6489 229.6875 15.73274843  3366
STARLINK-3620           
1 51775U 22017H   22070.16667824 -.00023530  00000+0 -16350-3 0  9990
2 51775  53.2200  76.6792 0001302  59.7376 227.7115 15.73228791  3350
STARLINK-3608           
1 51776U 22017J   22069.91668981  .00055157  00000+0  39485-3 0  9999
2 51776  53.2191  77.9108 0001519  40.1793 273.1492 15.73198952  2595
STARLINK-3625           
1 51777U 22017K   22069.91668981  .00008205  00000+0  62774-4 0  9990
2 51777  53.2197  77.9126 0001344  57.8010 254.2637 15.73218767  2593
STARLINK-3615           
1 51778U 22017L   22069.91668981  .00085579  00000+0  60868-3 0  9991
2 51778  53.2222  77.5590 0001226  54.0542  71.6203 15.73173146  2593
STARLINK-3611           
1 51779U 22017M   22069.91668981  .00066204  00000+0  47276-3 0  9994
2 51779  53.2196  77.9089 0001234  48.0726 265.9455 15.73182795  2594
STARLINK-3617           
1 51780U 22017N   22070.16667824 -.00076921  00000+0 -54719-3 0  9999
2 51780  53.2186  76.6685 0001243  57.6840 235.5010 15.73262851  3410
STARLINK-3580           
1 51781U 22017P   22069.91668981 -.00004368  00000+0 -26680-4 0  9999
2 51781  53.2192  77.9079 0001224  58.5402 256.0560 15.73232667  2590
STARLINK-3616           
1 51782U 22017Q   22069.91668981  .00041348  00000+0  29774-3 0  9993
2 51782  53.2183  77.9005 0001107  55.5455 262.9255 15.73186759  2581
STARLINK-3628           
1 51783U 22017R   22069.91668981 -.00012509  00000+0 -84726-4 0  9992
2 51783  53.2196  77.9054 0001288  61.5232 254.3914 15.73231474  2593
STARLINK-3632           
1 51784U 22017S   22069.91668981 -.00015042  00000+0 -10290-3 0  9992
2 51784  53.2183  77.8993 0001248  47.1570 271.9611 15.73210368  2589
STARLINK-3646           
1 51785U 22017T   22069.91668981 -.00007394  00000+0 -48262-4 0  9995
2 51785  53.2196  77.9026 0001265  47.2598 269.9432 15.73223683  2584
STARLINK-3638           
1 51786U 22017U   22070.16667824  .00025120  00000+0  18290-3 0  9992
2 51786  53.2189  76.6612 0001037  42.2758 254.7387 15.73194652  3411
STARLINK-3619           
1 51787U 22017V   22069.91668981  .00035315  00000+0  25499-3 0  9995
2 51787  53.2179  77.9013 0001516  47.6010 270.2642 15.73198625  2580
STARLINK-3641           
1 51788U 22017W   22069.91668981 -.00000003  00000+0  43941-5 0  9997
2 51788  53.2185  77.8929 0001127  53.2705 269.0465 15.73184561  2599
STARLINK-3639           
1 51789U 22017X   22070.16667824 -.00020977  00000+0 -14523-3 0  9997
2 51789  53.2185  76.6618 0001278  54.5587 241.8485 15.73229988  3371
STARLINK-3631           
1 51790U 22017Y   22069.91668981 -.00014776  00000+0 -10086-3 0  9995
2 51790  53.2184  77.8915 0001142  61.5276 261.3540 15.73243426  2582
STARLINK-3602           
1 51791U 22017Z   22069.91668981 -.00015729  00000+0 -10770-3 0  9995
2 51791  53.2180  77.8950 0001279  51.7101 269.3632 15.73234004  2589
STARLINK-3626           
1 51792U 22017AA  22069.91668981 -.00011085  00000+0 -74567-4 0  9992
2 51792  53.2189  77.8891 0001350  54.0366 270.2001 15.73229616  2597
STARLINK-3633           
1 51793U 22017AB  22069.91668981 -.00001217  00000+0 -42540-5 0  9996
2 51793  53.2180  77.8937 0001271  56.2338 265.4651 15.73218699  2580
STARLINK-3573           
1 51794U 22017AC  22070.16667824 -.00057261  00000+0 -40536-3 0  9992
2 51794  53.2189  76.6506 0001487  70.7624 231.3885 15.73255946  3361
STARLINK-3586           
1 51795U 22017AD  22069.91668981 -.00027421  00000+0 -19132-3 0  9992
2 51795  53.2180  77.8874 0001154  60.7150 264.1593 15.73234018  2588
STARLINK-3630           
1 51796U 22017AE  22069.91668981 -.00009229  00000+0 -61332-4 0  9999
2 51796  53.2184  77.8822 0001129  56.3298 271.0988 15.73231847  2584
STARLINK-3627           
1 51797U 22017AF  22069.91668981 -.00017451  00000+0 -12013-3 0  9997
2 51797  53.2188  77.8900 0001340  63.0317 260.5766 15.73208859  2582
STARLINK-3634           
1 51798U 22017AG  22069.91668981  .00053866  00000+0  38576-3 0  9998
2 51798  53.2186  77.8811 0001153  50.1588 277.8897 15.73199749  2584
STARLINK-3637           
1 51799U 22017AH  22070.16667824  .00018536  00000+0  13595-3 0  9992
2 51799  53.2187  76.6487 0001367  49.8153 252.9402 15.73243062  3363
STARLINK-3600           
1 51800U 22017AJ  22069.91668981  .00084341  00000+0  59986-3 0  9992
2 51800  53.2186  77.8788 0001083  65.3010 264.0483 15.73179569  2588
STARLINK-3592           
1 51801U 22017AK  22069.91668981 -.00008371  00000+0 -55188-4 0  9995
2 51801  53.2182  77.8837 0000979  56.3401 270.4120 15.73243154  2588
STARLINK-3557           
1 51802U 22017AL  22070.16667824 -.00053480  00000+0 -37824-3 0  9997
2 51802  53.2190  76.6407 0001323  66.2363 241.0231 15.73249932  3363
STARLINK-3544           
1 51803U 22017AM  22070.16667824  .00026029  00000+0  18928-3 0  9999
2 51803  53.2188  76.6440 0001267  57.2438 248.0813 15.73202448  3362
STARLINK-3601           
1 51804U 22017AN  22069.91668981  .00027554  00000+0  20003-3 0  9997
2 51804  53.2206  77.8563 0001428  53.6014 287.5531 15.73207765  2587
STARLINK-3605           
1 51805U 22017AP  22069.91668981  .00066956  00000+0  47764-3 0  9990
2 51805  53.2181  77.8775 0001213  52.1252 277.8415 15.73202510  2581
STARLINK-3581           
1 51806U 22017AQ  22069.91668981 -.00000732  00000+0 -79582-6 0  9999
2 51806  53.2187  77.8716 0001344  61.0646 272.0042 15.73254792  2586
STARLINK-3606           
1 51807U 22017AR  22070.16667824 -.00054824  00000+0 -38779-3 0  9995
2 51807  53.2185  76.6388 0001255  56.3218 251.5817 15.73257784  3419
STARLINK-3609           
1 51808U 22017AS  22069.91668981  .00036871  00000+0  26593-3 0  9993
2 51808  53.2188  77.8685 0001259  70.1130 264.3385 15.73203702  2587
STARLINK-3607           
1 51809U 22017AT  22070.16667824  .00028778  00000+0  20859-3 0  9994
2 51809  53.2187  76.6377 0001246  61.0622 247.4631 15.73219274  3367
STARLINK-3613           
1 51810U 22017AU  22069.91668981  .00052556  00000+0  37666-3 0  9997
2 51810  53.2186  77.8659 0001440  49.5378 286.2181 15.73192396  2588
STARLINK-3569           
1 51811U 22017AV  22069.91668981  .00011152  00000+0  83759-4 0  9990
2 51811  53.2184  77.8694 0001191  70.4865 263.3308 15.73202724  2598
STARLINK-3610           
1 51812U 22017AW  22069.91668981 -.00003390  00000+0 -19722-4 0  9997
2 51812  53.2186  77.8648 0001114  74.6565 261.6975 15.73231423  2597
STARLINK-3552           
1 51813U 22017AX  22069.91668981  .00015683  00000+0  11577-3 0  9993
2 51813  53.2183  77.8672 0001046  72.8684 262.1789 15.73235885  2593
STARLINK-3599           
1 51814U 22017AY  22069.91668981 -.00040052  00000+0 -28175-3 0  9996
2 51814  53.2189  77.8626 0001306  68.6783 268.9657 15.73246244  2590
STARLINK-3604           
1 51815U 22017AZ  22070.16667824  .00031384  00000+0  22726-3 0  9993
2 51815  53.2186  76.6272 0001289  47.1386 266.4711 15.73193354  3366
STARLINK-3603           
1 51816U 22017BA  22069.91668981 -.00011348  00000+0 -76443-4 0  9996
2 51816  53.2188  77.8612 0001057  68.2001 270.0580 15.73231861  2585
STARLINK-3596           
1 51817U 22017BB  22070.16716947  .00074845  00000+0  29546-3 0  9992
2 51817  53.2223  75.7978 0006717 272.8900  87.1357 15.86145030  3370
FALCON 9 DEB            
1 51818U 22017BC  22070.09455049  .00210196  27418-4  65398-3 0  9991
2 51818  53.2307  76.0637 0005592 327.9178  32.1509 15.91202079  2134
FALCON 9 DEB            
1 51819U 22017BD  22070.09044715  .00247875  34107-4  73898-3 0  9997
2 51819  53.2289  76.0349 0003326 308.5674  51.5057 15.91999328  2136
FALCON 9 DEB            
1 51820U 22017BE  22070.08155525  .00257265  36311-4  71742-3 0  9999
2 51820  53.2261  75.9701 0007320 288.4583  71.5650 15.93226090  2133
FALCON 9 DEB            
1 51821U 22017BF  22070.07885864  .00237824  32667-4  65733-3 0  9997
2 51821  53.2239  75.9475 0006276 267.6751  92.3559 15.93427648  2133
L-SAR 01B               
1 51822U 22018A   22070.13064543  .00000114  00000+0  18161-4 0  9994
2 51822  97.8109  78.9036 0001664  92.2395 267.8999 14.88417032  1801
CZ-4C R/B               
1 51823U 22018B   22069.94981613  .00007744  00000+0  28601-3 0  9993
2 51823  97.8619  79.4376 0133685   0.2255 359.9012 15.19969548  1824
2022-019A               
1 51824U 22019A   22070.12637921  .00003000  00000+0  19514-3 0  9991
2 51824  97.5197 146.6826 0019778 226.3402 221.5505 15.08590522  1811
2022-019B               
1 51825U 22019B   22070.12438631  .00002388  00000+0  15520-3 0  9990
2 51825  97.5191 146.6814 0017817 222.1722 226.0583 15.08843521  1809
2022-019C               
1 51826U 22019C   22070.12274861  .00003311  00000+0  21252-3 0  9990
2 51826  97.5177 146.6805 0017079 223.9946 223.5212 15.09043999  1804
2022-019D               
1 51827U 22019D   22070.12211524  .00002327  00000+0  15033-3 0  9994
2 51827  97.5196 146.6849 0015813 222.9359 224.5797 15.09112901  1804
2022-019E               
1 51828U 22019E   22070.12193538  .00003212  00000+0  20573-3 0  9998
2 51828  97.5189 146.6848 0016708 225.0223 222.6052 15.09147323  1803
2022-019F               
1 51829U 22019F   22070.12232659  .00004759  00000+0  30226-3 0  9990
2 51829  97.5235 146.6951 0016044 224.9745 227.6402 15.09231878  1804
2022-019G               
1 51830U 22019G   22070.14243432  .00004674  00000+0  29686-3 0  9999
2 51830  97.5169 146.6992 0016669 225.0756 336.8006 15.09233302  1801
2022-019H               
1 51831U 22019H   22070.12160328  .00003048  00000+0  19480-3 0  9995
2 51831  97.5195 146.6836 0016981 233.8340 217.0225 15.09262186  1806
2022-019J               
1 51832U 22019J   22070.12085201  .00002762  00000+0  17685-3 0  9999
2 51832  97.5182 146.6845 0017378 232.2437 215.0732 15.09271116  1808
2022-019K               
1 51833U 22019K   22070.11898405  .00003885  00000+0  24517-3 0  9996
2 51833  97.5172 146.6852 0015009 228.5406 221.8984 15.09593630  1801
2022-019L               
1 51834U 22019L   22070.11880385  .00002974  00000+0  18859-3 0  9995
2 51834  97.5202 146.6970 0015598 231.4700 218.3127 15.09589888  1800
2022-019M               
1 51835U 22019M   22070.11895546  .00003032  00000+0  19215-3 0  9994
2 51835  97.5200 146.6864 0015607 232.0587 218.8057 15.09596673  1809
2022-019N               
1 51836U 22019N   22070.11813517  .00004709  00000+0  29570-3 0  9990
2 51836  97.5188 146.6901 0015439 231.6268 216.7389 15.09661893  1803
2022-019P               
1 51837U 22019P   22070.11698341  .00004923  00000+0  30757-3 0  9994
2 51837  97.5139 146.6824 0014722 233.6708 215.6315 15.09830348  1809
2022-019Q               
1 51838U 22019Q   22070.11731905  .00003066  00000+0  19299-3 0  9994
2 51838  97.5195 146.6958 0014488 232.2343 220.7398 15.09852876  1807
2022-019R               
1 51839U 22019R   22070.11648720  .00002975  00000+0  18737-3 0  9991
2 51839  97.5174 146.6883 0014461 232.0591 216.6087 15.09857024  1805
2022-019S               
1 51840U 22019S   22070.11645763  .00003027  00000+0  19044-3 0  9998
2 51840  97.5189 146.6899 0014281 230.2517 219.2791 15.09881247  1803
2022-019T               
1 51841U 22019T   22070.11583229  .00003045  00000+0  19121-3 0  9993
2 51841  97.5182 146.6933 0014128 229.1594 219.6961 15.09944703  1808
2022-019U               
1 51842U 22019U   22070.15148589  .00006373  00000+0  26234-3 0  9994
2 51842  97.5663 147.0375 0071635 171.1796 273.8176 15.22114609  1825
2022-019V               
1 51843U 22019V   22070.11537431  .00001186  00000+0  76806-4 0  9997
2 51843  97.5220 146.6997 0014424 237.3183 211.9058 15.09991363  1803
2022-019W               
1 51844U 22019W   22070.12283436  .00002957  00000+0  18986-3 0  9993
2 51844  97.5182 146.6881 0017637 233.3927 217.8996 15.09116137  1707
2022-019X               
1 51845U 22019X   22070.11744654  .00004005  00000+0  25177-3 0  9993
2 51845  97.5194 146.6924 0015145 232.0423 215.2876 15.09716057  1726
2022-019Y               
1 51846U 22019Y   22070.11771345  .00003033  00000+0  19144-3 0  9998
2 51846  97.5173 146.6949 0015075 229.6760 221.0394 15.09750160  1722
STRIX-BETA              
1 51847U 22020A   22070.15411082  .00002820  00000+0  22526-3 0  9995
2 51847  97.7759 123.9315 0012825 256.3040 103.6760 15.01026431  1549
ELECTRON KICK STAGE R/B 
1 51848U 22020B   22069.91616684  .00007137  00000+0  34956-3 0  9999
2 51848  97.0914 122.2527 0060321 356.2077   3.8689 15.16822981  1526
ELECTRON R/B            
1 51849U 22020C   22070.14554375  .02776535  22733-5  14607-2 0  9995
2 51849  97.7268 124.9077 0195378 186.2717 174.7630 15.90067275  1600
2022-021A               
1 51850U 22021A   22070.19826891 -.00000131  00000+0  00000+0 0  9995
2 51850   2.8644 333.2158 1906674 181.3774  75.3908  1.32670776   151
2022-021B               
1 51851U 22021B   22068.71146845 -.00000179  00000+0  00000+0 0  9997
2 51851   9.6584 333.1799 4767116 179.6119 181.0126  1.85560147   146
STARLINK-3542           
1 51852U 22022A   22069.91668981 -.00871816  00000+0 -61743-2 0  9991
2 51852  53.2175 107.9928 0001108  53.7159  10.5201 15.75684286  1790
STARLINK-3539           
1 51853U 22022B   22069.91668981 -.00871870  00000+0 -61807-2 0  9993
2 51853  53.2175 107.9943 0001164  49.0905  14.6123 15.75661907  1790
STARLINK-3541           
1 51854U 22022C   22069.91668981 -.00871916  00000+0 -61692-2 0  9997
2 51854  53.2175 107.9917 0001051  60.6240   4.1463 15.75706355  1796
STARLINK-3545           
1 51855U 22022D   22069.91668981 -.00871946  00000+0 -61564-2 0  9999
2 51855  53.2175 107.9900 0001122  52.8637  12.9570 15.75753524  1797
STARLINK-3568           
1 51856U 22022E   22069.91668981 -.00871946  00000+0 -61627-2 0  9990
2 51856  53.2175 107.9908 0001081  56.1769   9.1153 15.75730762  1797
STARLINK-3571           
1 51857U 22022F   22069.91668981 -.00871882  00000+0 -61433-2 0  9995
2 51857  53.2175 107.9879 0001137  50.4934  16.3782 15.75799667  1795
STARLINK-3563           
1 51858U 22022G   22069.91668981 -.00871907  00000+0 -61498-2 0  9995
2 51858  53.2175 107.9887 0001112  54.7175  11.6286 15.75776704  1796
STARLINK-3560           
1 51859U 22022H   22069.91668981 -.00871890  00000+0 -61250-2 0  9993
2 51859  53.2175 107.9847 0001043  60.3581   8.0869 15.75868061  1807
STARLINK-3559           
1 51860U 22022J   22069.91668981 -.00871840  00000+0 -61369-2 0  9991
2 51860  53.2175 107.9866 0001138  49.8989  17.5005 15.75821983  1808
STARLINK-3562           
1 51861U 22022K   22069.91668981 -.00871998  00000+0 -61133-2 0  9995
2 51861  53.2175 107.9826 0001138  50.9418  18.5485 15.75913465  1793
STARLINK-3508           
1 51862U 22022L   22069.91668981 -.00871942  00000+0 -61317-2 0  9999
2 51862  53.2175 107.9856 0001051  58.8371   9.0870 15.75844814  1790
STARLINK-3555           
1 51863U 22022M   22069.91668981 -.00871892  00000+0 -61003-2 0  9996
2 51863  53.2175 107.9805 0001096  54.7819  15.7491 15.75958822  1828
STARLINK-3548           
1 51864U 22022N   22069.91668981 -.00871972  00000+0 -61193-2 0  9996
2 51864  53.2175 107.9834 0001085  57.7995  11.1671 15.75891063  1808
STARLINK-3503           
1 51865U 22022P   22069.91668981 -.00871955  00000+0 -60886-2 0  9996
2 51865  53.2175 107.9785 0001030  62.8218   8.7452 15.76004477  1792
STARLINK-3553           
1 51866U 22022Q   22069.91668981 -.00871884  00000+0 -61064-2 0  9997
2 51866  53.2175 107.9814 0001114  53.2916  16.7205 15.75935906  1804
STARLINK-3590           
1 51867U 22022R   22069.91668981 -.00871892  00000+0 -60820-2 0  9996
2 51867  53.2175 107.9774 0001104  54.3124  17.7752 15.76026483  1790
STARLINK-3578           
1 51868U 22022S   22069.91668981 -.00871884  00000+0 -60941-2 0  9992
2 51868  53.2175 107.9793 0001130  51.6794  19.3722 15.75981210  1820
STARLINK-3588           
1 51869U 22022T   22069.91668981 -.00871991  00000+0 -60648-2 0  9996
2 51869  53.2175 107.9742 0001024  62.9019  10.7357 15.76093809  1796
STARLINK-3591           
1 51870U 22022U   22069.91668981 -.00871886  00000+0 -60756-2 0  9991
2 51870  53.2175 107.9762 0001130  51.2682  21.3322 15.76049793  1822
STARLINK-3567           
1 51871U 22022V   22069.91668981 -.00871721  00000+0 -60559-2 0  9991
2 51871  53.2175 107.9733 0001235  44.2135  29.9319 15.76117301  1823
STARLINK-3554           
1 51872U 22022W   22069.91668981 -.00871822  00000+0 -60693-2 0  9993
2 51872  53.2175 107.9751 0001188  48.1364  24.9879 15.76070819  1826
STARLINK-3582           
1 51873U 22022X   22069.91668981 -.00871948  00000+0 -60392-2 0  9999
2 51873  53.2175 107.9702 0001190  48.9742  26.7000 15.76186327  1822
STARLINK-3574           
1 51874U 22022Y   22069.91668981 -.00871786  00000+0 -60499-2 0  9998
2 51874  53.2175 107.9720 0001247  44.2965  30.3536 15.76141354  1794
STARLINK-3585           
1 51875U 22022Z   22069.91668981 -.00871906  00000+0 -60270-2 0  9990
2 51875  53.2175 107.9681 0001169  49.2822  27.4146 15.76230813  1839
STARLINK-3583           
1 51876U 22022AA  22069.91668981 -.00871764  00000+0 -60441-2 0  9993
2 51876  53.2175 107.9710 0001205  46.0576  29.1114 15.76162687  1821
STARLINK-3556           
1 51877U 22022AB  22069.91668981 -.00871768  00000+0 -60133-2 0  9996
2 51877  53.2175 107.9660 0001337  39.7975  37.9104 15.76276514  1803
STARLINK-3575           
1 51878U 22022AC  22069.91668981 -.00871955  00000+0 -60338-2 0  9992
2 51878  53.2175 107.9689 0001060  59.4692  16.7212 15.76207805  1827
STARLINK-3572           
1 51879U 22022AD  22069.91668981 -.00871857  00000+0 -60022-2 0  9994
2 51879  53.2175 107.9640 0001200  46.9889  31.7295 15.76321829  1821
STARLINK-3566           
1 51880U 22022AE  22069.91668981 -.00872051  00000+0 -60219-2 0  9991
2 51880  53.2175 107.9669 0001102  55.9707  21.2275 15.76254588  1823
STARLINK-3504           
1 51881U 22022AF  22069.91668981 -.00871768  00000+0 -59894-2 0  9993
2 51881  53.2175 107.9620 0001245  44.3136  35.4123 15.76366834  1790
STARLINK-3570           
1 51882U 22022AG  22069.91668981 -.00871395  00000+0 -60048-2 0  9993
2 51882  53.2175 107.9649 0001238  39.7942  38.4214 15.76298595  1823
STARLINK-3576           
1 51883U 22022AH  22069.91668981 -.00871891  00000+0 -59783-2 0  9999
2 51883  53.2175 107.9599 0001227  47.0142  33.7142 15.76412170  1791
STARLINK-3577           
1 51884U 22022AJ  22069.91668981 -.00871759  00000+0 -59953-2 0  9992
2 51884  53.2175 107.9628 0001260  43.3463  35.8761 15.76344346  1796
STARLINK-3584           
1 51885U 22022AK  22069.91668981 -.00871723  00000+0 -59653-2 0  9991
2 51885  53.2175 107.9579 0001349  38.9457  42.7948 15.76455146  1798
STARLINK-3565           
1 51886U 22022AL  22069.91668981 -.00871763  00000+0 -59832-2 0  9995
2 51886  53.2175 107.9607 0001367  39.1251  41.1063 15.76388841  1828
STARLINK-3551           
1 51887U 22022AM  22069.91668981 -.00871921  00000+0 -59604-2 0  9999
2 51887  53.2175 107.9569 0001212  47.4609  34.7615 15.76480464  1795
STARLINK-3536           
1 51888U 22022AN  22069.91668981 -.00871954  00000+0 -59729-2 0  9994
2 51888  53.2175 107.9587 0001203  48.4628  32.7680 15.76434455  1821
STARLINK-3547           
1 51889U 22022AP  22069.91668981 -.00871931  00000+0 -59429-2 0  9997
2 51889  53.2175 107.9539 0001153  52.9627  30.7545 15.76547236  1822
STARLINK-3519           
1 51890U 22022AQ  22069.91668981 -.00871713  00000+0 -59529-2 0  9998
2 51890  53.2175 107.9557 0001346  39.8679  42.8604 15.76501556  1824
STARLINK-3549           
1 51891U 22022AR  22069.91668981 -.00871666  00000+0 -59345-2 0  9992
2 51891  53.2175 107.9530 0001312  41.2973  42.9120 15.76569977  1806
STARLINK-3587           
1 51892U 22022AS  22069.91668981 -.00871768  00000+0 -59473-2 0  9998
2 51892  53.2175 107.9547 0001342  39.3583  43.8656 15.76524269  1790
STARLINK-3579           
1 51893U 22022AT  22069.91668981 -.00871831  00000+0 -59240-2 0  9992
2 51893  53.2175 107.9510 0001310  42.0770  43.1236 15.76614369  1793
STARLINK-3595           
1 51894U 22022AU  22069.91668981 -.00871966  00000+0 -59314-2 0  9994
2 51894  53.2175 107.9517 0001181  50.3820  34.3294 15.76591394  1793
STARLINK-3594           
1 51895U 22022AV  22069.91668981 -.00871765  00000+0 -59118-2 0  9994
2 51895  53.2175 107.9490 0001279  43.9634  42.2224 15.76658965  1792
STARLINK-3593           
1 51896U 22022AW  22069.91668981 -.00871767  00000+0 -59174-2 0  9999
2 51896  53.2175 107.9497 0001345  39.4141  46.2762 15.76637194  1823
STARLINK-3598           
1 51897U 22022AX  22069.91668981 -.00872028  00000+0 -59085-2 0  9992
2 51897  53.2175 107.9480 0001155  53.3108  33.3756 15.76680052  1790
STARLINK-3597           
1 51898U 22022AY  22069.91668981 -.00871740  00000+0 -59000-2 0  9990
2 51898  53.2175 107.9466 0001306  41.7460  45.4268 15.76702749  1795
FALCON 9 DEB            
1 51899U 22022AZ  22070.13211115  .00191503  24253-4  66181-3 0  9990
2 51899  53.2272 106.6280 0007406 315.9974  44.0462 15.89148668  1202
FALCON 9 DEB            
1 51900U 22022BA  22070.13035099  .00207348  00000+0  67557-3 0  9990
2 51900  53.2256 106.6131 0005176 301.4496  58.6025 15.89604025  1203
FALCON 9 DEB            
1 51901U 22022BB  22070.12528366  .00220633  28986-4  69884-3 0  9999
2 51901  53.2222 106.5749 0009830 285.9464  74.0480 15.90779963  1206
FALCON 9 DEB            
1 51902U 22022BC  22070.12373052  .00209233  27237-4  65376-3 0  9993
2 51902  53.2212 106.5619 0008440 269.8179  90.1882 15.91084126  1208
2022-023A               
1 51946U 22023A   22070.26846685 -.00007103  00000+0 -26538-3 0  9999
2 51946  63.4503 174.9352 0015376 308.9401 114.5539 15.25885234   928
2022-023B               
1 51947U 22023B   22070.26876009 -.00004985  00000+0 -18367-3 0  9999
2 51947  63.4481 174.9373 0016053 305.9728 117.5877 15.25820388   926
2022-023C               
1 51948U 22023C   22070.26571297 -.00000960  00000+0 -27953-4 0  9992
2 51948  63.4431 174.9504 0015872 303.6469  98.2448 15.25598459   923
2022-023D               
1 51949U 22023D   22070.26277499 -.00107347  00000+0 -42606-2 0  9997
2 51949  63.4477 174.9647 0014898 307.2979  76.2016 15.25403036   928
2022-023E               
1 51950U 22023E   22070.26374924 -.00029926  00000+0 -11758-2 0  9990
2 51950  63.4489 174.9639 0013095 302.3032  81.5795 15.25231961   927
2022-023F               
1 51951U 22023F   22070.26406001 -.00120954  00000+0 -48635-2 0  9990
2 51951  63.4355 174.9639 0013300 303.6864  80.2683 15.25060756   920
2022-023G               
1 51952U 22023G   22070.14078620  .00005830  00000+0  24115-3 0  9991
2 51952  63.4414 175.4031 0015767 296.5165 125.9324 15.24943805   903
2022-023H               
1 51953U 22023H   22070.08989048  .00002588  00000+0  18972-3 0  9991
2 51953  63.6402 176.8393 0116444 246.9026 111.9764 15.00878456   881
NOOR-2                  
1 51954U 22024A   22069.95166408  .00003918  00000+0  18999-3 0  9991
2 51954  58.2963 133.7453 0012547 243.3614 116.6178 15.20612322   416
QASED R/B               
1 51955U 22024B   22069.95074070  .00001259  00000+0  69199-4 0  9990
2 51955  58.2993 133.7382 0009464 253.9798 106.0235 15.21124960   408
