2022-002A               
1 50984U 22002A   22042.43724310  .00015086  00000+0  82812-3 0  9999
2 50984  97.5021 111.6871 0015788 129.1284 231.1354 15.14125163  4364
2022-002B               
1 50985U 22002B   22042.43828281  .00017367  00000+0  95358-3 0  9995
2 50985  97.5064 111.7040 0016158 131.7604 228.5011 15.14080371  4369
UMBRA-02                
1 50986U 22002C   22042.72609611  .00015082  00000+0  85902-3 0  9998
2 50986  97.5038 111.9202 0011565 135.5227 224.6934 15.12854968  4408
FOSSASAT-2E4            
1 50987U 22002D   22042.43802899  .00021882  00000+0  11969-2 0  9996
2 50987  97.5062 111.7038 0015833 131.6565 228.6025 15.14172172  4367
2022-002E               
1 50988U 22002E   22042.46328016  .00007998  00000+0  46096-3 0  9996
2 50988  97.4985 111.6372 0011142 133.5779 226.6378 15.12605057  4368
2022-002F               
1 50989U 22002F   22042.72882776  .00007274  00000+0  42012-3 0  9995
2 50989  97.4999 111.9006 0011255 131.7484 228.4711 15.12558919  4409
2022-002G               
1 50990U 22002G   22042.76871703  .00016478  00000+0  90446-3 0  9999
2 50990  97.5027 112.0135 0015803 127.0637 233.2042 15.14108293  4410
FOSSASAT-2E6            
1 50991U 22002H   22042.70563898  .00015571  00000+0  85905-3 0  9994
2 50991  97.5078 111.9660 0015598 132.5490 227.7061 15.13941907  4401
FLOCK 4X-8              
1 50992U 22002J   22042.78759640  .00004231  00000+0  24368-3 0  9992
2 50992  97.5046 112.0010 0012975 140.2484 219.9700 15.12883017  4413
ION SCV-004             
1 50993U 22002K   22042.52980528  .00001920  00000+0  11388-3 0  9996
2 50993  97.5033 111.7219 0012064 134.3192 225.9030 15.12485779  4377
FLOCK 4X-44             
1 50994U 22002L   22042.52352012  .00004671  00000+0  26870-3 0  9996
2 50994  97.5070 111.7483 0013245 139.8802 220.3410 15.12869558  4374
MDASAT-1A               
1 50995U 22002M   22042.39817885  .00005922  00000+0  34324-3 0  9999
2 50995  97.4985 111.5698 0011224 132.2327 227.9858 15.12512410  4358
FLOCK 4X-2              
1 50996U 22002N   22042.52298918  .00004519  00000+0  25997-3 0  9992
2 50996  97.5059 111.7450 0013194 139.9582 220.2624 15.12887747  4372
FLOCK 4X-20             
1 50997U 22002P   22042.52289578  .00004545  00000+0  26143-3 0  9998
2 50997  97.5057 111.7454 0013159 141.3216 218.8960 15.12887848  4375
2022-002Q               
1 50998U 22002Q   22042.52135962  .00007549  00000+0  42993-3 0  9994
2 50998  97.4980 111.7098 0012886 130.0009 230.2355 15.13032890  4371
2022-002R               
1 50999U 22002R   22042.71972592  .00007037  00000+0  40099-3 0  9991
2 50999  97.4978 111.9045 0012897 129.2365 231.0013 15.13037895  4404
FLOCK 4X-30             
1 51000U 22002S   22042.52219282  .00004434  00000+0  25489-3 0  9998
2 51000  97.5005 111.7183 0013388 132.9464 227.2893 15.12925278  4377
FOSSASAT-2E5            
1 51001U 22002T   22042.44180559  .00020763  00000+0  11435-2 0  9992
2 51001  97.5079 111.7059 0015423 133.9450 226.3057 15.13943880  4360
KEPLER-18 (BLIP-A)      
1 51002U 22002U   22042.65345019  .00005907  00000+0  33735-3 0  9991
2 51002  97.5000 111.8486 0013195 131.8094 228.4266 15.13023939  4397
FLOCK 4X-22             
1 51003U 22002V   22042.45518728  .00004793  00000+0  27485-3 0  9996
2 51003  97.5040 111.6762 0013092 142.7932 217.4209 15.12976785  4362
FLOCK 4X-5              
1 51004U 22002W   22042.52121230  .00004334  00000+0  24873-3 0  9992
2 51004  97.5017 111.7245 0013652 134.6478 225.5868 15.12990447  4374
FLOCK 4X-41             
1 51005U 22002X   22042.52104434  .00004628  00000+0  26532-3 0  9990
2 51005  97.4997 111.7182 0013283 131.4541 228.7833 15.12995563  4378
FLOCK 4X-3              
1 51006U 22002Y   22042.45463124  .00004801  00000+0  27506-3 0  9992
2 51006  97.5055 111.6810 0013760 139.5579 220.6677 15.13000823  4365
FLOCK 4X-18             
1 51007U 22002Z   22042.52067892  .00004213  00000+0  24180-3 0  9995
2 51007  97.5019 111.7252 0013916 135.3411 224.8944 15.13002745  4378
ICEYE-X16               
1 51008U 22002AA  22042.79238097  .00005528  00000+0  31922-3 0  9994
2 51008  97.5033 111.9822 0012340 133.9188 226.3064 15.12660304  4410
FLOCK 4X-37             
1 51009U 22002AB  22042.52052912  .00004532  00000+0  25975-3 0  9991
2 51009  97.5065 111.7496 0013936 138.6774 221.5514 15.13012439  4379
FLOCK 4X-15             
1 51010U 22002AC  22042.45315630  .00005572  00000+0  31755-3 0  9992
2 51010  97.5070 111.6877 0014066 137.6922 222.5397 15.13111958  4363
FLOCK 4X-29             
1 51011U 22002AD  22042.51924284  .00004191  00000+0  23991-3 0  9990
2 51011  97.5010 111.7245 0013961 133.4148 226.8248 15.13102240  4372
FLOCK 4X-27             
1 51012U 22002AE  22042.51914395  .00004464  00000+0  25530-3 0  9997
2 51012  97.5051 111.7470 0014025 140.6462 219.5791 15.13095786  4377
2022-002AF              
1 51013U 22002AF  22042.46365381  .00007307  00000+0  42176-3 0  9991
2 51013  97.4980 111.6346 0011005 133.1294 227.0859 15.12583232  4369
SATLLA-2B               
1 51014U 22002AG  22042.45070536  .00012913  00000+0  72528-3 0  9999
2 51014  97.5141 111.7156 0014592 136.1409 224.0984 15.13359967  4368
FLOCK 4X-12             
1 51015U 22002AH  22042.51875962  .00004798  00000+0  27393-3 0  9995
2 51015  97.5054 111.7465 0014209 136.0184 224.2181 15.13118266  4376
FLOCK 4X-25             
1 51016U 22002AJ  22042.51889381  .00004485  00000+0  25645-3 0  9997
2 51016  97.5039 111.7428 0013749 142.8053 217.4133 15.13107534  4374
FLOCK 4X-1              
1 51017U 22002AK  22042.51859715  .00004469  00000+0  25539-3 0  9990
2 51017  97.5020 111.7298 0014261 135.2610 224.9774 15.13123421  4372
FLOCK 4X-42             
1 51018U 22002AL  22042.51879300  .00004354  00000+0  24905-3 0  9992
2 51018  97.5004 111.7243 0013900 131.1818 229.0614 15.13103502  4376
2022-002AM              
1 51019U 22002AM  22042.18334016  .00022831  00000+0  12685-2 0  9997
2 51019  97.5145 111.4603 0014415 136.9678 223.2683 15.13623799  4321
FLOCK 4X-16             
1 51020U 22002AN  22042.51795233  .00005810  00000+0  33051-3 0  9997
2 51020  97.5006 111.7256 0014103 131.9680 228.2755 15.13161991  4379
LEMUR-2-RAMONAMAE       
1 51021U 22002AP  22042.46795511  .00009605  00000+0  55613-3 0  9995
2 51021  97.5046 111.6578 0010536 144.0643 216.1298 15.12386735  4361
LEMUR-2-KING-JULIEN     
1 51022U 22002AQ  22042.46814410  .00010379  00000+0  60099-3 0  9990
2 51022  97.5024 111.6483 0010310 141.9011 218.2951 15.12364707  4362
FLOCK 4X-38             
1 51023U 22002AR  22042.78241882  .00004657  00000+0  26558-3 0  9997
2 51023  97.5058 112.0104 0014434 136.8195 223.4170 15.13173073  4414
FLOCK 4X-32             
1 51024U 22002AS  22042.45174966  .00005100  00000+0  29052-3 0  9996
2 51024  97.5061 111.6856 0014426 134.9750 225.2653 15.13170080  4360
GRIZU-263A              
1 51025U 22002AT  22042.44910010  .00013993  00000+0  78319-3 0  9993
2 51025  97.5153 111.7217 0014857 135.6712 224.5712 15.13461528  4367
FLOCK 4X-26             
1 51026U 22002AU  22042.78186213  .00000152  00000+0  12205-4 0  9997
2 51026  97.5016 111.9919 0014525 135.9848 224.2542 15.13199717  4414
FLOCK 4X-43             
1 51027U 22002AV  22042.51704398  .00005996  00000+0  34047-3 0  9997
2 51027  97.5017 111.7313 0014500 134.0327 226.2101 15.13209205  4379
FLOCK 4X-13             
1 51028U 22002AW  22042.51680793  .00006163  00000+0  34973-3 0  9995
2 51028  97.5015 111.7315 0014522 132.4478 227.7983 15.13221529  4370
FLOCK 4X-39             
1 51029U 22002AX  22042.51630352  .00004347  00000+0  24770-3 0  9998
2 51029  97.5015 111.7326 0014420 131.4193 228.8280 15.13236507  4377
2022-002AY              
1 51030U 22002AY  22042.52987129  .00004541  00000+0  26402-3 0  9998
2 51030  97.5031 111.7242 0011649 135.9019 224.3143 15.12521102  4376
2022-002AZ              
1 51031U 22002AZ  22042.44842390  .00008952  00000+0  50336-3 0  9993
2 51031  97.5102 111.7073 0014966 135.2756 224.9685 15.13415186  4365
2022-002BA              
1 51032U 22002BA  22042.44297277  .00027374  00000+0  15040-2 0  9993
2 51032  97.4928 111.6427 0012551 123.2182 237.0254 15.14004445  4361
2022-002BB              
1 51033U 22002BB  22042.71230972  .00011272  00000+0  63107-3 0  9991
2 51033  97.5099 111.9664 0014752 134.7283 225.5152 15.13505574  4404
FLOCK 4X-23             
1 51034U 22002BC  22042.52040581  .00005057  00000+0  28927-3 0  9991
2 51034  97.5072 111.7519 0014004 136.7583 223.4750 15.13027117  4377
FLOCK 4X-17             
1 51035U 22002BD  22042.46923861  .00006598  00000+0  38487-3 0  9999
2 51035  97.5052 111.6613 0010240 140.4102 219.7878 15.12245256  4360
LEMUR-2-ROHOVITHSA      
1 51036U 22002BE  22042.46889004  .00007430  00000+0  43231-3 0  9999
2 51036  97.5055 111.6616 0010620 144.1429 216.0517 15.12290776  4369
FLOCK 4X-10             
1 51037U 22002BF  22042.52380617  .00004392  00000+0  25313-3 0  9998
2 51037  97.5066 111.7455 0013232 138.5283 221.6955 15.12840232  4378
MDASAT-1C               
1 51038U 22002BG  22042.46498683  .00005420  00000+0  31477-3 0  9996
2 51038  97.5070 111.6759 0011370 142.8543 217.3477 15.12477785  4367
FLOCK 4X-36             
1 51039U 22002BH  22042.53147687  .00006654  00000+0  38583-3 0  9995
2 51039  97.5066 111.7365 0011501 142.1168 218.0874 15.12446002  4377
FLOCK 4X-21             
1 51040U 22002BJ  22042.46735056  .00010161  00000+0  58854-3 0  9993
2 51040  97.5040 111.6603 0010514 137.9915 222.2124 15.12357198  4361
FLOCK 4X-31             
1 51041U 22002BK  22042.79845666  .00005411  00000+0  31561-3 0  9997
2 51041  97.5009 111.9654 0010713 132.5666 227.6470 15.12328450  4419
FLOCK 4X-34             
1 51042U 22002BL  22042.46766039  .00004908  00000+0  28660-3 0  9994
2 51042  97.5062 111.6666 0010944 142.7520 217.4472 15.12328406  4361
FLOCK 4X-6              
1 51043U 22002BM  22042.46756730  .00008925  00000+0  51777-3 0  9990
2 51043  97.5046 111.6612 0010581 138.7685 221.4347 15.12336070  4361
IRIS-A                  
1 51044U 22002BN  22042.46748674  .00004451  00000+0  26030-3 0  9993
2 51044  97.4994 111.6351 0010621 133.2735 226.9383 15.12327711  4366
FLOCK 4X-28             
1 51045U 22002BP  22042.53285156  .00006059  00000+0  35227-3 0  9997
2 51045  97.5019 111.7094 0011161 131.0491 229.1706 15.12387359  4375
VZLUSAT-3             
1 51046U 22002BQ  22042.66491392  .00006645  00000+0  38579-3 0  9997
2 51046  97.5054 111.8613 0010875 140.2490 219.9540 15.12405523  4394
FLOCK 4X-9              
1 51047U 22002BR  22042.46594166  .00008744  00000+0  50597-3 0  9995
2 51047  97.5063 111.6678 0011339 142.5155 217.6869 15.12428642  4366
FLOCK 4X-35             
1 51048U 22002BS  22042.46631068  .00006214  00000+0  36117-3 0  9991
2 51048  97.4997 111.6386 0010823 135.7142 224.4956 15.12395609  4364
FLOCK 4X-11             
1 51049U 22002BT  22042.46820835  .00004602  00000+0  26931-3 0  9996
2 51049  97.5009 111.6412 0010455 139.4387 220.7624 15.12288123  4366
MDASAT-1B               
1 51050U 22002BU  22042.40251584  .00005852  00000+0  34143-3 0  9993
2 51050  97.5064 111.6029 0010499 143.1221 217.0733 15.12281607  4359
KEPLER-19               
1 51051U 22002BV  22042.46847924  .00003010  00000+0  17756-3 0  9994
2 51051  97.5008 111.6400 0010342 135.8149 224.3909 15.12271168  4363
FLOCK 4X-40             
1 51052U 22002BW  22042.46944462  .00007100  00000+0  41399-3 0  9994
2 51052  97.5006 111.6384 0010109 137.9607 222.2401 15.12236085  4369
HYPSO-1                 
1 51053U 22002BX  22042.47143598  .00003858  00000+0  22753-3 0  9996
2 51053  97.4971 111.6235 0009864 141.3862 218.8076 15.12105898  4369
LEMUR-2-MIRIWARI        
1 51054U 22002BY  22042.47003953  .00008582  00000+0  49922-3 0  9993
2 51054  97.5046 111.6569 0009789 141.7424 218.4503 15.12261080  4365
FLOCK 4X-33             
1 51055U 22002BZ  22042.46965894  .00011564  00000+0  67077-3 0  9999
2 51055  97.5056 111.6608 0010390 143.1702 217.0244 15.12272342  4366
FLOCK 4X-24             
1 51056U 22002CA  22042.46982583  .00003952  00000+0  23230-3 0  9999
2 51056  97.5016 111.6406 0010189 133.8354 226.3720 15.12213425  4363
KEPLER-16 (ASTRAEUS)    
1 51057U 22002CB  22042.47103999  .00007662  00000+0  44722-3 0  9998
2 51057  97.5015 111.6403 0009728 137.7665 222.4316 15.12173755  4364
LEMUR-2-DJIRANG         
1 51058U 22002CC  22042.80180624  .00007971  00000+0  46468-3 0  9998
2 51058  97.5029 111.9723 0009695 138.5310 221.6658 15.12203733  4413
KEPLER-17 (KARINA)      
1 51059U 22002CD  22042.47143887  .00006769  00000+0  39580-3 0  9993
2 51059  97.5035 111.6490 0009997 144.6578 215.5317 15.12151430  4362
ETV-A1                  
1 51060U 22002CE  22042.76482605  .00001410  00000+0  85801-4 0  9997
2 51060  97.5043 111.9410 0010800 145.2241   0.9707 15.11985144  4407
BRO-5                   
1 51061U 22002CF  22042.76489767  .00003212  00000+0  19047-3 0  9994
2 51061  97.5071 111.9481 0010605 147.5162 358.7242 15.12028591  4400
2022-002CG              
1 51062U 22002CG  22042.39832847  .00008088  00000+0  46690-3 0  9995
2 51062  97.4994 111.5732 0011147 132.3673 227.8504 15.12540419  4359
2022-002CH              
1 51063U 22002CH  22042.53068953  .00007401  00000+0  42761-3 0  9994
2 51063  97.4995 111.7029 0011140 131.8739 228.3444 15.12538217  4376
FLOCK 4X-4              
1 51064U 22002CJ  22042.46537170  .00006907  00000+0  40013-3 0  9997
2 51064  97.5014 111.6450 0011302 132.8503 227.3679 15.12466818  4362
FLOCK 4X-7              
1 51065U 22002CK  22042.46588026  .00005737  00000+0  33351-3 0  9991
2 51065  97.5047 111.6644 0010933 139.4801 220.7246 15.12420247  4360
FLOCK 4X-14             
1 51066U 22002CL  22042.53172315  .00004683  00000+0  27274-3 0  9996
2 51066  97.5077 111.7402 0011673 143.2039 216.9995 15.12444608  4371
DEWASAT-1               
1 51067U 22002CM  22042.74093747  .00005284  00000+0  31220-3 0  9995
2 51067  97.5006 111.8913 0009373 148.2751 211.9046 15.11883810  4409
2022-002CN              
1 51068U 22002CN  22042.47717385  .00003472  00000+0  20691-3 0  9994
2 51068  97.5036 111.6425 0009724 150.7006 209.4771 15.11802289  4363
2022-002CP              
1 51069U 22002CP  22042.72811979  .00007253  00000+0  41852-3 0  9990
2 51069  97.4980 111.8952 0011113 132.4423 227.7749 15.12595976  4409
ICEYE-X14               
1 51070U 22002CQ  22042.78790768  .00005770  00000+0  33074-3 0  9999
2 51070  97.5032 111.9881 0013131 135.9383 224.2897 15.12901900  4412
CAPELLA-8-WHITNEY       
1 51071U 22002CR  22042.45535404  .00023775  00000+0  13346-2 0  9992
2 51071  97.5038 111.6675 0012438 138.4355 221.7824 15.13269136  4368
CAPELLA-7-WHITNEY       
1 51072U 22002CS  22042.45514899  .00024389  00000+0  13680-2 0  9991
2 51072  97.5031 111.6697 0011699 141.1270 219.0805 15.13299162  4362
2022-002CT              
1 51073U 22002CT  22042.41907756  .00025606  00000+0  13586-2 0  9994
2 51073  97.5167 111.7718 0014564 168.8352 191.3207 15.15238012  4366
DELFI-PQ                
1 51074U 22002CU  22042.42484096  .00011518  00000+0  62349-3 0  9992
2 51074  97.5229 111.7859 0014960 165.5803 194.5859 15.14700617  4369
USA 320                 
1 51075U 22002CV  22042.51839398  .00009554  00000+0  54798-3 0  9998
2 51075  97.5036 111.7375 0011895 191.1130 168.9840 15.12715106  4374
2022-002CW              
1 51076U 22002CW  22042.49697447  .00005504  00000+0  30345-3 0  9996
2 51076  97.5028 111.7655 0015441 161.4180 198.7619 15.14290549  4379
USA 321                 
1 51077U 22002CX  22042.78187197  .00018968  00000+0  10834-2 0  9993
2 51077  97.5038 112.0015 0011441 197.0453 163.0395 15.12705781  4417
USA 322                 
1 51078U 22002CY  22042.45340726  .00015452  00000+0  88336-3 0  9995
2 51078  97.5048 111.6731 0011699 195.9449 164.1415 15.12714405  4368
USA 323                 
1 51079U 22002CZ  22042.78072690  .00017498  00000+0  99991-3 0  9995
2 51079  97.5047 112.0010 0011787 190.6464 169.4519 15.12701243  4415
2022-002DA              
1 51080U 22002DA  22042.42569204  .00007492  00000+0  40830-3 0  9991
2 51080  97.5241 111.7893 0014589 164.8377 195.3295 15.14593274  4365
2022-002DB              
1 51081U 22002DB  22042.69032619  .00007320  00000+0  39913-3 0  9996
2 51081  97.5233 112.0472 0014943 164.0437 196.1269 15.14581178  4402
2022-002DC              
1 51082U 22002DC  22042.44610507  .00013766  00000+0  76764-3 0  9994
2 51082  97.4933 111.6404 0013120 122.5789 237.6711 15.13618021  4369
2022-002DD              
1 51083U 22002DD  22042.46907867  .00006350  00000+0  37029-3 0  9997
2 51083  97.5006 111.6402 0010444 142.1500 218.0467 15.12271896  4360
DODONA                  
1 51084U 22002DE  22042.45362843  .00008292  00000+0  46753-3 0  9997
2 51084  97.5045 111.6728 0008697 128.4490 231.7523 15.13400345  4366
VZLUSAT-2               
1 51085U 22002DF  22042.73908018  .00003900  00000+0  23355-3 0  9993
2 51085  97.5033 111.9030 0015832 144.0749 216.1549 15.11491282  4401
LABSAT                  
1 51086U 22002DG  22042.86306054  .00004536  00000+0  25741-3 0  9997
2 51086  97.4966 112.0530 0008276 120.1807 299.8987 15.13420075  4427
STORK-1                 
1 51087U 22002DH  22042.73381812  .00008823  00000+0  51880-3 0  9995
2 51087  97.5092 111.9224 0014848 141.8651 218.3633 15.11807892  4402
STORK-2                 
1 51088U 22002DJ  22042.72512853  .00008185  00000+0  46582-3 0  9990
2 51088  97.4980 111.9049 0011370 123.8235 236.4080 15.13047615  4406
SW1FT                   
1 51089U 22002DK  22042.87079264  .00005398  00000+0  31464-3 0  9997
2 51089  97.5000 112.0545 0011841 134.1360 276.8874 15.12338268  4428
2022-003A               
1 51094U 22003A   22042.41892149  .00006726  00000+0  30104-3 0  9995
2 51094  44.9820  36.6034 0004424  95.5950 264.5438 15.22003994  4345
2022-003B               
1 51095U 22003B   22042.41202550  .00004804  00000+0  21647-3 0  9994
2 51095  44.9851  36.5538 0002489  78.8021 281.3140 15.22332526  4332
2022-003C               
1 51096U 22003C   22042.40683980  .00004812  00000+0  21509-3 0  9990
2 51096  44.9853  36.5177 0001720  56.6428 303.4622 15.22608099  4338
GEARRS-3                
1 51097U 22003D   22042.66766929  .00004817  00000+0  21473-3 0  9999
2 51097  44.9872  35.0896 0001617  46.7520 313.3490 15.22698453  4370
STORK-3                 
1 51098U 22003E   22042.86368319  .00010711  00000+0  45029-3 0  9996
2 51098  44.9896  33.8545 0002696 355.5114  78.6660 15.23608889  4401
LEMUR-2-KRYWE           
1 51099U 22003F   22042.25819152  .00009505  00000+0  40046-3 0  9999
2 51099  44.9930  37.1109 0003619 349.0081  11.0726 15.23653333  4319
STEAMSAT-2              
1 51100U 22003G   22042.41010786  .00014160  00000+0  58659-3 0  9998
2 51100  44.9918  36.2774 0003431 348.2149 135.0307 15.23876999  4322
LAUNCHERONE R/B         
1 51101U 22003H   22042.42562998  .00016245  00000+0  44579-3 0  9999
2 51101  45.0266  33.4378 0051775  11.6768 348.5308 15.35792452  4373
SHIYAN-13 (SY-13)       
1 51102U 22004A   22042.81294571  .00005599  00000+0  26569-3 0  9992
2 51102  98.6725 106.9050 0652270  71.2459 295.8320 14.19606134  3657
CZ-2D R/B               
1 51103U 22004B   22042.52320292  .00006437  00000+0  30089-3 0  9995
2 51103  98.6726 106.6345 0651683  71.7954 295.3018 14.20045999  3573
STARLINK-3366           
1 51104U 22005A   22042.91668981 -.00061373  00000+0 -43534-3 0  9991
2 51104  53.2169 156.3466 0002080  20.1358  36.6118 15.73235651  5074
STARLINK-3350           
1 51105U 22005B   22042.91668981 -.00054929  00000+0 -38906-3 0  9998
2 51105  53.2162 156.3592 0002211  17.7122  32.0981 15.73223437  5072
STARLINK-3176           
1 51106U 22005C   22042.91668981 -.00061297  00000+0 -43455-3 0  9990
2 51106  53.2182 156.3530 0002251  16.2343  37.3634 15.73247630  5074
STARLINK-3368           
1 51107U 22005D   22042.59040112  .00021865  00000+0  15945-3 0  9993
2 51107  53.2175 157.9751 0001852  20.4882 339.6212 15.73251555  3912
STARLINK-3362           
1 51108U 22005E   22042.91668981 -.00084982  00000+0 -60581-3 0  9997
2 51108  53.2162 156.3591 0002127  20.9638  29.4719 15.73250758  5062
STARLINK-3358           
1 51109U 22005F   22042.71795402  .00037044  00000+0  26562-3 0  9991
2 51109  53.2168 156.6037 0003326 347.9532  12.1408 15.73334614  5051
STARLINK-3344           
1 51110U 22005G   22042.91668981 -.00104180  00000+0 -74434-3 0  9995
2 51110  53.2162 156.3561 0002376  19.7913  31.8822 15.73281561  5079
STARLINK-3173           
1 51111U 22005H   22042.91668981 -.00053933  00000+0 -38167-3 0  9998
2 51111  53.2161 156.3469 0002377  18.2524  37.8464 15.73235454  5077
STARLINK-3374           
1 51112U 22005J   22042.58983817  .00051233  00000+0  36623-3 0  9994
2 51112  53.2184 157.9703 0002114  22.6198 337.4915 15.73262781  3910
STARLINK-3372           
1 51113U 22005K   22042.58951148  .00005727  00000+0  45114-4 0  9990
2 51113  53.2170 157.9683 0002093  32.9761 327.1389 15.73246417  3918
STARLINK-3375           
1 51114U 22005L   22042.59006634  .00027010  00000+0  19557-3 0  9993
2 51114  53.2171 157.9744 0002210  28.0237 332.0902 15.73280359  3912
STARLINK-3397           
1 51115U 22005M   22042.58929177  .00008995  00000+0  68239-4 0  9992
2 51115  53.2164 157.9660 0002108  31.5565 328.5582 15.73270133  3914
STARLINK-3243           
1 51116U 22005N   22042.58973092  .00054400  00000+0  38841-3 0  9995
2 51116  53.2166 157.9704 0002138  28.3776 331.7360 15.73265415  3914
STARLINK-3391           
1 51117U 22005P   22042.91668981 -.00085996  00000+0 -61268-3 0  9996
2 51117  53.2183 156.3427 0002380  18.2711  39.7243 15.73268015  5078
STARLINK-3394           
1 51118U 22005Q   22042.58939229  .00013055  00000+0  97042-4 0  9991
2 51118  53.2179 157.9701 0001952  26.1425 333.9693 15.73260222  3911
STARLINK-3390           
1 51119U 22005R   22042.58873775  .00004439  00000+0  35968-4 0  9990
2 51119  53.2176 157.9616 0001909  34.9779 325.1367 15.73243884  3911
STARLINK-3398           
1 51120U 22005S   22042.58851330  .00006312  00000+0  49240-4 0  9995
2 51120  53.2165 157.9617 0002113  33.7766 326.3389 15.73258878  3919
STARLINK-3399           
1 51121U 22005T   22042.58895898  .00041371  00000+0  29700-3 0  9995
2 51121  53.2187 157.9647 0002277  20.4934 339.6178 15.73256644  3910
STARLINK-3373           
1 51122U 22005U   22042.91668981 -.00066872  00000+0 -47491-3 0  9996
2 51122  53.2182 156.3408 0002145  21.4592  37.8168 15.73242363  5077
STARLINK-3392           
1 51123U 22005V   22042.58840551  .00028421  00000+0  20539-3 0  9995
2 51123  53.2164 157.9605 0001868  20.9800 339.1296 15.73295724  3911
STARLINK-3389           
1 51124U 22005W   22042.58828595  .00018662  00000+0  13669-3 0  9992
2 51124  53.2186 157.9606 0002385  31.5714 328.5449 15.73268102  3916
STARLINK-3387           
1 51125U 22005X   22042.91668981 -.00074606  00000+0 -53069-3 0  9991
2 51125  53.2166 156.3318 0002213  25.9223  37.1458 15.73248397  5076
STARLINK-3386           
1 51126U 22005Y   22042.58817524  .00008962  00000+0  68070-4 0  9993
2 51126  53.2176 157.9627 0002065  19.9392 340.1708 15.73247631  3919
STARLINK-3370           
1 51127U 22005Z   22042.58806208  .00023042  00000+0  16772-3 0  9998
2 51127  53.2175 157.9549 0001849  25.3001 334.8110 15.73259136  3908
STARLINK-3400           
1 51128U 22005AA  22042.58728862  .00019494  00000+0  14260-3 0  9994
2 51128  53.2184 157.9534 0002185  22.9900 337.1217 15.73263510  3903
STARLINK-3396           
1 51129U 22005AB  22042.78275219 -.00312349  00000+0 -17838-2 0  9990
2 51129  53.2211 155.5606 0001424  37.9975 322.1147 15.78997305  5079
STARLINK-3395           
1 51130U 22005AC  22042.58784607  .00016150  00000+0  11891-3 0  9999
2 51130  53.2186 157.9562 0002183  31.6547 328.4605 15.73269992  3905
STARLINK-3388           
1 51131U 22005AD  22042.58751782  .00024347  00000+0  17675-3 0  9991
2 51131  53.2170 157.9528 0001984  28.6688 331.4441 15.73284020  3902
STARLINK-3393           
1 51132U 22005AE  22042.58761572  .00015701  00000+0  11581-3 0  9994
2 51132  53.2177 157.9569 0001761  35.3405 324.7731 15.73255168  3908
STARLINK-3356           
1 51133U 22005AF  22042.58718229  .00030230  00000+0  21825-3 0  9992
2 51133  53.2178 157.9500 0002284  33.3009 326.8154 15.73283172  3902
STARLINK-3183           
1 51134U 22005AG  22042.59071157  .00031132  00000+0  22406-3 0  9994
2 51134  53.2119 157.2220 0002053  12.0833 348.0236 15.73340696  5031
STARLINK-3363           
1 51135U 22005AH  22042.91668981 -.00129996  00000+0 -93227-3 0  9995
2 51135  53.2170 156.3192 0002239  23.1082  44.9608 15.73293658  5076
STARLINK-3253           
1 51136U 22005AJ  22042.62798051 -.00277071  00000+0 -11342-2 0  9991
2 51136  53.2208 156.0033 0001691  36.9254 323.1888 15.85977030  5050
STARLINK-3180           
1 51137U 22005AK  22042.91668981 -.00023055  00000+0 -16003-3 0  9993
2 51137  53.2179 156.3149 0002338  20.0829  50.5416 15.73233534  5071
STARLINK-3177           
1 51138U 22005AL  22042.58695390  .00024942  00000+0  18116-3 0  9992
2 51138  53.2189 157.9501 0001975   9.4737 350.6320 15.73257068  3903
STARLINK-3172           
1 51139U 22005AM  22042.91668981 -.00131791  00000+0 -94453-3 0  9997
2 51139  53.2184 156.3135 0002299  23.4268  48.3410 15.73315033  5078
STARLINK-3175           
1 51140U 22005AN  22042.58672989  .00019844  00000+0  14520-3 0  9994
2 51140  53.2177 157.9487 0002021  20.6448 339.4654 15.73244089  3918
STARLINK-3179           
1 51141U 22005AP  22042.58616792  .00034367  00000+0  24735-3 0  9991
2 51141  53.2176 157.9439 0001804  28.9344 331.1776 15.73287855  3911
STARLINK-3369           
1 51142U 22005AQ  22042.91668981 -.00073741  00000+0 -52419-3 0  9997
2 51142  53.2168 156.3185 0002241  22.1628  47.1740 15.73258941  5103
STARLINK-3184           
1 51143U 22005AR  22042.58583402  .00027871  00000+0  20169-3 0  9993
2 51143  53.2175 157.9410 0002056  22.6812 337.4299 15.73275222  3916
STARLINK-3185           
1 51144U 22005AS  22042.58628659  .00044473  00000+0  31854-3 0  9998
2 51144  53.2183 157.9458 0001835  17.3760 342.7323 15.73278263  3910
STARLINK-3365           
1 51145U 22005AT  22042.58572071  .00016655  00000+0  12254-3 0  9999
2 51145  53.2180 157.9402 0002099  29.8373 330.2767 15.73259668  3910
STARLINK-3354           
1 51146U 22005AU  22042.91668981 -.00102149  00000+0 -72995-3 0  9997
2 51146  53.2166 156.3145 0002313  19.1829  52.0617 15.73269690  5077
STARLINK-3352           
1 51147U 22005AV  22042.91668981 -.00087818  00000+0 -62636-3 0  9994
2 51147  53.2172 156.3053 0002069  18.5594  55.8442 15.73251861  5071
STARLINK-3359           
1 51148U 22005AW  22042.91668981 -.00057908  00000+0 -41067-3 0  9997
2 51148  53.2187 156.3040 0002094  23.2295  53.0941 15.73216984  5074
STARLINK-3360           
1 51149U 22005AX  22042.58550890  .00020487  00000+0  14957-3 0  9998
2 51149  53.2174 157.9374 0001653  26.0202 334.0901 15.73272662  3911
STARLINK-3357           
1 51150U 22005AY  22042.91668981 -.00087036  00000+0 -62046-3 0  9995
2 51150  53.2169 156.3100 0002261  17.1781  56.5684 15.73259598  5072
STARLINK-3361           
1 51151U 22005AZ  22042.58528609  .00005697  00000+0  44906-4 0  9998
2 51151  53.2201 157.9350 0001848  34.0052 326.1086 15.73241010  3916
STARLINK-3364           
1 51152U 22005BA  22042.91668981 -.00082762  00000+0 -58945-3 0  9991
2 51152  53.2166 156.3016 0002329  24.4740  53.0335 15.73260135  5072
L-SAR 01A               
1 51284U 22007A   22042.76088803  .00007751  00000+0  84089-3 0  9992
2 51284  97.8082  51.9256 0002155  81.4066 278.6972 14.88430892  2495
CZ-4C R/B               
1 51285U 22007B   22042.53778744  .00005842  00000+0  25565-3 0  9991
2 51285  97.8458  52.4913 0123457 335.0992  24.4313 15.15784024  2502
CZ-4C DEB               
1 51286U 22007C   22040.96708496  .00523041  00000+0  79913-1 0  9994
2 51286  97.7881  49.4853 0112876 160.7850 199.7665 14.67057094  2197
ASCENT                  
1 51287U 21118E   22037.20605106 -.00000057  00000+0  00000+0 0  9991
2 51287   0.1323 113.8875 0002651 136.3445 187.7236  1.01234817   200
ELSA-D CLIENT           
1 51288U 21022AQ  22042.46066123  .00004213  00000+0  28395-3 0  9998
2 51288  97.5404 304.9650 0017778 204.6904 155.3475 15.07073455  2589
GASPACS                 
1 51439U 98067TB  22042.68530374  .00097028  00000+0  15585-2 0  9999
2 51439  51.6394 237.9471 0006983 131.2483 228.9110 15.52207604  2549
1998-067TC              
1 51440U 98067TC  22042.81053887  .00117406  00000+0  18305-2 0  9991
2 51440  51.6400 237.2839 0006579 134.3754 225.7776 15.52942739  2623
1998-067TD              
1 51441U 98067TD  22041.91684464  .00033767  00000+0  57565-3 0  9992
2 51441  51.6403 241.8149 0008190 132.4950 227.6733 15.51004460  2476
1998-067TE              
1 51442U 98067TE  22042.81727069  .00033610  00000+0  56860-3 0  9996
2 51442  51.6400 237.3284 0008313 142.0220 218.1357 15.51221267  2572
DAILI                   
1 51443U 98067TF  22042.16817503  .00085731  00000+0  13833-2 0  9991
2 51443  51.6404 240.4943 0009152 125.0321 235.1529 15.52119964  2435
CSG-2                   
1 51444U 22008A   22042.53901979 -.00024953  00000+0 -30931-2 0  9995
2 51444  97.8896 228.0411 0002526 109.4556 250.8083 14.82773553  1563
STARLINK-3167           
1 51460U 22010E   22042.91668981 -.00974035  29212-3 -27774-2 0  9997
2 51460  53.2174 132.4724 0022737 203.4092  92.6425 15.92110670  2534
STARLINK-3181           
1 51461U 22010F   22042.91668981 -.00960650  28083-3 -29776-2 0  9995
2 51461  53.2173 132.5339 0019682 206.8151  54.6460 15.90623124  2599
STARLINK-3166           
1 51462U 22010G   22042.91668981 -.00960979  28099-3 -29807-2 0  9992
2 51462  53.2173 132.5319 0019468 207.2339  55.0616 15.90617172  2564
STARLINK-3419           
1 51463U 22010H   22042.91668981 -.00975602  29291-3 -27881-2 0  9997
2 51463  53.2174 132.4663 0022276 203.2819  95.5285 15.92087361  2538
STARLINK-3189           
1 51464U 22010J   22042.91668981 -.00961255  28119-3 -29782-2 0  9997
2 51464  53.2173 132.5303 0019597 206.8841  56.0974 15.90634556  2546
STARLINK-3401           
1 51465U 22010K   22042.91668981 -.00961385  28124-3 -29768-2 0  9992
2 51465  53.2173 132.5286 0020059 206.1218  57.6475 15.90629866  2599
STARLINK-3178           
1 51467U 22010M   22042.91668981 -.00976066  29315-3 -27965-2 0  9996
2 51467  53.2174 132.4648 0021127 205.2242  94.3161 15.92084787  2596
STARLINK-3174           
1 51468U 22010N   22042.91668981 -.00974810  29253-3 -27859-2 0  9995
2 51468  53.2174 132.4704 0021797 204.1213  92.7402 15.92106055  2592
STARLINK-3182           
1 51469U 22010P   22042.91668981 -.00961063  28107-3 -29785-2 0  9999
2 51469  53.2173 132.5312 0019626 207.0164  55.5602 15.90627675  2596
STARLINK Q              
1 51470U 22010Q   22042.77683418  .03514449  12058-4  47698-3 0  9993
2 51470  53.2048 132.1030 0025613 191.8555 168.1583 16.33326563  2093
STARLINK-3165           
1 51471U 22010R   22042.91668981 -.00853543  25142-3 -15315-2 0  9995
2 51471  53.2173 132.1141 0017630 208.7976 251.9117 16.00659164  2590
STARLINK-3415           
1 51472U 22010S   22042.91668981 -.00975033  29264-3 -27856-2 0  9997
2 51472  53.2174 132.4686 0022104 203.7098  93.9970 15.92100205  2599
FALCON 9 DEB            
1 51473U 22010T   22042.63323439  .01639326  11655-4  79361-3 0  9999
2 51473  53.2060 133.3676 0051306 191.6621 168.3234 16.17068601  2069
FALCON 9 DEB            
1 51474U 22010U   22042.63756510  .01657692  11612-4  83731-3 0  9995
2 51474  53.2036 133.3950 0058357 187.7626 172.2515 16.15641811  2066
FALCON 9 DEB            
1 51475U 22010V   22042.50306791  .02129301  11700-4  90883-3 0  9990
2 51475  53.2088 133.9802 0045771 186.3455 173.7011 16.19231332  2049
FALCON 9 DEB            
1 51476U 22010W   22042.50548242  .01811057  11662-4  83116-3 0  9993
2 51476  53.2087 133.9955 0052208 187.2543 172.7746 16.17590095  2045
LIGHT-1                 
1 51509U 98067TG  22042.82375243  .00023234  00000+0  40183-3 0  9996
2 51509  51.6430 237.3654 0009598 132.3960 227.8136 15.50797132  1354
GT-1                    
1 51510U 98067TH  22042.82319495  .00053441  00000+0  89994-3 0  9991
2 51510  51.6423 237.3601 0008158 138.0384 222.1649 15.51138851  1371
COSMOS 2553             
1 51511U 22011A   22042.53378106 -.00000152  00000+0 -32078-2 0  9993
2 51511  67.0888 219.4215 0003968 266.9913  93.0576 11.32883891   710
