STARLINK-3951           
1 52533U 22051A   22159.91668981 -.00713063  00000+0 -94711-2 0  9990
2 52533  53.2174 164.8378 0001302  59.7379 210.5229 15.59946586  1308
STARLINK-3952           
1 52534U 22051B   22159.91668981 -.00713076  00000+0 -94747-2 0  9994
2 52534  53.2174 164.8263 0001289  61.7050 207.0832 15.59937348  1302
STARLINK-3958           
1 52535U 22051C   22159.91668981 -.00712943  00000+0 -94712-2 0  9999
2 52535  53.2174 164.8331 0001250  65.3432 204.1812 15.59941935  1304
STARLINK-3964           
1 52536U 22051D   22159.91668981 -.00713016  00000+0 -94689-2 0  9995
2 52536  53.2174 164.8387 0001258  65.2838 205.7133 15.59951083  1301
STARLINK-3897           
1 52537U 22051E   22159.91668981 -.00713013  00000+0 -94671-2 0  9994
2 52537  53.2174 164.8456 0001284  61.4766 210.2566 15.59955733  1303
STARLINK-3933           
1 52538U 22051F   22159.91668981 -.00712901  00000+0 -94622-2 0  9996
2 52538  53.2174 164.8595 0001252  62.8379 210.3675 15.59964973  1306
STARLINK-3757           
1 52539U 22051G   22159.91668981 -.00712945  00000+0 -94645-2 0  9990
2 52539  53.2174 164.8525 0001259  62.8005 209.6688 15.59960353  1306
STARLINK-3940           
1 52540U 22051H   22159.91668981 -.00712853  00000+0 -94580-2 0  9998
2 52540  53.2174 164.8794 0001207  69.3730 206.5139 15.59974919  1306
STARLINK-3845           
1 52541U 22051J   22159.91668981 -.00829908  00000+0 -19181-1 0  9992
2 52541  53.2172 165.9700 0001523  37.8460 339.5578 15.44657101  1304
STARLINK-3937           
1 52542U 22051K   22159.91668981 -.00712831  00000+0 -94560-2 0  9994
2 52542  53.2174 164.8863 0001210  69.3945 207.2282 15.59979554  1304
STARLINK-3926           
1 52543U 22051L   22159.91668981 -.00713016  00000+0 -94635-2 0  9994
2 52543  53.2174 164.8654 0001287  60.0352 214.3797 15.59965723  1300
STARLINK-3944           
1 52544U 22051M   22159.91668981 -.00830156  00000+0 -18896-1 0  9994
2 52544  53.2173 165.9921 0001587  34.9335 350.1650 15.45101932  1309
STARLINK-3939           
1 52545U 22051N   22159.91668981 -.00712866  00000+0 -94598-2 0  9996
2 52545  53.2174 164.8723 0001238  66.8683 208.2826 15.59970289  1304
STARLINK-3948           
1 52546U 22051P   22159.91668981 -.00712925  00000+0 -94566-2 0  9998
2 52546  53.2174 164.8960 0001293  57.9309 221.1108 15.59980986  1307
STARLINK-3869           
1 52547U 22051Q   22160.25001157 -.00833157  00000+0 -19513-1 0  9993
2 52547  53.2173 164.3984 0002021  27.4641  48.9659 15.44276913  4669
STARLINK-3931           
1 52548U 22051R   22159.91668981 -.00712569  00000+0 -94434-2 0  9998
2 52548  53.2175 164.9243 0001190  68.6069 214.1137 15.60003903  1304
STARLINK-3935           
1 52549U 22051S   22159.91668981 -.00712955  00000+0 -94587-2 0  9997
2 52549  53.2174 164.8912 0001298  57.3987 220.9070 15.59976405  4622
STARLINK-3965           
1 52550U 22051T   22159.91668981 -.00712886  00000+0 -94509-2 0  9996
2 52550  53.2174 164.9105 0001337  54.6284 226.6209 15.59994779  4624
STARLINK-3969           
1 52551U 22051U   22159.91668981 -.00712676  00000+0 -94515-2 0  9991
2 52551  53.2174 164.8967 0001262  61.4911 218.2867 15.59985381  4637
STARLINK-3966           
1 52552U 22051V   22159.91668981 -.00712608  00000+0 -94420-2 0  9992
2 52552  53.2175 164.9312 0001294  58.1893 225.2669 15.60008569  4624
STARLINK-3858           
1 52553U 22051W   22159.91668981 -.00712689  00000+0 -94501-2 0  9992
2 52553  53.2175 164.9036 0001219  59.8968 220.6168 15.59990049  4620
STARLINK-3770           
1 52554U 22051X   22159.91668981 -.00830378  00000+0 -18779-1 0  9991
2 52554  53.2173 165.9982 0001392  43.3700 347.7906 15.45292284  4615
STARLINK-3949           
1 52555U 22051Y   22159.91668981 -.00712662  00000+0 -94464-2 0  9993
2 52555  53.2175 164.9174 0001198  68.8637 213.1213 15.59999319  4621
STARLINK-3763           
1 52556U 22051Z   22159.91668981 -.00830631  00000+0 -18638-1 0  9999
2 52556  53.2173 166.0097 0001554  36.4731 357.9606 15.45519346  1307
STARLINK-3943           
1 52557U 22051AA  22159.91668981 -.00712672  00000+0 -94413-2 0  9990
2 52557  53.2175 164.9380 0001263  60.0298 224.1620 15.60013253  4622
STARLINK-3954           
1 52558U 22051AB  22159.91668981  .00002284  00000+0  20751-4 0  9996
2 52558  53.2164 164.4636 0002534  13.6048 118.4197 15.73138340  1304
STARLINK-3953           
1 52559U 22051AC  22159.91668981  .00010850  00000+0  81787-4 0  9991
2 52559  53.2178 164.4654 0002713  15.7743 115.0306 15.73152427  4630
STARLINK-3956           
1 52560U 22051AD  22160.25001157  .00611339  00000+0  41144-2 0  9998
2 52560  53.2174 162.7938 0002788  16.6765 205.8814 15.72838122  4689
STARLINK-3955           
1 52561U 22051AE  22159.91668981 -.00830916  00000+0 -18352-1 0  9994
2 52561  53.2173 166.0333 0001503  38.3673   1.9574 15.45977963  4616
STARLINK-3957           
1 52562U 22051AF  22159.91668981  .00013570  00000+0  10102-3 0  9999
2 52562  53.2163 164.4576 0002822  13.3262 121.6156 15.73183543  1302
STARLINK-3942           
1 52563U 22051AG  22160.25001157 -.00833113  00000+0 -18936-1 0  9991
2 52563  53.2173 164.4392 0001705  36.7640  56.3523 15.45152471  4667
STARLINK-3959           
1 52564U 22051AH  22159.91668981 -.00831052  00000+0 -18222-1 0  9995
2 52564  53.2173 166.0419 0001737  30.0156  14.6529 15.46186587  4614
STARLINK-3911           
1 52565U 22051AJ  22159.91668981 -.00011806  00000+0 -79918-4 0  9995
2 52565  53.2181 164.4577 0002680  15.4849 118.8946 15.73162907  4637
STARLINK-3938           
1 52566U 22051AK  22159.91668981 -.00832069  00000+0 -17354-1 0  9991
2 52566  53.2173 166.1205 0001500  38.9474  15.2207 15.47627253  4619
STARLINK-3929           
1 52567U 22051AL  22159.91668981  .00030359  00000+0  22031-3 0  9992
2 52567  53.2179 164.4559 0002853  13.8922 121.6646 15.73158546  4635
STARLINK-3930           
1 52568U 22051AM  22160.25001157 -.00007042  00000+0 -45795-4 0  9996
2 52568  53.2165 162.8027 0002887  19.4240 207.9405 15.73187930  4680
STARLINK-3927           
1 52569U 22051AN  22159.91668981  .00038844  00000+0  28064-3 0  9993
2 52569  53.2178 164.4544 0002874  10.1425 126.0385 15.73135329  1305
STARLINK-3924           
1 52570U 22051AP  22160.25001157 -.00035762  00000+0 -25172-3 0  9995
2 52570  53.2165 162.8005 0002975  17.1893 211.3997 15.73169329  4683
STARLINK-3901           
1 52574U 22051AQ  22159.91668981  .00049429  00000+0  35540-3 0  9997
2 52574  53.2180 164.4510 0002609  17.0439 120.9289 15.73140277  4637
STARLINK-3920           
1 52575U 22051AR  22159.91668981  .00078413  00000+0  55944-3 0  9993
2 52575  53.2164 164.4456 0002682  13.8318 127.1019 15.73133292  4639
STARLINK-3932           
1 52576U 22051AS  22159.91668981  .00018999  00000+0  13978-3 0  9998
2 52576  53.2180 164.4488 0002684  15.6653 123.4930 15.73147569  4630
STARLINK-3836           
1 52577U 22051AT  22159.91668981 -.00832323  00000+0 -17093-1 0  9996
2 52577  53.2173 166.1400 0001655  33.0809  26.4856 15.48067509  1307
STARLINK-3833           
1 52578U 22051AU  22159.91668981 -.00831965  00000+0 -17222-1 0  9992
2 52578  53.2173 166.1292 0001602  33.9186  23.5393 15.47840375  4616
STARLINK-3893           
1 52579U 22051AV  22160.25001157 -.00835114  00000+0 -17234-1 0  9991
2 52579  53.2173 164.5777 0002325  17.9304 104.0246 15.47932318  4660
STARLINK-3919           
1 52580U 22051AW  22160.25001157 -.00832763  00000+0 -17321-1 0  9997
2 52580  53.2173 164.5672 0001964  31.6117  88.1722 15.47703966  4665
STARLINK-3915           
1 52581U 22051AX  22160.25001157 -.00041165  00000+0 -29065-3 0  9996
2 52581  53.2171 162.7912 0002827  19.7758 213.5862 15.73166967  4682
STARLINK-3886           
1 52582U 22051AY  22160.25001157  .00012031  00000+0  90116-4 0  9991
2 52582  53.2165 162.7942 0003018  14.6306 216.9141 15.73172879  4681
STARLINK-3895           
1 52583U 22051AZ  22159.91668981  .00037416  00000+0  27031-3 0  9996
2 52583  53.2166 164.4379 0002954  18.0006 127.0771 15.73154478  1301
STARLINK-3922           
1 52584U 22051BA  22159.91668981  .00042944  00000+0  30913-3 0  9992
2 52584  53.2181 164.4398 0002686  15.1708 128.7181 15.73174874  1304
STARLINK-3906           
1 52585U 22051BB  22159.91668981  .00041314  00000+0  29794-3 0  9998
2 52585  53.2164 164.4352 0002681  12.9688 133.3199 15.73150002  1301
STARLINK-3910           
1 52586U 22051BC  22159.91668981  .00002413  00000+0  21651-4 0  9991
2 52586  53.2177 164.4356 0002499  17.4840 128.2219 15.73159514  4639
STARLINK-3867           
1 52587U 22051BD  22160.25001157 -.00039194  00000+0 -27610-3 0  9995
2 52587  53.2169 162.7872 0002726  24.2934 211.4109 15.73197535  4681
STARLINK-3917           
1 52588U 22051BE  22160.25001157 -.00035624  00000+0 -25066-3 0  9993
2 52588  53.2180 162.7823 0002790  22.8087 213.4875 15.73176745  4687
FALCON 9 DEB            
1 52589U 22051BF  22160.13189540  .00275251  42285-4  56667-3 0  9991
2 52589  53.2289 160.2942 0011013  22.5035 337.6477 15.98704089  4649
FALCON 9 DEB            
1 52595U 22051BG  22159.98981075  .00302138  49860-4  55648-3 0  9991
2 52595  53.2256 160.8135 0008635  20.8189 339.3193 16.00680036  4628
FALCON 9 DEB            
1 52596U 22051BH  22159.71628791  .00298028  49749-4  49559-3 0  9998
2 52596  53.2213 161.9244 0010983   3.5018 356.6089 16.02378166  4584
FALCON 9 DEB            
1 52597U 22051BJ  22159.71611996  .00321667  56131-4  54153-3 0  9993
2 52597  53.2176 161.9169 0008746 357.2191   2.8792 16.02203583  4585
STARLINK-4019           
1 52598U 22052A   22159.91668981 -.00828950  00000+0 -16538-1 0  9994
2 52598  53.2172 316.6175 0001269  83.4016 108.6629 15.48881173  4316
STARLINK-4024           
1 52599U 22052B   22159.91668981 -.00713506  00000+0 -77533-2 0  9998
2 52599  53.2172 315.6552 0001000  98.2721 267.0608 15.65058981  4336
STARLINK-4026           
1 52600U 22052C   22159.91668981 -.00713452  00000+0 -77483-2 0  9995
2 52600  53.2172 315.6690 0001012 104.3721 263.0065 15.65072919  4334
STARLINK-4027           
1 52601U 22052D   22159.91668981 -.00713787  00000+0 -77551-2 0  9993
2 52601  53.2172 315.6606 0001008  74.8322 291.1823 15.65063804  4332
STARLINK-4012           
1 52602U 22052E   22159.91668981 -.00713360  00000+0 -77487-2 0  9999
2 52602  53.2172 315.6650 0001001 104.1337 262.5630 15.65068220  4322
STARLINK-4016           
1 52603U 22052F   22159.91668981 -.00713526  00000+0 -77461-2 0  9996
2 52603  53.2172 315.6790 0000984  99.0124 270.9331 15.65083003  1305
STARLINK-4013           
1 52604U 22052G   22159.91668981 -.00713478  00000+0 -77472-2 0  9995
2 52604  53.2172 315.6728 0000989  95.7218 272.3391 15.65077585  1309
STARLINK-4000           
1 52605U 22052H   22160.16667824 -.00834628  00000+0 -16790-1 0  9996
2 52605  53.2174 315.4333 0001217  95.9806  52.4330 15.48664384  4350
STARLINK-3928           
1 52606U 22052J   22159.91668981 -.00713481  00000+0 -77458-2 0  9995
2 52606  53.2172 315.6765 0000981  94.1980 274.5448 15.65082252  1307
STARLINK-3947           
1 52607U 22052K   22159.91668981 -.00828974  00000+0 -16141-1 0  9991
2 52607  53.2172 316.6564 0001262  94.0243 102.2423 15.49567834  1306
STARLINK-3979           
1 52608U 22052L   22159.91668981 -.00713574  00000+0 -77464-2 0  9997
2 52608  53.2173 315.6822 0001000 101.6284 269.5198 15.65083736  1302
STARLINK-3997           
1 52609U 22052M   22159.91668981 -.00713487  00000+0 -77450-2 0  9996
2 52609  53.2172 315.6860 0000985  96.5371 277.0167 15.65085048  1302
STARLINK-3998           
1 52610U 22052N   22159.91668981 -.00829145  00000+0 -16278-1 0  9997
2 52610  53.2172 316.6429 0001265  89.8977 105.3236 15.49336015  1300
STARLINK-3980           
1 52611U 22052P   22160.16667824 -.00834795  00000+0 -16393-1 0  9997
2 52611  53.2174 315.4713 0001267  72.4484  80.8468 15.49346548  4353
STARLINK-4002           
1 52612U 22052Q   22159.91668981 -.00713581  00000+0 -77475-2 0  9992
2 52612  53.2173 315.6837 0000995  95.9679 276.9039 15.65080507  1307
STARLINK-3921           
1 52613U 22052R   22159.91668981  .00064773  00000+0  46350-3 0  9992
2 52613  53.2136 315.4955 0001127  58.9535  34.3972 15.73143228  1305
STARLINK-3982           
1 52614U 22052S   22160.16667824  .00030950  00000+0  22451-3 0  9993
2 52614  53.2140 314.2595 0001102  63.7194   5.6632 15.73159716  4379
STARLINK-4011           
1 52615U 22052T   22160.16667824 -.00835689  00000+0 -16288-1 0  9997
2 52615  53.2174 315.4815 0001232  83.2891  72.5567 15.49560753  4358
STARLINK-4015           
1 52616U 22052U   22159.91668981 -.00014742  00000+0 -10078-3 0  9996
2 52616  53.2137 315.4963 0001147  54.2880  39.6319 15.73206416  1304
STARLINK-3996           
1 52617U 22052V   22159.91668981 -.00017951  00000+0 -12370-3 0  9999
2 52617  53.2136 315.4884 0001265  59.5225  37.3824 15.73210224  1306
STARLINK-3983           
1 52618U 22052W   22159.91668981 -.00016899  00000+0 -11637-3 0  9995
2 52618  53.2137 315.4941 0001249  59.0300  35.5057 15.73172326  1301
STARLINK-3741           
1 52619U 22052X   22159.91668981  .00015440  00000+0  11445-3 0  9992
2 52619  53.2138 315.4867 0001259  54.0817  43.4865 15.73153695  1302
STARLINK-3975           
1 52620U 22052Y   22160.16667824 -.00789190  00000+0 -15194-1 0  9993
2 52620  53.2170 315.4957 0001365  84.6376  72.1627 15.49761594  4356
STARLINK-3984           
1 52621U 22052Z   22159.91668981  .00009788  00000+0  74191-4 0  9991
2 52621  53.2136 315.4829 0001285  57.5101  41.8393 15.73161552  1303
STARLINK-4008           
1 52622U 22052AA  22159.91668981  .00047114  00000+0  83334-3 0  9995
2 52622  53.2156 316.8229 0001183  78.3492 123.6085 15.49875493  1302
STARLINK-3986           
1 52623U 22052AB  22160.16667824 -.00047489  00000+0 -33595-3 0  9991
2 52623  53.2137 314.2413 0000982  65.4118  11.7052 15.73194190  4373
STARLINK-4009           
1 52624U 22052AC  22160.16667824  .00024057  00000+0  17583-3 0  9995
2 52624  53.2139 314.2471 0001100  73.6933   1.0695 15.73133044  4375
STARLINK-3988           
1 52625U 22052AD  22160.16667824 -.00042057  00000+0 -29717-3 0  9990
2 52625  53.2137 314.2398 0001233  73.1801   4.5170 15.73166475  4378
STARLINK-3990           
1 52626U 22052AE  22160.16667824  .00023674  00000+0  17296-3 0  9992
2 52626  53.2139 314.2461 0001253  65.1640  10.1940 15.73153064  4374
STARLINK-3992           
1 52627U 22052AF  22160.16667824  .00026230  00000+0  19140-3 0  9994
2 52627  53.2138 314.2363 0000992  69.5109   9.9847 15.73116028  4373
STARLINK-4001           
1 52628U 22052AG  22160.16667824 -.00008100  00000+0 -13494-3 0  9999
2 52628  53.2155 315.6338 0000968  83.9860  76.5851 15.49880440  4359
STARLINK-4022           
1 52629U 22052AH  22160.16667824 -.00070557  00000+0 -50054-3 0  9998
2 52629  53.2137 314.2351 0001207  79.2273   0.9418 15.73292130  4375
STARLINK-3989           
1 52630U 22052AJ  22159.91668981  .00082033  00000+0  58466-3 0  9991
2 52630  53.2137 315.4781 0000891  47.4228  54.3104 15.73142062  1305
STARLINK-3794           
1 52631U 22052AK  22159.91668981  .00064091  00000+0  45888-3 0  9990
2 52631  53.2137 315.4709 0000994  43.0018  61.7208 15.73134163  1309
STARLINK-3995           
1 52632U 22052AL  22160.16667824 -.00004078  00000+0 -24679-4 0  9992
2 52632  53.2138 314.2387 0001146  70.6421   8.3038 15.73180172  4373
STARLINK-3994           
1 52633U 22052AM  22159.91668981  .00084032  00000+0  59875-3 0  9990
2 52633  53.2135 315.4673 0001098  52.5620  53.9333 15.73138286  1301
STARLINK-3974           
1 52634U 22052AN  22159.91668981 -.00034016  00000+0 -23908-3 0  9998
2 52634  53.2138 315.4731 0001148  55.7155  48.3742 15.73185230  1307
STARLINK-3978           
1 52635U 22052AP  22159.91668981  .00064015  00000+0  45842-3 0  9990
2 52635  53.2136 315.4649 0000939  49.8681  57.8285 15.73130241  1308
STARLINK-3967           
1 52636U 22052AQ  22160.16667824 -.00068681  00000+0 -48884-3 0  9999
2 52636  53.2138 314.2321 0001252  68.2101  13.6753 15.73204726  4376
STARLINK-3961           
1 52637U 22052AR  22160.25001157 -.00033985  00000+0 -23872-3 0  9990
2 52637  53.2135 313.8116 0001085  70.3210 126.7613 15.73199221  4385
STARLINK-3941           
1 52638U 22052AS  22159.91668981  .00085313  00000+0  60739-3 0  9999
2 52638  53.2137 315.4691 0001241  63.3155  42.5419 15.73150961  1304
STARLINK-3968           
1 52639U 22052AT  22159.91668981  .00067162  00000+0  48032-3 0  9994
2 52639  53.2134 315.4592 0001256  63.4176  46.6478 15.73141858  1307
STARLINK-3977           
1 52640U 22052AU  22159.91668981  .00084308  00000+0  60065-3 0  9997
2 52640  53.2137 315.4665 0001085  43.0120  64.0831 15.73139768  1300
STARLINK-3991           
1 52641U 22052AV  22160.25001157  .00028869  00000+0  20948-3 0  9999
2 52641  53.2134 313.8060 0000764  72.2414 127.2259 15.73190866  4385
STARLINK-3971           
1 52642U 22052AW  22159.91668981  .00031443  00000+0  22812-3 0  9999
2 52642  53.2137 315.4624 0001154  63.2980  45.6086 15.73147021  1300
STARLINK-3963           
1 52643U 22052AX  22159.91668981 -.00007800  00000+0 -51255-4 0  9996
2 52643  53.2134 315.4538 0001162  60.0390  52.4415 15.73181363  1300
STARLINK-3985           
1 52644U 22052AY  22159.91668981  .00054444  00000+0  39022-3 0  9998
2 52644  53.2137 315.4613 0001219  38.2743  71.1491 15.73175846  1301
STARLINK-3973           
1 52645U 22052AZ  22159.91668981  .00006366  00000+0  49819-4 0  9995
2 52645  53.2133 315.4520 0001333  60.6324  52.4361 15.73160673  1306
STARLINK-3832           
1 52646U 22052BA  22159.91668981  .00020659  00000+0  15150-3 0  9997
2 52646  53.2136 315.4571 0000954  59.1739  52.0820 15.73160826  1303
STARLINK-3846           
1 52647U 22052BB  22160.16667824  .00027178  00000+0  19792-3 0  9991
2 52647  53.2135 314.2108 0001143  69.4795  21.4252 15.73141935  4372
STARLINK-3854           
1 52648U 22052BC  22159.91668981  .00033492  00000+0  24268-3 0  9998
2 52648  53.2138 315.4561 0001158  69.6767  42.2054 15.73143544  1308
STARLINK-3868           
1 52649U 22052BD  22159.91668981  .00002817  00000+0  24514-4 0  9991
2 52649  53.2132 315.4510 0001265  47.1152  66.5303 15.73164108  1300
STARLINK-3891           
1 52650U 22052BE  22159.91668981  .00032483  00000+0  23548-3 0  9990
2 52650  53.2136 315.4498 0001281  56.7311  58.1340 15.73148017  1301
FALCON 9 DEB            
1 52651U 22052BF  22159.90505476  .00185879  25056-4  40810-3 0  9991
2 52651  53.2076 312.6225 0015612 331.1867  28.8299 15.97540999  3996
FALCON 9 DEB            
1 52652U 22052BG  22160.14400727  .00235612  33921-4  47903-3 0  9994
2 52652  53.2061 311.2624 0016704 337.5285  22.5013 15.98801646  4037
FALCON 9 DEB            
1 52653U 22052BH  22160.12118822  .00309343  52073-4  54868-3 0  9995
2 52653  53.2054 311.1169 0013741 329.8873  30.1368 16.01204367  4038
FALCON 9 DEB            
1 52654U 22052BJ  22159.92470426  .00477377  11324-3  78779-3 0  9996
2 52654  53.2101 312.0278 0013003 335.8861  24.1562 16.02397004  4006
STARLINK-4004           
1 52656U 22053A   22159.91668981 -.00713181  00000+0 -73234-2 0  9996
2 52656  53.2175 191.6137 0001278  58.9927 129.6834 15.66457350  1304
STARLINK-4084           
1 52657U 22053B   22159.91668981 -.00713188  00000+0 -73276-2 0  9990
2 52657  53.2175 191.6079 0001263  63.2377 123.4360 15.66443615  1307
STARLINK-4082           
1 52658U 22053C   22159.91668981 -.00713151  00000+0 -73244-2 0  9996
2 52658  53.2175 191.6103 0001303  58.3119 129.6968 15.66452692  1307
STARLINK-3960           
1 52659U 22053D   22159.91668981 -.00713118  00000+0 -73254-2 0  9991
2 52659  53.2174 191.6100 0001295  59.6193 127.7219 15.66448145  1306
STARLINK-4081           
1 52660U 22053E   22159.91668981 -.00713173  00000+0 -73218-2 0  9994
2 52660  53.2175 191.6165 0001336  54.5405 134.8028 15.66462002  1301
STARLINK-4042           
1 52661U 22053F   22159.91668981 -.00713215  00000+0 -73210-2 0  9994
2 52661  53.2175 191.6192 0001282  59.5596 130.4509 15.66466680  1300
STARLINK-4044           
1 52662U 22053G   22159.91668981 -.00713207  00000+0 -73181-2 0  9993
2 52662  53.2175 191.6258 0001305  57.3401 134.0048 15.66475961  1301
STARLINK-4037           
1 52663U 22053H   22159.91668981 -.00713240  00000+0 -73172-2 0  9991
2 52663  53.2175 191.6285 0001253  62.6628 129.3492 15.66480629  1301
STARLINK-4070           
1 52664U 22053J   22159.91668981 -.00713137  00000+0 -73185-2 0  9991
2 52664  53.2175 191.6226 0001398  50.9401 139.7376 15.66471271  1305
STARLINK-4064           
1 52665U 22053K   22159.91668981 -.00713181  00000+0 -73100-2 0  9998
2 52665  53.2175 191.6362 0001716  35.7428 158.9373 15.66499010  1302
STARLINK-4079           
1 52666U 22053L   22159.91668981 -.00713116  00000+0 -73136-2 0  9996
2 52666  53.2175 191.6318 0001623  39.8036 152.8754 15.66485209  1302
STARLINK-4076           
1 52667U 22053M   22159.91668981 -.00713209  00000+0 -73099-2 0  9998
2 52667  53.2175 191.6392 0001298  59.9401 135.4069 15.66503684  1306
STARLINK-4067           
1 52668U 22053N   22159.91668981 -.00713161  00000+0 -73134-2 0  9996
2 52668  53.2175 191.6347 0001327  55.8014 137.5446 15.66489863  1309
STARLINK-3972           
1 52669U 22053P   22159.91668981 -.00713195  00000+0 -73055-2 0  9996
2 52669  53.2175 191.6483 0001338  56.4995 140.8477 15.66517642  1306
STARLINK-4075           
1 52670U 22053Q   22159.91668981 -.00713167  00000+0 -73120-2 0  9990
2 52670  53.2175 191.6366 0001370  52.7008 141.3122 15.66494475  1309
STARLINK-4071           
1 52671U 22053R   22159.91668981 -.00713296  00000+0 -73054-2 0  9990
2 52671  53.2175 191.6513 0001268  61.0920 136.9218 15.66522315  1307
STARLINK-4073           
1 52672U 22053S   22159.91668981 -.00713252  00000+0 -73090-2 0  9993
2 52672  53.2175 191.6425 0001294  59.0560 136.9578 15.66508357  1305
STARLINK-3976           
1 52673U 22053T   22159.91668981 -.00713267  00000+0 -73023-2 0  9996
2 52673  53.2176 191.6573 0001280  61.1093 138.2378 15.66531588  1306
STARLINK-3936           
1 52674U 22053U   22159.91668981 -.00713192  00000+0 -73070-2 0  9996
2 52674  53.2175 191.6454 0001276  61.8446 134.8360 15.66512962  1306
STARLINK-3934           
1 52675U 22053V   22159.91668981  .00059140  00000+0  42383-3 0  9995
2 52675  53.2154 191.5054 0002435  15.3106 238.0514 15.73142772  1308
STARLINK-4006           
1 52676U 22053W   22159.91668981 -.00713214  00000+0 -73031-2 0  9990
2 52676  53.2175 191.6545 0001276  62.5611 136.1193 15.66526929  1308
STARLINK-4028           
1 52677U 22053X   22160.25001157 -.00005496  00000+0 -34814-4 0  9990
2 52677  53.2152 189.8550 0002528  19.0594 324.2866 15.73156550  3752
STARLINK-4074           
1 52678U 22053Y   22159.91668981  .00009684  00000+0  73463-4 0  9990
2 52678  53.2155 191.5074 0002670  19.0265 233.7368 15.73160284  1309
STARLINK-4031           
1 52679U 22053Z   22160.25001157 -.00004766  00000+0 -29554-4 0  9996
2 52679  53.2167 189.8515 0002612  21.3909 323.7477 15.73187124  3754
STARLINK-3774           
1 52680U 22053AA  22159.91668981 -.00020211  00000+0 -14005-3 0  9990
2 52680  53.2151 191.5045 0002365  16.7629 237.1940 15.73174767  1300
STARLINK-4068           
1 52681U 22053AB  22159.91668981 -.00006888  00000+0 -44726-4 0  9999
2 52681  53.2152 191.4973 0002891   8.6983 248.2316 15.73170971  1301
STARLINK-4017           
1 52682U 22053AC  22160.25001157 -.00003904  00000+0 -23430-4 0  9990
2 52682  53.2154 189.8541 0002547  16.6220 327.2993 15.73166560  3756
STARLINK-4039           
1 52683U 22053AD  22159.91668981  .00055551  00000+0  39869-3 0  9991
2 52683  53.2151 191.4951 0002538  18.3562 239.7920 15.73134082  1306
STARLINK-4014           
1 52684U 22053AE  22160.25001157 -.00003923  00000+0 -23559-4 0  9995
2 52684  53.2152 189.8522 0002680  20.7092 323.8284 15.73167821  3752
STARLINK-4029           
1 52685U 22053AF  22159.91668981  .00048498  00000+0  34885-3 0  9998
2 52685  53.2150 191.4912 0002413  22.7224 237.2092 15.73139379  1307
STARLINK-4005           
1 52686U 22053AG  22159.91668981 -.00007556  00000+0 -49505-4 0  9997
2 52686  53.2152 191.4970 0002479  17.7114 239.7787 15.73171913  1306
STARLINK-3981           
1 52687U 22053AH  22159.91668981 -.00004468  00000+0 -27448-4 0  9999
2 52687  53.2151 191.4899 0002462  14.5551 245.9300 15.73176408  1302
STARLINK-4032           
1 52688U 22053AJ  22160.25001157 -.00004306  00000+0 -26277-4 0  9995
2 52688  53.2150 189.8461 0002493  21.4894 326.0170 15.73184638  3750
STARLINK-4078           
1 52689U 22053AK  22160.25001157 -.00006773  00000+0 -43926-4 0  9996
2 52689  53.2165 189.8387 0002502  22.8735 328.2294 15.73164773  3753
STARLINK-4035           
1 52690U 22053AL  22159.91668981 -.00019262  00000+0 -13320-3 0  9994
2 52690  53.2164 191.4940 0002423  20.2859 239.0081 15.73184002  1308
STARLINK-3945           
1 52691U 22053AM  22160.25001157 -.00002170  00000+0 -11040-4 0  9998
2 52691  53.2167 189.8376 0002569  19.8827 331.8134 15.73187930  3750
STARLINK-3993           
1 52692U 22053AN  22159.91668981  .00070436  00000+0  50336-3 0  9992
2 52692  53.2170 191.4906 0002399  13.9403 246.9238 15.73138523  1303
STARLINK-3946           
1 52693U 22053AP  22159.91668981  .00072566  00000+0  51860-3 0  9992
2 52693  53.2168 191.4835 0002536  24.2820 239.8175 15.73125520  1307
STARLINK-4072           
1 52694U 22053AQ  22160.25001157 -.00006943  00000+0 -45124-4 0  9993
2 52694  53.2167 189.8407 0002655  20.5581 329.9299 15.73172260  3750
STARLINK-4041           
1 52695U 22053AR  22159.91668981 -.00022781  00000+0 -15810-3 0  9995
2 52695  53.2166 191.4804 0002409  12.7265 252.5567 15.73229441  1301
STARLINK-4025           
1 52696U 22053AS  22160.25001157 -.00005115  00000+0 -32069-4 0  9999
2 52696  53.2168 189.8366 0002649  20.3066 331.9745 15.73169727  3759
STARLINK-4018           
1 52697U 22053AT  22159.91668981 -.00003737  00000+0 -22232-4 0  9994
2 52697  53.2168 191.4785 0002259  17.0419 249.3963 15.73173558  1306
STARLINK-4030           
1 52698U 22053AU  22160.25001157 -.00002441  00000+0 -12970-4 0  9999
2 52698  53.2150 189.8330 0002373  22.0617 331.4307 15.73194792  3757
STARLINK-3987           
1 52699U 22053AV  22159.91668981  .00056381  00000+0  40440-3 0  9997
2 52699  53.2167 191.4759 0002421  24.0231 243.6309 15.73142481  1301
STARLINK-4034           
1 52700U 22053AW  22159.91668981  .00054064  00000+0  38831-3 0  9997
2 52700  53.2165 191.4800 0002252  14.7768 251.1056 15.73128525  1308
STARLINK-4003           
1 52701U 22053AX  22160.25001157 -.00001799  00000+0 -83954-5 0  9990
2 52701  53.2168 189.8250 0002429  12.7037 344.9341 15.73184980  3751
STARLINK-4033           
1 52702U 22053AY  22159.91668981  .00039367  00000+0  28331-3 0  9992
2 52702  53.2166 191.4771 0002639  16.9228 250.2216 15.73221606  1304
STARLINK-4020           
1 52703U 22053AZ  22159.91668981 -.00005848  00000+0 -37281-4 0  9997
2 52703  53.2162 191.4701 0002232  18.0472 252.5358 15.73187587  1308
STARLINK-3999           
1 52704U 22053BA  22159.91668981  .00070058  00000+0  50077-3 0  9998
2 52704  53.2168 191.4750 0002264  15.5329 252.7260 15.73135635  1308
STARLINK-3844           
1 52705U 22053BB  22160.25001157 -.00002222  00000+0 -11422-4 0  9996
2 52705  53.2163 189.8219 0002384  25.4172 333.4225 15.73166541  3753
STARLINK-3970           
1 52706U 22053BC  22160.25001157 -.00005202  00000+0 -32713-4 0  9994
2 52706  53.2165 189.8238 0002543  21.3579 336.8836 15.73157396  3753
STARLINK-4007           
1 52707U 22053BD  22160.25001157 -.00003060  00000+0 -17386-4 0  9994
2 52707  53.2164 189.8196 0002641  15.1390 344.9056 15.73187834  3751
STARLINK-3962           
1 52708U 22053BE  22160.25001157 -.00005597  00000+0 -35508-4 0  9998
2 52708  53.2167 189.8194 0002288  21.7639 338.8739 15.73176040  3756
FALCON 9 DEB            
1 52709U 22053BF  22160.05991161  .00180822  23909-4  44808-3 0  9993
2 52709  53.2039 188.5189 0014047   2.0683 358.0402 15.95398253  4569
FALCON 9 DEB            
1 52710U 22053BG  22159.80183915  .00189245  25282-4  44870-3 0  9999
2 52710  53.2034 189.7508 0015065   9.6632 350.4685 15.96162867  4528
FALCON 9 DEB            
1 52711U 22053BH  22159.78419822  .00235100  33579-4  50345-3 0  9990
2 52711  53.2043 189.6403 0011116  15.8005 344.3370 15.98037885  4524
FALCON 9 DEB            
1 52712U 22053BJ  22160.15307100  .00273865  42100-4  55291-3 0  9994
2 52712  53.2074 187.6788 0013081  23.6156 336.5473 15.98999276  4584
COSMOS 2556             
1 52713U 22054A   22160.22003853  .00000350  00000+0  34226-4 0  9993
2 52713  97.6919  74.4732 0011449 207.9669 152.0925 14.98466999  3143
2022-054B               
1 52714U 22054B   22160.20746653  .00028021  00000+0  44840-3 0  9991
2 52714  97.6967  75.7128 0150225   1.1879 166.8569 15.41220986  3211
2022-056A               
1 52716U 22056A   22160.08770314  .00000124  00000+0  67312-4 0  9996
2 52716  86.0006 311.5405 0017853 241.9262 118.0108 14.03849790  2761
2022-056B               
1 52717U 22056B   22160.11946842 -.00539373  00000+0 -42983+0 0  9999
2 52717  86.0042 311.5616 0025908 274.3509  85.5319 13.93811431  2761
2022-056C               
1 52718U 22056C   22160.08771351  .00000121  00000+0  65762-4 0  9994
2 52718  86.0006 311.5401 0012951 234.9918 125.0042 14.03334850  2764
2022-057A               
1 52732U 22057A   22159.78473231  .00005963  00000+0  35563-3 0  9996
2 52732  97.5199 274.5935 0009126 207.9723 152.1018 15.11495122  2128
2022-057B               
1 52733U 22057B   22160.18125688  .00006479  00000+0  38525-3 0  9997
2 52733  97.5097 274.9653 0007674 200.6801 159.4119 15.11579488  2186
2022-057C               
1 52734U 22057C   22160.17967840  .00007836  00000+0  46248-3 0  9990
2 52734  97.5169 274.9812 0009236 201.1500 158.9350 15.11772063  2187
2022-057D               
1 52735U 22057D   22160.17975321  .00004030  00000+0  24022-3 0  9993
2 52735  97.5138 274.9751 0008909 197.3188 162.7740 15.11704781  2188
2022-057E               
1 52736U 22057E   22160.17928717  .00005645  00000+0  33427-3 0  9993
2 52736  97.5074 274.9635 0007842 193.9057 166.1958 15.11781183  2181
2022-057F               
1 52737U 22057F   22160.17912154  .00001894  00000+0  11482-3 0  9991
2 52737  97.5152 274.9782 0008804 193.3660 166.7339 15.11744682  2187
2022-057G               
1 52738U 22057G   22159.84757304  .00003575  00000+0  21284-3 0  9997
2 52738  97.5111 274.6456 0008329 191.4878 168.6164 15.11828486  2137
2022-057H               
1 52739U 22057H   22160.17854646  .00002571  00000+0  15418-3 0  9990
2 52739  97.5194 274.9874 0009394 194.5397 165.5564 15.11811558  2186
2022-057J               
1 52740U 22057J   22159.84701129  .00004904  00000+0  28978-3 0  9998
2 52740  97.5274 274.6784 0010796 200.1578 159.9228 15.11907316  2134
2022-057K               
1 52741U 22057K   22160.17795872  .00005820  00000+0  34323-3 0  9994
2 52741  97.5216 274.9923 0010309 195.9707 164.1200 15.11901623  2182
2022-057L               
1 52742U 22057L   22159.84672318  .00005611  00000+0  33074-3 0  9996
2 52742  97.5143 274.6532 0008633 190.2232 169.8824 15.11949548  2130
2022-057M               
1 52743U 22057M   22160.17733369  .00003519  00000+0  20884-3 0  9999
2 52743  97.5119 274.9741 0008787 187.9776 172.1316 15.11955500  2188
2022-057N               
1 52744U 22057N   22159.71343109  .00002117  00000+0  12696-3 0  9992
2 52744  97.5218 274.5389 0010062 192.2532 167.8455 15.11994697  2119
2022-057P               
1 52745U 22057P   22160.17551211  .00001490  00000+0  90206-4 0  9997
2 52745  97.5134 274.9777 0009276 181.7506 178.3694 15.12119761  2182
2022-057Q               
1 52746U 22057Q   22160.17536594  .00000968  00000+0  59872-4 0  9998
2 52746  97.5097 274.9716 0009386 181.9874 178.1321 15.12125201  2187
2022-057R               
1 52747U 22057R   22160.17488582  .00002598  00000+0  15408-3 0  9999
2 52747  97.5188 274.9917 0010205 186.2611 173.8493 15.12200137  2185
2022-057S               
1 52748U 22057S   22160.17470255  .00002574  00000+0  15261-3 0  9999
2 52748  97.5148 274.9827 0009788 180.7962 179.3255 15.12219345  2182
2022-057T               
1 52749U 22057T   22160.17398513  .00004339  00000+0  25391-3 0  9992
2 52749  97.5149 274.9839 0009974 178.8491 181.2764 15.12322633  2181
2022-057U               
1 52750U 22057U   22159.77107919  .00008966  00000+0  50951-3 0  9996
2 52750  97.5211 274.6207 0012545 184.9696 175.1413 15.13064435  2123
2022-057V               
1 52751U 22057V   22159.84358848  .00001509  00000+0  91019-4 0  9991
2 52751  97.5125 274.6516 0009807 179.8520 180.2715 15.12228212  2134
2022-057W               
1 52752U 22057W   22160.17398972  .00002585  00000+0  15296-3 0  9999
2 52752  97.5169 274.9891 0010184 182.0193 178.0998 15.12295056  2187
2022-057X               
1 52753U 22057X   22160.17311040  .00008204  00000+0  47488-3 0  9993
2 52753  97.5139 274.9831 0010441 178.8463 181.2794 15.12446655  2181
2022-057Y               
1 52754U 22057Y   22159.84227689  .00005871  00000+0  34130-3 0  9998
2 52754  97.5178 274.6656 0010376 182.4723 177.6458 15.12418084  2130
2022-057Z               
1 52755U 22057Z   22160.17276281  .00004398  00000+0  25635-3 0  9992
2 52755  97.5168 274.9920 0010452 181.0391 179.0820 15.12454917  2187
2022-057AA              
1 52756U 22057AA  22160.17240456  .00000190  00000+0  14639-4 0  9997
2 52756  97.5127 274.9833 0010845 178.1130 182.0144 15.12467634  2183
2022-057AB              
1 52757U 22057AB  22160.17219966  .00001487  00000+0  89143-4 0  9992
2 52757  97.5179 274.9932 0011008 181.7763 178.3430 15.12467517  2181
2022-057AC              
1 52758U 22057AC  22160.17058190  .00004474  00000+0  25902-3 0  9994
2 52758  97.5175 274.9955 0011639 181.2964 178.8239 15.12684329  2185
2022-057AD              
1 52759U 22057AD  22160.17020002  .00004124  00000+0  23879-3 0  9999
2 52759  97.5168 274.9949 0011789 181.4908 178.6290 15.12719142  2184
2022-057AE              
1 52760U 22057AE  22159.83979609  .00000972  00000+0  59290-4 0  9992
2 52760  97.5157 274.6635 0011836 179.4843 180.6402 15.12629148  2130
2022-057AF              
1 52761U 22057AF  22160.16992068  .00001217  00000+0  73115-4 0  9990
2 52761  97.5170 274.9936 0012209 179.3482 180.7767 15.12700231  2189
2022-057AG              
1 52762U 22057AG  22160.16915399  .00003602  00000+0  20845-3 0  9994
2 52762  97.5168 274.9963 0012198 181.7038 178.4153 15.12825418  2186
SHERPA-AC1              
1 52763U 22057AH  22159.83799209  .00001379  00000+0  82076-4 0  9991
2 52763  97.5174 274.6699 0012588 178.1904 181.9375 15.12831267  2131
2022-057AJ              
1 52764U 22057AJ  22159.83689199  .00002608  00000+0  15134-3 0  9994
2 52764  97.5145 274.6657 0012845 176.1321 184.0011 15.12970569  2131
2022-057AK              
1 52765U 22057AK  22159.83500849  .00002774  00000+0  15978-3 0  9999
2 52765  97.5205 274.6803 0013725 174.3736 185.7652 15.13177537  2134
FORESAIL 1              
1 52766U 22057AL  22159.83490878  .00002483  00000+0  14333-3 0  9991
2 52766  97.5209 274.6821 0014044 177.3845 182.7462 15.13184478  2136
2022-057AM              
1 52767U 22057AM  22159.83437703  .00005387  00000+0  30575-3 0  9992
2 52767  97.5135 274.6679 0013572 173.9074 186.2325 15.13284677  2136
2022-057AN              
1 52768U 22057AN  22159.83415448  .00005372  00000+0  30468-3 0  9990
2 52768  97.5135 274.6681 0013677 173.6870 186.4536 15.13307870  2134
2022-057AP              
1 52769U 22057AP  22159.83372720  .00006418  00000+0  36250-3 0  9993
2 52769  97.5252 274.6928 0014724 179.1725 180.9533 15.13370132  2130
2022-057AQ              
1 52770U 22057AQ  22159.83363105  .00002174  00000+0  12550-3 0  9994
2 52770  97.5141 274.6701 0013506 168.5436 191.6105 15.13317359  2132
2022-057AR              
1 52771U 22057AR  22159.83238532  .00003568  00000+0  20270-3 0  9996
2 52771  97.5178 274.6791 0014446 170.7249 189.4252 15.13473956  2137
2022-057AS              
1 52772U 22057AS  22159.83155654  .00002652  00000+0  15127-3 0  9998
2 52772  97.5157 274.6758 0014841 169.6104 190.5437 15.13548576  2133
2022-057AT              
1 52773U 22057AT  22159.83723888  .00006751  00000+0  38490-3 0  9991
2 52773  97.5209 274.6850 0012644 184.5740 175.5377 15.13040638  2138
2022-058A               
1 52785U 22058A   22160.13508157  .00001011  00000+0  13950-3 0  9998
2 52785  49.9978 228.3006 0012091 310.7386  49.2502 14.86367603  1048
2022-058B               
1 52786U 22058B   22160.13453158  .00001046  00000+0  14303-3 0  9990
2 52786  50.0030 228.3003 0012043 314.3490  45.6469 14.86486362  1025
2022-058C               
1 52787U 22058C   22160.20139513  .00001072  00000+0  14570-3 0  9990
2 52787  49.9931 227.9797 0012687 314.4413  45.5488 14.86561457  1038
2022-058D               
1 52788U 22058D   22160.13348249  .00001047  00000+0  14252-3 0  9990
2 52788  50.0076 228.2954 0012932 316.7889  43.2035 14.86710135  1027
2022-058E               
1 52789U 22058E   22160.13286552  .00001079  00000+0  14560-3 0  9996
2 52789  49.9908 228.2832 0013896 317.4388  42.5474 14.86840124  1027
2022-058F               
1 52790U 22058F   22160.13163685  .00000942  00000+0  12969-3 0  9998
2 52790  50.0088 228.2841 0014095 322.6314  37.3645 14.87103480  1020
2022-058G               
1 52791U 22058G   22160.13097273  .00001022  00000+0  13798-3 0  9999
2 52791  49.9927 228.2715 0015141 322.8082  37.1804 14.87244027  1025
2022-058H               
1 52792U 22058H   22160.27819563  .00000977  00000+0  13243-3 0  9992
2 52792  49.9966 227.5761 0016010 325.1091 109.0649 14.87453828  1043
2022-058J               
1 52793U 22058J   22160.12940170  .00001119  00000+0  14745-3 0  9993
2 52793  50.0021 228.2667 0016230 327.1948  32.7986 14.87581292  1053
CZ-2C R/B               
1 52794U 22058K   22159.89085575  .00001707  00000+0  10743-3 0  9992
2 52794  50.1749 228.6475 0103997  66.5490 294.6331 15.10750924   998
PROGRESS-MS 20          
1 52795U 22059A   22159.31250756  .00005396  00000+0  10278-3 0  9997
2 52795  51.6456  20.5456 0004405 208.1598 301.7480 15.49910331343802
SHENZHOU 14             
1 52797U 22060A   22159.50719685  .00002816  00000+0  37975-4 0  9991
2 52797  41.4722 271.7016 0004605 235.6042 223.1682 15.59952782 63414
2022-060B               
1 52798U 22060B   22159.65005418  .00684924  75874-5  47449-3 0  9999
2 52798  41.4706 269.4499 0095687 150.0733 210.6727 16.05785882   568
2022-060C               
1 52799U 22060C   22158.63088778  .13393469  67337-5  55675-2 0  9996
2 52799  41.3128 276.8905 0142897 134.7881 263.1502 16.02431565   409
2022-060D               
1 52800U 22060D   22159.64835821  .08579681  72702-5  28536-2 0  9994
2 52800  41.3762 270.3417 0116427 139.3137 314.9335 16.09928926   563
2022-060E               
1 52801U 22060E   22157.36932009 -.00002194  69449-5  00000+0 0  9998
2 52801  41.0685 284.5238 0123495 165.3532 231.9799 15.84772631   197
2022-060F               
1 52802U 22060F   22157.67621979 -.00002353  74520-5  00000+0 0  9997
2 52802  41.6324 282.1422 0195064 154.0855 207.6986 15.86012985   297
NILESAT 301             
1 52817U 22061A   22160.12866137 -.00000156  00000+0  00000+0 0  9990
2 52817  18.6446  45.2435 7693065 179.0170 147.0557  1.75839189    08
FALCON 9 R/B            
1 52818U 22061B   22160.19712950 -.00016179  00000+0 -20396-1 0  9996
2 52818  18.6380  45.2651 7694593 179.0310 190.1719  1.75629315    06
