CHINASAT 1E (ZX 1E)     
1 53813U 22112A   22285.74643866 -.00000155  00000+0  00000+0 0  9991
2 53813   1.4501 280.1139 0002607 269.0681 182.2046  1.00273234   380
CZ-7A R/B               
1 53814U 22112B   22285.76140576  .00007457 -47093-4  00000+0 0  9994
2 53814  13.8689 183.5196 2056716 229.2473 131.6300 11.79500456  1000
STRIX-1                 
1 53815U 22113A   22285.77376702  .00006449  00000+0  52189-3 0  9999
2 53815  97.6610 336.2815 0012688 208.5755 151.4753 15.00035153  4034
ELECTRON KICK STAGE R/B 
1 53817U 22113C   22285.96636218  .00007873  00000+0  62851-3 0  9992
2 53817  97.6582 336.4856 0013000 200.7528 159.3167 15.00479563  4068
STARLINK-4749           
1 53818U 22114A   22285.91667824 -.00019954  00000+0 -13801-3 0  9992
2 53818  53.2173 140.6661 0000810 115.1749 123.9358 15.73215116  4332
STARLINK-4738           
1 53819U 22114B   22285.91667824  .00070386  00000+0  50256-3 0  9992
2 53819  53.2174 140.6590 0001455  81.8249 160.2911 15.73160913  4338
STARLINK-4758           
1 53820U 22114C   22285.91667824 -.00000606  00000+0  99349-7 0  9993
2 53820  53.2175 140.6653 0001268 119.2922 120.4186 15.73204167  1303
STARLINK-4752           
1 53821U 22114D   22285.91667824  .00087219  00000+0  61244-3 0  9997
2 53821  53.2140 140.6550 0001218 106.1833 136.7198 15.73465252  4336
STARLINK-4748           
1 53823U 22114F   22285.91667824 -.00003878  00000+0 -23225-4 0  9998
2 53823  53.2174 139.1124 0001038  25.1948 251.1041 15.73206129  4359
STARLINK-4757           
1 53824U 22114G   22285.91667824 -.00019413  00000+0 -13413-3 0  9998
2 53824  53.2174 140.6584 0001378  75.7748 167.5085 15.73214749  4336
STARLINK-4751           
1 53825U 22114H   22285.91667824 -.00020613  00000+0 -14272-3 0  9997
2 53825  53.2173 140.6586 0001020  78.3116 164.3755 15.73215460  4330
STARLINK-4756           
1 53826U 22114J   22285.91667824 -.00000668  00000+0 -34435-6 0  9992
2 53826  53.2175 140.6534 0001183 129.3469 116.3250 15.73204185  4333
STARLINK-4764           
1 53827U 22114K   22285.91667824 -.00000833  00000+0 -15222-5 0  9999
2 53827  53.2175 140.6565 0001122  47.2354 196.6482 15.73204273  4338
STARLINK-4760           
1 53828U 22114L   22285.91667824 -.00000672  00000+0 -37446-6 0  9994
2 53828  53.2175 140.6522 0001100 104.9584 141.3096 15.73204179  4337
STARLINK-4759           
1 53829U 22114M   22285.91667824 -.00000786  00000+0 -11863-5 0  9995
2 53829  53.2175 140.6554 0001215  62.0682 182.4115 15.73204249  4339
STARLINK-4761           
1 53830U 22114N   22285.91667824 -.00000713  00000+0 -65984-6 0  9991
2 53830  53.2175 140.6499 0001280  97.3683 150.0920 15.73204206  4331
STARLINK-4649           
1 53831U 22114P   22285.91667824 -.00000636  00000+0 -10844-6 0  9991
2 53831  53.2175 140.6543 0001535 102.6647 142.4112 15.73204173  1300
STARLINK-4747           
1 53832U 22114Q   22285.91667824 -.00000689  00000+0 -48507-6 0  9997
2 53832  53.2175 140.6475 0001574  97.2091 151.4433 15.73204193  4334
STARLINK-4771           
1 53833U 22114R   22285.91667824  .00016524  00000+0  12195-3 0  9992
2 53833  53.2174 140.6500 0000909 109.1100 137.7596 15.73193611  1301
STARLINK-4737           
1 53834U 22114S   22285.91667824 -.00000723  00000+0 -73279-6 0  9992
2 53834  53.2175 140.6452 0001225 111.7998 138.0449 15.73204206  4335
STARLINK-4783           
1 53835U 22114T   22285.91667824 -.00000719  00000+0 -70569-6 0  9997
2 53835  53.2175 140.6484 0001572  85.3450 162.7114 15.73204210  4333
STARLINK-4778           
1 53836U 22114U   22285.91667824 -.00000790  00000+0 -12131-5 0  9997
2 53836  53.2175 140.6429 0001324  84.7845 166.2524 15.73204239  4334
STARLINK-4776           
1 53837U 22114V   22285.91667824 -.00000719  00000+0 -70401-6 0  9994
2 53837  53.2175 140.6460 0001246 107.7924 141.4562 15.73204205  1301
STARLINK-4773           
1 53838U 22114W   22285.91667824 -.00001192  00000+0 -40840-5 0  9994
2 53838  53.2175 140.6418 0000775  87.5258 164.1071 15.73204481  4335
STARLINK-4784           
1 53839U 22114X   22285.91667824 -.00000747  00000+0 -90521-6 0  9992
2 53839  53.2175 140.6437 0001432  91.9557 158.4852 15.73204219  1305
STARLINK-4766           
1 53840U 22114Y   22285.91667824 -.00000745  00000+0 -88893-6 0  9991
2 53840  53.2175 140.6382 0001451 107.9080 145.5134 15.73204212  1309
STARLINK-4750           
1 53841U 22114Z   22285.91667824 -.00000795  00000+0 -12502-5 0  9990
2 53841  53.2175 140.6401 0001218  93.1481 159.0810 15.73204239  4330
STARLINK-4754           
1 53842U 22114AA  22285.91667824 -.00000779  00000+0 -11407-5 0  9996
2 53842  53.2175 140.6358 0000895  82.0868 172.5268 15.73204184  4334
STARLINK-4769           
1 53843U 22114AB  22285.91667824 -.00000772  00000+0 -10864-5 0  9996
2 53843  53.2175 140.6390 0001332  99.7956 153.0297 15.73204227  4335
STARLINK-4745           
1 53844U 22114AC  22285.91667824 -.00000877  00000+0 -18344-5 0  9994
2 53844  53.2175 140.6334 0000971  93.5295 162.2763 15.73204274  4332
STARLINK-4753           
1 53845U 22114AD  22285.91667824  .00012018  00000+0  89933-4 0  9994
2 53845  53.2173 140.6366 0001212  86.3638 167.6574 15.73196361  1306
STARLINK-4746           
1 53846U 22114AE  22285.91667824 -.00000816  00000+0 -13998-5 0  9999
2 53846  53.2175 140.6309 0001233 115.3585 141.6395 15.73204242  4330
STARLINK-4777           
1 53847U 22114AF  22285.91667824 -.00000794  00000+0 -12345-5 0  9990
2 53847  53.2175 140.6343 0001468  99.1089 156.1008 15.73204234  4330
STARLINK-4780           
1 53848U 22114AG  22285.91667824 -.00000850  00000+0 -16442-5 0  9996
2 53848  53.2175 140.6286 0001026 110.8190 147.3712 15.73204252  4335
STARLINK-4770           
1 53849U 22114AH  22285.91667824 -.00000823  00000+0 -14439-5 0  9991
2 53849  53.2175 140.6319 0001413  98.0554 158.3465 15.73204247  4335
STARLINK-4767           
1 53850U 22114AJ  22285.91667824 -.00017559  00000+0 -12088-3 0  9993
2 53850  53.2174 140.6246 0001366  86.6433 173.3320 15.73213549  4333
STARLINK-4755           
1 53851U 22114AK  22285.91667824 -.00000806  00000+0 -13292-5 0  9991
2 53851  53.2175 140.6297 0001275 106.8750 150.7191 15.73204231  4330
STARLINK-4797           
1 53852U 22114AL  22285.91667824 -.00015364  00000+0 -10520-3 0  9996
2 53852  53.2174 140.6224 0001146  98.5222 162.6457 15.73212272  4339
STARLINK-4794           
1 53853U 22114AM  22285.91667824 -.00000907  00000+0 -20528-5 0  9995
2 53853  53.2175 140.6271 0000966 101.7758 157.0105 15.73204285  1300
STARLINK-4800           
1 53854U 22114AN  22285.91667824  .00033875  00000+0  24498-3 0  9992
2 53854  53.2174 140.6202 0001263 107.3446 155.0284 15.73183051  4330
STARLINK-4703           
1 53855U 22114AP  22285.91667824 -.00008541  00000+0 -56479-4 0  9992
2 53855  53.2175 140.6255 0001249  94.7732 164.6079 15.73208541  4331
STARLINK-4795           
1 53856U 22114AQ  22285.91667824 -.00000973  00000+0 -25207-5 0  9990
2 53856  53.2175 140.6142 0000992 112.6425 152.7010 15.73204307  4339
STARLINK-4809           
1 53857U 22114AR  22285.91667824 -.00000871  00000+0 -17929-5 0  9990
2 53857  53.2175 140.6236 0001155 112.0105 148.5642 15.73204261  4338
STARLINK-4798           
1 53858U 22114AS  22285.91667824 -.00000921  00000+0 -21492-5 0  9997
2 53858  53.2175 140.6192 0001189 104.2665 158.6926 15.73204284  4333
STARLINK-4790           
1 53859U 22114AT  22285.91667824 -.00000940  00000+0 -22821-5 0  9996
2 53859  53.2175 140.6212 0001098 102.4820 159.2849 15.73204299  4336
STARLINK-4799           
1 53860U 22114AU  22285.91667824 -.00000922  00000+0 -21530-5 0  9994
2 53860  53.2175 140.6156 0001242 103.2994 161.4481 15.73204277  1304
STARLINK-4781           
1 53861U 22114AV  22285.91667824 -.00000913  00000+0 -20852-5 0  9991
2 53861  53.2175 140.6177 0001468 101.0504 162.5048 15.73204281  1307
STARLINK-4792           
1 53862U 22114AW  22285.91667824 -.00000973  00000+0 -25140-5 0  9993
2 53862  53.2175 140.6133 0001482 102.3668 163.5728 15.73204314  4330
STARLINK-4788           
1 53863U 22114AX  22285.91667824 -.00000980  00000+0 -25613-5 0  9997
2 53863  53.2175 140.6164 0001396  89.0643 175.0870 15.73204315  4330
STARLINK-4779           
1 53864U 22114AY  22285.91667824 -.00001002  00000+0 -27237-5 0  9998
2 53864  53.2175 140.6109 0001321  95.4184 171.7135 15.73204320  4332
STARLINK-4785           
1 53865U 22114AZ  22285.91667824 -.00000976  00000+0 -25384-5 0  9999
2 53865  53.2175 140.6116 0001361 100.5096 166.0261 15.73204309  4339
STARLINK-4762           
1 53866U 22114BA  22285.91667824 -.00001047  00000+0 -30487-5 0  9990
2 53866  53.2175 140.6074 0001041 105.6011 163.3191 15.73204343  4331
STARLINK-4793           
1 53867U 22114BB  22285.91667824 -.00000998  00000+0 -26971-5 0  9998
2 53867  53.2175 140.6092 0001041 105.2823 162.4456 15.73204314  4331
STARLINK-4789           
1 53868U 22114BC  22285.91667824 -.00019749  00000+0 -13654-3 0  9995
2 53868  53.2175 140.5964 0001097 119.1935 158.3061 15.73214549  4335
STARLINK-4810           
1 53869U 22114BD  22285.91667824 -.00001007  00000+0 -27621-5 0  9995
2 53869  53.2175 140.6080 0001138 108.5127 159.8113 15.73204321  4338
STARLINK-4732           
1 53870U 22114BE  22285.91667824 -.00001121  00000+0 -35765-5 0  9992
2 53870  53.2175 140.6051 0000823 104.5647 165.5476 15.73204384  4336
STARLINK-4740           
1 53871U 22114BF  22285.91667824 -.00001083  00000+0 -33000-5 0  9990
2 53871  53.2175 140.6033 0001381 101.8337 168.8748 15.73204367  4332
CHUANGXIN 16B (CX-16B)  
1 53876U 22102B   22285.74045429  .00006272  00000+0  59218-3 0  9994
2 53876  28.9995  43.6165 0005230  52.7460 307.3613 14.91970275  3430
YUNHAI-1 03             
1 53877U 22115A   22285.85550772  .00000448  00000+0  18013-3 0  9990
2 53877  98.4976 284.1624 0001489  87.0680 273.0674 14.32803854  3148
CZ-2D R/B               
1 53878U 22115B   22285.96315195  .00001567  00000+0  25348-3 0  9993
2 53878  98.5458 285.6578 0123554 334.4791  25.0351 14.67968387  3237
SOYUZ-MS 22             
1 53879U 22116A   22285.53886391  .00016775  00000+0  30151-3 0  9994
2 53879  51.6417 115.1889 0003237 294.0942 159.9238 15.49976024363383
2022-118A               
1 53884U 22118A   22285.82281806  .00007572  00000+0  32387-3 0  9992
2 53884  97.5207 292.3532 0014552 192.4091 270.5793 15.23025337  2724
2022-118B               
1 53885U 22118B   22285.81498606  .00010212  00000+0  42728-3 0  9995
2 53885  97.5208 292.3631 0011704 198.9537 263.0404 15.23710641  2712
STARLINK-5028           
1 53886U 22119A   22285.91667824  .00058134  00000+0  41632-3 0  9996
2 53886  53.2175 164.1573 0001209  91.2334 300.8766 15.73168645  1306
STARLINK-5029           
1 53887U 22119B   22285.91667824  .00064825  00000+0  46344-3 0  9996
2 53887  53.2174 164.1530 0001088  74.2641 319.6358 15.73164824  1306
STARLINK-5034           
1 53888U 22119C   22285.91667824 -.00049043  00000+0 -34652-3 0  9993
2 53888  53.2175 164.1563 0001899 301.5674  91.1087 15.73233728  1307
STARLINK-5031           
1 53889U 22119D   22285.91667824 -.00002053  00000+0 -10201-4 0  9999
2 53889  53.2175 164.1525 0001821  66.4327 326.8537 15.73205163  1303
STARLINK-5050           
1 53890U 22119E   22285.91667824 -.01195464  00000+0 -71105-2 0  9999
2 53890  53.2174 163.0400 0001164  89.5819 138.5193 15.79936043  1306
STARLINK-5041           
1 53891U 22119F   22285.91667824  .00014144  00000+0  10504-3 0  9999
2 53891  53.2174 164.1509 0000852  80.5312 314.5472 15.73195062  1309
STARLINK-5046           
1 53892U 22119G   22285.91667824 -.00027697  00000+0 -19337-3 0  9992
2 53892  53.2177 164.1454 0002139  18.2647  19.7825 15.73220511  1305
STARLINK-5052           
1 53893U 22119H   22285.91667824 -.00012938  00000+0 -87862-4 0  9994
2 53893  53.2174 164.1472 0001305 135.6107 261.2486 15.73211494  1309
STARLINK-5043           
1 53894U 22119J   22285.91667824 -.00044140  00000+0 -31133-3 0  9994
2 53894  53.2174 164.1503 0001030  80.7547 314.9035 15.73230633  1300
STARLINK-5032           
1 53895U 22119K   22285.91667824 -.00021669  00000+0 -15027-3 0  9990
2 53895  53.2175 164.1461 0000899  81.1203 316.3325 15.73216860  1305
STARLINK-5037           
1 53896U 22119L   22285.91667824 -.00028382  00000+0 -19816-3 0  9990
2 53896  53.2175 164.1446 0004294 284.8180 113.8248 15.73221155  1305
STARLINK-5035           
1 53897U 22119M   22285.91667824 -.00038198  00000+0 -26866-3 0  9990
2 53897  53.2175 164.1488 0001517 129.6822 266.5736 15.73227084  1301
STARLINK-5044           
1 53898U 22119N   22285.91667824 -.00070311  00000+0 -49972-3 0  9997
2 53898  53.2175 164.1410 0001533  34.8776   5.5418 15.73246805  1300
STARLINK-5042           
1 53899U 22119P   22285.91667824  .00003944  00000+0  32504-4 0  9998
2 53899  53.2175 164.1418 0001507  45.5342 354.3102 15.73201207  1300
STARLINK-5045           
1 53900U 22119Q   22285.91667824 -.00011677  00000+0 -78849-4 0  9997
2 53900  53.2177 164.1384 0001886  37.7964   3.8319 15.73210905  1301
STARLINK-5024           
1 53901U 22119R   22285.91667824 -.00002047  00000+0 -10170-4 0  9992
2 53901  53.2175 164.1411 0001090  96.1988 303.0486 15.73205163  1303
STARLINK-5021           
1 53902U 22119S   22284.16667824  .00300409  00000+0  20742-2 0  9994
2 53902  53.2172 172.7910 0001093  89.3094 118.4046 15.73143355  1309
STARLINK-5022           
1 53903U 22119T   22285.91667824 -.00011966  00000+0 -80926-4 0  9990
2 53903  53.2175 164.1395 0001022  76.7180 324.3140 15.73211009  1308
STARLINK-4787           
1 53904U 22119U   22285.91667824 -.00067459  00000+0 -47917-3 0  9991
2 53904  53.2174 164.1372 0001084  76.8330 325.3758 15.73245074  1304
STARLINK-5003           
1 53905U 22119V   22285.91667824  .00012394  00000+0  92611-4 0  9990
2 53905  53.2174 164.1331 0001277  85.9816 318.0382 15.73196099  1308
STARLINK-5054           
1 53906U 22119W   22285.91667824  .00067767  00000+0  48412-3 0  9994
2 53906  53.2175 164.1302 0001872  28.2958  17.5272 15.73163014  1306
STARLINK-5063           
1 53907U 22119X   22285.91667824 -.00013725  00000+0 -93470-4 0  9997
2 53907  53.2175 164.1360 0001749  30.5071  12.3127 15.73212105  1304
STARLINK-5057           
1 53908U 22119Y   22285.91667824 -.00032835  00000+0 -23022-3 0  9996
2 53908  53.2176 164.1293 0001044  93.7596 312.6316 15.73223793  3260
STARLINK-4796           
1 53909U 22119Z   22285.91667824 -.00026170  00000+0 -18247-3 0  9995
2 53909  53.2175 164.1346 0001275  53.7881 349.6245 15.73219669  1309
STARLINK-5056           
1 53910U 22119AA  22285.91667824 -.00000993  00000+0 -26684-5 0  9998
2 53910  53.2174 164.1254 0000600  82.1050 326.0837 15.73204255  1304
STARLINK-5048           
1 53911U 22119AB  22285.91667824 -.00017429  00000+0 -11995-3 0  9998
2 53911  53.2175 164.1309 0001173  91.1727 314.0308 15.73214284  1307
STARLINK-5059           
1 53912U 22119AC  22285.91667824 -.00055860  00000+0 -39558-3 0  9995
2 53912  53.2176 164.1269 0001409  55.0764 352.5007 15.73237731  1301
STARLINK-5053           
1 53913U 22119AD  22285.91667824 -.00062048  00000+0 -44017-3 0  9998
2 53913  53.2175 164.1227 0000978  88.3684 320.9950 15.73241708  1300
STARLINK-5040           
1 53914U 22119AE  22285.91667824 -.00056679  00000+0 -40150-3 0  9996
2 53914  53.2176 164.1218 0000967  75.6490 334.3125 15.73238161  1306
STARLINK-5017           
1 53915U 22119AF  22285.91667824  .00010467  00000+0  78908-4 0  9993
2 53915  53.2175 164.1276 0000966  88.3321 318.6673 15.73197483  1307
STARLINK-5051           
1 53916U 22119AG  22285.91667824 -.00011401  00000+0 -76888-4 0  9990
2 53916  53.2177 164.0443 0001460 129.6360 331.2688 15.73210625  1308
STARLINK-5036           
1 53917U 22119AH  22285.91667824 -.00048408  00000+0 -34201-3 0  9990
2 53917  53.2176 164.1243 0000779  79.1486 329.6226 15.73233296  1305
STARLINK-5012           
1 53918U 22119AJ  22285.91667824 -.00001721  00000+0 -78542-5 0  9996
2 53918  53.2175 164.1179 0000903  92.0591 319.1107 15.73204897  1300
STARLINK-5023           
1 53919U 22119AK  22285.91667824 -.00057103  00000+0 -40455-3 0  9992
2 53919  53.2175 164.1179 0000992  72.7971 338.9525 15.73238464  1306
STARLINK-5025           
1 53920U 22119AL  22285.91667824 -.00039198  00000+0 -27585-3 0  9997
2 53920  53.2175 164.1135 0001069  79.3260 334.8128 15.73227650  1309
STARLINK-5005           
1 53921U 22119AM  22285.91667824  .00427328  94677-4  57788-3 0  9998
2 53921  53.2207 162.1595 0037033 113.4412 178.0535 16.04384457  1307
STARLINK-5002           
1 53922U 22119AN  22285.91667824 -.00000164  00000+0  32448-5 0  9995
2 53922  53.2175 164.1125 0001035  92.0355 322.7106 15.73203754  1301
STARLINK-5004           
1 53923U 22119AP  22285.91667824  .00007557  00000+0  58219-4 0  9991
2 53923  53.2175 164.1147 0001454  78.5894 334.9665 15.73199037  1301
STARLINK-5001           
1 53924U 22119AQ  22285.91667824 -.00015540  00000+0 -10646-3 0  9996
2 53924  53.2175 164.1089 0000865  71.8400 344.6900 15.73213155  1309
STARLINK-5011           
1 53925U 22119AR  22285.91667824 -.00040212  00000+0 -28312-3 0  9990
2 53925  53.2176 164.1172 0001210  65.6727 346.6775 15.73228160  1306
STARLINK-5014           
1 53926U 22119AS  22285.91667824 -.00034797  00000+0 -24429-3 0  9997
2 53926  53.2175 164.1077 0000770 109.7006 307.4202 15.73224813  1301
STARLINK-5008           
1 53927U 22119AT  22285.91667824 -.00032018  00000+0 -22436-3 0  9998
2 53927  53.2175 164.1096 0001122  86.8401 329.0892 15.73223257  1305
STARLINK-5009           
1 53928U 22119AU  22285.91667824 -.00049590  00000+0 -35048-3 0  9995
2 53928  53.2175 164.1066 0001363  89.9312 327.7815 15.73233939  1303
STARLINK-5018           
1 53929U 22119AV  22285.91667824  .00006771  00000+0  52629-4 0  9993
2 53929  53.2174 164.1110 0001975  29.5243  25.8196 15.73199610  1300
STARLINK-5010           
1 53930U 22119AW  22285.91667824 -.00041915  00000+0 -29535-3 0  9995
2 53930  53.2176 164.1041 0001111  90.0291 328.8779 15.73229264  1307
STARLINK-5015           
1 53931U 22119AX  22285.91667824  .00000106  00000+0  51689-5 0  9998
2 53931  53.2174 164.1011 0001203  48.6626  11.4484 15.73203656  1301
STARLINK-4772           
1 53932U 22119AY  22285.91667824 -.00014132  00000+0 -96387-4 0  9998
2 53932  53.2175 164.1032 0001577  61.6138 357.8971 15.73212304  1301
STARLINK-4782           
1 53933U 22119AZ  22285.91667824 -.00001901  00000+0 -91355-5 0  9990
2 53933  53.2175 164.1048 0001027  91.8669 326.4553 15.73204889  1300
STARLINK-4775           
1 53934U 22119BA  22285.91667824 -.00066749  00000+0 -47406-3 0  9998
2 53934  53.2175 164.1006 0001042  78.1206 342.5679 15.73244516  1306
STARLINK-5000           
1 53935U 22119BB  22285.91667824 -.00038322  00000+0 -26956-3 0  9992
2 53935  53.2175 164.0978 0001273  91.1825 330.7061 15.73226962  1301
STARLINK-4791           
1 53936U 22119BC  22285.91667824 -.00044683  00000+0 -31523-3 0  9996
2 53936  53.2175 164.0994 0001105  89.9855 331.3056 15.73230746  1308
STARLINK-4765           
1 53937U 22119BD  22285.91667824 -.00008469  00000+0 -55958-4 0  9998
2 53937  53.2176 164.0964 0001698  42.6467  19.8465 15.73208784  1308
2022-118C               
1 53942U 22118C   22285.95524949  .00043233  25565-5  53227-3 0  9998
2 53942  97.5248 292.5524 0269300 301.4642  56.0531 15.27603600  2742
YAOGAN-36 01A           
1 53943U 22120A   22285.81611471  .00014877  00000+0  58952-3 0  9997
2 53943  34.9990  83.0416 0007269  59.8284  77.8679 15.24551848  2483
CZ-2D DEB               
1 53944U 22120B   22285.80980940  .00039431  00000+0  15077-2 0  9990
2 53944  34.9978  82.9964 0008043  49.5765  86.2561 15.25569982  2480
CZ-2D R/B               
1 53945U 22120C   22285.81352426  .00035732  00000+0  13810-2 0  9997
2 53945  34.9986  83.0161 0008081  39.7136  99.8583 15.25232901  2455
YAOGAN-36 01B           
1 53946U 22120D   22285.81703823 -.00029421  00000+0 -11711-2 0  9997
2 53946  34.9971  83.0447 0006578  35.9594 101.9949 15.24476317  2442
YAOGAN-36 01C           
1 53947U 22120E   22285.81315850  .00020250  00000+0  79832-3 0  9995
2 53947  34.9989  83.0186 0006207  73.1991  63.6488 15.24683341  2489
2022-121A               
1 53948U 22121A   22285.94258694  .00010329  00000+0  51078-3 0  9991
2 53948  97.4541 306.3424 0011967 206.7572 245.9670 15.17954990  2427
2022-121B               
1 53949U 22121B   22285.81060837  .00007706  00000+0  38046-3 0  9993
2 53949  97.4527 306.2130 0010789 211.1845 251.9125 15.18109256  2407
2022-121C               
1 53950U 22121C   22285.93794332  .00006675  00000+0  32761-3 0  9994
2 53950  97.4552 306.3501 0012164 217.9263 235.5960 15.18357571  2429
SELFIESAT               
1 53951U 22057BA  22285.57961131  .00014776  00000+0  82865-3 0  9997
2 53951  97.5281  38.6339 0011596 118.1161 242.1244 15.13416000 21148
SES-20                  
1 53960U 22123A   22284.89067452 -.00000029  00000+0  00000+0 0  9992
2 53960   1.8267 167.3244 0042928 168.5177 192.2328  1.03348018    78
SES-21                  
1 53961U 22123B   22283.94704123 -.00000008  00000+0  00000+0 0  9998
2 53961   1.8971 167.0972 0009080 201.0327 159.5419  1.03105364    58
ATLAS 5 CENTAUR R/B     
1 53962U 22123C   22284.63574017 -.00000180  00000+0  00000+0 0  9994
2 53962   1.8670 166.4209 0290362 198.6325 160.9208  1.07595558    82
CREW DRAGON 5           
1 53963U 22124A   22285.53886391  .00016775  00000+0  30151-3 0  9997
2 53963  51.6417 115.1889 0003237 294.0942 159.9238 15.49976024363387
STARLINK-4633           
1 53964U 22125A   22285.91667824 -.01197177  00000+0 -79069-2 0  9998
2 53964  53.2170  57.2279 0001680  34.4812 167.5122 15.77640855  1302
STARLINK-4578           
1 53965U 22125B   22285.91667824 -.01197044  00000+0 -79004-2 0  9991
2 53965  53.2170  57.2266 0001541  39.9378 162.5473 15.77657835  1302
STARLINK-4635           
1 53966U 22125C   22285.91667824 -.01197095  00000+0 -78907-2 0  9999
2 53966  53.2170  57.2260 0001563  38.9757 163.9327 15.77685866  1309
STARLINK-4634           
1 53967U 22125D   22285.91667824 -.01197437  00000+0 -78830-2 0  9995
2 53967  53.2170  57.2249 0001839  29.5400 173.8061 15.77711492  1304
STARLINK-4629           
1 53968U 22125E   22285.91667824 -.01197188  00000+0 -78559-2 0  9997
2 53968  53.2170  57.2224 0001546  39.5918 165.0760 15.77785771  1308
STARLINK-4468           
1 53969U 22125F   22285.91667824 -.01197377  00000+0 -78726-2 0  9994
2 53969  53.2170  57.2241 0001759  31.8399 171.9219 15.77740369  1301
STARLINK-4567           
1 53970U 22125G   22285.91667824 -.01197248  00000+0 -78350-2 0  9996
2 53970  53.2170  57.2208 0001546  39.5408 165.9363 15.77845923  1301
STARLINK-4639           
1 53971U 22125H   22285.91667824 -.01197090  00000+0 -78640-2 0  9994
2 53971  53.2170  57.2231 0001483  42.6329 161.5909 15.77761629  1303
STARLINK-5157           
1 53972U 22125J   22285.91667824 -.01197242  00000+0 -78176-2 0  9998
2 53972  53.2170  57.2190 0001496  41.8070 164.5430 15.77895480  1301
STARLINK-5156           
1 53973U 22125K   22285.91667824 -.01197206  00000+0 -78450-2 0  9994
2 53973  53.2170  57.2214 0001535  40.0677 164.9981 15.77816983  1303
STARLINK-5159           
1 53974U 22125L   22285.91667824 -.01198179  00000+0 -75944-2 0  9990
2 53974  53.2170  57.1779 0001630  34.8005 191.4466 15.78551290  1302
STARLINK-5137           
1 53975U 22125M   22285.91667824 -.01197240  00000+0 -78264-2 0  9997
2 53975  53.2170  57.2197 0001522  40.6076 165.3089 15.77870301  1308
STARLINK-5134           
1 53976U 22125N   22285.91667824 -.01197306  00000+0 -78085-2 0  9992
2 53976  53.2170  57.2179 0001529  40.2140 166.5587 15.77922177  1309
STARLINK-5094           
1 53977U 22125P   22285.91667824 -.01197343  00000+0 -78014-2 0  9996
2 53977  53.2170  57.2171 0001545  39.4717 167.7623 15.77942848  1301
STARLINK-5148           
1 53978U 22125Q   22285.91667824 -.01197326  00000+0 -77722-2 0  9993
2 53978  53.2170  57.2146 0001461  43.4448 165.0273 15.78026198  1301
STARLINK-5123           
1 53979U 22125R   22285.91667824 -.01197283  00000+0 -77923-2 0  9999
2 53979  53.2170  57.2162 0001464  43.3548 164.3084 15.77968261  1300
STARLINK-5133           
1 53980U 22125S   22285.91667824 -.01197326  00000+0 -77640-2 0  9995
2 53980  53.2170  57.2139 0001433  45.0026 163.9081 15.78049779  1309
STARLINK-5149           
1 53981U 22125T   22285.91667824 -.01197343  00000+0 -77817-2 0  9991
2 53981  53.2170  57.2155 0001501  41.4738 166.5817 15.77999155  1301
STARLINK-5120           
1 53982U 22125U   22285.91667824 -.01197595  00000+0 -76745-2 0  9990
2 53982  53.2170  57.2053 0001448  43.8245 169.2553 15.78310632  1303
STARLINK-5103           
1 53983U 22125V   22285.91667824 -.01198109  00000+0 -74727-2 0  9991
2 53983  53.2170  57.1861 0001407  45.2408 177.1041 15.78906283  1305
STARLINK-5142           
1 53984U 22125W   22285.91667824 -.01197466  00000+0 -77368-2 0  9991
2 53984  53.2170  57.2113 0001488  41.9351 168.2265 15.78129490  1302
STARLINK-5147           
1 53985U 22125X   22285.91667824 -.01197344  00000+0 -77546-2 0  9995
2 53985  53.2170  57.2129 0001433  44.9481 164.3769 15.78076880  1307
STARLINK-5119           
1 53986U 22125Y   22285.91667824 -.01197295  00000+0 -77181-2 0  9996
2 53986  53.2170  57.2097 0001226  61.6323 149.3616 15.78182067  1302
STARLINK-5112           
1 53987U 22125Z   22285.91667824 -.01197307  00000+0 -77457-2 0  9997
2 53987  53.2170  57.2120 0001363  49.2907 160.4596 15.78102181  1302
STARLINK-5113           
1 53988U 22125AA  22285.91667824 -.01197471  00000+0 -77089-2 0  9991
2 53988  53.2170  57.2088 0001432  44.8252 166.5740 15.78209792  1301
STARLINK-5115           
1 53989U 22125AB  22285.91667824 -.01197494  00000+0 -77281-2 0  9991
2 53989  53.2170  57.2103 0001495  41.5652 169.0201 15.78154785  1308
STARLINK-5075           
1 53990U 22125AC  22285.91667824 -.01197465  00000+0 -76836-2 0  9996
2 53990  53.2170  57.2063 0001366  48.8475 163.8319 15.78282753  1304
STARLINK-5118           
1 53991U 22125AD  22285.91667824  .00186271  00000+0  69180-3 0  9992
2 53991  53.2238  57.1130 0004497 289.0657 331.1714 15.87031478  1308
STARLINK-5108           
1 53992U 22125AE  22285.91667824 -.01197753  00000+0 -76653-2 0  9995
2 53992  53.2170  57.2046 0001550  38.8246 174.6497 15.78339183  1304
STARLINK-5121           
1 53993U 22125AF  22285.91667824 -.01197533  00000+0 -76936-2 0  9996
2 53993  53.2170  57.2069 0001441  44.2736 168.0059 15.78254734  1303
STARLINK-5125           
1 53994U 22125AG  22285.91667824 -.01197653  00000+0 -76312-2 0  9998
2 53994  53.2170  57.2012 0001404  46.1663 168.9937 15.78436733  1306
STARLINK-5097           
1 53995U 22125AH  22285.91667824 -.01197603  00000+0 -76556-2 0  9994
2 53995  53.2170  57.2036 0001415  45.6202 168.2634 15.78365409  1306
STARLINK-5131           
1 53996U 22125AJ  22285.91667824 -.01197720  00000+0 -76185-2 0  9993
2 53996  53.2170  57.2006 0001425  44.8942 170.5882 15.78474491  1300
STARLINK-5130           
1 53997U 22125AK  22285.91667824 -.01197642  00000+0 -76461-2 0  9994
2 53997  53.2170  57.2028 0001422  45.1654 169.1141 15.78393432  1303
STARLINK-5128           
1 53998U 22125AL  22285.91667824 -.01197841  00000+0 -76018-2 0  9994
2 53998  53.2170  57.1988 0001477  42.0039 174.3045 15.78524610  1306
STARLINK-5079           
1 53999U 22125AM  22285.91667824 -.01197564  00000+0 -76397-2 0  9997
2 53999  53.2170  57.2019 0001336  50.7128 164.0353 15.78411153  1307
STARLINK-5088           
1 54000U 22125AN  22285.91667824 -.01197732  00000+0 -75941-2 0  9992
2 54000  53.2170  57.1980 0001386  47.0919 169.6578 15.78545594  1306
STARLINK-5105           
1 54001U 22125AP  22285.91667824 -.01197893  00000+0 -75852-2 0  9992
2 54001  53.2170  57.1970 0001485  41.5428 175.5964 15.78573575  1305
STARLINK-5109           
1 54002U 22125AQ  22285.91667824 -.01197695  00000+0 -75648-2 0  9996
2 54002  53.2170  57.1956 0001286  54.3995 163.5052 15.78630721  1302
STARLINK-5114           
1 54003U 22125AR  22285.91667824 -.01197699  00000+0 -76093-2 0  9996
2 54003  53.2170  57.1996 0001393  46.7409 169.1445 15.78500935  1302
STARLINK-5129           
1 54004U 22125AS  22285.91667824 -.01197715  00000+0 -75601-2 0  9990
2 54004  53.2170  57.1945 0001282  54.7396 163.6555 15.78644820  1301
STARLINK-5135           
1 54005U 22125AT  22285.91667824 -.01197801  00000+0 -75778-2 0  9992
2 54005  53.2170  57.1961 0001400  46.1468 171.4363 15.78594029  1306
STARLINK-5096           
1 54006U 22125AU  22285.91667824 -.01197815  00000+0 -75157-2 0  9999
2 54006  53.2170  57.1906 0001273  55.2582 165.1193 15.78776075  1306
STARLINK-5132           
1 54007U 22125AV  22285.91667824 -.01197770  00000+0 -75492-2 0  9992
2 54007  53.2170  57.1938 0001316  51.8156 166.9314 15.78677233  1309
STARLINK-5145           
1 54008U 22125AW  22285.91667824 -.01197843  00000+0 -75234-2 0  9998
2 54008  53.2170  57.1915 0001321  51.3017 168.6515 15.78753712  1301
STARLINK-5099           
1 54009U 22125AX  22285.91667824 -.01197850  00000+0 -75295-2 0  9994
2 54009  53.2170  57.1923 0001333  50.4040 169.0890 15.78735967  1303
STARLINK-5127           
1 54010U 22125AY  22285.91667824 -.01198080  00000+0 -75037-2 0  9996
2 54010  53.2170  57.1900 0001450  42.9687 177.7080 15.78814613  1306
STARLINK-5124           
1 54011U 22125AZ  22285.91667824 -.01197777  00000+0 -75420-2 0  9995
2 54011  53.2170  57.1929 0001297  53.3082 165.8738 15.78698500  1305
STARLINK-5126           
1 54012U 22125BA  22285.91667824 -.01197947  00000+0 -74781-2 0  9994
2 54012  53.2170  57.1876 0001308  52.0633 169.8271 15.78888202  1304
STARLINK-5098           
1 54013U 22125BB  22285.91667824 -.01197880  00000+0 -74970-2 0  9991
2 54013  53.2170  57.1889 0001293  53.3615 167.7778 15.78831739  1308
STARLINK-5116           
1 54014U 22125BC  22285.91667824 -.01197907  00000+0 -74838-2 0  9995
2 54014  53.2170  57.1885 0001282  54.2818 167.1475 15.78870979  1305
STARLINK-5055           
1 54015U 22125BD  22285.91667824 -.01197978  00000+0 -74628-2 0  9991
2 54015  53.2170  57.1856 0001300  52.5807 170.1432 15.78933728  1303
FALCON 9 DEB            
1 54016U 22125BE  22285.86598388  .00270515  37977-4  87445-3 0  9990
2 54016  53.2335  57.3131 0008783 313.0339  46.9953 15.90346831  1419
FALCON 9 DEB            
1 54017U 22125BF  22285.86419577  .00296434  43724-4  93082-3 0  9992
2 54017  53.2320  57.3001 0006366 311.0495  48.9983 15.90926458  1410
FALCON 9 DEB            
1 54018U 22125BG  22285.85952673  .00332256  52951-4  97471-3 0  9992
2 54018  53.2282  57.2656 0009707 286.9877  73.0088 15.92169101  1410
FALCON 9 DEB            
1 54019U 22125BH  22285.66995561  .00369681  63268-4  10797-2 0  9995
2 54019  53.2270  58.2128 0007639 268.5278  91.4875 15.92269652  1382
CENTISPACE-1 S5         
1 54020U 22126A   22284.84532901 -.00000181  00000+0  00000+0 0  9993
2 54020  54.9995 169.8231 0012734 301.6145  58.4968 14.57882602   633
CENTISPACE-1 S6         
1 54021U 22126B   22285.80432016 -.00000182  00000+0  00000+0 0  9998
2 54021  54.9993 166.0061 0014482 304.3290  55.6430 14.58100767   768
CZ-11H R/B              
1 54022U 22126C   22285.37223700  .00037450  00000+0  65238-3 0  9994
2 54022  56.1479 166.7584 0339973 321.1191  36.5673 15.05894449   724
GAZELLE                 
1 54023U 22127A   22285.74132664 -.00000043  00000+0  00000+0 0  9996
2 54023  98.3151 284.9825 0012188 283.4044  76.5796 14.41641085   729
ELECTRON KICK STAGE R/B 
1 54024U 22127B   22285.97699814  .00006616  00000+0  89371-3 0  9990
2 54024  98.2931 285.4474 0141705   5.6294 354.6463 14.72628881   768
ELECTRON R/B            
1 54025U 22127C   22285.96270200  .00121946  53132-5  12442-2 0  9992
2 54025  98.3335 285.8569 0349480 201.0217 157.6191 15.15477112   793
2022-128A               
1 54026U 22128A   22284.40570185 -.00000164  00000+0  00000+0 0  9990
2 54026  26.8784 193.3760 5957619 178.3364 341.0520  4.08190737   113
2022-128B               
1 54027U 22128B   22283.08069290 -.00000273  00000+0  00000+0 0  9995
2 54027  26.8246 194.4032 5935755 176.6798 190.5909  4.11484751    57
2022-128C               
1 54028U 22128C   22285.25874414 -.00000102  00000+0  00000+0 0  9990
2 54028  26.8438 192.6971 5936309 179.4507 181.8728  4.11895642   134
2022-129A               
1 54029U 22129A   22285.75841261 -.00002038  00000+0 -50537-3 0  9996
2 54029  98.2674 291.2090 0013600 255.6209 104.3458 14.50857260   553
2022-129B               
1 54030U 22129B   22285.74842397  .00000647  00000+0  16100-3 0  9998
2 54030  98.1945 291.1218 0019638 104.7580 255.5800 14.54799395   557
2022-130A               
1 54031U 22130A   22285.74407466 -.00000088  00000+0  00000+0 0  9993
2 54031  64.7794   1.5697 0001997 332.2192 186.8595  2.12835074    57
FREGAT R/B              
1 54032U 22130B   22284.14949806 -.00000087  00000+0  00000+0 0  9995
2 54032  64.8932   1.6824 0035362 228.7163 143.8243  2.11225083    06
2022-131A               
1 54033U 22131A   22285.85933608 -.00000243  00000+0  00000+0 0  9993
2 54033  48.8678 255.0976 7311856 359.3970 146.2239  2.25075878    00
2022-132A               
1 54035U 22132A   22286.08196641 -.00000063  00000+0  00000+0 0  9990
2 54035  97.6514 291.5839 0189190 170.6942 278.1790 14.79588659    12
