2022-160A               
1 54372U 22160A   22361.13822712  .00013050  00000+0  55019-3 0  9993
2 54372  34.9997  41.6078 0006047 150.3754 241.2210 15.22497609  4520
2022-160B               
1 54373U 22160B   22361.25933840  .00021074  00000+0  83838-3 0  9997
2 54373  35.0011  40.5700 0008383 168.4706 273.1523 15.24359315  4548
2022-160C               
1 54374U 22160C   22361.21241109  .00008999  00000+0  37885-3 0  9996
2 54374  35.0001  41.1816 0004845 143.7690 279.4817 15.22613282  4493
2022-160D               
1 54375U 22160D   22361.07846502  .00023592  00000+0  92693-3 0  9993
2 54375  35.0007  41.6133 0008466 173.5652  29.5506 15.24756703  4519
2022-160E               
1 54376U 22160E   22361.14162914  .00013186  00000+0  55396-3 0  9997
2 54376  35.0003  41.6385 0007355 165.0857 225.8344 15.22608980  4527
COSMOS 2564 [GLONASS-M] 
1 54377U 22161A   22360.60242870  .00000044  00000+0  00000+0 0  9996
2 54377  64.7749 234.9911 0006978 216.8207 326.6855  2.13102287   595
FREGAT R/B              
1 54378U 22161B   22332.88538517  .00000006  00000+0  00000+0 0  9990
2 54378  64.7543 235.8312 0069964  61.3586  78.3433  2.10629160    00
SHENZHOU-15             
1 54379U 22162A   22360.38949704  .00016622  00000+0  20431-3 0  9997
2 54379  41.4751 128.8868 0004948 220.3876 190.8665 15.59881752 94814
COSMOS 2565             
1 54381U 22163A   22361.23169237 -.00000099  00000+0 -17065-4 0  9994
2 54381  67.1559 309.0210 0006793 264.8659  95.1631 13.96673726  3701
SL-4 R/B                
1 54382U 22163B   22360.85303080  .00138816  81768-5  68061-3 0  9992
2 54382  67.1331 298.3823 0442319  68.2230 296.5365 15.08438270  3911
2022-163C               
1 54383U 22163C   22361.22308223  .00000003  00000+0  56145-4 0  9990
2 54383  67.1427 308.9693 0011697 311.9562  48.0525 13.97327256  3395
1998-067UL              
1 54534U 98067UL  22361.00181355  .00050379  00000+0  80732-3 0  9994
2 54534  51.6414 101.1346 0004752 221.0736 138.9897 15.52574369  3880
1998-067UM              
1 54535U 98067UM  22361.20757199  .00052850  00000+0  83649-3 0  9998
2 54535  51.6421 100.0820 0004600 223.7571 218.8112 15.52898430  3912
1998-067UN              
1 54536U 98067UN  22361.21099288  .00040880  00000+0  66124-3 0  9997
2 54536  51.6435 100.1020 0005462 217.4541 225.7466 15.52404220  3879
1998-067UP              
1 54537U 98067UP  22361.03187431  .00045890  00000+0  73499-3 0  9995
2 54537  51.6427 100.9705 0005145 223.6238 308.6052 15.52628260  3884
2022-164A               
1 54588U 22164A   22361.25216489  .00000752  00000+0  22984-3 0  9997
2 54588  98.3553  28.2920 0009019 213.2148 146.8478 14.44551379  2922
KZ-11 R/B               
1 54589U 22164B   22360.80538823  .00016927  22505-5  19095-3 0  9997
2 54589  98.3686  29.9667 0379069  39.1623 323.6394 15.08126454  2985
2022-165A               
1 54640U 22165A   22361.05549425  .00000506  00000+0  12056-3 0  9990
2 54640  98.1185 299.1420 0001046  93.4472 266.6843 14.57770037  2671
2022-165B               
1 54641U 22165B   22361.25305332  .00000561  00000+0  11192-3 0  9991
2 54641  98.0299 299.2083 0033526 242.8607 116.9180 14.65368098  2705
ONEWEB-0527             
1 54642U 22166A   22360.69319830  .00002642  00000+0  26297-3 0  9992
2 54642  86.5176 150.5006 0008801 168.8684 191.2740 14.91213983  2963
ONEWEB-0528             
1 54643U 22166B   22360.69340713  .00002671  00000+0  26604-3 0  9991
2 54643  86.5190 150.5036 0008749 169.5211 190.6200 14.91198145  2964
ONEWEB-0539             
1 54644U 22166C   22360.75723351  .00002959  00000+0  29291-3 0  9996
2 54644  86.5172 150.4667 0010121 167.6252 192.5226 14.91475245  2974
ONEWEB-0540             
1 54645U 22166D   22360.76183945  .00002944  00000+0  29432-3 0  9998
2 54645  86.5156 150.4666 0008540 172.0256 188.1109 14.91087957  2950
ONEWEB-0542             
1 54646U 22166E   22360.88036043  .00002895  00000+0  27967-3 0  9994
2 54646  86.5178 150.4033 0013394 177.1166 183.0142 14.92398191  2971
ONEWEB-0545             
1 54647U 22166F   22360.82827053  .00002876  00000+0  28704-3 0  9997
2 54647  86.5158 150.4375 0008673 170.4871 189.6522 14.91144829  2961
ONEWEB-0580             
1 54648U 22166G   22360.88352352  .00002954  00000+0  28744-3 0  9990
2 54648  86.5165 150.4039 0013057 174.6032 185.5339 14.92133236  2977
ONEWEB-0582             
1 54649U 22166H   22360.88938304  .00002961  00000+0  29179-3 0  9999
2 54649  86.5172 150.4052 0010937 167.7270 192.4226 14.91644253  3420
ONEWEB-0583             
1 54650U 22166J   22360.68630573  .00002397  00000+0  23470-3 0  9997
2 54650  86.5177 150.4961 0011529 168.4816 191.6678 14.91800036  2949
ONEWEB-0584             
1 54651U 22166K   22360.88839080  .00002989  00000+0  29397-3 0  9995
2 54651  86.5171 150.4048 0011249 168.1181 192.0315 14.91730317  2971
ONEWEB-0585             
1 54652U 22166L   22360.69046885  .00002638  00000+0  26105-3 0  9993
2 54652  86.5179 150.4995 0009979 167.8639 192.2831 14.91446272  2948
ONEWEB-0586             
1 54653U 22166M   22360.83078800  .00002723  00000+0  27315-3 0  9991
2 54653  86.5196 150.4477 0008091 175.6731 184.4568 14.90932560  2968
ONEWEB-0587             
1 54654U 22166N   22360.68875102  .00002645  00000+0  26071-3 0  9996
2 54654  86.5183 150.5014 0010671 167.9457 192.2028 14.91589680  2947
ONEWEB-0589             
1 54655U 22166P   22360.67982048 -.00001573  00000+0 -15682-3 0  9991
2 54655  86.5169 150.4923 0013249 178.2571 181.8706 14.92356117  2941
ONEWEB-0590             
1 54656U 22166Q   22360.68078625  .00002897  00000+0  28089-3 0  9993
2 54656  86.5163 150.4918 0013016 176.5160 183.6161 14.92263704  2941
ONEWEB-0591             
1 54657U 22166R   22361.08351523 -.00002559  00000+0 -25414-3 0  9996
2 54657  86.5194 150.3175 0013111 174.5904 185.5468 14.92212974  3440
ONEWEB-0592             
1 54658U 22166S   22360.91667824 -.00920454  00000+0 -12435+0 0  9990
2 54658  86.4673 150.4008 0007967 175.0344 220.4408 14.82052126  1300
ONEWEB-0593             
1 54659U 22166T   22360.88904819  .00006707  00000+0  66388-3 0  9999
2 54659  86.5184 150.4118 0010958 167.9348 192.2144 14.91671266  2978
ONEWEB-0594             
1 54660U 22166U   22360.88472937  .00002938  00000+0  28659-3 0  9993
2 54660  86.5177 150.4059 0012511 171.9156 188.2276 14.92033135  2974
ONEWEB-0595             
1 54661U 22166V   22360.88876414  .00002894  00000+0  28479-3 0  9993
2 54661  86.5185 150.4119 0011142 167.9966 192.1529 14.91696730  2974
ONEWEB-0596             
1 54662U 22166W   22360.68932042  .00002539  00000+0  25044-3 0  9993
2 54662  86.5171 150.4949 0010467 167.6515 192.4971 14.91541961  2943
ONEWEB-0597             
1 54663U 22166X   22361.08411543  .00003069  00000+0  29828-3 0  9990
2 54663  86.5161 150.3137 0012979 173.5745 186.5652 14.92186755  3445
ONEWEB-0600             
1 54664U 22166Y   22360.88117946  .00002960  00000+0  28655-3 0  9994
2 54664  86.5167 150.4030 0013189 176.8047 183.3268 14.92332640  2971
ONEWEB-0601             
1 54665U 22166Z   22360.88315612  .00002873  00000+0  27925-3 0  9997
2 54665  86.5192 150.4067 0012915 173.9102 186.2285 14.92166429  2977
ONEWEB-0602             
1 54666U 22166AA  22361.08493727  .00002994  00000+0  29149-3 0  9999
2 54666  86.5189 150.3173 0012808 172.3498 187.7928 14.92117640  3447
ONEWEB-0603             
1 54667U 22166AB  22360.91667824 -.01003568  00000+0 -14145+0 0  9999
2 54667  86.5377 150.4245 0008612 175.8088 199.0365 14.80542038  1303
ONEWEB-0604             
1 54668U 22166AC  22361.25001157 -.00853940  00000+0 -11391+0 0  9995
2 54668  86.4681 150.2636 0008277 172.2587 215.4735 14.82367437  3479
ONEWEB-0605             
1 54669U 22166AD  22361.25001157 -.00945150  00000+0 -13676+0 0  9999
2 54669  86.5416 150.2867 0008172 176.4285 163.7437 14.79260244  3476
ONEWEB-0606             
1 54670U 22166AE  22360.91667824 -.00886752  00000+0 -11470+0 0  9994
2 54670  86.4757 150.4078 0008321 171.6736 252.6677 14.83742527  1303
ONEWEB-0607             
1 54671U 22166AF  22360.91667824 -.00981581  00000+0 -12401+0 0  9996
2 54671  86.5402 150.4078 0008323 172.5111 266.2982 14.85003681  1304
ONEWEB-0608             
1 54672U 22166AG  22361.25001157 -.00830340  00000+0 -10134+0 0  9993
2 54672  86.5551 150.2583 0012408 170.4173 317.4072 14.86352072  3474
ONEWEB-0610             
1 54673U 22166AH  22360.91667824 -.00838362  00000+0 -10607+0 0  9992
2 54673  86.4774 150.3991 0008784 170.4294 262.1384 14.84498340  1300
ONEWEB-0611             
1 54674U 22166AJ  22361.25001157 -.00845877  00000+0 -10569+0 0  9998
2 54674  86.4800 150.2523 0011341 166.7464 294.0661 14.85007040  3477
ONEWEB-0612             
1 54675U 22166AK  22360.91667824 -.00906527  00000+0 -12076+0 0  9995
2 54675  86.4713 150.4098 0007751 175.9104 226.3526 14.82593287  1301
ONEWEB-0615             
1 54676U 22166AL  22361.33335648 -.00840555  00000+0 -10702+0 0  9991
2 54676  86.4761 150.2185 0010439 164.8803   1.5141 14.84228407  3488
ONEWEB-0655             
1 54677U 22166AM  22361.25001157 -.00821729  00000+0 -10546+0 0  9996
2 54677  86.4723 150.2483 0010358 165.9651 271.6352 14.84290437  3476
ONEWEB-0659             
1 54678U 22166AN  22360.68897057  .00002657  00000+0  26200-3 0  9992
2 54678  86.5172 150.4950 0010576 167.6381 192.5108 14.91572570  2948
ONEWEB-0685             
1 54679U 22166AP  22360.91667824 -.00867650  00000+0 -11639+0 0  9996
2 54679  86.4716 150.4101 0008009 176.9066 213.5226 14.82179991  1305
ONEWEB-0712             
1 54680U 22166AQ  22360.68276749  .00002752  00000+0  26779-3 0  9991
2 54680  86.5188 150.4954 0012681 173.4855 186.6540 14.92101322  2940
ONEWEB-0714             
1 54681U 22166AR  22360.88144044  .00002158  00000+0  20822-3 0  9999
2 54681  86.5191 150.4051 0013121 176.3440 183.7886 14.92311915  2970
2022-167A               
1 54682U 22167A   22361.12385145  .00009808  00000+0  62377-3 0  9998
2 54682  97.5359 135.8003 0013932 200.4399 334.6109 15.08933329  2696
2022-167B               
1 54683U 22167B   22361.10786311  .00034092  00000+0  38199-3 0  9995
2 54683  97.5881 136.8247 0201610 261.4446  96.3863 15.41634458  2721
CAS-5A (FO-118)         
1 54684U 22167C   22361.11187302  .00007575  00000+0  48214-3 0  9997
2 54684  97.5391 135.7972 0014247 202.1011 273.6401 15.08981505  2683
2022-167D               
1 54685U 22167D   22361.10472819  .00005020  00000+0  31615-3 0  9997
2 54685  97.5434 135.8184 0013152 214.6298 261.6210 15.09548895  2684
2022-167E               
1 54686U 22167E   22361.10451782  .00005032  00000+0  31700-3 0  9992
2 54686  97.5394 135.8078 0012734 215.3696 259.5170 15.09545120  2686
2022-167F               
1 54687U 22167F   22361.23703799  .00007798  00000+0  48732-3 0  9999
2 54687  97.5382 135.9382 0013344 215.3384 263.6192 15.09653853  2701
2022-167G               
1 54688U 22167G   22361.23610251  .00008404  00000+0  52302-3 0  9993
2 54688  97.5346 135.9324 0013803 216.0827 263.6074 15.09773128  2705
2022-167H               
1 54689U 22167H   22361.25200909  .00004847  00000+0  30434-3 0  9990
2 54689  97.5454 135.9712 0013923 215.2387 348.7542 15.09670179  2709
2022-167J               
1 54690U 22167J   22361.23452756  .00004852  00000+0  30333-3 0  9993
2 54690  97.5330 135.9306 0014213 218.0459 260.6290 15.09820189  2707
2022-167K               
1 54691U 22167K   22361.03933696  .00007239  00000+0  45169-3 0  9994
2 54691  97.5391 135.7527 0014389 216.6359 276.9884 15.09721002  2674
2022-167L               
1 54692U 22167L   22361.23441037  .00004844  00000+0  30272-3 0  9998
2 54692  97.5444 135.9549 0014929 217.0578 261.4642 15.09827134  2706
2022-167M               
1 54693U 22167M   22361.24559325  .00010571  00000+0  67113-3 0  9998
2 54693  97.5416 135.9327 0014470 200.0166 277.0419 15.08967972  2671
2022-167N               
1 54694U 22167N   22361.24919080  .00004932  00000+0  30720-3 0  9995
2 54694  97.5355 135.9530 0015055 218.7553 347.0111 15.09936623  2707
2022-167P               
1 54695U 22167P   22361.23310367  .00004878  00000+0  30389-3 0  9998
2 54695  97.5393 135.9468 0015334 218.7378 259.7821 15.09937904  2705
FALCON 9 R/B            
1 54698U 22168C   22345.32368031  .00002049 -64822-5  00000+0 0  9995
2 54698  29.0000  41.2312 0098300  59.8200  27.0300 16.15592824    07
2022-169A               
1 54699U 22169A   22361.01780075  .00000059  00000+0  76521-4 0  9993
2 54699  59.9961 108.6651 0006504 268.1091  91.9224 14.29222273  2095
2022-169B               
1 54700U 22169B   22361.30293964  .00000048  00000+0  73191-4 0  9992
2 54700  59.9951 107.7640 0006771 248.5687 111.4652 14.28667854  2139
2022-169C               
1 54701U 22169C   22361.22689070  .00000137  00000+0  73063-4 0  9998
2 54701  59.9566 106.2604 0094976  52.4600 308.5027 14.49499207  2152
2022-169D               
1 54702U 22169D   22361.01869697  .00000635  00000+0  30277-3 0  9993
2 54702  59.9978 108.6723 0006074 259.9651 100.0702 14.29145008  2105
SZ-14 MODULE            
1 54704U 22060G   22361.13504630  .00023251  00000+0  27165-3 0  9992
2 54704  41.4868 124.1961 0008709 230.4977 121.6591 15.61007331  3288
GALAXY 35 (G-35)        
1 54741U 22170A   22360.52969390  .00000137  00000+0  00000+0 0  9998
2 54741   0.0432 240.5136 0002310 138.9565 116.1683  1.00272796   185
GALAXY 36 (G-36)        
1 54742U 22170B   22359.59718684  .00000140  00000+0  00000+0 0  9996
2 54742   0.0048 292.4056 0001503 316.8886 269.7979  1.00269339   184
METEOSAT-12 (MTG-1)     
1 54743U 22170C   22353.31524981 -.00000002  00000+0  00000+0 0  9994
2 54743   5.5504 217.8990 7131836 181.4542 110.3708  2.25104636   115
ARIANE 5 DEB [SYLDA]    
1 54744U 22170D   22358.99303774  .00021874  00000+0  52685-2 0  9997
2 54744   5.9894 214.3724 7279321 187.1819 148.9715  2.28709640   250
ARIANE 5 R/B            
1 54745U 22170E   22360.24726110  .00005284  00000+0  98731-3 0  9992
2 54745   5.7425 215.8082 7276503 186.0883 153.6035  2.29694333   284
2022-171A               
1 54746U 22171A   22361.09108554 -.00000037  00000+0  00000+0 0  9994
2 54746  34.9942 257.7409 0007740   1.1808  93.8765 15.22616883  1886
2022-171B               
1 54747U 22171B   22361.16212769 -.00000038  00000+0  00000+0 0  9998
2 54747  34.9965 257.2269 0007745   3.9088 152.2330 15.23767563  1865
2022-171C               
1 54748U 22171C   22361.09100455 -.00000037  00000+0  00000+0 0  9998
2 54748  34.9955 257.7263 0007244  41.6425  63.5177 15.22502152  1854
2022-171D               
1 54749U 22171D   22361.15313441 -.00000038  00000+0  00000+0 0  9998
2 54749  34.9965 257.2357 0008328  15.2125 106.9653 15.24145401  1867
2022-171E               
1 54750U 22171E   22361.16402255 -.00000038  00000+0  00000+0 0  9993
2 54750  34.9956 257.2328 0012682  19.6648 137.0963 15.22597858  1856
2022-167Q               
1 54751U 22167Q   22361.09742020  .00006571  00000+0  41032-3 0  9999
2 54751  97.5369 135.7990 0013611 217.2238 229.5977 15.09738714  2349
SHIYAN 21               
1 54752U 22172A   22361.23897966  .00007952  00000+0  28809-3 0  9993
2 54752  36.0005  86.1956 0013092  36.0911  60.0592 15.27731338  1686
SWOT                    
1 54754U 22173A   22361.10572327  .00138234  00000+0  76186-1 0  9990
2 54754  77.5920 311.4888 0011085   3.8407 356.0232 14.10505236  1499
2022-174A               
1 54755U 22174A   22355.42611364  .00000047  00000+0  00000+0 0  9995
2 54755   9.6166 254.1820 1871681 193.2946 161.0222  7.26208660   331
2022-174B               
1 54756U 22174B   22360.78712350  .00000048  00000+0  00000+0 0  9999
2 54756   9.6185 246.4541 1870242 208.5170 139.8629  7.26305525   712
2022-174C               
1 54757U 22174C   22359.84060832  .00000046  00000+0  00000+0 0  9994
2 54757   9.4788 247.7913 1848234 205.5873 141.3306  7.21213522   631
XW-4 (CAS-10)           
1 54816U 21035C   22361.33185932  .00075427  00000+0  83721-3 0  9991
2 54816  41.4770 123.0369 0007797 251.9938 108.0062 15.61910745  1322
2022-163D               
1 54817U 22163D   22360.86591953  .00000023  00000+0  70397-4 0  9992
2 54817  67.1408 309.8399 0011972 322.2974  37.7270 13.96889337   309
