ELEKTRO-L 4             
1 55506U 23016A   23063.09254078 -.00000060  00000+0  00000+0 0  9997
2 55506   0.5002 285.9506 0011559  50.9865  22.9809  1.00324572   283
BLOCK DM-SL R/B         
1 55507U 23016B   23062.53344182 -.00000037  00000+0  00000+0 0  9996
2 55507   0.3734 275.9480 0096522  29.6831  53.4500  1.03217916   275
AMAZONAS NEXUS          
1 55508U 23017A   23059.03358040 -.00000536  00000+0  00000+0 0  9991
2 55508  17.1383 347.8377 7613036 184.1774 160.3234  1.03879956   259
FALCON 9 R/B            
1 55509U 23017B   23048.05522156  .00001006  00000+0  23504-2 0  9992
2 55509  24.9411 349.6435 8170614 181.2257 173.4294  1.25162264   126
PROGRESS-MS 22          
1 55560U 23018A   23063.56245575  .00021979  00000+0  39654-3 0  9995
2 55560  51.6414 126.7877 0005937  54.4365  91.8432 15.49660777385569
EOS-7                   
1 55562U 23019A   23063.93638365  .00045840  00000+0  10447-2 0  9993
2 55562  37.1848 331.4624 0008759 184.4056 175.6627 15.41922691  3508
AZAADISAT-2             
1 55563U 23019B   23063.91650247  .00051162  00000+0  10978-2 0  9998
2 55563  37.1845 331.2923 0013528 194.7011 165.3357 15.43624748  3512
JANUS-1                 
1 55564U 23019C   23063.91382370  .00112952  00000+0  22990-2 0  9990
2 55564  37.1855 331.2740 0011076 202.8183 157.2086 15.44932805  3514
SS3 R/B                 
1 55565U 23019D   23063.89727831  .00045584  00000+0  78438-3 0  9998
2 55565  37.1850 330.1750 0040044 179.9354 180.1418 15.49198379  3519
VTM R/B                 
1 55566U 23019E   23063.93121180  .00028709  00000+0  45452-3 0  9999
2 55566  37.9012 331.9628 0051975 202.3367 157.5142 15.51022749  3524
SS3 DEB                 
1 55567U 23019F   23063.92014002  .01017455  00000+0  59007-2 0  9990
2 55567  37.1822 327.4844 0038852 201.5255 158.3882 15.73935494  3054
SS3 DEB                 
1 55568U 23019G   23063.90228122  .00560975  00000+0  48176-2 0  9993
2 55568  37.1873 328.3205 0041486 196.1974 163.7468 15.65699645  3535
STARLINK-5749           
1 55569U 23020A   23064.00001157 -.01212043  00000+0 -17858-1 0  9990
2 55569  42.9973 231.2731 0001614 280.1962 286.6852 15.57542521  3271
STARLINK-5737           
1 55570U 23020B   23064.00001157 -.01210634  00000+0 -17852-1 0  9990
2 55570  42.9981 231.2772 0001348 277.0231 288.8441 15.57519629  3276
STARLINK-5739           
1 55571U 23020C   23064.00001157 -.01213803  00000+0 -17873-1 0  9995
2 55571  42.9970 231.2706 0001481 277.9533 289.9454 15.57564227  3274
STARLINK-5732           
1 55572U 23020D   23064.00001157 -.01212380  00000+0 -17821-1 0  9998
2 55572  42.9984 231.2673 0001441 277.8571 292.0705 15.57606993  3271
STARLINK-5738           
1 55573U 23020E   23064.00001157 -.01212721  00000+0 -17841-1 0  9990
2 55573  42.9973 231.2682 0001412 277.9448 290.9682 15.57585913  3271
STARLINK-5747           
1 55574U 23020F   23064.00001157 -.01214386  00000+0 -17809-1 0  9994
2 55574  42.9983 231.2597 0001375 275.5746 297.3901 15.57673930  3273
STARLINK-5745           
1 55575U 23020G   23064.00001157 -.01218034  00000+0 -17897-1 0  9996
2 55575  42.9980 231.2631 0001408 278.0334 292.9073 15.57631807  3276
STARLINK-5751           
1 55576U 23020H   23064.00001157  .00092101  00000+0  69878-3 0  9997
2 55576  43.0000 230.7472 0001549 267.0296 152.9792 15.71330343  3281
STARLINK-5752           
1 55577U 23020J   23064.00001157 -.00783061  00000+0 -94307-2 0  9996
2 55577  42.9976 231.2010 0001717 294.0383 302.2013 15.62453875  3271
STARLINK-5713           
1 55578U 23020K   23064.00001157 -.01212382  00000+0 -17761-1 0  9999
2 55578  42.9981 231.2534 0001443 275.8124 299.4091 15.57695941  3274
STARLINK-5754           
1 55579U 23020L   23064.00001157 -.01212777  00000+0 -17747-1 0  9992
2 55579  42.9976 231.2411 0001412 276.8703 303.0913 15.57726558  3277
STARLINK-5757           
1 55580U 23020M   23063.86179782  .00009569  00000+0  76340-4 0  9994
2 55580  42.9991 231.5727 0002081 249.9211 110.1433 15.71352934  3269
STARLINK-5753           
1 55581U 23020N   23064.00001157 -.01095861  00000+0 -15949-1 0  9990
2 55581  42.9977 231.2553 0001132 279.6097 294.6451 15.57584977  3273
STARLINK-5741           
1 55582U 23020P   23063.86431789  .00132340  00000+0  99420-3 0  9991
2 55582  43.0012 231.6063 0001903 233.2592 126.8101 15.71414258  3265
STARLINK-5742           
1 55583U 23020Q   23064.00001157 -.01213963  00000+0 -17797-1 0  9990
2 55583  42.9976 231.2494 0001402 272.1027 304.5939 15.57681192  3278
STARLINK-5736           
1 55584U 23020R   23064.00001157 -.01217924  00000+0 -17858-1 0  9990
2 55584  42.9981 231.2475 0001376 273.0033 304.9356 15.57686940  3274
STARLINK-5769           
1 55585U 23020S   23063.86482950  .00105606  00000+0  79773-3 0  9994
2 55585  43.0012 231.6063 0001783 246.5371 113.5310 15.71380958  3260
STARLINK-5767           
1 55586U 23020T   23063.91667824 -.01145261  00000+0 -16530-1 0  9990
2 55586  42.9983 231.7338 0001519 282.3897 190.6828 15.57921721  1306
STARLINK-5727           
1 55587U 23020U   23064.00001157 -.00779187  00000+0 -93958-2 0  9992
2 55587  42.9980 231.1864 0001640 282.1249 320.4117 15.62410412  3274
STARLINK-5728           
1 55588U 23020V   23064.00001157 -.01210195  00000+0 -17648-1 0  9994
2 55588  42.9984 231.2331 0001472 280.2523 303.7464 15.57810834  3271
STARLINK-5697           
1 55589U 23020W   23064.00001157 -.01222124  00000+0 -17867-1 0  9993
2 55589  42.9979 231.2368 0001405 276.0041 305.9760 15.57774530  3275
STARLINK-5762           
1 55590U 23020X   23064.00001157 -.01200273  00000+0 -17462-1 0  9997
2 55590  42.9989 231.2274 0001160 276.5610 309.4501 15.57851289  3278
STARLINK-5760           
1 55591U 23020Y   23064.00001157 -.01219831  00000+0 -17816-1 0  9991
2 55591  42.9980 231.2342 0001489 281.4642 301.5256 15.57793904  3279
STARLINK-5759           
1 55592U 23020Z   23064.00001157 -.01207934  00000+0 -17555-1 0  9993
2 55592  42.9987 231.2234 0001383 270.2016 317.8238 15.57895916  3277
STARLINK-5703           
1 55593U 23020AA  23064.00001157 -.01214271  00000+0 -17698-1 0  9994
2 55593  42.9980 231.2295 0001387 273.2241 311.7801 15.57835734  3276
STARLINK-5750           
1 55594U 23020AB  23064.00001157 -.01207477  00000+0 -17533-1 0  9993
2 55594  42.9986 231.2209 0001355 276.5891 312.4400 15.57918070  3278
STARLINK-5740           
1 55595U 23020AC  23064.00001157 -.01269543  00000+0 -18354-1 0  9998
2 55595  42.9982 231.2240 0001103 282.6953 304.6793 15.57720240  3276
STARLINK-5729           
1 55596U 23020AD  23064.00001157 -.01208495  00000+0 -17560-1 0  9996
2 55596  42.9986 231.2174 0001393 277.1345 313.3760 15.57901928  3277
STARLINK-5743           
1 55597U 23020AE  23063.86472144  .00124634  00000+0  93820-3 0  9992
2 55597  43.0019 231.6059 0002059 245.1771 114.8883 15.71393154  3262
STARLINK-5756           
1 55598U 23020AF  23064.00001157 -.00347011  00000+0 -27257-2 0  9990
2 55598  42.9995 230.4432 0001723 284.7929 258.2957 15.71601001  3287
STARLINK-5761           
1 55599U 23020AG  23063.90026637 -.00326107  00000+0 -24452-2 0  9996
2 55599  42.9991 230.9875 0002016 265.7155  94.3483 15.72628362  3267
STARLINK-5755           
1 55600U 23020AH  23063.87279109  .00099563  00000+0  75301-3 0  9990
2 55600  42.9988 231.6622 0001807 240.5366 119.5322 15.71374948  3265
STARLINK-5744           
1 55601U 23020AJ  23064.00001157 -.01205318  00000+0 -17495-1 0  9991
2 55601  42.9986 231.2142 0001326 276.0483 315.4653 15.57922999  3271
STARLINK-5764           
1 55602U 23020AK  23063.83333643 -.00140344  00000+0 -10314-2 0  9990
2 55602  42.9996 231.3441 0002955 240.7727 119.2846 15.72536483  3263
STARLINK-5735           
1 55603U 23020AL  23063.87300471  .00127963  00000+0  96390-3 0  9997
2 55603  42.9987 231.6625 0001657 249.9688 110.1002 15.71366179  3262
STARLINK-5748           
1 55604U 23020AM  23063.86674797  .00106067  00000+0  80059-3 0  9999
2 55604  42.9997 231.6167 0001916 251.6858 108.3802 15.71397365  3260
STARLINK-5725           
1 55605U 23020AN  23063.87268708  .00094011  00000+0  71185-3 0  9997
2 55605  42.9984 231.6601 0001619 250.5114 109.5579 15.71369692  3269
STARLINK-5723           
1 55606U 23020AP  23063.91667824  .00436607  81906-4  11966-2 0  9995
2 55606  42.9980 228.9460 0013682  76.5388  73.6145 15.93046033  1308
STARLINK-5700           
1 55607U 23020AQ  23063.87237217  .00032110  00000+0  24719-3 0  9993
2 55607  42.9989 231.6599 0001104 272.8385  87.2357 15.71372563  3265
STARLINK-5726           
1 55608U 23020AR  23063.87216318  .00114780  00000+0  86631-3 0  9998
2 55608  42.9994 231.6576 0001485 255.6078 104.4625 15.71366758  3266
STARLINK-5719           
1 55609U 23020AS  23063.87258099  .00062151  00000+0  47371-3 0  9993
2 55609  42.9986 231.6600 0001605 243.3042 116.7661 15.71363094  3261
STARLINK-5722           
1 55610U 23020AT  23063.87173929  .00070897  00000+0  53911-3 0  9996
2 55610  42.9987 231.6541 0002339 240.6447 119.4188 15.71371020  3264
STARLINK-5730           
1 55611U 23020AU  23063.87184534  .00099192  00000+0  75025-3 0  9990
2 55611  42.9990 231.6550 0001818 245.8351 114.2327 15.71375036  3260
STARLINK-5734           
1 55612U 23020AV  23063.87163325  .00067271  00000+0  51190-3 0  9996
2 55612  42.9986 231.6523 0001793 252.5655 107.5017 15.71373512  3268
STARLINK-5715           
1 55613U 23020AW  23063.87205592  .00077023  00000+0  58485-3 0  9990
2 55613  42.9984 231.6561 0001377 257.1992 102.8722 15.71377296  3266
STARLINK-5714           
1 55614U 23020AX  23064.00001157  .00167956  00000+0  10821-2 0  9994
2 55614  42.9992 230.6452 0004812 316.1525 145.7905 15.74874100  3289
STARLINK-5712           
1 55615U 23020AY  23063.87152962  .00055261  00000+0  42160-3 0  9997
2 55615  42.9988 231.6522 0002132 261.4684  98.5942 15.71380156  3269
STARLINK-5710           
1 55616U 23020AZ  23063.87111282  .00090888  00000+0  68882-3 0  9991
2 55616  42.9988 231.6496 0001585 279.9022  80.1666 15.71361505  3268
STARLINK-5721           
1 55617U 23020BA  23063.87131887  .00122501  00000+0  92298-3 0  9991
2 55617  42.9987 231.6500 0001999 259.3300 100.7343 15.71379197  3261
STARLINK-5717           
1 55618U 23020BB  23063.87100478  .00114502  00000+0  86379-3 0  9999
2 55618  42.9993 231.6494 0001218 251.3509 108.7226 15.71379540  3268
STARLINK-5720           
1 55619U 23020BC  23063.87090010  .00092845  00000+0  70309-3 0  9991
2 55619  42.9991 231.6479 0001153 257.4078 102.6661 15.71372676  3265
STARLINK-5718           
1 55620U 23020BD  23063.87069689 -.00013173  00000+0 -97282-4 0  9990
2 55620  42.9987 231.6466 0001405 271.8547  88.2160 15.71327790  3269
STARLINK-5709           
1 55621U 23020BE  23063.87121632  .00093133  00000+0  70482-3 0  9992
2 55621  42.9987 231.6497 0001224 278.5565  81.5164 15.71386690  3261
STARLINK-5702           
1 55622U 23020BF  23063.87079400  .00080283  00000+0  60891-3 0  9993
2 55622  42.9986 231.6460 0001522 264.1970  95.8724 15.71389164  3262
STARLINK-5698           
1 55623U 23020BG  23063.87058379  .00055950  00000+0  42703-3 0  9991
2 55623  42.9988 231.6449 0001957 266.9563  93.1081 15.71366555  3268
FALCON 9 DEB            
1 55624U 23020BH  23063.85477017  .00641124  18847-3  12402-2 0  9992
2 55624  43.0066 228.8277 0015258  84.3863 275.8755 15.99317927  3298
FALCON 9 DEB            
1 55625U 23020BJ  23063.84471983  .00716753  24257-3  12787-2 0  9997
2 55625  43.0034 228.7397 0012265  81.0493 279.1773 16.00808837  3299
FALCON 9 DEB            
1 55626U 23020BK  23063.88964565  .00693887  23268-3  11133-2 0  9992
2 55626  42.9998 228.1888 0013803  64.7065 295.5243 16.02563292  3309
FALCON 9 DEB            
1 55627U 23020BL  23063.82952015  .00658314  20519-3  11283-2 0  9992
2 55627  42.9963 228.5988 0013374  66.4559 293.7723 16.01458857  3297
STARLINK-5484           
1 55628U 23021A   23063.91667824 -.00889951  00000+0 -73289-2 0  9993
2 55628  69.9980 107.3763 0002906 271.2519 221.8977 15.72651101  1309
STARLINK-5497           
1 55629U 23021B   23063.91667824 -.00910559  00000+0 -75152-2 0  9994
2 55629  69.9955 107.3731 0003350 271.1551 221.4480 15.72652622  1300
STARLINK-5303           
1 55630U 23021C   23063.91667824 -.00911663  00000+0 -75188-2 0  9992
2 55630  69.9967 107.3741 0003229 268.8474 224.8526 15.72674409  1303
STARLINK-5558           
1 55631U 23021D   23064.00001157 -.00934861  00000+0 -77611-2 0  9993
2 55631  69.9952 107.1330 0003543 265.9604 342.6544 15.72582639  2934
STARLINK-5546           
1 55632U 23021E   23063.91667824 -.00909840  00000+0 -74956-2 0  9990
2 55632  69.9953 107.3714 0003284 269.7002 225.0898 15.72693936  1309
STARLINK-5498           
1 55633U 23021F   23063.91667824 -.00906421  00000+0 -74615-2 0  9995
2 55633  69.9961 107.3706 0003372 268.6891 226.6460 15.72701711  1305
STARLINK-5500           
1 55634U 23021G   23064.00001157 -.00930306  00000+0 -77383-2 0  9992
2 55634  69.9951 107.1366 0003482 266.0643 339.8158 15.72525007  2937
STARLINK-5495           
1 55635U 23021H   23063.91667824 -.00909777  00000+0 -74678-2 0  9993
2 55635  69.9946 107.3649 0002890 268.5617 230.5686 15.72783646  1306
STARLINK-5218           
1 55636U 23021J   23063.91667824 -.00917205  00000+0 -75505-2 0  9999
2 55636  69.9956 107.3694 0003197 270.6473 225.7687 15.72733829  1308
STARLINK-5062           
1 55637U 23021K   23063.91667824 -.00916785  00000+0 -75256-2 0  9995
2 55637  69.9946 107.3642 0003343 268.7228 230.9512 15.72797205  1303
STARLINK-5507           
1 55638U 23021L   23063.91667824 -.00906612  00000+0 -74598-2 0  9992
2 55638  69.9940 107.3687 0003331 271.5470 224.3315 15.72712972  1301
STARLINK-5508           
1 55639U 23021M   23063.91667824 -.00907497  00000+0 -74262-2 0  9993
2 55639  69.9947 107.3609 0003308 269.7163 232.6695 15.72843881  1302
STARLINK-5069           
1 55640U 23021N   23063.91667824 -.00909435  00000+0 -74270-2 0  9998
2 55640  69.9956 107.3595 0003815 268.6110 235.9378 15.72890161  1308
STARLINK-5065           
1 55641U 23021P   23063.91667824 -.00914084  00000+0 -74867-2 0  9997
2 55641  69.9954 107.3619 0003517 268.2682 233.5726 15.72839411  1305
STARLINK-5478           
1 55642U 23021Q   23064.00001157 -.00929177  00000+0 -77068-2 0  9995
2 55642  69.9956 107.1328 0003467 265.0762 344.0870 15.72588938  2934
STARLINK-5483           
1 55643U 23021R   23063.91667824 -.00909935  00000+0 -74410-2 0  9992
2 55643  69.9946 107.3596 0003297 269.1569 234.3115 15.72867084  1309
STARLINK-5502           
1 55644U 23021S   23063.91667824 -.00714714  00000+0 -57626-2 0  9992
2 55644  69.9949 107.3632 0002830 268.5796 232.2696 15.72655724  1308
STARLINK-5102           
1 55645U 23021T   23064.00001157 -.00934572  00000+0 -76911-2 0  9999
2 55645  69.9946 107.1198 0003544 264.3459 354.6232 15.72786114  2937
STARLINK-5104           
1 55646U 23021U   23063.91667824 -.00907177  00000+0 -74469-2 0  9995
2 55646  69.9950 107.3658 0003396 266.8110 231.7776 15.72768716  1308
STARLINK-5510           
1 55647U 23021V   23064.00001157 -.00933248  00000+0 -76856-2 0  9998
2 55647  69.9946 107.1211 0003556 266.1983 351.6772 15.72765793  2936
STARLINK-5501           
1 55648U 23021W   23064.00001157 -.00933576  00000+0 -77207-2 0  9994
2 55648  69.9937 107.1270 0003526 267.7417 345.2358 15.72668951  2935
STARLINK-5469           
1 55649U 23021X   23063.91667824 -.00909639  00000+0 -74278-2 0  9991
2 55649  69.9956 107.3579 0003368 270.5960 234.4949 15.72899178  1302
STARLINK-5494           
1 55650U 23021Y   23063.91667824 -.00919334  00000+0 -75271-2 0  9990
2 55650  69.9944 107.3603 0003417 270.4356 232.4867 15.72863628  1300
STARLINK-5506           
1 55651U 23021Z   23064.00001157 -.00928235  00000+0 -76796-2 0  9996
2 55651  69.9954 107.1281 0003395 265.1927 346.6858 15.72646082  2933
STARLINK-5487           
1 55652U 23021AA  23063.91667824 -.00910437  00000+0 -74419-2 0  9990
2 55652  69.9948 107.3592 0003122 270.2781 233.7280 15.72880678  1303
STARLINK-5067           
1 55653U 23021AB  23064.00001157 -.00931903  00000+0 -76706-2 0  9995
2 55653  69.9946 107.1204 0003378 264.4380 353.9825 15.72776175  2939
STARLINK-5070           
1 55654U 23021AC  23063.91667824 -.00911985  00000+0 -74927-2 0  9995
2 55654  69.9945 107.3659 0003449 269.6014 228.4418 15.72761971  1307
STARLINK-5267           
1 55655U 23021AD  23064.00001157 -.00922109  00000+0 -75590-2 0  9995
2 55655  69.9946 107.1159 0003430 266.6180 355.6060 15.72843023  2938
STARLINK-5326           
1 55656U 23021AE  23064.00001157 -.00937624  00000+0 -77141-2 0  9998
2 55656  69.9952 107.1195 0003601 267.1084 352.3992 15.72800479  2931
STARLINK-5328           
1 55657U 23021AF  23063.91667824 -.00914970  00000+0 -74475-2 0  9993
2 55657  69.9940 107.3524 0003266 267.7924 241.6173 15.72989970  1308
STARLINK-5307           
1 55658U 23021AG  23063.91667824 -.00911383  00000+0 -74397-2 0  9992
2 55658  69.9953 107.3571 0003344 269.3586 236.2705 15.72911747  1302
STARLINK-5477           
1 55659U 23021AH  23063.91667824 -.00912033  00000+0 -74160-2 0  9994
2 55659  69.9946 107.3518 0003652 269.6345 240.3101 15.73000594  1300
STARLINK-5467           
1 55660U 23021AJ  23063.91667824 -.00908340  00000+0 -73961-2 0  9990
2 55660  69.9945 107.3538 0003208 268.9109 239.4216 15.72963802  1305
STARLINK-5475           
1 55661U 23021AK  23063.91667824 -.00909953  00000+0 -73897-2 0  9990
2 55661  69.9945 107.3499 0003122 269.0738 242.4875 15.73030915  1303
STARLINK-5479           
1 55662U 23021AL  23063.91667824 -.00913714  00000+0 -74399-2 0  9999
2 55662  69.9946 107.3532 0003160 267.1901 241.6786 15.72979519  1309
STARLINK-5473           
1 55663U 23021AM  23063.91667824 -.00920138  00000+0 -74606-2 0  9999
2 55663  69.9940 107.3467 0004429 273.1111 241.1565 15.73079355  1300
STARLINK-5480           
1 55664U 23021AN  23063.91667824 -.00907696  00000+0 -73737-2 0  9998
2 55664  69.9945 107.3506 0003300 268.8771 242.1543 15.73015000  1304
STARLINK-5474           
1 55665U 23021AP  23063.91667824 -.00918441  00000+0 -74567-2 0  9991
2 55665  69.9943 107.3486 0003463 270.4109 242.2270 15.73056743  1301
STARLINK-5457           
1 55666U 23021AQ  23063.75209220  .00179077  00000+0  84552-3 0  9994
2 55666  69.9944 107.7433 0003399 270.9184  89.1629 15.82397790  3202
STARLINK-5456           
1 55667U 23021AR  23063.91667824 -.00907261  00000+0 -73460-2 0  9992
2 55667  69.9941 107.3460 0003193 268.8070 245.9874 15.73091515  1307
STARLINK-5455           
1 55668U 23021AS  23063.91667824 -.00904648  00000+0 -73384-2 0  9994
2 55668  69.9954 107.3493 0003545 268.8934 243.2109 15.73036741  1300
STARLINK-5459           
1 55669U 23021AT  23063.91667824 -.00839502  00000+0 -67638-2 0  9996
2 55669  69.9944 107.3472 0002992 268.1798 245.5649 15.73018524  1306
STARLINK-5423           
1 55670U 23021AU  23063.91667824 -.00911294  00000+0 -73776-2 0  9997
2 55670  69.9934 107.3454 0003381 269.7751 245.5565 15.73103897  1301
STARLINK-5460           
1 55671U 23021AV  23063.91667824 -.00908596  00000+0 -73336-2 0  9991
2 55671  69.9934 107.3413 0003103 270.8292 247.7155 15.73169864  1307
STARLINK-5461           
1 55672U 23021AW  23063.91667824 -.00899074  00000+0 -72547-2 0  9995
2 55672  69.9943 107.3423 0003172 269.4121 248.6066 15.73148717  1305
STARLINK-5463           
1 55673U 23021AX  23063.91667824 -.00913845  00000+0 -73935-2 0  9991
2 55673  69.9937 107.3440 0003205 267.8939 248.5095 15.73128253  1308
STARLINK-5462           
1 55674U 23021AY  23063.91667824 -.00907249  00000+0 -73292-2 0  9999
2 55674  69.9935 107.3430 0003219 270.0058 247.4739 15.73144104  1305
STARLINK-5232           
1 55675U 23021AZ  23063.91667824 -.00914486  00000+0 -74025-2 0  9996
2 55675  69.9939 107.3446 0003265 268.6467 247.2226 15.73117347  1303
STARLINK-5300           
1 55676U 23021BA  23063.91667824 -.00918270  00000+0 -74141-2 0  9991
2 55676  69.9934 107.3410 0003464 271.2469 247.8343 15.73185146  1301
STARLINK-5324           
1 55677U 23021BB  23063.91667824 -.00921156  00000+0 -74363-2 0  9995
2 55677  69.9931 107.3397 0003395 271.3366 248.2839 15.73197639  1308
STARLINK-5314           
1 55678U 23021BC  23063.91667824 -.00905886  00000+0 -73204-2 0  9991
2 55678  69.9944 107.3436 0003339 267.9345 249.0096 15.73131754  1303
INMARSAT 6-F2           
1 55683U 23022A   23063.05648419  .00000308  00000+0  16062-2 0  9994
2 55683  26.8672  48.4156 7525449 172.0841 216.5036  1.91370155   215
FALCON 9 R/B            
1 55684U 23022B   23063.53083283  .00010000  00000+0  15510-2 0  9997
2 55684  27.0140  48.0314 7586227 172.6852 214.3423  1.92498299   251
DRUMS TARGET-1          
1 55685U 21102M   23063.73922896  .00021913  00000+0  15424-2 0  9998
2 55685  97.5012 120.2589 0021032  57.8340 302.4991 15.04879635  2173
CHINASAT 26 (ZX 26)     
1 55686U 23023A   23062.72312155 -.00000362  00000+0  00000+0 0  9999
2 55686   0.0229  30.8468 0006495  76.6950  79.0120  1.00196613   197
CZ-3B R/B               
1 55687U 23023B   23061.40813264 -.00000524  00000+0  00000+0 0  9991
2 55687  27.9161 324.6419 7217964 183.3818 156.7142  2.38350335   161
SOYUZ-MS 23             
1 55688U 23024A   23063.56245575  .00021979  00000+0  39654-3 0  9993
2 55688  51.6414 126.7877 0005937  54.4365  91.8432 15.49660777385560
2023-025A               
1 55690U 23025A   23064.11721150  .00072118  00000+0  30181-2 0  9993
2 55690  97.4736 137.9907 0011933 207.4600 358.5678 15.23216543  1347
2023-025B               
1 55691U 23025B   23063.91502729  .00010957  00000+0  51780-3 0  9992
2 55691  97.6012 138.0064 0065691 252.6537 106.7542 15.17649169  1311
2023-025C               
1 55692U 23025C   23063.86565164  .00084715  00000+0  39948-2 0  9993
2 55692  97.6519 137.7844 0092219 198.3969 161.3817 15.15380989  1320
2023-025D               
1 55693U 23025D   23063.86859729  .00101925  00000+0  48282-2 0  9991
2 55693  97.2438 137.4361 0093927 197.3402 162.5064 15.15019315  1303
2023-025E               
1 55694U 23025E   23063.78202183 -.00000058  00000+0  00000+0 0  9998
2 55694  97.2683 137.0374 0161267 138.6310 347.0879 14.87315319  1287
STARLINK-30050          
1 55695U 23026A   23063.91667824 -.00057931  00000+0 -63826-3 0  9994
2 55695  43.0031 253.7066 0001513 260.9877  53.0908 15.62296404  1309
STARLINK-30038          
1 55696U 23026B   23063.91667824  .00024828  00000+0  27729-3 0  9994
2 55696  43.0050 253.7028 0001668 277.0960  38.6757 15.62269471  1307
STARLINK-30040          
1 55697U 23026C   23063.91667824  .00039605  00000+0  43900-3 0  9993
2 55697  43.0050 253.6987 0001644 277.3069  40.1568 15.62265433  1300
STARLINK-30061          
1 55698U 23026D   23063.91667824  .00093929  00000+0  10282-2 0  9999
2 55698  43.0052 253.6945 0001763 288.0653  31.0799 15.62265870  1307
STARLINK-30055          
1 55699U 23026E   23063.91667824 -.00757911  00000+0 -89002-2 0  9996
2 55699  43.0095 253.6580 0001574 275.7630  58.2513 15.63015060  1308
STARLINK-30064          
1 55700U 23026F   23063.91667824 -.00801705  00000+0 -93957-2 0  9994
2 55700  43.0101 253.6543 0001708 277.2300  58.2196 15.63203012  1301
STARLINK-30065          
1 55701U 23026G   23063.91667824 -.00787449  00000+0 -91593-2 0  9997
2 55701  43.0101 253.6507 0001539 276.5658  60.2948 15.63349377  1305
STARLINK-30042          
1 55702U 23026H   23063.91667824 -.00781220  00000+0 -90238-2 0  9994
2 55702  43.0101 253.6475 0001511 273.9599  64.2490 15.63505283  1301
STARLINK-30044          
1 55703U 23026J   23063.91667824 -.00780035  00000+0 -89514-2 0  9993
2 55703  43.0102 253.6444 0001524 278.3629  61.1377 15.63665837  1308
STARLINK-30051          
1 55704U 23026K   23064.00001157 -.00798112  00000+0 -91689-2 0  9997
2 55704  43.0101 253.1438 0001552 278.6400 171.7908 15.63694981  1824
STARLINK-30057          
1 55705U 23026L   23063.91667824 -.00792617  00000+0 -89925-2 0  9990
2 55705  43.0104 253.6385 0001582 278.0292  63.9136 15.63991484  1306
STARLINK-30054          
1 55706U 23026M   23063.91667824 -.00787975  00000+0 -88798-2 0  9999
2 55706  43.0104 253.6358 0001585 277.7896  65.3029 15.64145658  1308
STARLINK-30060          
1 55707U 23026N   23063.91667824 -.00786456  00000+0 -88069-2 0  9994
2 55707  43.0106 253.6331 0001550 276.9285  67.2776 15.64299114  1304
STARLINK-30058          
1 55708U 23026P   23064.00001157 -.00799115  00000+0 -89544-2 0  9992
2 55708  43.0105 253.1325 0001619 280.2690 174.8600 15.64322083  1826
STARLINK-30047          
1 55709U 23026Q   23063.91667824 -.00789768  00000+0 -87343-2 0  9999
2 55709  43.0107 253.6282 0001620 280.1735  66.0640 15.64620352  1306
STARLINK-30046          
1 55710U 23026R   23063.91667824 -.00782722  00000+0 -85987-2 0  9996
2 55710  43.0107 253.6258 0001580 275.4688  71.7583 15.64765320  1304
STARLINK-30048          
1 55711U 23026S   23063.91667824 -.00785933  00000+0 -85865-2 0  9999
2 55711  43.0107 253.6233 0001546 277.7254  70.4701 15.64912776  1301
STARLINK-30037          
1 55712U 23026T   23063.91667824 -.00755999  00000+0 -81844-2 0  9992
2 55712  43.0107 253.6211 0001392 278.2148  70.8546 15.65048341  1305
STARLINK-30063          
1 55713U 23026U   23063.91667824 -.00786611  00000+0 -84379-2 0  9994
2 55713  43.0106 253.6172 0001521 274.8515  75.8599 15.65369746  1303
STARLINK-30059          
1 55714U 23026V   23063.91667824 -.00793067  00000+0 -85657-2 0  9998
2 55714  43.0107 253.6190 0001624 275.7911  74.1418 15.65218841  1300
STARLINK-30062          
1 55715U 23026W   23063.91667824  .00218037  00000+0  19091-2 0  9995
2 55715  43.0103 253.5979 0002204 278.5346  79.9094 15.67431031  1302
SS3 DEB                 
1 55737U 23019H   23060.08618434  .01518306  00000+0  62218-2 0  9991
2 55737  37.2095 351.4439 0042986 169.8087 190.3566 15.80747129  2659
SS3 DEB                 
1 55738U 23019J   23062.12294773  .00524338  00000+0  50146-2 0  9993
2 55738  37.1899 340.0103 0040007 179.9437 180.1339 15.63208805  2925
SS3 DEB                 
1 55739U 23019K   23061.14607851  .00641259  00000+0  42720-2 0  9991
2 55739  37.1980 345.1153 0052018 172.5715 187.5835 15.70902945  3085
CREW DRAGON 6           
1 55740U 23027A   23063.56245575  .00021979  00000+0  39654-3 0  9995
2 55740  51.6414 126.7877 0005937  54.4365  91.8432 15.49660777385569
