STARLINK-4749           
1 53818U 22114A   22289.91667824  .00013318  00000+0  99271-4 0  9998
2 53818  53.2158 120.8697 0001039  97.1894 129.0822 15.73172287  1306
STARLINK-4738           
1 53819U 22114B   22289.91667824  .00115168  00000+0  81556-3 0  9991
2 53819  53.2161 120.8636 0001077  58.9241 170.3784 15.73149269  1307
STARLINK-4758           
1 53820U 22114C   22289.91667824  .00099717  00000+0  70752-3 0  9990
2 53820  53.2146 120.8687 0000861  99.1087 127.7878 15.73166337  1308
STARLINK-4752           
1 53821U 22114D   22289.91667824  .00810119  00000+0  53427-2 0  9997
2 53821  53.2176 120.8641 0001252  79.8575 147.8332 15.72736628  1307
STARLINK-4748           
1 53823U 22114F   22289.91667824 -.00024871  00000+0 -17331-3 0  9998
2 53823  53.2163 119.3109 0001836  48.0869 215.5456 15.73198070  1303
STARLINK-4757           
1 53824U 22114G   22289.91667824  .00106702  00000+0  75703-3 0  9998
2 53824  53.2158 120.8681 0001265  68.1901 162.3106 15.73138795  1305
STARLINK-4751           
1 53825U 22114H   22289.91667824  .00102833  00000+0  73012-3 0  9991
2 53825  53.2143 120.8630 0001036  74.9234 154.9278 15.73137432  1308
STARLINK-4756           
1 53826U 22114J   22289.91667824  .00045551  00000+0  32728-3 0  9994
2 53826  53.2149 120.8574 0001116 111.1490 121.8920 15.73195196  1307
STARLINK-4764           
1 53827U 22114K   22289.91667824  .00110687  00000+0  78441-3 0  9990
2 53827  53.2150 120.8603 0001460  44.6771 186.3898 15.73149208  1300
STARLINK-4760           
1 53828U 22114L   22289.91667824  .00102268  00000+0  72638-3 0  9999
2 53828  53.2147 120.8556 0001311  91.2660 142.1536 15.73130971  1300
STARLINK-4759           
1 53829U 22114M   22289.91667824  .00095841  00000+0  68083-3 0  9997
2 53829  53.2154 120.8635 0001311  48.0933 183.4975 15.73155099  1303
STARLINK-4761           
1 53830U 22114N   22289.91667824 -.00001665  00000+0 -74526-5 0  9993
2 53830  53.2150 120.8540 0000960  78.1244 156.5338 15.73204941  1309
STARLINK-4649           
1 53831U 22114P   22289.91667824  .00013639  00000+0  10166-3 0  9994
2 53831  53.2147 120.8586 0001169  88.2110 144.1232 15.73147781  1306
STARLINK-4747           
1 53832U 22114Q   22289.91667824  .00010727  00000+0  80817-4 0  9991
2 53832  53.2151 120.8511 0001225  78.0276 157.8596 15.73179949  1308
STARLINK-4771           
1 53833U 22114R   22289.91667824  .00100758  00000+0  71577-3 0  9998
2 53833  53.2157 120.8523 0001066  91.8603 142.2116 15.73133667  1301
STARLINK-4737           
1 53834U 22114S   22289.91667824  .00052089  00000+0  37337-3 0  9998
2 53834  53.2150 120.8491 0001490 119.5145 117.6096 15.73192740  1309
STARLINK-4783           
1 53835U 22114T   22289.91667824  .00020688  00000+0  15138-3 0  9994
2 53835  53.2163 120.8517 0001215  77.8150 157.3874 15.73211593  1303
STARLINK-4778           
1 53836U 22114U   22289.91667824  .00064540  00000+0  46109-3 0  9992
2 53836  53.2157 120.8453 0000954  76.9228 161.2892 15.73182321  1301
STARLINK-4776           
1 53837U 22114V   22289.91667824  .00008780  00000+0  66843-4 0  9995
2 53837  53.2148 120.8515 0001071  83.3764 152.9454 15.73222843  1304
STARLINK-4773           
1 53838U 22114W   22289.91667824  .00007054  00000+0  54664-4 0  9997
2 53838  53.2147 120.8459 0000997  69.0326 169.7650 15.73185829  1308
STARLINK-4784           
1 53839U 22114X   22289.91667824  .00042457  00000+0  30567-3 0  9999
2 53839  53.2156 120.8499 0001180  71.9434 165.7640 15.73178834  1303
STARLINK-4766           
1 53840U 22114Y   22289.91667824  .00013724  00000+0  10209-3 0  9997
2 53840  53.2162 120.8406 0001155  96.4065 144.1576 15.73187997  1303
STARLINK-4750           
1 53841U 22114Z   22289.91667824 -.00008574  00000+0 -56789-4 0  9991
2 53841  53.2147 120.8439 0001068  82.8201 156.5849 15.73180840  1307
STARLINK-4754           
1 53842U 22114AA  22289.91667824 -.00014900  00000+0 -10209-3 0  9998
2 53842  53.2163 120.8378 0001227  76.7421 165.0433 15.73165222  1302
STARLINK-4769           
1 53843U 22114AB  22289.91667824  .00101125  00000+0  71785-3 0  9999
2 53843  53.2158 120.8408 0001416  81.5963 158.3773 15.73149049  1307
STARLINK-4745           
1 53844U 22114AC  22289.91667824  .00039995  00000+0  28806-3 0  9991
2 53844  53.2154 120.8375 0000961  77.6058 165.4266 15.73197456  1303
STARLINK-4753           
1 53845U 22114AD  22289.91667824  .00059687  00000+0  42716-3 0  9998
2 53845  53.2158 120.8435 0001142  70.1097 171.1129 15.73173128  1300
STARLINK-4746           
1 53846U 22114AE  22289.91667824  .00015880  00000+0  11746-3 0  9995
2 53846  53.2156 120.8373 0001043  95.3518 148.8855 15.73177142  1304
STARLINK-4777           
1 53847U 22114AF  22289.91667824 -.00004184  00000+0 -25424-4 0  9992
2 53847  53.2146 120.8362 0001085  71.6473 170.7231 15.73187988  1306
STARLINK-4780           
1 53848U 22114AG  22289.91667824  .00006163  00000+0  48351-4 0  9994
2 53848  53.2150 120.8315 0001060  86.7227 158.6485 15.73172995  1305
STARLINK-4770           
1 53849U 22114AH  22289.91667824  .00015351  00000+0  11369-3 0  9992
2 53849  53.2153 120.8388 0001148  90.7339 152.8195 15.73179624  1305
STARLINK-4767           
1 53850U 22114AJ  22289.91667824  .00092519  00000+0  65653-3 0  9990
2 53850  53.2154 120.8288 0001313  80.8802 166.2674 15.73194729  1300
STARLINK-4755           
1 53851U 22114AK  22289.91667824  .00103114  00000+0  73272-3 0  9991
2 53851  53.2149 120.8332 0001187  95.6987 149.1064 15.73116923  1305
STARLINK-4797           
1 53852U 22114AL  22289.91667824  .00048968  00000+0  35165-3 0  9996
2 53852  53.2151 120.8274 0000764  89.8494 158.5293 15.73175713  1302
STARLINK-4794           
1 53853U 22114AM  22289.91667824  .00098834  00000+0  70194-3 0  9995
2 53853  53.2158 120.8354 0001226  85.4431 160.4933 15.73147261  1306
STARLINK-4800           
1 53854U 22114AN  22289.91667824  .00025999  00000+0  18950-3 0  9990
2 53854  53.2155 120.8266 0001045  96.7558 152.8550 15.73148588  1303
STARLINK-4703           
1 53855U 22114AP  22289.91667824  .00061257  00000+0  43781-3 0  9998
2 53855  53.2163 120.8289 0001189  86.3119 160.1971 15.73194013  1308
STARLINK-4795           
1 53856U 22114AQ  22289.91667824  .00098693  00000+0  70133-3 0  9994
2 53856  53.2164 120.8161 0001412  91.0927 161.4129 15.73134568  1306
STARLINK-4809           
1 53857U 22114AR  22289.91667824  .00101481  00000+0  72054-3 0  9999
2 53857  53.2150 120.8268 0000941  97.9545 149.8227 15.73142652  1309
STARLINK-4798           
1 53858U 22114AS  22289.91667824 -.00005356  00000+0 -33812-4 0  9996
2 53858  53.2153 120.8239 0000952  92.3311 157.8197 15.73175236  1302
STARLINK-4790           
1 53859U 22114AT  22289.91667824 -.00001346  00000+0 -51819-5 0  9990
2 53859  53.2153 120.8242 0001039  87.2367 161.7652 15.73196241  1307
STARLINK-4799           
1 53860U 22114AU  22289.91667824  .00099073  00000+0  70360-3 0  9994
2 53860  53.2163 120.8176 0001273  92.1665 159.7113 15.73147417  1302
STARLINK-4781           
1 53861U 22114AV  22289.91667824 -.00012170  00000+0 -82438-4 0  9990
2 53861  53.2153 120.8204 0001110  91.9896 158.7499 15.73195438  1309
STARLINK-4792           
1 53862U 22114AW  22289.91667824  .00055089  00000+0  39461-3 0  9992
2 53862  53.2147 120.8157 0001197  83.2954 169.8428 15.73184953  1309
STARLINK-4788           
1 53863U 22114AX  22289.91667824  .00109343  00000+0  77544-3 0  9990
2 53863  53.2153 120.8189 0001525  79.6601 171.7137 15.73137957  1306
STARLINK-4779           
1 53864U 22114AY  22289.91667824  .00034416  00000+0  24814-3 0  9991
2 53864  53.2164 120.8137 0001019  78.2519 175.8940 15.73245929  1309
STARLINK-4785           
1 53865U 22114AZ  22289.91667824  .00101732  00000+0  72253-3 0  9998
2 53865  53.2150 120.8148 0001133  89.3289 164.4067 15.73134672  1307
STARLINK-4762           
1 53866U 22114BA  22289.91667824  .00099958  00000+0  71010-3 0  9995
2 53866  53.2164 120.8100 0001054  87.6851 168.3848 15.73136690  1301
STARLINK-4793           
1 53867U 22114BB  22289.91667824  .00099521  00000+0  70675-3 0  9998
2 53867  53.2163 120.8129 0001280  88.9927 165.9252 15.73146490  1302
STARLINK-4789           
1 53868U 22114BC  22289.91667824  .00098460  00000+0  69854-3 0  9997
2 53868  53.2161 120.7984 0001134 106.7631 157.9130 15.73173766  1300
STARLINK-4810           
1 53869U 22114BD  22289.91667824  .00102988  00000+0  73094-3 0  9990
2 53869  53.2152 120.8117 0000995  92.0913 163.3975 15.73145908  1309
STARLINK-4732           
1 53870U 22114BE  22289.91667824  .00034211  00000+0  24735-3 0  9993
2 53870  53.2152 120.8084 0000849  86.9265 170.3697 15.73183697  1300
STARLINK-4740           
1 53871U 22114BF  22289.91667824  .00002890  00000+0  25024-4 0  9995
2 53871  53.2152 120.8063 0001150  85.2250 172.6885 15.73178621  1305
CHUANGXIN 16B (CX-16B)  
1 53876U 22102B   22289.88799681  .00004525  00000+0  42320-3 0  9994
2 53876  29.0000  17.0557 0005260  93.8881 266.2316 14.92010071  4057
YUNHAI-1 03             
1 53877U 22115A   22289.83600093  .00000327  00000+0  13584-3 0  9998
2 53877  98.4980 288.0662 0001436  89.4366 270.6978 14.32806593  3713
CZ-2D R/B               
1 53878U 22115B   22289.98463109  .00001361  00000+0  22170-3 0  9990
2 53878  98.5467 289.8576 0123243 321.8488  37.4037 14.67978868  3827
SOYUZ-MS 22             
1 53879U 22116A   22289.53130847  .00017320  00000+0  30961-3 0  9992
2 53879  51.6422  95.4091 0003481 308.6292 118.4789 15.50106123364003
2022-118A               
1 53884U 22118A   22289.89461315  .00006119  00000+0  26196-3 0  9995
2 53884  97.5209 296.4311 0015078 178.0255 276.2095 15.23071144  3346
2022-118B               
1 53885U 22118B   22289.93698019  .00008719  00000+0  36453-3 0  9999
2 53885  97.5204 296.4951 0012090 184.0763 194.5428 15.23778388  3340
STARLINK-5028           
1 53886U 22119A   22289.91667824  .00072289  00000+0  51568-3 0  9996
2 53886  53.2161 144.3766 0001248 103.4721 275.8365 15.73171591  1304
STARLINK-5029           
1 53887U 22119B   22289.91667824  .00063719  00000+0  45582-3 0  9994
2 53887  53.2156 144.3725 0001213  86.6714 294.3946 15.73156921  1301
STARLINK-5034           
1 53888U 22119C   22289.91667824 -.00026489  00000+0 -18463-3 0  9998
2 53888  53.2162 144.3765 0001450  36.2229 343.5735 15.73234358  1302
STARLINK-5031           
1 53889U 22119D   22289.91667824  .00065713  00000+0  46926-3 0  9995
2 53889  53.2164 144.3766 0001158  64.5089 315.9070 15.73185566  1300
STARLINK-5050           
1 53890U 22119E   22289.91667824 -.00900866  00000+0 -51316-2 0  9994
2 53890  53.2176 142.9491 0002052 271.8081  89.6579 15.80559022  1302
STARLINK-5041           
1 53891U 22119F   22289.91667824  .00065179  00000+0  46608-3 0  9991
2 53891  53.2158 144.3712 0000971  89.8138 292.4243 15.73157191  1308
STARLINK-5046           
1 53892U 22119G   22289.91667824  .00065036  00000+0  46495-3 0  9998
2 53892  53.2171 144.3664 0002072  25.4271 359.8474 15.73162263  1308
STARLINK-5052           
1 53893U 22119H   22289.91667824  .00064094  00000+0  45825-3 0  9998
2 53893  53.2155 144.3662 0001402 139.3278 244.6689 15.73167348  1305
STARLINK-5043           
1 53894U 22119J   22289.91667824 -.00011079  00000+0 -74643-4 0  9997
2 53894  53.2157 144.3695 0001036  92.7943 290.1040 15.73196035  1300
STARLINK-5032           
1 53895U 22119K   22289.91667824 -.00006914  00000+0 -44829-4 0  9993
2 53895  53.2158 144.3659 0001064  89.1850 295.4166 15.73230358  1304
STARLINK-5037           
1 53896U 22119L   22289.91667824  .00067185  00000+0  47945-3 0  9990
2 53896  53.2165 144.3657 0002132 343.6575  42.1339 15.73191128  1300
STARLINK-5035           
1 53897U 22119M   22289.91667824 -.00060974  00000+0 -43226-3 0  9990
2 53897  53.2162 144.3692 0001394 139.5593 243.8072 15.73248746  1301
STARLINK-5044           
1 53898U 22119N   22289.91667824  .00068414  00000+0  48838-3 0  9990
2 53898  53.2162 144.3623 0001548  45.1351 342.4807 15.73177068  1301
STARLINK-5042           
1 53899U 22119P   22289.91667824 -.00051471  00000+0 -36449-3 0  9993
2 53899  53.2164 144.3638 0001436  50.5616 336.4718 15.73204187  1307
STARLINK-5045           
1 53900U 22119Q   22289.91667824  .00067134  00000+0  47949-3 0  9994
2 53900  53.2173 144.3583 0001894  49.4013 339.4116 15.73172120  1301
STARLINK-5024           
1 53901U 22119R   22289.91667824  .00065843  00000+0  46998-3 0  9993
2 53901  53.2163 144.3645 0001162 102.9510 283.4869 15.73195012  1303
STARLINK-5021           
1 53902U 22119S   22284.16667824  .00300409  00000+0  20742-2 0  9994
2 53902  53.2172 172.7910 0001093  89.3094 118.4046 15.73143355  1309
STARLINK-5022           
1 53903U 22119T   22289.91667824 -.00023893  00000+0 -16622-3 0  9997
2 53903  53.2164 144.3609 0001166  86.7944 301.4422 15.73212440  1301
STARLINK-4787           
1 53904U 22119U   22289.91667824 -.00037576  00000+0 -26436-3 0  9995
2 53904  53.2157 144.3545 0001126  85.0924 304.3052 15.73213716  1307
STARLINK-5003           
1 53905U 22119V   22289.91667824 -.00011258  00000+0 -75903-4 0  9999
2 53905  53.2159 144.3521 0001100  91.7355 299.4966 15.73202036  1309
STARLINK-5054           
1 53906U 22119W   22289.91667824 -.00011397  00000+0 -76924-4 0  9998
2 53906  53.2164 144.3503 0001742  21.9984  11.0295 15.73189360  1308
STARLINK-5063           
1 53907U 22119X   22289.91667824 -.00041685  00000+0 -29413-3 0  9992
2 53907  53.2161 144.3603 0001676  36.5813 353.4686 15.73193217  1309
STARLINK-5057           
1 53908U 22119Y   22289.91667824  .00058950  00000+0  42236-3 0  9992
2 53908  53.2163 144.3537 0000978  98.7514 294.8076 15.73151909  1303
STARLINK-4796           
1 53909U 22119Z   22289.91667824  .00063302  00000+0  45231-3 0  9998
2 53909  53.2154 144.3563 0001373  65.0845 325.4964 15.73186766  1303
STARLINK-5056           
1 53910U 22119AA  22289.91667824 -.00018304  00000+0 -12634-3 0  9995
2 53910  53.2156 144.3478 0000865  89.9068 305.4838 15.73191796  1306
STARLINK-5048           
1 53911U 22119AB  22289.91667824 -.00047388  00000+0 -33471-3 0  9992
2 53911  53.2162 144.3500 0001216  99.8460 292.5308 15.73229198  1303
STARLINK-5059           
1 53912U 22119AC  22289.91667824  .00057191  00000+0  41000-3 0  9991
2 53912  53.2164 144.3505 0001235  54.3024 340.4967 15.73150510  1309
STARLINK-5053           
1 53913U 22119AD  22289.91667824  .00032855  00000+0  23741-3 0  9994
2 53913  53.2165 144.3440 0001004  98.3198 298.1576 15.73218288  1305
STARLINK-5040           
1 53914U 22119AE  22289.91667824 -.00012682  00000+0 -86177-4 0  9996
2 53914  53.2167 144.3418 0001141  85.1496 312.0641 15.73174956  1302
STARLINK-5017           
1 53915U 22119AF  22289.91667824 -.00050097  00000+0 -35461-3 0  9998
2 53915  53.2165 144.3481 0001210  95.9134 298.3016 15.73203202  1305
STARLINK-5051           
1 53916U 22119AG  22289.91667824  .00032955  00000+0  23866-3 0  9996
2 53916  53.2208 144.2473 0001536 131.0104 317.1993 15.73164276  1305
STARLINK-5036           
1 53917U 22119AH  22289.91667824 -.00030941  00000+0 -21667-3 0  9999
2 53917  53.2165 144.3455 0001068  89.3715 306.5017 15.73219628  1303
STARLINK-5012           
1 53918U 22119AJ  22289.91667824  .00060970  00000+0  43623-3 0  9999
2 53918  53.2167 144.3392 0000877  99.8288 298.5370 15.73170901  1306
STARLINK-5023           
1 53919U 22119AK  22289.91667824 -.00026573  00000+0 -18551-3 0  9995
2 53919  53.2163 144.3378 0000881  76.6303 322.3446 15.73202265  1302
STARLINK-5025           
1 53920U 22119AL  22289.91667824  .00063364  00000+0  45368-3 0  9990
2 53920  53.2164 144.3342 0001127  86.3541 315.0475 15.73138330  1304
STARLINK-5005           
1 53921U 22119AM  22289.91667824  .00779862  34191-3  77427-3 0  9991
2 53921  53.2189 141.3651 0030169 129.5291 276.3906 16.09620657  1308
STARLINK-5002           
1 53922U 22119AN  22289.91667824  .00064976  00000+0  46456-3 0  9991
2 53922  53.2167 144.3329 0001078  99.9553 302.0357 15.73161834  1302
STARLINK-5004           
1 53923U 22119AP  22289.91667824  .00064976  00000+0  46417-3 0  9999
2 53923  53.2165 144.3360 0000986  79.6601 321.0764 15.73181363  1304
STARLINK-5001           
1 53924U 22119AQ  22289.91667824 -.00007421  00000+0 -48482-4 0  9999
2 53924  53.2166 144.3299 0001030  85.0761 318.6057 15.73213753  1302
STARLINK-5011           
1 53925U 22119AR  22289.91667824  .00064313  00000+0  45967-3 0  9995
2 53925  53.2170 144.3391 0001324  71.6223 327.9811 15.73173239  1306
STARLINK-5014           
1 53926U 22119AS  22289.91667824  .00064729  00000+0  46234-3 0  9995
2 53926  53.2166 144.3280 0000827 111.5664 292.7674 15.73186514  1305
STARLINK-5008           
1 53927U 22119AT  22289.91667824 -.00031029  00000+0 -21744-3 0  9994
2 53927  53.2162 144.3328 0000900  98.8116 304.2465 15.73205226  1305
STARLINK-5009           
1 53928U 22119AU  22289.91667824  .00056706  00000+0  40587-3 0  9998
2 53928  53.2162 144.3290 0001130 100.1320 304.7710 15.73191653  1300
STARLINK-5018           
1 53929U 22119AV  22289.91667824  .00061894  00000+0  44283-3 0  9990
2 53929  53.2160 144.3316 0001917  35.7435   6.7479 15.73164435  1300
STARLINK-5010           
1 53930U 22119AW  22289.91667824 -.00054680  00000+0 -38739-3 0  9998
2 53930  53.2170 144.3242 0001246  94.7340 311.3452 15.73219690  1306
STARLINK-5015           
1 53931U 22119AX  22289.91667824 -.00034009  00000+0 -23873-3 0  9995
2 53931  53.2159 144.3207 0001257  58.8216 348.4783 15.73214569  1308
STARLINK-4772           
1 53932U 22119AY  22289.91667824  .00060542  00000+0  43355-3 0  9992
2 53932  53.2164 144.3268 0001311  62.0735 344.6270 15.73152912  1308
STARLINK-4782           
1 53933U 22119AZ  22289.91667824  .00061567  00000+0  44112-3 0  9993
2 53933  53.2164 144.3243 0001198  97.1450 308.3390 15.73133630  1304
STARLINK-4775           
1 53934U 22119BA  22289.91667824 -.00001599  00000+0 -69886-5 0  9992
2 53934  53.2162 144.3216 0001137  85.5412 322.3837 15.73180770  1304
STARLINK-5000           
1 53935U 22119BB  22289.91667824 -.00007358  00000+0 -48086-4 0  9990
2 53935  53.2166 144.3190 0000874  99.9967 309.1258 15.73188467  1302
STARLINK-4791           
1 53936U 22119BC  22289.91667824  .00059914  00000+0  42914-3 0  9997
2 53936  53.2164 144.3216 0001065  97.3622 311.1067 15.73152346  1301
STARLINK-4765           
1 53937U 22119BD  22289.91667824 -.00029066  00000+0 -20344-3 0  9998
2 53937  53.2170 144.3159 0001384  39.2632  10.4462 15.73194276  3897
2022-118C               
1 53942U 22118C   22289.95051986  .00037473  24766-5  46055-3 0  9990
2 53942  97.5237 296.5931 0268100 287.2061  69.9995 15.27922215  3350
YAOGAN-36 01A           
1 53943U 22120A   22289.81008661 -.00350945  00000+0 -14951-1 0  9992
2 53943  35.0090  57.8916 0011648 126.4906   6.1497 15.23631224  3095
CZ-2D DEB               
1 53944U 22120B   22289.80526050  .00035415  00000+0  13441-2 0  9993
2 53944  34.9995  57.7634 0007838  83.3432  73.8273 15.25840495  3092
CZ-2D R/B               
1 53945U 22120C   22289.80362862  .00031281  00000+0  12014-2 0  9995
2 53945  35.0009  57.8309 0007841  73.8136  52.5742 15.25469985  3063
YAOGAN-36 01B           
1 53946U 22120D   22289.81060821 -.00045239  00000+0 -18275-2 0  9992
2 53946  34.9956  57.8818 0006582  64.3351  63.6957 15.24071473  3053
YAOGAN-36 01C           
1 53947U 22120E   22289.80598802  .00072367  00000+0  29030-2 0  9998
2 53947  34.9982  57.8503 0002919 161.1643 325.8542 15.23833140  3097
2022-121A               
1 53948U 22121A   22289.90268844  .00008705  00000+0  43024-3 0  9996
2 53948  97.4536 310.2423 0012363 192.2152 287.6692 15.18019628  3023
2022-121B               
1 53949U 22121B   22289.90025787  .00006423  00000+0  31725-3 0  9994
2 53949  97.4520 310.2398 0011143 196.2736 283.6518 15.18159061  3024
2022-121C               
1 53950U 22121C   22289.89725874  .00005505  00000+0  27047-3 0  9990
2 53950  97.4549 310.2527 0012550 203.5095 278.4554 15.18398548  3021
SELFIESAT               
1 53951U 22057BA  22289.81099195  .00012415  00000+0  69502-3 0  9991
2 53951  97.5272  42.8131 0011433 105.0039 255.2458 15.13520770 21786
SES-20                  
1 53960U 22123A   22289.29848302 -.00000033  00000+0  00000+0 0  9997
2 53960   1.3928 167.8567 0062334 105.3926  70.4236  1.01844513   113
SES-21                  
1 53961U 22123B   22289.15564880 -.00000141  00000+0  00000+0 0  9999
2 53961   1.2316 167.1340 0235399 282.0458 208.2015  1.05592830   114
ATLAS 5 CENTAUR R/B     
1 53962U 22123C   22289.28121460 -.00000150  00000+0  00000+0 0  9997
2 53962   1.8705 165.9704 0290150 199.1993 160.2234  1.07594345   138
CREW DRAGON 5           
1 53963U 22124A   22289.53130847  .00017320  00000+0  30961-3 0  9995
2 53963  51.6422  95.4091 0003481 308.6292 118.4789 15.50106123364007
STARLINK-4633           
1 53964U 22125A   22289.91667824 -.00085073  00000+0 -60669-3 0  9999
2 53964  53.2195  37.4118 0002015 332.8874 229.9704 15.73242919  1301
STARLINK-4578           
1 53965U 22125B   22289.91667824 -.00205095  00000+0 -14809-2 0  9992
2 53965  53.2187  37.4096 0001986  23.9768 179.3739 15.73382970  1302
STARLINK-4635           
1 53966U 22125C   22289.91667824  .00044556  00000+0  32010-3 0  9999
2 53966  53.2194  37.4100 0002059  25.4351 178.3978 15.73206428  1301
STARLINK-4634           
1 53967U 22125D   22289.91667824 -.00061594  00000+0 -43703-3 0  9994
2 53967  53.2186  37.4075 0001880  26.8476 177.8259 15.73231289  1307
STARLINK-4629           
1 53968U 22125E   22289.91667824  .00008486  00000+0  64838-4 0  9997
2 53968  53.2196  37.4048 0002047  21.0356 185.4464 15.73195412  1309
STARLINK-4468           
1 53969U 22125F   22289.91667824 -.00127644  00000+0 -91563-3 0  9992
2 53969  53.2187  37.4057 0002255  21.2717 183.9211 15.73279306  1302
STARLINK-4567           
1 53970U 22125G   22289.91667824  .00153251  00000+0  10792-2 0  9999
2 53970  53.2194  37.4025 0001867  25.3676 182.0631 15.73141769  1301
STARLINK-4639           
1 53971U 22125H   22289.91667824 -.00023756  00000+0 -16538-3 0  9993
2 53971  53.2188  37.4045 0002101  25.4810 180.2822 15.73188640  1301
STARLINK-5157           
1 53972U 22125J   22289.91667824  .00040900  00000+0  29438-3 0  9995
2 53972  53.2195  37.4006 0002016  31.7942 176.8577 15.73201984  1303
STARLINK-5156           
1 53973U 22125K   22289.91667824 -.00041816  00000+0 -29472-3 0  9993
2 53973  53.2191  37.4041 0002070  30.6563 176.3033 15.73219313  1303
STARLINK-5159           
1 53974U 22125L   22289.91667824 -.00460176  00000+0 -26414-2 0  9990
2 53974  53.2181  37.2081 0002034 347.2348 315.7354 15.79269994  1304
STARLINK-5137           
1 53975U 22125M   22289.91667824  .00013516  00000+0  10070-3 0  9993
2 53975  53.2191  37.4011 0002196  23.4646 184.7021 15.73167600  1304
STARLINK-5134           
1 53976U 22125N   22289.91667824 -.00002615  00000+0 -13385-4 0  9997
2 53976  53.2232  37.3731 0001283  65.0634 157.3828 15.74464026  1308
STARLINK-5094           
1 53977U 22125P   22289.91667824  .00007608  00000+0  58582-4 0  9991
2 53977  53.2192  37.3981 0002483  18.9007 190.9914 15.73200580  1306
STARLINK-5148           
1 53978U 22125Q   22289.91667824 -.00144341  00000+0 -10407-2 0  9992
2 53978  53.2194  37.3945 0001523  40.0421 171.7632 15.73222720  1303
STARLINK-5123           
1 53979U 22125R   22289.91667824  .00032702  00000+0  23657-3 0  9990
2 53979  53.2196  37.3969 0002116  28.6661 181.8516 15.73193253  1300
STARLINK-5133           
1 53980U 22125S   22289.91667824 -.00244825  00000+0 -17760-2 0  9992
2 53980  53.2201  37.3938 0002040  29.6457 182.7257 15.73394680  1304
STARLINK-5149           
1 53981U 22125T   22289.91667824 -.00572430  00000+0 -42527-2 0  9998
2 53981  53.2172  37.3434 0001350  30.5477 211.9205 15.73769251  1307
STARLINK-5120           
1 53982U 22125U   22289.91667824 -.00003304  00000+0 -19189-4 0  9998
2 53982  53.2197  37.3818 0001969  27.2902 191.0076 15.73124921  1306
STARLINK-5103           
1 53983U 22125V   22289.91667824  .00035215  00000+0  25471-3 0  9993
2 53983  53.2193  37.3533 0002092  23.2242 208.8931 15.73158808  1306
STARLINK-5142           
1 53984U 22125W   22289.91667824 -.00226674  00000+0 -16393-2 0  9999
2 53984  53.2198  37.3903 0001624  34.6659 179.4429 15.73413644  1308
STARLINK-5147           
1 53985U 22125X   22289.91667824 -.00049292  00000+0 -34798-3 0  9999
2 53985  53.2196  37.3924 0001747  25.6610 187.2076 15.73256199  1308
STARLINK-5119           
1 53986U 22125Y   22289.91667824 -.00231999  00000+0 -12746-2 0  9995
2 53986  53.2198  37.2313 0002082  18.9005 272.8408 15.79624612  1303
STARLINK-5112           
1 53987U 22125Z   22289.91667824 -.00212336  00000+0 -15364-2 0  9999
2 53987  53.2179  37.3907 0001784  28.6011 185.0029 15.73357373  1301
STARLINK-5113           
1 53988U 22125AA  22289.91667824 -.00074190  00000+0 -52810-3 0  9992
2 53988  53.2183  37.3872 0001989  22.5119 193.4313 15.73231037  1304
STARLINK-5115           
1 53989U 22125AB  22289.91667824 -.00034485  00000+0 -24268-3 0  9992
2 53989  53.2196  37.3891 0002550  18.1270 196.6687 15.73157947  1300
STARLINK-5075           
1 53990U 22125AC  22289.91667824 -.00027079  00000+0 -18919-3 0  9991
2 53990  53.2184  37.3836 0002008  29.6152 188.1024 15.73190857  1300
STARLINK-5118           
1 53991U 22125AD  22289.91667824 -.00547511  00000+0 -26974-2 0  9999
2 53991  53.2173  36.9817 0001342  42.0738  15.0478 15.82783605  1302
STARLINK-5108           
1 53992U 22125AE  22289.91667824 -.00005075  00000+0 -31832-4 0  9995
2 53992  53.2197  37.3810 0001986  35.1865 183.6996 15.73143635  1305
STARLINK-5121           
1 53993U 22125AF  22289.91667824 -.00068333  00000+0 -48914-3 0  9990
2 53993  53.2188  37.3830 0002094  41.7422 175.3049 15.73067413  1307
STARLINK-5125           
1 53994U 22125AG  22289.91667824 -.00048691  00000+0 -34447-3 0  9992
2 53994  53.2180  37.3758 0002104  31.0541 190.2683 15.73199916  1309
STARLINK-5097           
1 53995U 22125AH  22289.91667824 -.00014791  00000+0 -10069-3 0  9991
2 53995  53.2178  37.3783 0002436  31.0966 188.7455 15.73299739  1307
STARLINK-5131           
1 53996U 22125AJ  22289.91667824  .00025122  00000+0  18270-3 0  9992
2 53996  53.2185  37.3750 0002004  32.6648 189.2089 15.73221841  1303
STARLINK-5130           
1 53997U 22125AK  22289.91667824  .00039235  00000+0  28319-3 0  9998
2 53997  53.2197  37.3783 0001703  27.0903 193.0479 15.73156100  1301
STARLINK-5128           
1 53998U 22125AL  22289.91667824  .00031057  00000+0  22517-3 0  9997
2 53998  53.2178  37.3728 0002099  29.6060 193.4455 15.73168831  1303
STARLINK-5079           
1 53999U 22125AM  22289.91667824 -.00027571  00000+0 -19226-3 0  9999
2 53999  53.2183  37.3771 0002121  41.2656 179.3856 15.73246166  1301
STARLINK-5088           
1 54000U 22125AN  22289.91667824 -.00243294  00000+0 -17644-2 0  9996
2 54000  53.2186  37.3709 0001771  37.8197 185.9968 15.73398002  1304
STARLINK-5105           
1 54001U 22125AP  22289.91667824  .00039582  00000+0  28526-3 0  9990
2 54001  53.2199  37.3701 0001908  32.8494 191.4359 15.73187120  1301
STARLINK-5109           
1 54002U 22125AQ  22289.91667824  .00029137  00000+0  21151-3 0  9993
2 54002  53.2184  37.3385 0001202  16.2616 227.6779 15.73176684  1304
STARLINK-5114           
1 54003U 22125AR  22289.91667824  .00017334  00000+0  12769-3 0  9995
2 54003  53.2198  37.3736 0001946  25.1276 197.3702 15.73195495  1306
STARLINK-5129           
1 54004U 22125AS  22289.91667824  .00113099  00000+0  80315-3 0  9993
2 54004  53.2186  37.3663 0002111  20.1736 205.9357 15.73090891  1300
STARLINK-5135           
1 54005U 22125AT  22289.91667824  .00020719  00000+0  15198-3 0  9997
2 54005  53.2178  37.3686 0001979  29.7451 195.1854 15.73152783  1308
STARLINK-5096           
1 54006U 22125AU  22289.91667824 -.00000055  00000+0  40308-5 0  9993
2 54006  53.2190  37.3611 0001694  30.4761 198.6579 15.73189639  1300
STARLINK-5132           
1 54007U 22125AV  22289.91667824  .00019322  00000+0  14173-3 0  9999
2 54007  53.2187  37.3657 0001712  37.0181 189.6606 15.73206241  1307
STARLINK-5145           
1 54008U 22125AW  22289.91667824 -.00547853  00000+0 -31870-2 0  9999
2 54008  53.2172  37.2045 0001845  26.9977 277.4466 15.79203637  1301
STARLINK-5099           
1 54009U 22125AX  22289.91667824  .00037964  00000+0  27415-3 0  9996
2 54009  53.2199  37.3628 0002033  30.2567 197.5522 15.73159711  1304
STARLINK-5127           
1 54010U 22125AY  22289.91667824 -.00021111  00000+0 -11656-3 0  9997
2 54010  53.2247  37.2501 0002422  18.4628 265.1481 15.78326568  1304
STARLINK-5124           
1 54011U 22125AZ  22289.91667824  .00040754  00000+0  29428-3 0  9996
2 54011  53.2199  37.3638 0001503  24.8501 202.5521 15.73128305  1307
STARLINK-5126           
1 54012U 22125BA  22289.91667824  .00038027  00000+0  27428-3 0  9995
2 54012  53.2192  37.3561 0001892  28.8139 202.6013 15.73186731  1302
STARLINK-5098           
1 54013U 22125BB  22289.91667824 -.00014654  00000+0 -10043-3 0  9993
2 54013  53.2199  37.3578 0002114  22.9245 207.4136 15.73136704  1303
STARLINK-5116           
1 54014U 22125BC  22289.91667824 -.00072032  00000+0 -51337-3 0  9999
2 54014  53.2192  37.3572 0001947  18.1398 212.9460 15.73190765  1308
STARLINK-5055           
1 54015U 22125BD  22289.91667824 -.00144056  00000+0 -10397-2 0  9996
2 54015  53.2181  37.3528 0001958  25.8738 206.8992 15.73196325  1303
FALCON 9 DEB            
1 54016U 22125BE  22289.69672350  .00271438  38966-4  78121-3 0  9992
2 54016  53.2332  37.8477 0009825 330.8175  29.2304 15.92573742  2022
FALCON 9 DEB            
1 54017U 22125BF  22289.69315569  .00319918  50515-4  87742-3 0  9998
2 54017  53.2317  37.8232 0007786 331.8764  28.1844 15.93488281  2025
FALCON 9 DEB            
1 54018U 22125BG  22289.68524974  .00354947  60819-4  89734-3 0  9992
2 54018  53.2273  37.7646 0010349 308.9225  51.0882 15.94951141  2029
FALCON 9 DEB            
1 54019U 22125BH  22289.68370571  .00309545  48675-4  78532-3 0  9999
2 54019  53.2264  37.7495 0007861 294.9847  65.0366 15.94952530  2026
CENTISPACE-1 S5         
1 54020U 22126A   22289.85034214  .00005661  00000+0  12627-2 0  9991
2 54020  54.9993 149.9563 0012589 313.5578  46.4286 14.57939357  1369
CENTISPACE-1 S6         
1 54021U 22126B   22289.84883533  .00003085  00000+0  70286-3 0  9991
2 54021  54.9987 149.9461 0014318 312.6665  47.3246 14.58151299  1356
CZ-11H R/B              
1 54022U 22126C   22289.95217216  .00033340  00000+0  57903-3 0  9991
2 54022  56.1483 147.6712 0339066 330.6700  27.5662 15.06188651  1411
GAZELLE                 
1 54023U 22127A   22289.55863489 -.00000043  00000+0  00000+0 0  9995
2 54023  98.3139 288.6988 0012514 272.1131  87.8621 14.41643008  1271
ELECTRON KICK STAGE R/B 
1 54024U 22127B   22289.98572675  .00005245  00000+0  71016-3 0  9994
2 54024  98.2931 289.5393 0141475 352.8569   7.0619 14.72667804  1355
ELECTRON R/B            
1 54025U 22127C   22289.92308860  .00143092  63885-5  14212-2 0  9995
2 54025  98.3337 290.2138 0346515 187.3149 172.2921 15.16584422  1398
2022-128A               
1 54026U 22128A   22289.10000000  .00000008  00000+0  00000+0 0  9992
2 54026  15.5780 191.8760 5932369 179.8140 332.6820  2.02332859   282
2022-128B               
1 54027U 22128B   22287.70000000 -.00000102  00000+0  00000+0 0  9993
2 54027  26.5810 191.7400 7060108 180.5950 346.6400  2.52590896   227
2022-128C               
1 54028U 22128C   22289.73662183  .00005413  00000+0  14757-2 0  9991
2 54028  26.8466 189.2388 5936103 185.2337 342.5423  4.11964782   317
ASO-S                   
1 54029U 22129A   22289.82737723 -.00001418  00000+0 -34821-3 0  9994
2 54029  98.2676 295.2065 0013569 243.4180 116.5699 14.50848046  1148
CZ-2D R/B               
1 54030U 22129B   22289.94391874  .00000375  00000+0  97750-4 0  9992
2 54030  98.1945 295.2335 0019623  91.8052 268.5397 14.54802056  1168
COSMOS 2559 [GLONASS-K] 
1 54031U 22130A   22289.29494034 -.00000089  00000+0  00000+0 0  9995
2 54031  64.7804   1.4480 0001981 329.4345  30.3654  2.12837486   125
FREGAT R/B              
1 54032U 22130B   22284.14949806 -.00000087  00000+0  00000+0 0  9995
2 54032  64.8932   1.6824 0035362 228.7163 143.8243  2.11225083    06
ANGOSAT 2               
1 54033U 22131A   22289.85604955  .00000067  00000+0  00000+0 0  9990
2 54033   0.0304   8.0723 0001651  80.0751 313.4385  0.98860542    52
HJ-2E                   
1 54035U 22132A   22289.95305992  .00012271  00000+0  51316-3 0  9993
2 54035  97.3950 295.4520 0011776 257.1509 190.1544 15.23672988   601
2022-132B               
1 54036U 22132B   22289.93362247  .00153363  00000+0  48125-2 0  9999
2 54036  97.3559 295.4642 0035042 313.0243 136.2598 15.31815016   601
2022-132C               
1 54037U 22132C   22289.91922979  .00016640  00000+0  16198-2 0  9993
2 54037  97.6513 295.2409 0189255 158.6600 202.2640 14.80038040   597
2022-132D               
1 54038U 22132D   22289.89816961  .00046634  00000+0  23060-2 0  9996
2 54038  97.5884 295.3984 0099582 220.0061 139.3752 15.13346746   591
CZ-2C R/B               
1 54039U 22132E   22289.96826066  .00005757  00000+0  29800-3 0  9992
2 54039  97.2515 295.1660 0047174 197.1791 217.7743 15.15617542   603
2022-132F               
1 54040U 22132F   22289.91486366  .00037618  00000+0  21129-2 0  9990
2 54040  97.1594 295.2430 0122857 210.3254 149.0762 15.06919064   591
2022-132G               
1 54041U 22132G   22289.89651995  .00018644  00000+0  16171-2 0  9999
2 54041  97.1916 295.1318 0151364 155.8587 204.9806 14.88604783   588
2022-133A               
1 54042U 22133A   22289.44362411  .00030334  00000+0  11997-2 0  9995
2 54042  34.9991 276.3912 0009212 283.8455 215.7018 15.24488378   252
2022-133B               
1 54043U 22133B   22289.64256867  .00014508  00000+0  57231-3 0  9992
2 54043  34.9980 275.1330 0009212 292.9169 221.7140 15.24689716   280
2022-133C               
1 54044U 22133C   22289.71177370  .00031944  00000+0  12506-2 0  9990
2 54044  34.9990 274.6957 0009807 294.4764 241.2472 15.24812582   294
2022-133D               
1 54045U 22133D   22289.44314876  .00021042  00000+0  82096-3 0  9995
2 54045  34.9977 276.3865 0009373 299.3761 200.6533 15.24999778   252
2022-133E               
1 54046U 22133E   22289.71245140  .00006920  00000+0  27753-3 0  9990
2 54046  34.9983 274.7001 0008015 282.0225 254.0343 15.24274312   296
2022-134A               
1 54048U 22134A   22289.21419907 -.00199434  00000+0 -10152+1 0  9999
2 54048  26.8257 300.7511 8046809 180.3123 111.2411  1.34746580    02
2022-134B               
1 54049U 22134B   22289.21420181 -.00004919  00000+0 -29127-1 0  9992
2 54049  26.8833 300.6458 8041668 180.3844 111.4263  1.34857304    04
2022-135A               
1 54050U 22135A   22289.97584947  .00026959  00000+0  15940-3 0  9995
2 54050  96.3465  17.8881 0011949 242.5004 186.0883 15.77977855   176
