PROGRESS-MS 19          
1 51660U 22014A   22076.51729341  .00007920  00000+0  14939-3 0  9992
2 51660  51.6428  70.5882 0004057 277.1381 229.0043 15.49454342330963
CYGNUS NG-17            
1 51712U 22015A   22076.51729341  .00007920  00000+0  14939-3 0  9991
2 51712  51.6428  70.5882 0004057 277.1381 229.0043 15.49454342330961
STARLINK-3528           
1 51714U 22016A   22076.58334491 -.00720446  00000+0 -63801-2 0  9997
2 51714  53.2175  20.9050 0001056  74.4345 250.5719 15.70067331  3700
STARLINK-3533           
1 51715U 22016B   22076.58334491 -.00720272  00000+0 -62766-2 0  9994
2 51715  53.2175  20.9008 0001031  76.7966 252.7885 15.70450655  3692
STARLINK-3543           
1 51716U 22016C   22076.58334491 -.00720177  00000+0 -63435-2 0  9993
2 51716  53.2175  20.9039 0001027  94.7320 231.8389 15.70195000  3705
STARLINK-3445           
1 51717U 22016D   22076.58334491 -.00720215  00000+0 -63099-2 0  9993
2 51717  53.2175  20.9022 0001023  85.1128 242.9844 15.70322834  3700
STARLINK-3546           
1 51718U 22016E   22076.58334491 -.00720281  00000+0 -68205-2 0  9991
2 51718  53.2174  20.8913 0001091  67.9315 245.9515 15.68457861  3703
STARLINK-3540           
1 51719U 22016F   22076.58334491 -.00720137  00000+0 -62417-2 0  9991
2 51719  53.2175  20.8996 0001015  85.9328 245.1017 15.70578376  3691
STARLINK-3526           
1 51720U 22016G   22076.58334491 -.00720102  00000+0 -67828-2 0  9996
2 51720  53.2174  20.8911 0001061  87.3092 228.6222 15.68585540  3708
STARLINK-3524           
1 51721U 22016H   22076.58334491 -.00720241  00000+0 -62091-2 0  9998
2 51721  53.2176  20.8981 0001024  76.9069 255.5385 15.70706269  3700
STARLINK-3535           
1 51722U 22016J   22076.58334491 -.00720107  00000+0 -67126-2 0  9994
2 51722  53.2174  20.8892 0001048  82.8407 237.6668 15.68836941  3699
STARLINK-3531           
1 51723U 22016K   22076.58334491  .00015414  00000+0  10059-3 0  9995
2 51723  53.2208  20.3557 0008267 280.6046 318.9064 15.76100389  3702
STARLINK-3529           
1 51724U 22016L   22076.58334491 -.00719993  00000+0 -66406-2 0  9997
2 51724  53.2175  20.8882 0001048  84.5544 239.7834 15.69092483  3696
STARLINK-3522           
1 51725U 22016M   22076.58334491 -.00720030  00000+0 -67475-2 0  9999
2 51725  53.2174  20.8894 0001037  88.9221 229.6128 15.68709098  3709
STARLINK-3527           
1 51726U 22016N   22076.58334491  .00007334  00000+0  56583-4 0  9993
2 51726  53.2193  20.8695 0001078  95.6513 250.0310 15.73218044  3695
STARLINK-3532           
1 51727U 22016P   22076.58334491 -.00719973  00000+0 -66758-2 0  9998
2 51727  53.2175  20.8886 0001023  82.6051 239.8367 15.68964705  3694
STARLINK-3448           
1 51728U 22016Q   22076.58334491 -.00039022  00000+0 -27508-3 0  9990
2 51728  53.2193  20.8670 0001411  92.7896 254.1725 15.73185026  3691
STARLINK-3523           
1 51729U 22016R   22076.58334491  .00044687  00000+0  32124-3 0  9992
2 51729  53.2190  20.8697 0000931  83.5725 261.4753 15.73191563  3698
STARLINK-3530           
1 51730U 22016S   22076.58334491  .00022989  00000+0  16759-3 0  9991
2 51730  53.2194  20.8647 0000942  99.5085 248.6297 15.73224929  3690
STARLINK-3514           
1 51731U 22016T   22076.58334491  .00041021  00000+0  29552-3 0  9995
2 51731  53.2191  20.8676 0000864  93.6386 252.7068 15.73179942  3700
STARLINK-3518           
1 51732U 22016U   22076.58334491  .00040267  00000+0  28985-3 0  9996
2 51732  53.2195  20.8637 0001281  94.7561 254.0821 15.73208047  3704
STARLINK-3525           
1 51733U 22016V   22076.58334491  .00027394  00000+0  19910-3 0  9991
2 51733  53.2189  20.8646 0001283  87.0431 260.5790 15.73184219  3690
STARLINK-3450           
1 51734U 22016W   22076.58334491  .00039977  00000+0  28823-3 0  9995
2 51734  53.2195  20.8599 0000774  85.1204 265.6779 15.73173381  3697
STARLINK-3517           
1 51735U 22016X   22076.58334491 -.00033820  00000+0 -23733-3 0  9994
2 51735  53.2192  20.8615 0001132 104.2795 245.2448 15.73218992  3708
STARLINK-3447           
1 51736U 22016Y   22076.58334491 -.00040271  00000+0 -28369-3 0  9993
2 51736  53.2195  20.8576 0001049  88.1888 263.8320 15.73217046  3690
STARLINK-3509           
1 51737U 22016Z   22076.58334491 -.00052548  00000+0 -37261-3 0  9995
2 51737  53.2191  20.8601 0001097 101.6029 248.5412 15.73183004  3707
STARLINK-3515           
1 51738U 22016AA  22076.58334491 -.00062900  00000+0 -44616-3 0  9991
2 51738  53.2177  20.8553 0001006  94.6109 258.7371 15.73249903  3706
STARLINK-3516           
1 51739U 22016AB  22076.58334491  .00041496  00000+0  29891-3 0  9995
2 51739  53.2192  20.8578 0001253  83.5109 267.9678 15.73177006  3708
STARLINK-3500           
1 51740U 22016AC  22076.58334491  .00002361  00000+0  21234-4 0  9999
2 51740  53.2194  20.8512 0001071  95.1686 260.1162 15.73195558  3702
STARLINK-3520           
1 51741U 22016AD  22076.58334491  .00002362  00000+0  21251-4 0  9990
2 51741  53.2192  20.8552 0001163  96.8046 255.9409 15.73185931  3705
STARLINK-3521           
1 51742U 22016AE  22076.58334491 -.00039703  00000+0 -27956-3 0  9999
2 51742  53.2189  20.8504 0001219  91.6367 264.2359 15.73220529  3698
STARLINK-3512           
1 51743U 22016AF  22076.58334491 -.00000493  00000+0  90403-6 0  9993
2 51743  53.2191  20.8529 0001276 103.8027 250.1247 15.73203017  3706
STARLINK-3452           
1 51744U 22016AG  22076.58334491 -.00066855  00000+0 -47536-3 0  9995
2 51744  53.2190  20.8478 0001088 112.9696 244.2196 15.73218159  3691
STARLINK-3449           
1 51745U 22016AH  22076.58334491 -.00051948  00000+0 -36736-3 0  9993
2 51745  53.2193  20.8523 0001126  94.7570 259.7492 15.73241158  3692
STARLINK-3502           
1 51746U 22016AJ  22076.58334491  .00044493  00000+0  32018-3 0  9998
2 51746  53.2189  20.8454 0001267  78.4124 280.0776 15.73168868  3701
STARLINK-3446           
1 51747U 22016AK  22076.58334491  .00008603  00000+0  65636-4 0  9995
2 51747  53.2193  20.8483 0001215 101.8908 254.6767 15.73205507  3690
STARLINK-3501           
1 51748U 22016AL  22076.58334491  .00033747  00000+0  24407-3 0  9993
2 51748  53.2188  20.8428 0000828  73.4997 286.2305 15.73183892  3708
STARLINK-3451           
1 51749U 22016AM  22076.58334491 -.00072883  00000+0 -51719-3 0  9996
2 51749  53.2192  20.8456 0001091  68.2075 289.5431 15.73299101  3692
STARLINK-3505           
1 51750U 22016AN  22076.58334491 -.00070385  00000+0 -49957-3 0  9994
2 51750  53.2175  20.8408 0000963 100.7163 260.2649 15.73280556  3690
STARLINK-3506           
1 51751U 22016AP  22076.58334491 -.00048125  00000+0 -33965-3 0  9994
2 51751  53.2193  20.8429 0001071  89.4404 269.7590 15.73254551  3703
STARLINK-3511           
1 51752U 22016AQ  22076.58334491 -.00031979  00000+0 -22410-3 0  9997
2 51752  53.2176  20.8398 0001210  85.3165 276.3450 15.73221250  3703
STARLINK-3507           
1 51753U 22016AR  22076.58334491 -.00033830  00000+0 -23760-3 0  9995
2 51753  53.2193  20.8409 0001035  80.4725 279.9215 15.73200067  3700
STARLINK-3457           
1 51754U 22016AS  22076.58334491  .00035017  00000+0  25305-3 0  9990
2 51754  53.2189  20.8367 0000799  80.9900 281.9505 15.73183857  3695
STARLINK-3460           
1 51755U 22016AT  22076.58334491 -.00035220  00000+0 -24746-3 0  9997
2 51755  53.2193  20.8372 0001058 100.5450 261.7383 15.73211637  3705
STARLINK-3513           
1 51756U 22016AU  22076.58334491 -.00030461  00000+0 -21326-3 0  9991
2 51756  53.2175  20.8362 0001057  82.2170 281.2996 15.73216038  3706
STARLINK-3459           
1 51757U 22016AV  22076.58334491 -.00014778  00000+0 -10083-3 0  9993
2 51757  53.2193  20.8339 0001000  89.0037 275.1087 15.73253715  3702
STARLINK-3458           
1 51758U 22016AW  22076.58334491 -.00013619  00000+0 -92901-4 0  9997
2 51758  53.2174  20.8334 0001430  72.5082 292.3308 15.73167908  3694
STARLINK-3456           
1 51759U 22016AX  22076.58334491 -.00041584  00000+0 -29229-3 0  9992
2 51759  53.2192  20.8308 0001127  78.6177 286.8669 15.73283234  3690
FALCON 9 DEB            
1 51760U 22016AY  22076.41196588  .00142459  00000+0  59043-3 0  9997
2 51760  53.2311  20.4741 0004978 339.7197  20.3630 15.84893628  3923
FALCON 9 DEB            
1 51761U 22016AZ  22076.15173143  .00164683  00000+0  65443-3 0  9995
2 51761  53.2280  21.6835 0004208 302.2033  57.8584 15.85704829  3889
FALCON 9 DEB            
1 51762U 22016BA  22076.13669765  .00144770  00000+0  55228-3 0  9999
2 51762  53.2258  21.5730 0008477 317.0304  43.0059 15.86564962  3882
FALCON 9 DEB            
1 51763U 22016BB  22076.13346387  .00154877  00000+0  58560-3 0  9993
2 51763  53.2236  21.5472 0008256 297.7617  62.2572 15.86719669  3887
STARLINK-3622           
1 51768U 22017A   22076.58334491 -.00002345  00000+0 -12281-4 0  9996
2 51768  53.2184  44.9340 0001517  53.1986 232.9525 15.73220359  3651
STARLINK-3621           
1 51769U 22017B   22076.58334491  .00012803  00000+0  95451-4 0  9995
2 51769  53.2181  44.9313 0001041  45.1924 242.2295 15.73211404  3642
STARLINK-3612           
1 51770U 22017C   22076.58334491 -.00019992  00000+0 -13831-3 0  9996
2 51770  53.2185  44.9328 0000998  53.1224 233.6681 15.73210434  3641
STARLINK-3614           
1 51771U 22017D   22076.58334491 -.00070200  00000+0 -49887-3 0  9996
2 51771  53.2185  44.9305 0001317  49.3295 238.8174 15.73249962  3640
STARLINK-3623           
1 51772U 22017E   22076.58334491 -.00004678  00000+0 -28905-4 0  9992
2 51772  53.2186  44.9263 0001411  55.3788 234.5868 15.73219347  3641
STARLINK-3624           
1 51773U 22017F   22076.58334491  .00003300  00000+0  27873-4 0  9995
2 51773  53.2183  44.9288 0001241  57.2306 231.4270 15.73238727  3640
STARLINK-3629           
1 51774U 22017G   22076.58334491 -.00070963  00000+0 -50465-3 0  9999
2 51774  53.2186  44.9238 0001222  63.7295 227.5152 15.73237791  3653
STARLINK-3620           
1 51775U 22017H   22076.58334491  .00012717  00000+0  94757-4 0  9994
2 51775  53.2183  44.9275 0001268  69.9097 219.3546 15.73232220  3658
STARLINK-3608           
1 51776U 22017J   22076.58334491 -.00062512  00000+0 -44382-3 0  9993
2 51776  53.2180  44.9232 0001421  48.9722 243.0254 15.73224439  3655
STARLINK-3625           
1 51777U 22017K   22076.58334491  .00000064  00000+0  48693-5 0  9997
2 51777  53.2187  44.9247 0001010  50.4807 240.1283 15.73210432  3653
STARLINK-3615           
1 51778U 22017L   22076.58334491 -.00083737  00000+0 -59635-3 0  9994
2 51778  53.2204  44.5739 0001312  62.2148  41.8983 15.73270647  3657
STARLINK-3611           
1 51779U 22017M   22076.58334491 -.00048178  00000+0 -33982-3 0  9992
2 51779  53.2186  44.9211 0001240  50.3902 242.0116 15.73268159  3650
STARLINK-3617           
1 51780U 22017N   22076.58334491 -.00006287  00000+0 -40440-4 0  9997
2 51780  53.2191  44.9163 0001407  67.3115 227.8611 15.73182000  3654
STARLINK-3580           
1 51781U 22017P   22076.58334491 -.00060007  00000+0 -42609-3 0  9996
2 51781  53.2187  44.9197 0001353  58.5933 234.6108 15.73205195  3655
STARLINK-3616           
1 51782U 22017Q   22076.58334491 -.00066189  00000+0 -47023-3 0  9999
2 51782  53.2189  44.9128 0001200  63.1152 233.8777 15.73233271  3646
STARLINK-3628           
1 51783U 22017R   22076.58334491 -.00071060  00000+0 -50490-3 0  9996
2 51783  53.2188  44.9175 0001123  64.5724 229.8577 15.73259091  3654
STARLINK-3632           
1 51784U 22017S   22076.58334491 -.00098258  00000+0 -70133-3 0  9991
2 51784  53.2188  44.9114 0001243  53.5377 244.1202 15.73284561  3647
STARLINK-3646           
1 51785U 22017T   22076.58334491 -.00063860  00000+0 -45398-3 0  9998
2 51785  53.2189  44.9146 0001257  55.1800 240.5584 15.73203410  3645
STARLINK-3638           
1 51786U 22017U   22076.58334491  .00015635  00000+0  11565-3 0  9993
2 51786  53.2193  44.9093 0001060  55.5550 243.4348 15.73191891  3649
STARLINK-3619           
1 51787U 22017V   22076.58334491 -.00000170  00000+0  32066-5 0  9994
2 51787  53.2189  44.9132 0001155  41.6116 254.7640 15.73209312  3646
STARLINK-3641           
1 51788U 22017W   22076.58334491  .00014686  00000+0  10881-3 0  9990
2 51788  53.2191  44.9052 0001273  62.3816 238.4879 15.73213593  3659
STARLINK-3639           
1 51789U 22017X   22076.58334491 -.00027923  00000+0 -19505-3 0  9993
2 51789  53.2191  44.9097 0001334  66.1119 232.1946 15.73216765  3644
STARLINK-3631           
1 51790U 22017Y   22076.58334491 -.00073328  00000+0 -52057-3 0  9994
2 51790  53.2194  44.9037 0001295  71.4500 229.9588 15.73290983  3642
STARLINK-3602           
1 51791U 22017Z   22076.58334491 -.00082118  00000+0 -58474-3 0  9991
2 51791  53.2190  44.9071 0001131  54.2359 245.2662 15.73266383  3648
STARLINK-3626           
1 51792U 22017AA  22076.58334491  .00018534  00000+0  13619-3 0  9993
2 51792  53.2180  44.9015 0001145  54.9730 247.7898 15.73198222  3656
STARLINK-3633           
1 51793U 22017AB  22076.58334491 -.00027917  00000+0 -19496-3 0  9990
2 51793  53.2190  44.9056 0001006  51.9013 248.3235 15.73223872  3641
STARLINK-3573           
1 51794U 22017AC  22076.58334491 -.00111764  00000+0 -80038-3 0  9995
2 51794  53.2190  44.8988 0001072  76.6065 227.4028 15.73263014  3650
STARLINK-3586           
1 51795U 22017AD  22076.58334491 -.00068889  00000+0 -48955-3 0  9997
2 51795  53.2190  44.8994 0001221  68.1734 235.1858 15.73242836  3648
STARLINK-3630           
1 51796U 22017AE  22076.58334491  .00017608  00000+0  12936-3 0  9999
2 51796  53.2194  44.8947 0001124  62.4220 243.4568 15.73245109  3646
STARLINK-3627           
1 51797U 22017AF  22076.58334491 -.00112793  00000+0 -80714-3 0  9992
2 51797  53.2178  44.9026 0001143  65.0496 237.0748 15.73284235  3645
STARLINK-3634           
1 51798U 22017AG  22076.58334491  .00007155  00000+0  55266-4 0  9991
2 51798  53.2193  44.8935 0000979  54.1294 252.3933 15.73237675  3644
STARLINK-3637           
1 51799U 22017AH  22076.58334491 -.00064038  00000+0 -45537-3 0  9996
2 51799  53.2190  44.8965 0001416  62.7826 241.9557 15.73197619  3647
STARLINK-3600           
1 51800U 22017AJ  22076.58334491  .00019784  00000+0  14512-3 0  9994
2 51800  53.2176  44.8911 0000943  72.4825 235.4494 15.73188115  3645
STARLINK-3592           
1 51801U 22017AK  22076.58334491 -.00064537  00000+0 -45734-3 0  9993
2 51801  53.2192  44.8958 0001019  63.8323 241.3897 15.73282189  3646
STARLINK-3557           
1 51802U 22017AL  22076.58334491  .00007329  00000+0  56601-4 0  9994
2 51802  53.2184  44.8890 0001203  75.3938 233.7623 15.73195487  3655
STARLINK-3544           
1 51803U 22017AM  22076.58334491 -.00065808  00000+0 -46720-3 0  9993
2 51803  53.2189  44.8922 0001142  64.4617 242.7419 15.73247303  3649
STARLINK-3601           
1 51804U 22017AN  22076.58334491 -.00066342  00000+0 -47135-3 0  9999
2 51804  53.2216  44.8703 0001268  57.6976 261.9166 15.73232407  3640
STARLINK-3605           
1 51805U 22017AP  22076.58334491  .00007994  00000+0  61280-4 0  9994
2 51805  53.2191  44.8894 0001184  59.1842 249.3451 15.73214370  3646
STARLINK-3581           
1 51806U 22017AQ  22076.58334491 -.00087049  00000+0 -62062-3 0  9994
2 51806  53.2177  44.8838 0001041  61.4485 250.2519 15.73261609  3643
STARLINK-3606           
1 51807U 22017AR  22076.58334491 -.00085520  00000+0 -61066-3 0  9990
2 51807  53.2189  44.8867 0001150  66.2467 243.5447 15.73218198  3643
STARLINK-3609           
1 51808U 22017AS  22076.58334491 -.00103952  00000+0 -74356-3 0  9997
2 51808  53.2177  44.8808 0001102  74.7929 238.2390 15.73258969  3648
STARLINK-3607           
1 51809U 22017AT  22076.58334491  .00012577  00000+0  93929-4 0  9996
2 51809  53.2189  44.8857 0000982  66.3570 244.1351 15.73190402  3640
STARLINK-3613           
1 51810U 22017AU  22076.58334491  .00007901  00000+0  60550-4 0  9997
2 51810  53.2191  44.8785 0001421  54.6338 259.5574 15.73242372  3647
STARLINK-3569           
1 51811U 22017AV  22076.58334491 -.00061400  00000+0 -43592-3 0  9990
2 51811  53.2190  44.8816 0001233  75.1937 237.1717 15.73218300  3652
STARLINK-3610           
1 51812U 22017AW  22076.58334491 -.00075695  00000+0 -53794-3 0  9997
2 51812  53.2187  44.8771 0000927  80.7115 234.1670 15.73280283  3652
STARLINK-3552           
1 51813U 22017AX  22076.58334491  .00004464  00000+0  36159-4 0  9999
2 51813  53.2190  44.8794 0001316  83.2934 230.2789 15.73230877  3654
STARLINK-3599           
1 51814U 22017AY  22076.58334491  .00010524  00000+0  79320-4 0  9991
2 51814  53.2178  44.8748 0000867  70.4257 245.8490 15.73195079  3651
STARLINK-3604           
1 51815U 22017AZ  22076.58334491 -.00055740  00000+0 -39465-3 0  9998
2 51815  53.2192  44.8750 0001391  61.3219 254.2124 15.73241992  3644
STARLINK-3603           
1 51816U 22017BA  22076.58334491 -.00075087  00000+0 -53381-3 0  9998
2 51816  53.2176  44.8736 0000933  73.5835 243.2236 15.73268606  3644
STARLINK-3596           
1 51817U 22017BB  22076.34094111  .00022293  00000+0  87886-4 0  9992
2 51817  53.2221  44.6480 0007318 286.4799  73.5423 15.86783941  4346
FALCON 9 DEB            
1 51818U 22017BC  22076.18127966  .00245695  34378-4  65237-3 0  9998
2 51818  53.2310  45.0757 0004323 341.6506  18.4366 15.94194913  3102
FALCON 9 DEB            
1 51819U 22017BD  22076.17305377  .00285769  43296-4  70473-3 0  9995
2 51819  53.2280  45.0168 0002328 306.9682  53.1134 15.95547458  3103
FALCON 9 DEB            
1 51820U 22017BE  22076.40946590  .00281611  43016-4  63764-3 0  9998
2 51820  53.2247  43.6325 0006321 299.8458  60.1944 15.97077213  3145
FALCON 9 DEB            
1 51821U 22017BF  22076.28126244  .00289031  44719-4  65662-3 0  9995
2 51821  53.2217  44.2479 0005663 277.7395  82.2992 15.97019354  3121
L-SAR 01B               
1 51822U 22018A   22076.44997693 -.00000024  00000+0  32631-5 0  9995
2 51822  97.8106  85.1318 0001740  87.2819 272.8600 14.88414952  2748
CZ-4C R/B               
1 51823U 22018B   22076.59852287  .00007860  00000+0  29081-3 0  9998
2 51823  97.8619  86.3664 0132170 337.2538  22.2866 15.20083762  2832
2022-019A               
1 51824U 22019A   22076.56460028  .00004741  00000+0  30540-3 0  9992
2 51824  97.5193 152.9878 0020358 203.6413 268.3453 15.08649847  2783
2022-019B               
1 51825U 22019B   22076.56122113  .00004193  00000+0  26895-3 0  9992
2 51825  97.5186 152.9872 0018469 199.5152 271.0902 15.08896987  2771
2022-019C               
1 51826U 22019C   22076.55889322  .00005361  00000+0  34078-3 0  9994
2 51826  97.5175 152.9874 0017754 200.7376 270.2259 15.09112801  2774
2022-019D               
1 51827U 22019D   22076.55836487  .00004211  00000+0  26835-3 0  9994
2 51827  97.5195 152.9943 0016446 200.2385 272.7296 15.09167341  2773
2022-019E               
1 51828U 22019E   22076.55836134  .00005410  00000+0  34301-3 0  9993
2 51828  97.5192 152.9946 0017248 202.3646 272.6461 15.09217232  2776
2022-019F               
1 51829U 22019F   22076.55683669  .00007466  00000+0  47037-3 0  9990
2 51829  97.5236 153.0068 0016695 201.8389 270.0241 15.09328337  2773
2022-019G               
1 51830U 22019G   22076.55967145  .00007278  00000+0  45852-3 0  9990
2 51830  97.5173 152.9896 0017406 201.6748 285.6649 15.09327348  2775
2022-019H               
1 51831U 22019H   22076.55637034  .00005070  00000+0  32067-3 0  9994
2 51831  97.5199 152.9932 0017496 210.8739 260.9631 15.09327603  2777
2022-019J               
1 51832U 22019J   22076.55615001  .00004540  00000+0  28751-3 0  9991
2 51832  97.5187 152.9938 0018002 208.8372 262.4961 15.09330648  2771
2022-019K               
1 51833U 22019K   22076.55248758  .00006076  00000+0  38016-3 0  9994
2 51833  97.5176 152.9950 0015708 204.9396 267.4639 15.09673134  2774
2022-019L               
1 51834U 22019L   22076.55255118  .00004977  00000+0  31226-3 0  9997
2 51834  97.5201 153.0090 0016299 207.2189 265.6079 15.09655341  2771
2022-019M               
1 51835U 22019M   22076.55251071  .00005024  00000+0  31509-3 0  9990
2 51835  97.5204 152.9981 0016170 208.7179 264.3130 15.09662888  2773
2022-019N               
1 51836U 22019N   22076.55218118  .00007347  00000+0  45765-3 0  9995
2 51836  97.5189 153.0026 0016075 207.9469 267.1204 15.09758642  2772
2022-019P               
1 51837U 22019P   22076.54961431  .00007568  00000+0  46917-3 0  9993
2 51837  97.5148 152.9919 0015473 209.1226 263.1189 15.09929755  2776
2022-019Q               
1 51838U 22019Q   22076.54926164  .00005047  00000+0  31446-3 0  9999
2 51838  97.5197 153.0084 0015024 207.9938 264.3356 15.09920124  2774
2022-019R               
1 51839U 22019R   22076.54920383  .00005032  00000+0  31348-3 0  9992
2 51839  97.5185 153.0018 0015098 208.0931 264.2388 15.09924509  2770
2022-019S               
1 51840U 22019S   22076.47976756  .00005080  00000+0  31619-3 0  9995
2 51840  97.5190 152.9355 0015097 206.4514 250.2598 15.09948277  2763
2022-019T               
1 51841U 22019T   22076.54834339  .00005021  00000+0  31206-3 0  9991
2 51841  97.5188 153.0069 0014826 204.9525 268.4779 15.10012070  2777
2022-019U               
1 51842U 22019U   22076.53344317  .00008416  00000+0  34376-3 0  9995
2 51842  97.5659 153.4602 0072214 149.1009 325.5404 15.22224752  2797
2022-019V               
1 51843U 22019V   22076.54751024  .00003023  00000+0  18938-3 0  9999
2 51843  97.5226 153.0164 0015112 212.5175 260.0147 15.10032469  2774
2022-019W               
1 51844U 22019W   22076.55836487  .00004967  00000+0  31546-3 0  9996
2 51844  97.5185 152.9955 0018067 210.4154 262.6002 15.09179952  2675
2022-019X               
1 51845U 22019X   22076.55206556  .00006233  00000+0  38849-3 0  9996
2 51845  97.5192 153.0060 0015865 207.9401 270.2777 15.09797902  2699
2022-019Y               
1 51846U 22019Y   22076.55047892  .00005039  00000+0  31476-3 0  9995
2 51846  97.5177 153.0054 0015669 206.0650 266.0971 15.09817292  2698
STRIX-BETA              
1 51847U 22020A   22076.55361843  .00003703  00000+0  29385-3 0  9995
2 51847  97.7759 130.3364 0012648 232.3067 127.7018 15.01075080  2505
ELECTRON KICK STAGE R/B 
1 51848U 22020B   22076.44687511  .00007829  00000+0  38255-3 0  9996
2 51848  97.0910 128.3640 0059200 333.2811  26.5374 15.16930890  2512
GOES 18                 
1 51850U 22021A   22073.73040451 -.00000150  00000+0  00000+0 0  9999
2 51850   1.3545 332.6851 0948710 182.0382 177.6392  1.16963208   191
ATLAS 5 CENTAUR R/B     
1 51851U 22021B   22075.71256841 -.00000139  00000+0  00000+0 0  9999
2 51851   9.6412 332.6379 4767374 180.8034 177.8871  1.85562945   272
STARLINK-3542           
1 51852U 22022A   22076.58334491  .00023902  00000+0  17407-3 0  9990
2 51852  53.2174  74.9978 0001120  44.0768   4.6900 15.73222031  3460
STARLINK-3539           
1 51853U 22022B   22076.58334491 -.00060207  00000+0 -42716-3 0  9993
2 51853  53.2180  75.0005 0001201  41.6314   6.5159 15.73226065  2851
STARLINK-3541           
1 51854U 22022C   22076.58334491 -.00013998  00000+0 -95429-4 0  9999
2 51854  53.2175  74.9967 0001311  61.3769 348.0248 15.73213653  2858
STARLINK-3545           
1 51855U 22022D   22076.58334491 -.00016750  00000+0 -11492-3 0  9996
2 51855  53.2179  74.9952 0001422  53.1992 357.4985 15.73248322  3413
STARLINK-3568           
1 51856U 22022E   22076.58334491  .00025119  00000+0  18279-3 0  9994
2 51856  53.2176  74.9957 0001370  53.4156 356.6778 15.73208450  3490
STARLINK-3571           
1 51857U 22022F   22076.58334491  .00001192  00000+0  12908-4 0  9994
2 51857  53.2179  74.9926 0001384  49.7967   2.2103 15.73197885  2857
STARLINK-3563           
1 51858U 22022G   22076.58334491 -.00064102  00000+0 -45526-3 0  9998
2 51858  53.2176  74.9933 0001484  55.3539 356.0208 15.73226856  2859
STARLINK-3560           
1 51859U 22022H   22076.58334491  .00002288  00000+0  20704-4 0  9996
2 51859  53.2180  74.9892 0001042  50.1758   3.6963 15.73208438  2865
STARLINK-3559           
1 51860U 22022J   22076.58334491  .00026596  00000+0  19330-3 0  9998
2 51860  53.2177  74.9909 0001520  52.3264   0.3332 15.73201676  3412
STARLINK-3562           
1 51861U 22022K   22076.58334491  .00025705  00000+0  18678-3 0  9994
2 51861  53.2181  74.9869 0001291  51.9512   3.1786 15.73227938  3412
STARLINK-3508           
1 51862U 22022L   22076.58334491 -.00077246  00000+0 -55038-3 0  9995
2 51862  53.2176  74.9894 0001358  56.9834 356.3028 15.73227245  2851
STARLINK-3555           
1 51863U 22022M   22076.58334491 -.00036777  00000+0 -25805-3 0  9999
2 51863  53.2180  74.9842 0001406  52.6302   3.8134 15.73263899  2887
STARLINK-3548           
1 51864U 22022N   22076.58334491 -.00045551  00000+0 -32189-3 0  9993
2 51864  53.2177  74.9874 0001374  57.9169 356.6225 15.73199809  2869
STARLINK-3503           
1 51865U 22022P   22076.58334491 -.00080233  00000+0 -57125-3 0  9997
2 51865  53.2181  74.9816 0001176  55.9025   1.8218 15.73259719  2857
STARLINK-3553           
1 51866U 22022Q   22076.58334491  .00024581  00000+0  17899-3 0  9994
2 51866  53.2178  74.9849 0001267  47.7217   8.1084 15.73206936  3410
STARLINK-3590           
1 51867U 22022R   22076.58334491 -.00083573  00000+0 -59501-3 0  9999
2 51867  53.2182  74.9807 0001308  56.0912   2.2815 15.73276675  2852
STARLINK-3578           
1 51868U 22022S   22076.58334491  .00025063  00000+0  18236-3 0  9998
2 51868  53.2179  74.9827 0001289  49.6238   7.4556 15.73213085  3416
STARLINK-3588           
1 51869U 22022T   22076.58334491  .00023244  00000+0  16938-3 0  9995
2 51869  53.2182  74.9769 0001311  63.6878 356.5603 15.73226634  3413
STARLINK-3591           
1 51870U 22022U   22076.58334491 -.00045504  00000+0 -32130-3 0  9994
2 51870  53.2178  74.9786 0001437  54.7854   4.2084 15.73217808  2886
STARLINK-3567           
1 51871U 22022V   22076.58334491 -.00038738  00000+0 -27205-3 0  9993
2 51871  53.2182  74.9754 0001497  45.7307  15.1772 15.73268465  2886
STARLINK-3554           
1 51872U 22022W   22076.58334491 -.00042367  00000+0 -29800-3 0  9990
2 51872  53.2179  74.9777 0001465  41.0575  18.5560 15.73274981  2881
STARLINK-3582           
1 51873U 22022X   22076.58334491 -.00060326  00000+0 -42713-3 0  9994
2 51873  53.2182  74.9720 0001447  50.4502  12.3129 15.73273773  2889
STARLINK-3574           
1 51874U 22022Y   22076.58334491  .00024526  00000+0  17862-3 0  9992
2 51874  53.2178  74.9737 0001216  33.8095  27.7147 15.73204130  2857
STARLINK-3585           
1 51875U 22022Z   22076.58334491 -.00008300  00000+0 -54815-4 0  9997
2 51875  53.2182  74.9691 0001471  51.9416  12.2184 15.73185097  2897
STARLINK-3583           
1 51876U 22022AA  22076.58334491 -.00051398  00000+0 -36281-3 0  9999
2 51876  53.2180  74.9726 0001501  48.9496  13.2192 15.73277728  3415
STARLINK-3556           
1 51877U 22022AB  22076.58334491  .00016836  00000+0  12396-3 0  9997
2 51877  53.2183  74.9669 0001742  51.1659  14.2034 15.73233341  2866
STARLINK-3575           
1 51878U 22022AC  22076.58334491 -.00079921  00000+0 -56895-3 0  9996
2 51878  53.2179  74.9703 0001341  57.2962   6.1350 15.73260744  2880
STARLINK-3572           
1 51879U 22022AD  22076.58334491 -.00041215  00000+0 -29013-3 0  9994
2 51879  53.2182  74.9646 0001467  48.6236  18.0207 15.73243580  3410
STARLINK-3566           
1 51880U 22022AE  22076.58334491 -.00022082  00000+0 -15313-3 0  9995
2 51880  53.2178  74.9674 0001262  53.4058  11.3605 15.73230411  2884
STARLINK-3504           
1 51881U 22022AF  22076.58334491  .00026313  00000+0  19115-3 0  9999
2 51881  53.2182  74.9618 0001529  48.4656  19.4468 15.73219781  3460
STARLINK-3570           
1 51882U 22022AG  22076.58334491 -.00074496  00000+0 -52984-3 0  9998
2 51882  53.2179  74.9650 0001487  41.1330  24.8749 15.73253734  2888
STARLINK-3576           
1 51883U 22022AH  22076.58334491  .00025026  00000+0  18217-3 0  9993
2 51883  53.2182  74.9591 0001417  47.3772  21.8712 15.73203408  2855
STARLINK-3577           
1 51884U 22022AJ  22076.58334491 -.00079238  00000+0 -56413-3 0  9990
2 51884  53.2179  74.9624 0001465  45.5705  21.7281 15.73255280  3494
STARLINK-3584           
1 51885U 22022AK  22076.58334491  .00025749  00000+0  18709-3 0  9993
2 51885  53.2183  74.9570 0001337  42.0416  28.4224 15.73228705  3414
STARLINK-3565           
1 51886U 22022AL  22076.58334491 -.00079672  00000+0 -56720-3 0  9995
2 51886  53.2179  74.9601 0001701  40.2948  28.2815 15.73257510  2880
STARLINK-3551           
1 51887U 22022AM  22076.58334491 -.00021586  00000+0 -14951-3 0  9997
2 51887  53.2183  74.9557 0001378  51.3598  19.7490 15.73241071  3419
STARLINK-3536           
1 51888U 22022AN  22076.58334491 -.00024998  00000+0 -17407-3 0  9997
2 51888  53.2179  74.9575 0001385  49.1757  20.6786 15.73220223  2880
STARLINK-3547           
1 51889U 22022AP  22076.58334491  .00026273  00000+0  19077-3 0  9999
2 51889  53.2183  74.9520 0001054  37.2383  35.7879 15.73232087  3413
STARLINK-3519           
1 51890U 22022AQ  22076.58334491  .00020579  00000+0  15064-3 0  9996
2 51890  53.2179  74.9538 0001379  29.9409  41.8560 15.73206647  3414
STARLINK-3549           
1 51891U 22022AR  22076.58334491 -.00007697  00000+0 -50449-4 0  9992
2 51891  53.2183  74.9511 0001644  46.1593  27.5038 15.73209033  2862
STARLINK-3587           
1 51892U 22022AS  22076.58334491 -.00007473  00000+0 -48848-4 0  9995
2 51892  53.2180  74.9525 0001635  42.1573  30.2828 15.73208303  2855
STARLINK-3579           
1 51893U 22022AT  22076.58334491  .00027483  00000+0  19939-3 0  9995
2 51893  53.2184  74.9484 0001720  51.8210  23.1056 15.73223389  2859
STARLINK-3595           
1 51894U 22022AU  22076.58334491 -.00087243  00000+0 -62164-3 0  9996
2 51894  53.2179  74.9485 0001428  54.0007  20.3396 15.73274829  2850
STARLINK-3594           
1 51895U 22022AV  22076.58334491  .00021627  00000+0  15805-3 0  9999
2 51895  53.2184  74.9459 0001321  39.2476  36.9954 15.73209475  3416
STARLINK-3593           
1 51896U 22022AW  22076.58334491 -.00093482  00000+0 -66623-3 0  9994
2 51896  53.2180  74.9463 0001683  48.7393  26.7950 15.73297549  2884
STARLINK-3598           
1 51897U 22022AX  22076.58334491 -.00063651  00000+0 -45151-3 0  9993
2 51897  53.2183  74.9445 0001274  47.2305  29.6794 15.73252664  2855
STARLINK-3597           
1 51898U 22022AY  22076.58334491  .00023719  00000+0  17274-3 0  9998
2 51898  53.2179  74.9422 0001352  38.7956  38.7154 15.73226582  3469
FALCON 9 DEB            
1 51899U 22022AZ  22076.41574288  .00198760  25806-4  59920-3 0  9990
2 51899  53.2273  74.7370 0006438 338.4755  21.6002 15.91820503  2209
FALCON 9 DEB            
1 51900U 22022BA  22076.41160049  .00220795  29457-4  63957-3 0  9994
2 51900  53.2242  74.7052 0004289 321.2753  38.7967 15.92575954  2202
FALCON 9 DEB            
1 51901U 22022BB  22076.40154415  .00239343  33091-4  64366-3 0  9997
2 51901  53.2206  74.6292 0008583 308.0425  51.9829 15.93909962  2203
FALCON 9 DEB            
1 51902U 22022BC  22076.46187463  .00203275  26958-4  54531-3 0  9995
2 51902  53.2196  74.2903 0007447 289.9587  70.0639 15.94020190  2211
2022-023A               
1 51946U 22023A   22075.85018839  .00001721  00000+0  77429-4 0  9995
2 51946  63.4536 155.7537 0016736 308.1342 167.7218 15.25169704  1778
2022-023B               
1 51947U 22023B   22076.50666499  .00054156  00000+0  21138-2 0  9994
2 51947  63.4498 153.4918 0017927 308.2012 174.1191 15.25429162  1872
2022-023C               
1 51948U 22023C   22076.50997861 -.00098516  00000+0 -39850-2 0  9995
2 51948  63.4450 153.4992 0016890 298.2984 186.5147 15.24692910  1877
2022-023D               
1 51949U 22023D   22076.51013403 -.00047289  00000+0 -18969-2 0  9997
2 51949  63.4503 153.5111 0015072 303.2877 178.6546 15.24689260  1879
2022-023E               
1 51950U 22023E   22076.51293541  .00048397  00000+0  19457-2 0  9994
2 51950  63.4465 153.5095 0015534 301.5956 185.7057 15.24520146  1874
2022-023F               
1 51951U 22023F   22076.51407751  .00017553  00000+0  71656-3 0  9995
2 51951  63.4428 153.5059 0015284 295.9164 193.4869 15.24436167  1879
2022-023G               
1 51952U 22023G   22076.58168245  .00006332  00000+0  26030-3 0  9994
2 51952  63.4411 153.2716 0016570 300.2475 202.4175 15.25032702  1883
2022-023H               
1 51953U 22023H   22076.55275472  .00002751  00000+0  20084-3 0  9997
2 51953  63.6401 155.5853 0115881 247.1652 111.7152 15.00918993  1855
NOOR-2                  
1 51954U 22024A   22076.61837631  .00005929  00000+0  27983-3 0  9992
2 51954  58.2945 106.9983 0012856 256.4526 249.2524 15.20701384  1423
QASED R/B               
1 51955U 22024B   22076.58867956  .00002703  00000+0  13314-3 0  9992
2 51955  58.2983 107.0893 0009847 268.2537  91.7393 15.21177343  1413
STARLINK-3700           
1 51956U 22025A   22076.58334491 -.00876815  00000+0 -50329-2 0  9998
2 51956  53.2171 100.1729 0001101  78.6086  87.4184 15.80341683  2525
STARLINK-3694           
1 51957U 22025B   22076.58334491 -.00877059  00000+0 -50148-2 0  9999
2 51957  53.2171 100.1683 0001073  90.2076  77.8550 15.80426363  2543
STARLINK-3692           
1 51958U 22025C   22076.58334491 -.00876913  00000+0 -50311-2 0  9990
2 51958  53.2171 100.1718 0001084  83.3278  83.1953 15.80352210  2526
STARLINK-3704           
1 51959U 22025D   22076.58334491 -.00876950  00000+0 -50184-2 0  9990
2 51959  53.2171 100.1691 0001108  83.9749  83.7066 15.80407603  2521
STARLINK-3691           
1 51960U 22025E   22076.58334491 -.00876976  00000+0 -50095-2 0  9991
2 51960  53.2171 100.1681 0001077  84.6027  83.8148 15.80446876  2521
STARLINK-3689           
1 51961U 22025F   22076.58334491 -.00876972  00000+0 -50284-2 0  9998
2 51961  53.2171 100.1707 0001088  83.0558  83.9269 15.80365390  2543
STARLINK-3697           
1 51962U 22025G   22076.58334491 -.00877196  00000+0 -50021-2 0  9997
2 51962  53.2171 100.1666 0001097 102.7870  66.3874 15.80484574  2547
STARLINK-3675           
1 51963U 22025H   22076.58334491 -.00876815  00000+0 -49866-2 0  9990
2 51963  53.2171 100.1642 0001142  71.4459  98.8584 15.80540762  1479
STARLINK-3690           
1 51964U 22025J   22076.58334491 -.00877120  00000+0 -50059-2 0  9997
2 51964  53.2171 100.1671 0001095  98.2802  70.5103 15.80466166  2524
STARLINK-3696           
1 51965U 22025K   22076.58334491 -.00876858  00000+0 -49771-2 0  9994
2 51965  53.2171 100.1631 0001135  72.8000  98.1878 15.80583084  2528
STARLINK-3699           
1 51966U 22025L   22076.58334491 -.00877121  00000+0 -49967-2 0  9996
2 51966  53.2171 100.1657 0001086  92.8825  76.6331 15.80505941  2520
STARLINK-3695           
1 51967U 22025M   22076.58334491 -.00877124  00000+0 -50240-2 0  9996
2 51967  53.2171 100.1701 0001098 100.0383  67.2700 15.80388330  2544
STARLINK-3681           
1 51968U 22025N   22076.58334491 -.00876924  00000+0 -49670-2 0  9999
2 51968  53.2171 100.1619 0001090  82.1985  89.4176 15.80629063  1478
STARLINK-3680           
1 51969U 22025P   22076.58334491 -.00876722  00000+0 -49890-2 0  9990
2 51969  53.2171 100.1652 0001140  66.7581 103.0866 15.80527872  1476
STARLINK-3677           
1 51970U 22025Q   22076.58334491 -.00876772  00000+0 -49560-2 0  9991
2 51970  53.2171 100.1605 0001152  66.5320 105.7487 15.80672104  2522
STARLINK-3669           
1 51971U 22025R   22076.58334491 -.00877032  00000+0 -49819-2 0  9999
2 51971  53.2171 100.1637 0001070  89.3002  81.2676 15.80567623  2546
STARLINK-3671           
1 51972U 22025S   22076.58334491 -.00876871  00000+0 -49477-2 0  9990
2 51972  53.2171 100.1592 0001114  71.7629 101.2370 15.80711233  2537
STARLINK-3679           
1 51973U 22025T   22076.58334491 -.00876727  00000+0 -49603-2 0  9992
2 51973  53.2171 100.1610 0001239  57.4310 114.5051 15.80651432  1474
STARLINK-3672           
1 51974U 22025U   22076.58334491 -.00457435  00000+0 -18488-2 0  9991
2 51974  53.2172 100.0646 0001102 109.3935 118.1247 15.86672970  1476
STARLINK-3674           
1 51975U 22025V   22076.58334491 -.00876886  00000+0 -49385-2 0  9997
2 51975  53.2171 100.1575 0001112  74.0911  99.6054 15.80751694  1475
STARLINK-3663           
1 51976U 22025W   22076.58334491 -.00876801  00000+0 -49422-2 0  9997
2 51976  53.2171 100.1586 0001181  63.8421 109.4891 15.80732648  1473
STARLINK-3660           
1 51977U 22025X   22076.58334491 -.00456861  00000+0 -18466-2 0  9992
2 51977  53.2172 100.0654 0000993  88.9836 137.9831 15.86670915  1472
STARLINK-3666           
1 51978U 22025Y   22076.58334491 -.00876860  00000+0 -49178-2 0  9992
2 51978  53.2171 100.1554 0001124  71.8507 103.1035 15.80841213  2528
STARLINK-3656           
1 51979U 22025Z   22076.58334491 -.00876855  00000+0 -49509-2 0  9995
2 51979  53.2171 100.1600 0001135  71.3055 101.2641 15.80696692  2549
STARLINK-3649           
1 51980U 22025AA  22076.58334491 -.00876961  00000+0 -49095-2 0  9995
2 51980  53.2171 100.1539 0001098  76.8290  98.8298 15.80880473  1473
STARLINK-3635           
1 51981U 22025AB  22076.58334491 -.00876851  00000+0 -49320-2 0  9995
2 51981  53.2171 100.1571 0001157  67.1688 106.7770 15.80778678  1477
STARLINK-3650           
1 51982U 22025AC  22076.58334491 -.00876905  00000+0 -49040-2 0  9995
2 51982  53.2171 100.1533 0001145  70.5878 105.3846 15.80902630  1478
STARLINK-3655           
1 51983U 22025AD  22076.58334491 -.00876792  00000+0 -49222-2 0  9992
2 51983  53.2171 100.1557 0001202  61.6558 112.9763 15.80819432  1474
STARLINK-3664           
1 51984U 22025AE  22076.58334491 -.00876800  00000+0 -48899-2 0  9992
2 51984  53.2171 100.1512 0001158  66.4364 110.5828 15.80961497  1479
STARLINK-3651           
1 51985U 22025AF  22076.58334491 -.00876873  00000+0 -49137-2 0  9999
2 51985  53.2171 100.1544 0001122  69.4292 105.8967 15.80859513  1475
STARLINK-3645           
1 51986U 22025AG  22076.58334491 -.00877108  00000+0 -48833-2 0  9994
2 51986  53.2171 100.1498 0001096  80.7166  97.0214 15.80999360  1472
STARLINK-3644           
1 51987U 22025AH  22076.58334491 -.00877166  00000+0 -49028-2 0  9996
2 51987  53.2171 100.1521 0001079  93.5294  82.8939 15.80915542  1471
STARLINK-3640           
1 51988U 22025AJ  22076.58334491 -.00877013  00000+0 -48786-2 0  9998
2 51988  53.2171 100.1491 0001101  76.3205 101.7860 15.81017425  1473
STARLINK-3642           
1 51989U 22025AK  22076.58334491 -.00876905  00000+0 -48955-2 0  9996
2 51989  53.2171 100.1516 0001122  70.7851 105.9129 15.80940091  1477
STARLINK-3657           
1 51990U 22025AL  22076.58334491 -.00877080  00000+0 -48694-2 0  9993
2 51990  53.2171 100.1477 0001122  79.8445  98.9107 15.81059543  1475
STARLINK-3652           
1 51991U 22025AM  22076.58334491 -.00876884  00000+0 -48860-2 0  9990
2 51991  53.2171 100.1503 0001150  66.4513 110.9189 15.80980959  1473
STARLINK-3643           
1 51992U 22025AN  22076.58334491 -.00877186  00000+0 -48565-2 0  9999
2 51992  53.2171 100.1457 0001075  86.8359  92.9309 15.81119699  1471
STARLINK-3648           
1 51993U 22025AP  22076.58334491 -.00876886  00000+0 -48730-2 0  9990
2 51993  53.2171 100.1481 0001185  66.2173 112.2218 15.81037869  1470
STARLINK-3647           
1 51994U 22025AQ  22076.58334491 -.00876969  00000+0 -48509-2 0  9997
2 51994  53.2171 100.1450 0001148  70.0500 110.0787 15.81137899  2543
STARLINK-3636           
1 51995U 22025AR  22076.58334491 -.00876974  00000+0 -48651-2 0  9992
2 51995  53.2171 100.1467 0001123  74.0746 105.0769 15.81075616  1474
STARLINK-3538           
1 51996U 22025AS  22076.58334491 -.00876805  00000+0 -48448-2 0  9990
2 51996  53.2171 100.1444 0001221  57.8759 122.5579 15.81159781  1471
STARLINK-3589           
1 51997U 22025AT  22076.58334491 -.00877067  00000+0 -48606-2 0  9998
2 51997  53.2171 100.1461 0001114  75.5951 103.8588 15.81098053  1479
STARLINK-3618           
1 51998U 22025AU  22076.58334491 -.00876936  00000+0 -48372-2 0  9993
2 51998  53.2171 100.1430 0001166  66.7329 114.4063 15.81197453  1474
STARLINK-3667           
1 51999U 22025AV  22076.58334491 -.00876891  00000+0 -48411-2 0  9998
2 51999  53.2171 100.1434 0001183  62.7265 118.0575 15.81178817  1474
STARLINK-3653           
1 52000U 22025AW  22076.58334491 -.00877066  00000+0 -48293-2 0  9995
2 52000  53.2171 100.1417 0001108  78.8087 103.0127 15.81236457  1478
STARLINK-3659           
1 52001U 22025AX  22076.58334491 -.00877013  00000+0 -48331-2 0  9991
2 52001  53.2171 100.1421 0001140  67.7940 113.6723 15.81217912  1479
STARLINK-3668           
1 52002U 22025AY  22076.58334491 -.00877055  00000+0 -48246-2 0  9993
2 52002  53.2171 100.1411 0001102  78.8222 103.3213 15.81257082  1475
STARLINK-3654           
1 52003U 22025AZ  22076.58334491 -.00876905  00000+0 -48204-2 0  9991
2 52003  53.2171 100.1399 0001231  59.5310 123.0439 15.81270492  1477
FALCON 9 DEB            
1 52004U 22025BA  22076.16569570  .00174976  22145-4  59046-3 0  9997
2 52004  53.2268 102.1722 0006186 270.4637  89.5682 15.89667888  1379
FALCON 9 DEB            
1 52005U 22025BB  22076.16389426  .00194097  24795-4  63844-3 0  9998
2 52005  53.2250 102.1581 0006145 244.9006 115.1384 15.90135095  1372
FALCON 9 DEB            
1 52006U 22025BC  22076.22150983  .00190041  24448-4  58502-3 0  9995
2 52006  53.2220 101.7996 0010715 257.2774 102.7057 15.91364275  1387
FALCON 9 DEB            
1 52007U 22025BD  22076.21990354  .00199148  25826-4  60280-3 0  9993
2 52007  53.2213 101.7870 0010981 240.7123 119.2808 15.91669154  1382
2022-026A               
1 52008U 22026A   22076.25499168 -.00000074  00000+0  00000+0 0  9998
2 52008  97.4861  77.4093 0045499 263.1170 160.9776 15.19131650   247
2022-026B               
1 52009U 22026B   22076.40647189 -.00000067  00000+0  00000+0 0  9996
2 52009  97.5042  77.5427 0026603 229.1670 267.7182 15.13633996   268
2022-026C               
1 52010U 22026C   22076.57971249 -.00000067  00000+0  00000+0 0  9993
2 52010  97.4928  77.7097 0025018 243.7091 116.1301 15.13554120   299
2022-026D               
1 52011U 22026D   22076.57971731 -.00000067  00000+0  00000+0 0  9990
2 52011  97.5075  77.7053 0026209 229.7794 130.1298 15.13550129   288
2022-026E               
1 52012U 22026E   22076.57967572 -.00000067  00000+0  00000+0 0  9999
2 52012  97.5036  77.7137 0025780 230.9653 128.9140 15.13596892   299
2022-026F               
1 52013U 22026F   22076.57965596 -.00000067  00000+0  00000+0 0  9994
2 52013  97.5014  77.7084 0026683 226.2655 133.6223 15.13617125   287
2022-026G               
1 52014U 22026G   22076.57965516 -.00000067  00000+0  00000+0 0  9997
2 52014  97.5000  77.7145 0026648 228.7056 131.1821 15.13613852   284
2022-026H               
1 52015U 22026H   22076.40646659 -.00000067  00000+0  00000+0 0  9994
2 52015  97.5042  77.5427 0026603 229.1670 267.6919 15.13632086   250
2022-026J               
1 52016U 22026J   22076.40646642 -.00000067  00000+0  00000+0 0  9997
2 52016  97.5042  77.5427 0026603 229.1670 267.7050 15.13636126   257
2022-026K               
1 52017U 22026K   22076.40646626 -.00000067  00000+0  00000+0 0  9990
2 52017  97.5042  77.5427 0026603 229.1670 267.7107 15.13633333   258
2022-026L               
1 52018U 22026L   22076.40646161 -.00000067  00000+0  00000+0 0  9995
2 52018  97.5025  77.5398 0026603 229.1699 267.6910 15.13637622   254
2022-026M               
1 52019U 22026M   22076.47883983 -.00000067  00000+0  00000+0 0  9998
2 52019  97.5029  77.6135 0026286 226.5199 304.5005 15.13622735   224
2022-026N               
1 52020U 22026N   22076.47037443 -.00000067  00000+0  00000+0 0  9992
2 52020  97.4954  77.6184 0023534 231.7212 253.1696 15.13624822   216
2022-026P               
1 52021U 22026P   22076.47810245 -.00000067  00000+0  00000+0 0  9992
2 52021  97.4961  77.6252 0024848 230.6597 296.3375 15.13630482   137
2022-026Q               
1 52022U 22026Q   22076.47865417 -.00000067  00000+0  00000+0 0  9994
2 52022  97.4957  77.6249 0024991 230.4579 299.5729 15.13650689   135
2022-026R               
1 52023U 22026R   22076.47056920 -.00000067  00000+0  00000+0 0  9996
2 52023  97.4946  77.6207 0022896 231.4514 254.5337 15.13656249   134
2022-026S               
1 52024U 22026S   22076.44740718 -.00000067  00000+0  00000+0 0  9999
2 52024  97.5047  77.5826 0026262 227.9762 131.9212 15.13645176   137
2022-026T               
1 52025U 22026T   22076.46669743 -.00000067  00000+0  00000+0 0  9990
2 52025  97.5035  77.6024 0025550 230.4427 234.4949 15.13648399   138
2022-026U               
1 52026U 22026U   22076.25223866 -.00000067  00000+0  00000+0 0  9990
2 52026  97.5050  77.3895 0026763 230.2765 146.8121 15.13653866    19
2022-026V               
1 52027U 22026V   22076.25201141 -.00000067  00000+0  00000+0 0  9993
2 52027  97.5031  77.3889 0026444 229.7116 146.1357 15.13651783    11
2022-027A               
1 52084U 22027A   22076.79527353 -.00000090  00000+0  00000+0 0  9998
2 52084  63.3958 228.5278 0003042 258.4075 101.6606 13.44062192    67
CZ-4C R/B               
1 52085U 22027B   22076.64157834 -.00084274  00000+0 -10074+0 0  9995
2 52085  63.3976 228.8874 0102411  43.1901 317.7192 13.65327618    59
