2022-034A               
1 52195U 22034A   22121.92918234  .00248061  00000+0  36919-2 0  9999
2 52195  53.0021 201.8935 0018702  20.8068 339.3168 15.53584573  4558
GLOBAL-18               
1 52196U 22034B   22121.93191408  .00024526  00000+0  51509-3 0  9998
2 52196  53.0023 202.6372 0011116  29.3763 330.7733 15.45177523  4549
GLOBAL-20               
1 52197U 22034C   22121.92150708  .00026218  00000+0  53907-3 0  9990
2 52197  53.0002 202.5665 0011944  20.9788 339.1605 15.45750628  4548
GAOFEN-3 03             
1 52200U 22035A   22121.85236787  .00000043  00000+0  26271-4 0  9993
2 52200  98.4155 130.4493 0001563  88.2476 271.8871 14.42209142  3597
CZ-4C R/B               
1 52201U 22035B   22121.13186579  .00000982  00000+0  15607-3 0  9990
2 52201  98.3984 130.7238 0111183 335.0579  65.8619 14.70578904  3546
COSMOS 2554             
1 52202U 22036A   22121.88840258  .00000015  00000+0  64683-4 0  9991
2 52202  67.1493 292.1680 0006898 263.7339  96.2965 13.96674460  3461
SL-4 R/B                
1 52203U 22036B   22121.94553189  .00137094  81662-5  67850-3 0  9998
2 52203  67.1342 280.9479 0429677  69.7145 294.9623 15.11039394  3681
CHINASAT 6D             
1 52255U 22038A   22120.29984661 -.00000340  00000+0  00000+0 0  9992
2 52255   0.0581 279.2866 0002426 337.1929 199.6710  1.00269711   317
CZ-3B R/B               
1 52256U 22038B   22119.89176537  .00057276  14571-5  41453-2 0  9995
2 52256  28.5183  15.1605 7208966 187.7672 147.7864  2.40129198   354
DAQI 1                  
1 52257U 22039A   22121.85958777  .00000485  00000+0  11612-3 0  9991
2 52257  98.1346  63.3963 0000999 189.7162 170.4032 14.57668900  2347
CZ-4C R/B               
1 52258U 22039B   22121.84949170  .00003754  00000+0  32365-3 0  9998
2 52258  98.1636  64.2879 0139636   9.9109 350.4812 14.90697645  2397
SZ-13 MODULE            
1 52260U 21092C   22121.75297527  .00025622  00000+0  25246-3 0  9999
2 52260  41.4797 140.7745 0008253 158.3933 201.7257 15.65319633  2072
STARLINK-3810           
1 52261U 22041A   22121.91668981  .00071567  00000+0  51233-3 0  9993
2 52261  53.2147 324.1997 0001578  65.1730 230.0068 15.73092830  2265
STARLINK-3761           
1 52262U 22041B   22121.91668981  .00044764  00000+0  32320-3 0  9999
2 52262  53.2147 324.2007 0001240  64.2010 229.8077 15.73088097  2262
STARLINK-3786           
1 52263U 22041C   22121.91668981  .00067170  00000+0  48059-3 0  9992
2 52263  53.2148 324.2007 0001247  61.9269 232.5661 15.73131568  2263
STARLINK-3795           
1 52264U 22041D   22121.91668981 -.00012014  00000+0 -81475-4 0  9992
2 52264  53.2146 324.1970 0001108  74.1714 221.6394 15.73153748  2263
STARLINK-3740           
1 52265U 22041E   22121.91668981  .00022609  00000+0  16561-3 0  9995
2 52265  53.2147 324.1968 0001040  53.0747 243.2713 15.73122873  2269
STARLINK-3739           
1 52266U 22041F   22121.91668981  .00036445  00000+0  26410-3 0  9993
2 52266  53.2147 324.1947 0001365  59.0033 237.9277 15.73098617  2264
STARLINK-3748           
1 52267U 22041G   22121.91668981  .00051658  00000+0  37156-3 0  9996
2 52267  53.2148 324.1943 0001286  65.6533 231.8512 15.73115476  2260
STARLINK-3746           
1 52268U 22041H   22121.91668981  .00188109  00000+0  13223-2 0  9997
2 52268  53.2146 324.1899 0001187  57.0558 242.1994 15.73068705  2262
STARLINK-3791           
1 52269U 22041J   22121.91668981 -.00081979  00000+0 -58625-3 0  9993
2 52269  53.2147 324.1929 0001416  67.3031 230.8563 15.73165380  2266
STARLINK-3804           
1 52270U 22041K   22121.91668981  .00073211  00000+0  52385-3 0  9990
2 52270  53.2148 324.1870 0001301  62.0686 238.4122 15.73095264  2263
STARLINK-3788           
1 52271U 22041L   22121.91668981  .00005723  00000+0  45303-4 0  9997
2 52271  53.2148 324.1916 0001231  62.9030 235.8290 15.73125564  2263
STARLINK-3781           
1 52272U 22041M   22121.91668981 -.00071349  00000+0 -50924-3 0  9991
2 52272  53.2148 324.1845 0001211  60.7909 240.9263 15.73155673  2265
STARLINK-3782           
1 52273U 22041N   22121.91668981  .00149360  00000+0  10572-2 0  9993
2 52273  53.2147 324.1886 0001292  62.9187 236.9679 15.73035436  2261
STARLINK-3790           
1 52274U 22041P   22121.91668981 -.00034533  00000+0 -24346-3 0  9996
2 52274  53.2146 324.1804 0001367  63.1640 240.3391 15.73121769  2266
STARLINK-3784           
1 52275U 22041Q   22121.91668981  .00002378  00000+0  21404-4 0  9990
2 52275  53.2147 324.1862 0001128  57.7778 243.3013 15.73138066  2260
STARLINK-3778           
1 52276U 22041R   22121.91668981 -.00034879  00000+0 -24566-3 0  9995
2 52276  53.2148 324.1779 0001221  57.4688 247.1823 15.73150008  2261
STARLINK-3787           
1 52277U 22041S   22121.91668981  .00070727  00000+0  50612-3 0  9997
2 52277  53.2148 324.1836 0001507  63.4659 238.8561 15.73106951  2262
STARLINK-3780           
1 52278U 22041T   22121.91668981 -.00034007  00000+0 -23908-3 0  9999
2 52278  53.2147 324.1769 0001359  53.6846 251.4254 15.73178538  2261
STARLINK-3686           
1 52279U 22041U   22121.91668981 -.00030556  00000+0 -21433-3 0  9996
2 52279  53.2146 324.1819 0001287  52.8758 249.9835 15.73173192  2268
STARLINK-3764           
1 52280U 22041V   22121.91668981  .00135263  00000+0  95787-3 0  9990
2 52280  53.2149 324.1721 0001322  55.4717 251.6060 15.73074064  2267
STARLINK-3779           
1 52281U 22041W   22121.91668981 -.00034135  00000+0 -24045-3 0  9998
2 52281  53.2146 324.1797 0001345  60.2873 243.7822 15.73135083  2267
STARLINK-3783           
1 52282U 22041X   22121.91668981  .00075904  00000+0  54265-3 0  9993
2 52282  53.2146 324.1703 0001308  59.3634 248.9101 15.73101044  2265
STARLINK-3789           
1 52283U 22041Y   22121.91668981  .00071244  00000+0  51069-3 0  9996
2 52283  53.2143 324.1757 0001416  66.8756 238.9332 15.73064009  2264
STARLINK-3561           
1 52284U 22041Z   22121.91668981  .00075906  00000+0  54242-3 0  9992
2 52284  53.2145 324.1671 0001405  60.0177 249.4051 15.73111498  2274
STARLINK-3775           
1 52285U 22041AA  22121.91668981  .00043041  00000+0  31040-3 0  9999
2 52285  53.2148 324.1743 0001328  57.6748 248.8013 15.73132919  2269
STARLINK-3802           
1 52286U 22041AB  22121.91668981  .00028142  00000+0  20481-3 0  9992
2 52286  53.2146 324.1651 0001051  59.1767 251.4252 15.73136265  2260
STARLINK-3822           
1 52287U 22041AC  22121.91668981  .00005981  00000+0  47115-4 0  9993
2 52287  53.2149 324.1720 0001322  57.4332 250.1909 15.73141522  2268
STARLINK-3776           
1 52288U 22041AD  22121.91668981  .00017706  00000+0  13054-3 0  9996
2 52288  53.2148 324.1635 0001254  63.4185 247.8619 15.73157216  2268
STARLINK-3751           
1 52289U 22041AE  22121.91668981  .00073211  00000+0  52406-3 0  9994
2 52289  53.2149 324.1691 0001455  54.7225 254.0980 15.73085554  2269
STARLINK-3772           
1 52290U 22041AF  22121.91668981  .00175449  00000+0  12366-2 0  9992
2 52290  53.2143 324.1598 0001372  47.9219 265.0834 15.73047311  2265
STARLINK-3773           
1 52291U 22041AG  22121.91668981  .00023219  00000+0  16993-3 0  9991
2 52291  53.2147 324.1665 0001078  57.2952 252.7089 15.73125577  2262
STARLINK-3753           
1 52292U 22041AH  22121.91668981 -.00004690  00000+0 -29098-4 0  9997
2 52292  53.2147 324.1572 0001407  56.0945 258.1656 15.73136416  2269
STARLINK-3771           
1 52293U 22041AJ  22121.91668981  .00001118  00000+0  12396-4 0  9991
2 52293  53.2149 324.1630 0001163  55.1342 256.6813 15.73169885  2261
STARLINK-3777           
1 52294U 22041AK  22121.91668981 -.00089823  00000+0 -64392-3 0  9995
2 52294  53.2147 324.1563 0001290  60.7361 254.0809 15.73145741  2261
STARLINK-3765           
1 52295U 22041AL  22121.91668981  .00071563  00000+0  51207-3 0  9997
2 52295  53.2147 324.1616 0001657  58.3096 254.1027 15.73103418  2264
STARLINK-3766           
1 52296U 22041AM  22121.91668981  .00054560  00000+0  39161-3 0  9991
2 52296  53.2148 324.1529 0001271  56.5518 259.9647 15.73141843  2265
STARLINK-3758           
1 52297U 22041AN  22121.91668981 -.00090699  00000+0 -64902-3 0  9998
2 52297  53.2148 324.1592 0001551  61.2967 252.3271 15.73191319  2261
STARLINK-3760           
1 52298U 22041AP  22121.91668981  .00038915  00000+0  28176-3 0  9993
2 52298  53.2149 324.1510 0001175  52.9409 264.2308 15.73086545  2260
STARLINK-3759           
1 52299U 22041AQ  22121.91668981  .00045479  00000+0  32760-3 0  9991
2 52299  53.2149 324.1540 0001148  50.1749 265.8316 15.73135458  2265
STARLINK-3769           
1 52300U 22041AR  22121.91668981 -.00045093  00000+0 -31895-3 0  9996
2 52300  53.2149 324.1486 0001547  66.6836 251.6910 15.73173387  2265
STARLINK-3768           
1 52301U 22041AS  22121.91668981 -.00030434  00000+0 -21383-3 0  9991
2 52301  53.2148 324.1549 0001352  55.9738 259.4947 15.73132168  2269
STARLINK-3564           
1 52302U 22041AT  22121.91668981  .00045933  00000+0  33159-3 0  9994
2 52302  53.2147 324.1448 0001481  61.5253 258.6862 15.73079984  2831
STARLINK-3742           
1 52303U 22041AU  22121.91668981 -.00037845  00000+0 -26693-3 0  9995
2 52303  53.2147 324.1502 0001648  58.6462 259.1794 15.73155965  2268
STARLINK-3744           
1 52304U 22041AV  22121.91668981 -.00067823  00000+0 -48252-3 0  9990
2 52304  53.2147 324.1435 0001115  50.5187 270.1722 15.73210378  2262
STARLINK-3724           
1 52305U 22041AW  22121.91668981 -.00054759  00000+0 -38828-3 0  9993
2 52305  53.2149 324.1478 0001284  59.9148 259.0208 15.73200015  2261
STARLINK-3747           
1 52306U 22041AX  22121.91668981 -.00072847  00000+0 -51902-3 0  9990
2 52306  53.2145 324.1424 0001112  51.7501 269.5653 15.73205111  2264
STARLINK-3755           
1 52307U 22041AY  22121.91668981 -.00079885  00000+0 -56934-3 0  9990
2 52307  53.2149 324.1466 0001266  56.3260 263.2292 15.73234333  2266
STARLINK-3745           
1 52308U 22041AZ  22121.91668981  .00090160  00000+0  64153-3 0  9990
2 52308  53.2147 324.1391 0001175  62.0048 260.6298 15.73141903  2840
STARLINK-3756           
1 52309U 22041BA  22121.91668981 -.00058612  00000+0 -41570-3 0  9997
2 52309  53.2148 324.1417 0001441  60.6334 261.2736 15.73222321  2263
STARLINK-3688           
1 52310U 22041BB  22121.91668981  .00081033  00000+0  57847-3 0  9994
2 52310  53.2147 324.1367 0001292  59.5191 264.2731 15.73108960  2260
STARLINK-3750           
1 52311U 22041BC  22121.91668981  .00081230  00000+0  57991-3 0  9994
2 52311  53.2148 324.1390 0001668  65.1374 258.0578 15.73106294  2269
STARLINK-3752           
1 52312U 22041BD  22121.91668981  .00068795  00000+0  49252-3 0  9997
2 52312  53.2148 324.1352 0001460  65.9117 258.4445 15.73107310  2268
STARLINK-3749           
1 52313U 22041BE  22121.91668981 -.00067107  00000+0 -47835-3 0  9991
2 52313  53.2150 324.1346 0001444  73.7498 251.2792 15.73159994  2267
FALCON 9 DEB            
1 52314U 22041BF  22121.80684418  .00230039  30663-4  71090-3 0  9990
2 52314  53.2080 324.0528 0013389 310.2978  49.6879 15.91171264  1611
FALCON 9 DEB            
1 52315U 22041BG  22121.80469005  .00216933  28564-4  65820-3 0  9992
2 52315  53.2082 324.0399 0013909 320.1286  39.8719 15.91529871  1615
FALCON 9 DEB            
1 52316U 22041BH  22121.86045851  .00246574  34126-4  70002-3 0  9991
2 52316  53.2091 323.6791 0009530 314.4855  45.5394 15.92861792  1626
FALCON 9 DEB            
1 52317U 22041BJ  22121.85795899  .00282789  41720-4  77884-3 0  9996
2 52317  53.2096 323.6644 0009682 332.3361  27.7151 15.93402207  1624
DRAGON FREEDOM          
1 52318U 22042A   22121.71029436  .00015530  00000+0  28055-3 0  9995
2 52318  51.6449 206.7678 0006423  53.3980  45.8416 15.49884666337973
AXIOM-1 DEB             
1 52319U 22037B   22121.71503256  .00928077  11163-4  12524-2 0  9996
2 52319  51.8906 204.6480 0103926 189.4154 170.4844 15.95810478   969
2022-043A               
1 52320U 22043A   22121.84530987 -.00000072  00000+0  00000+0 0  9993
2 52320  97.4740 197.5041 0011729 267.0828  92.9160 15.23570933   415
2022-043B               
1 52321U 22043B   22121.51621198 -.00000073  00000+0  00000+0 0  9994
2 52321  97.4747 197.1794 0012255 269.0577  90.8186 15.24027028   364
2022-043C               
1 52322U 22043C   22121.84403286 -.00000073  00000+0  00000+0 0  9997
2 52322  97.4736 197.5058 0012367 282.1949  77.8068 15.24304598   413
2022-043D               
1 52323U 22043D   22121.80943195 -.00000113  00000+0  00000+0 0  9997
2 52323  97.5655 197.6869 0090869  16.3053 344.1412 15.44508890   418
2022-043E               
1 52324U 22043E   22121.51325565 -.00000075  00000+0  00000+0 0  9998
2 52324  97.4610 197.1761 0016849 296.8996  63.1349 15.26128761   368
2022-043F               
1 52325U 22043F   22121.94402167 -.00000067  00000+0  00000+0 0  9991
2 52325  97.2239 197.4917 0111997 205.1550 154.4232 15.05264255   416
2022-043G               
1 52326U 22043G   22121.91227792 -.00000058  00000+0  00000+0 0  9998
2 52326  97.2959 197.3978 0160433 154.2922 206.6469 14.86289625   405
2022-043H               
1 52327U 22043H   22121.94513062 -.00000077  00000+0  00000+0 0  9991
2 52327  97.7127 197.5542 0121078 207.0466 152.4487 15.04622403   425
2022-043J               
1 52328U 22043J   22121.91346878 -.00000065  00000+0  00000+0 0  9995
2 52328  97.7331 197.4465 0162412 154.7180 206.2148 14.85630522   391
COSMOS 2555             
1 52330U 22044A   22121.90714791  .00577090  14439-3  12771-2 0  9993
2 52330  96.4448 212.2629 0011349 238.4230 215.5539 15.97881868   319
2022-046A               
1 52388U 22046A   22121.92807426 -.00000063  00000+0  00000+0 0  9994
2 52388  97.5418 210.0145 0012653 277.8588 174.1956 15.09285267   274
2022-046B               
1 52389U 22046B   22121.92773830 -.00000063  00000+0  00000+0 0  9996
2 52389  97.5411 210.0146 0011496 286.3859 165.0375 15.09486241   267
2022-046C               
1 52390U 22046C   22121.86980699 -.00000064  00000+0  00000+0 0  9995
2 52390  97.5374 209.9518 0012607 288.5306 208.6208 15.09538612   251
2022-046D               
1 52391U 22046D   22121.92748313 -.00000064  00000+0  00000+0 0  9998
2 52391  97.5474 210.0163 0012895 288.0535 163.3663 15.09701272   267
2022-046E               
1 52392U 22046E   22121.86950862 -.00000064  00000+0  00000+0 0  9996
2 52392  97.5400 209.9591 0013971 286.9979 210.1810 15.09804441   250
