STARLINK-30122          
1 56688U 23067A   23167.58334491  .00060818  00000+0  17281-2 0  9990
2 56688  43.0017 299.7933 0001105 271.4834  51.7072 15.35341653  1300
STARLINK-30129          
1 56689U 23067B   23167.58334491 -.02112452  00000+0 -91836-1 0  9994
2 56689  42.9994 299.8818 0000760 281.1260   4.8832 15.25219986  1308
STARLINK-30124          
1 56690U 23067C   23167.58334491 -.02119155  00000+0 -90329-1 0  9999
2 56690  42.9994 299.8506 0000689 255.5149  43.5882 15.25880933  1306
STARLINK-30087          
1 56691U 23067D   23167.58334491  .00001539  00000+0  94922-4 0  9998
2 56691  43.0005 300.5426 0001809 233.8760 137.1049 15.14264337  1303
STARLINK-30036          
1 56692U 23067E   23167.83334491  .00058028  00000+0  31045-2 0  9997
2 56692  43.0008 299.1144 0001683 246.9266  67.4967 15.14254488  4766
STARLINK-30067          
1 56693U 23067F   23167.83334491  .00038276  00000+0  20579-2 0  9991
2 56693  43.0010 299.0233 0001732 233.6753 118.6179 15.14248724  4767
STARLINK-30126          
1 56694U 23067G   23167.83334491  .00076910  00000+0  41025-2 0  9998
2 56694  43.0010 299.0676 0002315 288.8531  44.7026 15.14231033  4768
STARLINK-30121          
1 56695U 23067H   23167.58334491  .00014885  00000+0  68554-3 0  9991
2 56695  43.0008 300.3471 0001678 269.7961 182.9055 15.20111543  1305
STARLINK-30118          
1 56696U 23067J   23167.62915329  .00393438  71442-4  84018-3 0  9992
2 56696  42.9997 292.9169 0008782 359.7666   0.3206 15.97742993  4538
STARLINK-30130          
1 56697U 23067K   23167.58334491 -.02111706  00000+0 -10055+0 0  9996
2 56697  42.9996 300.0091 0000934 265.6898 327.0051 15.22189793  1306
STARLINK-30068          
1 56698U 23067L   23167.58334491 -.01648635  00000+0 -15683-1 0  9996
2 56698  43.0000 296.7478 0001166 232.4042 252.0354 15.68995010  1306
STARLINK-30127          
1 56699U 23067M   23167.83334491 -.01583569  00000+0 -90199-1 0  9994
2 56699  43.0008 298.9342 0001121 279.9835 109.3531 15.15600818  4761
STARLINK-30053          
1 56700U 23067N   23167.58334491 -.02122415  00000+0 -11573+0 0  9996
2 56700  43.0005 300.2797 0000366 263.1699 217.2302 15.17603131  1300
STARLINK-30125          
1 56701U 23067P   23167.58334491 -.02118416  00000+0 -11331+0 0  9995
2 56701  43.0001 300.2465 0000541 280.7415 216.7268 15.18256492  1305
STARLINK-30117          
1 56702U 23067Q   23167.83334491 -.01184191  00000+0 -23236-1 0  9995
2 56702  43.0001 297.9080 0001864 310.0498 145.4584 15.49203217  4772
STARLINK-30132          
1 56703U 23067R   23167.58334491 -.02112209  00000+0 -10870+0 0  9998
2 56703  42.9999 300.1604 0000631 285.5941 244.9847 15.19564858  1307
STARLINK-30066          
1 56704U 23067S   23167.83334491 -.02056514  00000+0 -97235-1 0  9995
2 56704  42.9997 298.5379 0000303 243.8534 310.0935 15.22331464  4772
STARLINK-30080          
1 56705U 23067T   23167.58334491 -.00611765  00000+0 -89237-2 0  9995
2 56705  43.0004 297.6040 0000752 255.7341 240.7432 15.56922714  1303
STARLINK-30079          
1 56706U 23067U   23167.58334491 -.02112672  00000+0 -10460+0 0  9990
2 56706  42.9997 300.0830 0000736 266.8090 295.5115 15.20877811  1309
STARLINK-30070          
1 56707U 23067V   23167.58334491 -.02111390  00000+0 -10658+0 0  9996
2 56707  42.9998 300.1205 0000563 278.1943 268.4265 15.20220663  1301
STARLINK-30071          
1 56708U 23067W   23167.58334491 -.02113895  00000+0 -98702-1 0  9997
2 56708  42.9995 299.9746 0001411 240.1324   7.2368 15.22846214  1300
STARLINK-30085          
1 56709U 23067X   23167.58334491 -.02110766  00000+0 -10249+0 0  9990
2 56709  42.9996 300.0454 0000558 273.2799 304.3987 15.21533150  1305
ONEWEB-0561             
1 56710U 23068A   23167.83334491 -.01113129  00000+0 -43690+0 0  9992
2 56710  87.0692 129.7997 0014165 121.3803  44.4795 14.32497031  4834
ONEWEB-0668             
1 56711U 23068B   23167.58334491 -.00040724  00000+0 -56615-2 0  9998
2 56711  86.7233 129.1158 0017465 123.4645 202.9484 14.78104975  1305
ONEWEB-0676             
1 56712U 23068C   23167.83334491  .00051332  00000+0  70587-2 0  9996
2 56712  86.7189 129.0044 0017424 124.5426  70.0831 14.77952506  4889
ONEWEB-0677             
1 56713U 23068D   23167.83334491 -.01026415  00000+0 -29710+0 0  9993
2 56713  86.9244 129.6242 0012432 118.4788 304.6183 14.47911740  4830
ONEWEB-0678             
1 56714U 23068E   23167.40624705  .00001917  00000+0  26656-3 0  9994
2 56714  86.7196 129.2005 0013131 123.7497 236.4976 14.77256865  4128
ONEWEB-0679             
1 56715U 23068F   23167.58334491 -.00040613  00000+0 -56415-2 0  9997
2 56715  86.7228 129.1138 0017621 123.9361 208.1188 14.78137175  1302
ONEWEB-0680             
1 56716U 23068G   23167.58334491 -.00041164  00000+0 -57718-2 0  9997
2 56716  86.7209 129.1101 0016628 125.6735 171.6139 14.77755345  1306
ONEWEB-0681             
1 56717U 23068H   23167.58334491 -.00043113  00000+0 -60988-2 0  9997
2 56717  86.7214 129.1256 0014598 126.7377 125.6416 14.77412151  1304
ONEWEB-0682             
1 56718U 23068J   23167.58334491 -.00043608  00000+0 -62147-2 0  9996
2 56718  86.7216 129.1291 0014054 126.5139 116.4122 14.77105105  1307
ONEWEB-0683             
1 56719U 23068K   23167.58334491 -.00043992  00000+0 -62707-2 0  9995
2 56719  86.7212 129.1308 0013955 125.5434 109.2708 14.77099659  1305
ONEWEB-0684             
1 56720U 23068L   23167.40608041  .00001950  00000+0  27241-3 0  9994
2 56720  86.7218 129.2019 0013131 123.7777 236.4696 14.77088340  4126
ONEWEB-0686             
1 56721U 23068M   23167.58334491 -.00040672  00000+0 -56886-2 0  9991
2 56721  86.7204 129.1039 0017242 124.6599 191.2310 14.77850742  1303
ONEWEB-0694             
1 56722U 23068N   23167.58334491 -.00040777  00000+0 -57082-2 0  9997
2 56722  86.7243 129.1211 0017050 124.4728 185.5855 14.77817653  1302
ONEWEB-0696             
1 56723U 23068P   23167.58334491 -.00044430  00000+0 -63507-2 0  9997
2 56723  86.7206 129.1328 0013583 124.3474  99.9655 14.76987681  1309
ONEWEB-0703             
1 56724U 23068Q   23167.58334491 -.00044182  00000+0 -63006-2 0  9996
2 56724  86.7207 129.1281 0013724 125.2277 105.2407 14.77084154  1307
ONEWEB-0721             
1 56725U 23068R   23167.38948058  .00005920  00000+0  72963-3 0  9993
2 56725  86.6771 129.1659 0013110 123.4166 236.8313 14.82706142  4122
IRIDIUM 181             
1 56726U 23068S   23167.42471812  .00002180  00000+0  28298-3 0  9995
2 56726  86.6766 129.1845 0003049 107.1163 253.0393 14.80299279  4125
IRIDIUM 177             
1 56727U 23068T   23167.41916200  .00001515  00000+0  19573-3 0  9997
2 56727  86.6755 129.1778 0002665 102.3299 257.8221 14.80267346  4121
IRIDIUM 174             
1 56728U 23068U   23167.41373754  .00000884  00000+0  11282-3 0  9996
2 56728  86.6810 129.1935 0002679 100.9533 259.1990 14.80265981  4120
IRIDIUM 178             
1 56729U 23068V   23167.40835862  .00001611  00000+0  20845-3 0  9993
2 56729  86.6754 129.1711 0002500 105.1870 254.9628 14.80267157  4122
IRIDIUM 179             
1 56730U 23068W   23167.40260675  .00001627  00000+0  21068-3 0  9994
2 56730  86.6795 129.1815 0002431 106.2013 253.9476 14.80244493  4126
2023-069A               
1 56731U 23069A   23167.55467052  .00009241  00000+0  30940-3 0  9999
2 56731  41.0043 207.1383 0032139 320.1808  39.6654 15.30464228  4013
2023-069B               
1 56732U 23069B   23167.54493253  .00018643  00000+0  60066-3 0  9999
2 56732  41.0036 207.0620 0030156 320.3243  39.5372 15.31308317  4014
2023-069C               
1 56733U 23069C   23167.54420478  .00008377  00000+0  27617-3 0  9997
2 56733  41.0038 207.0566 0029597 320.4803  39.3859 15.31125795  4011
CZ-2C R/B               
1 56734U 23069D   23167.53508440  .00026959  00000+0  49018-3 0  9998
2 56734  41.1962 203.8892 0054027 227.8456 131.7776 15.47276533  4058
CZ-2C DEB               
1 56735U 23069E   23167.47205479  .00061056  00000+0  40401-2 0  9991
2 56735  41.1415 216.8701 0208585 301.4730  56.5844 14.90411754  3905
CZ-2C DEB               
1 56736U 23069F   23167.50642209  .00102760  00000+0  39097-2 0  9999
2 56736  40.8531 210.2834 0116625 351.1817   8.6949 15.19493019  3985
CZ-2C DEB               
1 56737U 23069G   23167.18078830  .00118843  00000+0  40332-2 0  9990
2 56737  41.0949 211.2994 0111205 355.8837   4.1060 15.23573997  3908
2023-069H               
1 56738U 23069H   23167.57660265  .00055532  00000+0  35942-2 0  9999
2 56738  40.9038 215.9601 0201442 301.8613  56.2728 14.92154229  3927
PROGRESS-MS 23          
1 56740U 23071A   23167.49074611 -.00152675  00000+0 -27135-2 0  9993
2 56740  51.6394 331.9694 0004893  61.3577  36.0003 15.50048895401686
2023-072A               
1 56743U 23072A   23167.61000734  .00005291  00000+0  35485-3 0  9993
2 56743  97.5416 354.4909 0007859 215.2905 144.7804 15.07247487  3349
SNIPE 4                 
1 56744U 23072B   23167.54270378  .00007491  00000+0  49924-3 0  9996
2 56744  97.5501 354.4520 0007885 216.6626 143.4063 15.07344416  3330
SNIPE 2                 
1 56745U 23072C   23167.67352573  .00008296  00000+0  55033-3 0  9991
2 56745  97.5511 354.5870 0008159 219.9045 140.1584 15.07481508  3355
2023-072D               
1 56746U 23072D   23167.60489635  .00009255  00000+0  61055-3 0  9992
2 56746  97.5513 354.5248 0008442 223.8837 136.1721 15.07651384  3343
2023-072E               
1 56747U 23072E   23167.60280639  .00007411  00000+0  48811-3 0  9993
2 56747  97.5516 354.5275 0008886 226.7850 133.2636 15.07776771  3347
2023-072F               
1 56748U 23072F   23167.60223622  .00006656  00000+0  43857-3 0  9998
2 56748  97.5310 354.4706 0009131 227.4571 132.5887 15.07797568  3347
2023-072G               
1 56749U 23072G   23167.60005584  .00008013  00000+0  52467-3 0  9990
2 56749  97.5319 354.4754 0009499 230.4531 129.5858 15.07965137  3340
2023-072H               
1 56750U 23072H   23167.63243360  .00003995  00000+0  21845-3 0  9991
2 56750  97.5377 354.7474 0013707 211.4501 148.5912 15.14777014  3368
AXIOM-2 DEB             
1 56751U 23070B   23167.43343300  .00196761  00000+0  11564-2 0  9993
2 56751  51.4316 329.5369 0058846 221.0067 138.6498 15.74638726  2585
ELECTRON KICK STAGE R/B 
1 56752U 23073A   23167.44486348  .00012027  00000+0  78151-3 0  9996
2 56752  32.7368  72.7027 0011723  54.7911 305.3854 15.06964274  3210
TROPICS-03              
1 56753U 23073B   23167.11658835  .00008512  00000+0  55695-3 0  9995
2 56753  32.7370  74.8185 0010245  63.1077 297.0638 15.06695109  3144
TROPICS-07              
1 56754U 23073C   23167.43219416  .00010914  00000+0  69201-3 0  9996
2 56754  32.7375  72.6007 0014719  58.2986 301.9117 15.07823735  3217
ELECTRON R/B            
1 56755U 23073D   23167.42736427  .00011930  00000+0  74931-3 0  9997
2 56755  35.4649  77.6713 0024232   7.9803 352.1297 15.08321849  3218
COSMOS 2569             
1 56756U 23074A   23167.63286257  .00006354  00000+0  30895-3 0  9998
2 56756  97.4376   2.0928 0001524  87.9743 272.1666 15.18761298  3155
ARABSAT-7B (BADR-8)     
1 56757U 23075A   23167.02714102 -.00000165  00000+0  00000+0 0  9994
2 56757  18.9463 144.8944 7744225 184.6441 157.0774  1.02604984    12
FALCON 9 R/B            
1 56758U 23075B   23166.66518874 -.00000068  00000+0  65894-3 0  9990
2 56758  27.8549 144.7573 8176146 185.4078 149.4719  1.20343160   224
IRNSS-1J (NVS-01)       
1 56759U 23076A   23167.42341024 -.00000326  00000+0  00000+0 0  9999
2 56759   4.9399 273.5933 0004416 358.5632 274.2342  1.00271173   115
GSLV R/B                
1 56760U 23076B   23167.13718782  .00138737  14982-5  46660-2 0  9990
2 56760  19.1856 263.1275 7501670 189.8928 135.7240  2.04762693   352
SHENZHOU-16 (SZ-16)     
1 56761U 23077A   23167.39667567  .00018987  00000+0  23067-3 0  9995
2 56761  41.4727 160.6729 0001598   2.0323 358.0522 15.60125589121715
STARLINK-6197           
1 56767U 23078A   23167.58334491 -.00928203  00000+0 -80825-2 0  9997
2 56767  70.0027   7.4707 0003678 265.6361 262.7460 15.71440789  1304
STARLINK-6198           
1 56768U 23078B   23167.58334491 -.00931067  00000+0 -80922-2 0  9998
2 56768  70.0049   7.4697 0003585 266.3359 264.8793 15.71494754  1302
STARLINK-5978           
1 56769U 23078C   23167.58334491 -.00930356  00000+0 -80960-2 0  9991
2 56769  70.0041   7.4709 0003612 267.6240 261.8917 15.71463231  1304
STARLINK-6342           
1 56770U 23078D   23167.58334491 -.00934516  00000+0 -81392-2 0  9995
2 56770  70.0042   7.4721 0003511 267.6740 261.2739 15.71456303  1302
STARLINK-6339           
1 56771U 23078E   23167.58334491 -.00931454  00000+0 -80930-2 0  9991
2 56771  70.0027   7.4668 0003579 266.3364 265.4502 15.71503387  1307
STARLINK-6275           
1 56772U 23078F   23167.58334491 -.00928141  00000+0 -80715-2 0  9992
2 56772  70.0037   7.4704 0003660 266.9289 263.1548 15.71471455  1308
STARLINK-6296           
1 56773U 23078G   23167.58334491 -.00929500  00000+0 -80707-2 0  9994
2 56773  70.0025   7.4657 0003627 266.0659 266.2856 15.71512664  1302
STARLINK-6190           
1 56774U 23078H   23167.58334491 -.00926131  00000+0 -80488-2 0  9998
2 56774  70.0034   7.4691 0003658 267.2014 263.4480 15.71480935  1300
STARLINK-6292           
1 56775U 23078J   23167.58334491 -.00931173  00000+0 -80693-2 0  9999
2 56775  70.0027   7.4626 0003682 266.8457 268.3373 15.71563323  1302
STARLINK-6274           
1 56776U 23078K   23167.58334491 -.00930488  00000+0 -80767-2 0  9990
2 56776  70.0035   7.4667 0003346 267.0569 265.8574 15.71526672  1302
STARLINK-5582           
1 56777U 23078L   23167.58334491 -.00931168  00000+0 -80591-2 0  9992
2 56777  70.0022   7.4600 0003581 266.4624 270.4160 15.71594305  1303
STARLINK-6304           
1 56778U 23078M   23167.58334491 -.00932607  00000+0 -80933-2 0  9992
2 56778  70.0042   7.4667 0003530 266.6259 266.8578 15.71535705  1300
STARLINK-6231           
1 56779U 23078N   23167.58334491 -.00931497  00000+0 -80444-2 0  9996
2 56779  70.0021   7.4563 0003566 266.4475 273.2488 15.71646814  1306
STARLINK-5963           
1 56780U 23078P   23167.58334491 -.00929365  00000+0 -80386-2 0  9994
2 56780  70.0027   7.4602 0003589 267.0991 270.3435 15.71603343  1303
STARLINK-5989           
1 56781U 23078Q   23167.58334491 -.00931306  00000+0 -80284-2 0  9990
2 56781  70.0012   7.4528 0003701 267.4486 274.5031 15.71686562  1306
STARLINK-6352           
1 56782U 23078R   23167.58334491 -.00932303  00000+0 -80873-2 0  9993
2 56782  70.0038   7.4652 0003570 266.4103 267.6422 15.71544128  1300
STARLINK-6357           
1 56783U 23078S   23167.58334491 -.00928527  00000+0 -80408-2 0  9991
2 56783  70.0032   7.4617 0003645 267.8344 267.9135 15.71572466  1301
STARLINK-6354           
1 56784U 23078T   23167.58334491 -.00927749  00000+0 -80402-2 0  9991
2 56784  70.0039   7.4647 0003688 267.8215 266.7959 15.71551672  1303
STARLINK-5931           
1 56785U 23078U   23167.58334491 -.00931155  00000+0 -80344-2 0  9993
2 56785  70.0031   7.4558 0003632 265.5176 275.3085 15.71665651  1306
STARLINK-6341           
1 56786U 23078V   23167.58334491 -.00930516  00000+0 -80561-2 0  9995
2 56786  70.0042   7.4630 0003629 267.5230 268.7891 15.71584105  1304
STARLINK-6326           
1 56787U 23078W   23167.58334491 -.00931627  00000+0 -80489-2 0  9999
2 56787  70.0026   7.4570 0003667 266.9971 272.1347 15.71635992  1303
STARLINK-6336           
1 56788U 23078X   23167.58334491 -.00930613  00000+0 -80464-2 0  9997
2 56788  70.0036   7.4600 0003621 266.0296 271.9744 15.71615330  1302
STARLINK-6325           
1 56789U 23078Y   23167.58334491 -.00932402  00000+0 -80216-2 0  9991
2 56789  70.0031   7.4512 0003670 266.9976 277.7667 15.71737851  1309
STARLINK-6345           
1 56790U 23078Z   23167.58334491 -.00927525  00000+0 -80138-2 0  9996
2 56790  70.0032   7.4589 0003654 266.8840 271.6849 15.71623320  1307
STARLINK-5977           
1 56791U 23078AA  23167.58334491 -.00928073  00000+0 -79913-2 0  9995
2 56791  70.0019   7.4515 0003651 266.2408 276.8351 15.71705096  1309
STARLINK-6046           
1 56792U 23078AB  23167.58334491 -.00929150  00000+0 -80186-2 0  9997
2 56792  70.0018   7.4553 0003653 265.4196 274.8391 15.71655154  1309
STARLINK-6052           
1 56793U 23078AC  23167.58334491 -.00932621  00000+0 -80064-2 0  9990
2 56793  70.0024   7.4467 0003665 266.5542 281.0190 15.71788718  1301
STARLINK-6060           
1 56794U 23078AD  23167.58334491 -.00928331  00000+0 -79973-2 0  9991
2 56794  70.0038   7.4550 0003643 266.7350 275.7793 15.71694837  1302
STARLINK-6061           
1 56795U 23078AE  23167.58334491 -.00933384  00000+0 -79929-2 0  9997
2 56795  70.0023   7.4424 0003638 265.8129 285.1227 15.71850217  1308
STARLINK-6049           
1 56796U 23078AF  23167.58334491 -.00931839  00000+0 -80373-2 0  9996
2 56796  70.0023   7.4543 0003606 266.1022 275.2858 15.71676738  1306
STARLINK-6058           
1 56797U 23078AG  23167.83334491 -.00869618  00000+0 -75859-2 0  9993
2 56797  70.0010   6.7422 0003685 272.0449 248.3404 15.71229370  2908
STARLINK-6068           
1 56798U 23078AH  23167.83334491 -.00873598  00000+0 -76397-2 0  9994
2 56798  70.0022   6.7471 0003674 272.2585 245.2690 15.71181766  2906
STARLINK-5953           
1 56799U 23078AJ  23167.58334491 -.00930016  00000+0 -79448-2 0  9996
2 56799  70.0021   7.4387 0003608 266.3933 287.3437 15.71897830  1303
STARLINK-6036           
1 56800U 23078AK  23167.58334491 -.00931452  00000+0 -80160-2 0  9997
2 56800  70.0025   7.4516 0003660 266.7178 277.4825 15.71727670  1302
STARLINK-6087           
1 56801U 23078AL  23167.58334491 -.00932157  00000+0 -79882-2 0  9990
2 56801  70.0021   7.4437 0003649 266.7113 283.1034 15.71829409  1306
STARLINK-6070           
1 56802U 23078AM  23167.83334491 -.00873848  00000+0 -76287-2 0  9996
2 56802  70.0019   6.7442 0003667 271.1444 248.6662 15.71223461  2905
STARLINK-6029           
1 56803U 23078AN  23167.83334491 -.00871124  00000+0 -75868-2 0  9996
2 56803  70.0018   6.7400 0003678 271.9923 250.6720 15.71271964  2900
STARLINK-6069           
1 56804U 23078AP  23167.58334491 -.00931957  00000+0 -80137-2 0  9995
2 56804  70.0028   7.4502 0003671 266.2506 279.0728 15.71748511  1303
STARLINK-6064           
1 56805U 23078AQ  23167.83334491 -.00871185  00000+0 -75906-2 0  9998
2 56805  70.0016   6.7403 0003694 272.3604 249.7340 15.71261724  2902
STARLINK-6072           
1 56806U 23078AR  23167.58334491 -.00931293  00000+0 -79973-2 0  9996
2 56806  70.0023   7.4476 0003658 265.2509 281.7591 15.71778184  1304
STARLINK-6073           
1 56807U 23078AS  23167.58334491 -.00935462  00000+0 -79982-2 0  9999
2 56807  70.0019   7.4392 0003592 265.4079 287.7624 15.71893521  1304
STARLINK-6042           
1 56808U 23078AT  23167.58334491 -.00932936  00000+0 -79778-2 0  9996
2 56808  70.0018   7.4404 0003682 266.6417 285.9694 15.71881521  1301
STARLINK-6040           
1 56809U 23078AU  23167.58334491 -.00931204  00000+0 -79652-2 0  9995
2 56809  70.0010   7.4394 0003662 266.3777 285.6737 15.71870243  1300
STARLINK-6031           
1 56810U 23078AV  23167.58334491 -.00931920  00000+0 -79890-2 0  9996
2 56810  70.0026   7.4452 0003684 266.1427 283.1087 15.71819956  1303
STARLINK-6063           
1 56811U 23078AW  23167.58334491 -.00933261  00000+0 -79672-2 0  9995
2 56811  70.0015   7.4367 0003700 266.0866 288.7636 15.71921665  1304
STARLINK-6065           
1 56812U 23078AX  23167.58334491 -.00932366  00000+0 -79797-2 0  9999
2 56812  70.0022   7.4420 0003634 266.3968 285.0962 15.71860541  1302
STARLINK-6056           
1 56813U 23078AY  23167.58334491 -.00932008  00000+0 -79525-2 0  9992
2 56813  70.0019   7.4364 0003649 266.7011 288.7091 15.71930582  1301
STARLINK-6059           
1 56814U 23078AZ  23167.83334491 -.00864167  00000+0 -74891-2 0  9992
2 56814  70.0018   6.7336 0003707 273.1153 255.2414 15.71368575  2908
STARLINK-6057           
1 56815U 23078BA  23167.58334491 -.00932350  00000+0 -79492-2 0  9997
2 56815  70.0016   7.4346 0003650 266.2030 290.3270 15.71949923  1305
STARLINK-6067           
1 56816U 23078BB  23167.58334491 -.00929927  00000+0 -79297-2 0  9997
2 56816  70.0026   7.4369 0003657 267.5090 288.4601 15.71939420  1306
STARLINK-5982           
1 56817U 23078BC  23167.58334491 -.00933271  00000+0 -79951-2 0  9992
2 56817  70.0014   7.4415 0003584 266.4806 283.8915 15.71841261  1300
STARLINK-6028           
1 56818U 23078BD  23167.58334491 -.00931941  00000+0 -79418-2 0  9993
2 56818  70.0015   7.4345 0003644 266.9963 290.0902 15.71960393  1304
STARLINK-30119          
1 56823U 23079A   23167.91667824 -.01640259  00000+0 -17183-1 0  9996
2 56823  43.0006 139.4505 0001701 266.5166 214.2269 15.66640811  2430
STARLINK-30120          
1 56824U 23079B   23167.91667824 -.01640407  00000+0 -17176-1 0  9994
2 56824  43.0006 139.4498 0001643 274.9037 206.2071 15.66653901  2433
STARLINK-30084          
1 56825U 23079C   23167.91667824 -.01644075  00000+0 -17212-1 0  9991
2 56825  43.0006 139.4490 0000933 263.5832 217.8535 15.66671840  2439
STARLINK-30114          
1 56826U 23079D   23167.58334491  .00268481  00000+0  16836-2 0  9998
2 56826  43.0030 141.3857 0001711 211.3678 211.7813 15.75205318  2378
STARLINK-30151          
1 56827U 23079E   23167.91667824 -.01642155  00000+0 -17165-1 0  9997
2 56827  43.0007 139.4475 0001548 272.5786 209.5259 15.66700004  2432
STARLINK-30152          
1 56828U 23079F   23167.91667824 -.01640419  00000+0 -17134-1 0  9995
2 56828  43.0007 139.4478 0001647 274.5384 207.8951 15.66713857  2432
STARLINK-30139          
1 56829U 23079G   23167.58334491  .00435493  79812-4  13243-2 0  9991
2 56829  43.0040 140.5013 0003223 261.3778 154.9984 15.91222243  2385
STARLINK-30134          
1 56830U 23079H   23167.39274721  .00346119  00000+0  11303-2 0  9990
2 56830  43.0046 141.7940 0003413 284.4551  75.5945 15.88959500  2688
STARLINK-30128          
1 56832U 23079K   23167.58334491  .00370902  00000+0  12869-2 0  9999
2 56832  43.0038 140.7144 0003392 231.5366 100.7459 15.87684838  1306
STARLINK-30131          
1 56833U 23079L   23167.91667824 -.00593656  00000+0 -41066-2 0  9992
2 56833  43.0049 139.0965 0001503 250.1731  13.5707 15.75224645  2431
STARLINK-30069          
1 56834U 23079M   23167.91667824 -.01644123  00000+0 -17139-1 0  9993
2 56834  43.0006 139.4438 0001267 276.2965 207.5139 15.66773074  2438
STARLINK-30144          
1 56835U 23079N   23167.91667824 -.01644441  00000+0 -17132-1 0  9990
2 56835  43.0005 139.4438 0001151 275.4571 208.6619 15.66789572  2439
STARLINK-30142          
1 56836U 23079P   23167.91667824 -.01636851  00000+0 -17033-1 0  9997
2 56836  43.0007 139.4433 0001677 284.5625 199.9063 15.66797740  2432
STARLINK-30133          
1 56837U 23079Q   23167.91667824 -.01640522  00000+0 -17059-1 0  9996
2 56837  43.0004 139.4408 0000693 256.2377 228.8587 15.66832357  2436
STARLINK-30123          
1 56838U 23079R   23167.83334491  .00297148  00000+0  18472-2 0  9999
2 56838  43.0039 139.8657 0000716 216.0755 188.4026 15.75321754  2416
STARLINK-30076          
1 56839U 23079S   23167.83334491 -.02065724  00000+0 -21238-1 0  9990
2 56839  43.0010 139.9381 0000960 240.9509 134.0506 15.67333853  2419
STARLINK-30073          
1 56840U 23079T   23167.62759821 -.00015732  00000+0 -89107-4 0  9991
2 56840  43.0065 141.0073 0002745 276.7847  83.2711 15.77497985  2385
STARLINK-30078          
1 56841U 23079U   23167.58334491 -.01643321  00000+0 -16242-1 0  9998
2 56841  43.0017 141.4380 0001972 269.1576 133.7248 15.68056810  1309
STARLINK-30135          
1 56842U 23079V   23167.58334491 -.00641027  00000+0 -46141-2 0  9991
2 56842  43.0039 141.1511 0001390 233.0952 285.0811 15.74447833  1302
STARLINK-30137          
1 56843U 23079W   23167.83334491 -.00563612  00000+0 -40786-2 0  9992
2 56843  43.0030 139.6353 0001560 236.8004 260.2489 15.74112995  2426
STARLINK-30136          
1 56844U 23079X   23167.83334491 -.00260421  00000+0 -18263-2 0  9990
2 56844  43.0028 139.6339 0002839 233.9671 263.3615 15.73987346  2420
DRAGON CRS-28           
1 56845U 23080A   23167.49074611 -.00152675  00000+0 -27135-2 0  9999
2 56845  51.6394 331.9694 0004893  61.3577  36.0003 15.50048895401682
SZ-15 MODULE            
1 56873U 22162C   23167.66370512  .00030580  00000+0  38544-3 0  9993
2 56873  41.4838 159.2081 0005365  36.9834 323.1373 15.58931918  1910
LONGJIANG 3             
1 56874U 23082A   23167.63035214  .00016479  00000+0  68597-3 0  9992
2 56874  49.1318 228.4056 0006776 297.0903  62.9349 15.23773107  1146
