STARLINK-4091           
1 52830U 22062A   22193.91667824  .00030253  00000+0  21890-3 0  9995
2 52830  53.2155 279.2257 0002321  27.8812 105.4650 15.73230626  1301
STARLINK-4089           
1 52831U 22062B   22193.91667824 -.00077851  00000+0 -55306-3 0  9992
2 52831  53.2156 279.2300 0002478  19.6450 111.9008 15.73294301  1301
STARLINK-4083           
1 52832U 22062C   22193.91667824  .00019436  00000+0  14237-3 0  9994
2 52832  53.2154 279.2280 0002312  18.2222 113.9446 15.73233403  1300
STARLINK-4086           
1 52833U 22062D   22193.91667824 -.00074144  00000+0 -52630-3 0  9993
2 52833  53.2160 279.2296 0002437  18.5155 114.2279 15.73293655  1304
STARLINK-4108           
1 52834U 22062E   22193.91667824 -.00060572  00000+0 -42857-3 0  9994
2 52834  53.2154 279.2235 0002372  17.5997 116.3349 15.73287968  1303
STARLINK-4080           
1 52835U 22062F   22193.91667824 -.00087675  00000+0 -62365-3 0  9994
2 52835  53.2159 279.2257 0002362  16.7203 117.8049 15.73312916  1308
STARLINK-4043           
1 52836U 22062G   22193.91667824 -.00050585  00000+0 -35699-3 0  9995
2 52836  53.2154 279.2220 0002509  24.5380 110.6105 15.73271911  1303
STARLINK-4036           
1 52837U 22062H   22193.91667824 -.00075625  00000+0 -53693-3 0  9992
2 52837  53.2154 279.2186 0002445  22.9539 113.9586 15.73296503  1305
STARLINK-4092           
1 52838U 22062J   22193.91667824 -.00052850  00000+0 -37321-3 0  9998
2 52838  53.2155 279.2217 0002543  22.0658 113.6927 15.73275609  1304
STARLINK-4048           
1 52839U 22062K   22193.91667824 -.00092634  00000+0 -66010-3 0  9990
2 52839  53.2156 279.2172 0002357  19.3138 118.8427 15.73293967  1300
STARLINK-4049           
1 52840U 22062L   22193.91667824 -.00074726  00000+0 -53375-3 0  9994
2 52840  53.2168 279.2173 0002457   6.6768 130.8260 15.73151680  1309
STARLINK-4065           
1 52841U 22062M   22193.91667824 -.00051992  00000+0 -36717-3 0  9996
2 52841  53.2161 279.2152 0002229  29.5803 110.3531 15.73269048  1303
STARLINK-4046           
1 52842U 22062N   22193.91667824 -.00035348  00000+0 -24777-3 0  9997
2 52842  53.2155 279.2204 0002433  23.1480 113.2087 15.73262788  1305
STARLINK-4188           
1 52843U 22062P   22193.91667824 -.00095260  00000+0 -67871-3 0  9999
2 52843  53.2159 279.2125 0002220  27.3665 113.7118 15.73309575  1303
STARLINK-4208           
1 52844U 22062Q   22193.91667824  .00026428  00000+0  19180-3 0  9998
2 52844  53.2155 279.2152 0002449  19.0610 119.6611 15.73238668  1308
STARLINK-4168           
1 52845U 22062R   22193.91667824  .00027120  00000+0  19676-3 0  9999
2 52845  53.2152 279.2078 0002040  18.0549 123.6736 15.73230687  1306
STARLINK-4212           
1 52846U 22062S   22193.91667824 -.00050856  00000+0 -35896-3 0  9996
2 52846  53.2156 279.2124 0002383  16.1565 124.3670 15.73270787  1300
STARLINK-4206           
1 52847U 22062T   22193.91667824  .00085514  00000+0  60870-3 0  9994
2 52847  53.2173 279.2066 0002438  16.4518 126.3106 15.73152854  1307
STARLINK-4202           
1 52848U 22062U   22193.91667824  .00020343  00000+0  14885-3 0  9999
2 52848  53.2154 279.2136 0002362  23.0875 116.2643 15.73224559  1307
STARLINK-4197           
1 52849U 22062V   22193.91667824  .00017317  00000+0  12732-3 0  9996
2 52849  53.2155 279.2049 0002494  24.6414 119.4494 15.73242117  1303
STARLINK-4187           
1 52850U 22062W   22193.91667824 -.00075612  00000+0 -53700-3 0  9992
2 52850  53.2157 279.2091 0002447  23.6846 118.6541 15.73289351  1305
STARLINK-3809           
1 52851U 22062X   22193.91667824  .00023871  00000+0  17396-3 0  9992
2 52851  53.2154 279.2038 0002690  23.1694 121.3278 15.73205646  1303
STARLINK-4184           
1 52852U 22062Y   22193.91667824 -.00081807  00000+0 -58166-3 0  9998
2 52852  53.2155 279.2060 0002430  19.7728 123.7254 15.73294614  1304
STARLINK-4189           
1 52853U 22062Z   22193.91667824  .00018246  00000+0  13393-3 0  9997
2 52853  53.2159 279.2031 0002326  17.4504 128.4540 15.73235864  1300
STARLINK-4204           
1 52854U 22062AA  22193.91667824  .00031668  00000+0  22908-3 0  9993
2 52854  53.2155 279.2023 0002394  21.2449 124.0617 15.73211162  1306
STARLINK-4209           
1 52855U 22062AB  22193.91667824 -.00092328  00000+0 -65748-3 0  9995
2 52855  53.2161 279.2003 0002375  26.8940 120.7539 15.73308102  1305
STARLINK-4201           
1 52856U 22062AC  22193.91667824  .00000835  00000+0  10358-4 0  9994
2 52856  53.2156 279.1998 0002353  19.4197 127.0817 15.73254829  1305
STARLINK-4199           
1 52857U 22062AD  22193.91667824 -.00056230  00000+0 -39759-3 0  9992
2 52857  53.2156 279.1963 0002410  17.7409 131.1303 15.73272356  1300
STARLINK-4198           
1 52858U 22062AE  22193.91667824 -.00007140  00000+0 -46467-4 0  9994
2 52858  53.2173 279.1988 0001918  23.4555 123.4535 15.73208829  1300
STARLINK-4196           
1 52859U 22062AF  22193.91667824  .00020956  00000+0  15317-3 0  9992
2 52859  53.2159 279.1967 0002422  13.3824 136.0928 15.73227432  1307
STARLINK-4191           
1 52860U 22062AG  22193.91667824 -.00018090  00000+0 -12436-3 0  9991
2 52860  53.2158 279.1977 0002524  18.5792 129.6953 15.73265773  1309
STARLINK-4112           
1 52861U 22062AH  22193.91667824  .00004386  00000+0  35685-4 0  9995
2 52861  53.2153 279.1877 0002178  28.2055 124.4609 15.73180087  1304
STARLINK-4010           
1 52862U 22062AJ  22193.91667824 -.00090067  00000+0 -64146-3 0  9992
2 52862  53.2150 279.1910 0002346  19.6895 130.3810 15.73294976  1306
STARLINK-4270           
1 52863U 22062AK  22193.91667824 -.00078657  00000+0 -55890-3 0  9990
2 52863  53.2156 279.1918 0002372  20.6070 130.6368 15.73294168  1301
STARLINK-4267           
1 52864U 22062AL  22193.91667824 -.00048442  00000+0 -34173-3 0  9991
2 52864  53.2160 279.1942 0002519  24.0439 126.6421 15.73262137  1300
STARLINK-4274           
1 52865U 22062AM  22193.91667824  .00024667  00000+0  17935-3 0  9990
2 52865  53.2152 279.1857 0002370  21.0358 132.5822 15.73238884  1302
STARLINK-4272           
1 52866U 22062AN  22193.91667824 -.00047881  00000+0 -33763-3 0  9993
2 52866  53.2154 279.1899 0002159  22.0107 129.8279 15.73268542  1308
STARLINK-4126           
1 52867U 22062AP  22193.91667824 -.00021733  00000+0 -15036-3 0  9995
2 52867  53.2155 279.1842 0002281  17.3902 137.4398 15.73267482  1303
STARLINK-4261           
1 52868U 22062AQ  22193.91667824  .00027222  00000+0  19751-3 0  9991
2 52868  53.2150 279.1856 0002227  21.1877 131.8648 15.73227017  1304
STARLINK-4266           
1 52869U 22062AR  22193.91667824 -.00076631  00000+0 -54436-3 0  9991
2 52869  53.2159 279.1850 0002454  20.4851 134.9347 15.73289405  1303
STARLINK-4195           
1 52870U 22062AS  22193.91667824 -.00020529  00000+0 -14169-3 0  9997
2 52870  53.2154 279.1847 0002350  17.4749 136.7231 15.73278867  1305
STARLINK-4207           
1 52871U 22062AT  22193.91667824 -.00014751  00000+0 -10056-3 0  9999
2 52871  53.2151 279.1784 0002357  26.0488 131.1823 15.73263470  1306
STARLINK-4213           
1 52872U 22062AU  22193.91667824 -.00063254  00000+0 -44704-3 0  9999
2 52872  53.2151 279.1809 0002247  25.7872 129.9940 15.73332403  1304
STARLINK-4211           
1 52873U 22062AV  22193.91667824 -.00087365  00000+0 -62144-3 0  9997
2 52873  53.2153 279.1773 0002599  21.0968 137.3016 15.73310417  1300
STARLINK-4210           
1 52874U 22062AW  22193.91667824 -.00085582  00000+0 -60865-3 0  9995
2 52874  53.2152 279.1796 0002507  25.1168 131.4907 15.73306704  1309
STARLINK-4193           
1 52875U 22062AX  22193.91667824 -.00078900  00000+0 -56049-3 0  9991
2 52875  53.2153 279.1757 0002432  17.5351 141.4465 15.73300659  1307
STARLINK-4200           
1 52876U 22062AY  22193.91667824  .00030988  00000+0  22412-3 0  9991
2 52876  53.2153 279.1777 0002286  15.7488 142.0649 15.73227670  1300
STARLINK-4214           
1 52877U 22062AZ  22193.91667824 -.00019160  00000+0 -13204-3 0  9992
2 52877  53.2154 279.1734 0002267  28.6758 131.5286 15.73259055  1309
STARLINK-4171           
1 52878U 22062BA  22193.91667824 -.00051821  00000+0 -36568-3 0  9991
2 52878  53.2152 279.1744 0002474  24.8196 134.7549 15.73284134  1306
STARLINK-4139           
1 52879U 22062BB  22193.91667824  .00000701  00000+0  94056-5 0  9999
2 52879  53.2153 279.1701 0002307  19.7759 142.2356 15.73248593  1303
STARLINK-4186           
1 52880U 22062BC  22193.91667824 -.00228010  00000+0 -16633-2 0  9990
2 52880  53.2163 279.1701 0002317  16.0541 145.3150 15.73212830  1307
STARLINK-4192           
1 52881U 22062BD  22193.91667824 -.00083443  00000+0 -59338-3 0  9990
2 52881  53.2156 279.1735 0002405  23.7350 137.0264 15.73299089  1303
STARLINK-4181           
1 52882U 22062BE  22193.91667824  .00023553  00000+0  17155-3 0  9996
2 52882  53.2156 279.1703 0002374  19.4011 143.1931 15.73228454  1307
SARAH-1                 
1 52887U 22063A   22174.76914807  .00057931  00000+0  16917-1 0  9990
2 52887  98.3930 181.8659 0001741 114.3380 245.7128 14.43706701  1277
GLOBALSTAR FM15         
1 52888U 22064A   22193.56368994 -.00000128  00000+0  00000+0 0  9992
2 52888  51.9749 148.7587 0009740  14.9056 345.2134 13.37539449  3095
PVSAT                   
1 52894U 22065A   22193.82460109  .00000213  00000+0  56541-4 0  9990
2 52894  98.0228 344.3500 0010043 164.2152 195.9363 14.57449703  3134
KSLV-II DUMMY           
1 52895U 22065B   22193.88390788  .00000018  00000+0  13493-4 0  9994
2 52895  98.0239 344.4307 0008246 180.2306 179.8892 14.58137105  3155
KSLV-II R/B             
1 52896U 22065C   22193.68274055  .00000062  00000+0  21449-4 0  9990
2 52896  98.0731 344.5060 0010255   2.5965 357.5289 14.62526338  3127
STEP CUBE LAB-II        
1 52897U 22065D   22193.88600124  .00000533  00000+0  12494-3 0  9995
2 52897  98.0216 344.4254 0009030 185.5170 174.5934 14.58259753  1973
RANDEV                  
1 52898U 22065E   22194.09229306  .00000404  00000+0  96937-4 0  9991
2 52898  98.0211 344.6227 0008326 186.2559 173.8533 14.58327517  1721
SNUGLITE-II             
1 52899U 22065F   22193.81881860  .00000475  00000+0  11205-3 0  9992
2 52899  98.0215 344.3572 0007724 187.6712 172.4376 14.58349449  1394
MIMAN                   
1 52900U 22065G   22194.09534878  .00000286  00000+0  71611-4 0  9998
2 52900  98.0210 344.6197 0007914 180.0636 180.0557 14.58177658  1040
TIANXING-1              
1 52901U 22066A   22194.08349285  .00183702  15124-4  42213-3 0  9993
2 52901  96.7485 238.6574 0012479 241.9949 203.6346 15.97175345  3345
CMS-02 (GSAT 24)        
1 52903U 22067A   22193.70877802 -.00000258  00000+0  00000+0 0  9996
2 52903   0.0721 262.1235 0008597 196.2357 180.8471  1.00273812   232
MEASAT 3D               
1 52904U 22067B   22193.84146501 -.00000242  00000+0  00000+0 0  9990
2 52904   0.0703 281.4896 0001122 145.1570 258.4976  1.00271074   260
ARIANE 5 DEB [SYLDA]    
1 52905U 22067C   22193.33632334  .00021330  00000+0  75769-2 0  9996
2 52905   6.0769  57.6347 7271186 193.9073 122.5931  2.28732760   445
ARIANE 5 R/B            
1 52906U 22067D   22193.74192332  .00003905  00000+0  10368-2 0  9993
2 52906   6.2381  55.5278 7277124 196.0397 114.7647  2.28722471   466
YAOGAN-35 D             
1 52907U 22068A   22193.63536535  .00014946  00000+0  61422-3 0  9995
2 52907  34.9937 159.3369 0006146  81.5077  90.4574 15.23338057  2975
YAOGAN-35 E             
1 52908U 22068B   22193.93873568  .00005965  00000+0  24809-3 0  9998
2 52908  34.9955 157.3887 0008381 128.9656 284.2830 15.23090987  2998
YAOGAN-35 F             
1 52909U 22068C   22193.63483272  .00006567  00000+0  27398-3 0  9990
2 52909  34.9960 159.3445 0007254  76.9192  90.0336 15.22968825  2989
CZ-2D R/B               
1 52910U 22068D   22193.59461613  .00033000  00000+0  12876-2 0  9998
2 52910  34.9932 159.4538 0007398  88.8495 271.3068 15.24937714  2948
CZ-2D DEB               
1 52911U 22068E   22193.59171571  .00014966  00000+0  58468-3 0  9998
2 52911  34.9984 159.4324 0007978  89.8014 270.3649 15.25020054  2946
GAOFEN 12-3             
1 52912U 22069A   22193.89928979  .00000598  00000+0  85543-4 0  9996
2 52912  97.9847  81.4988 0001326 102.9512 257.1846 14.80233472  2262
CZ-4C R/B               
1 52913U 22069B   22193.77098903  .00003317  00000+0  21119-3 0  9999
2 52913  97.9712  81.9592 0073194 355.2275   4.8245 15.07324769  2272
CAPSTONE                
1 52914U 22070A   22184.14236111 -.00000375  00000+0  00000+0 0  9992
2 52914  39.0806 321.8334 8405410 344.4990 285.0037  1.02266752   396
LUNAR PHOTON            
1 52916U 22070C   22184.14236111 -.00000375  00000+0  00000+0 0  9994
2 52916  39.0806 321.8334 8405410 344.4990 285.0037  1.02266752   398
NACHOS-1                
1 52917U 22015D   22193.03379359  .00029638  00000+0  44218-3 0  9999
2 52917  51.6416 213.0825 0008290   4.6068 355.4998 15.54776741  2061
SES-22                  
1 52933U 22071A   22193.73363013  .00000115  00000+0  00000+0 0  9992
2 52933   0.0488 263.0118 0000247 285.9951 223.6809  1.00271134   152
FALCON 9 R/B            
1 52934U 22071B   22192.87849798  .00001306  00000+0  10632-2 0  9994
2 52934  16.5828  62.1719 7251735 187.7060 147.1689  2.28765454   267
DS-EO                   
1 52935U 22072A   22193.80811423  .00002778  00000+0  16273-3 0  9996
2 52935   9.9964 346.5901 0006120 134.9026 225.1685 14.99661241  1828
2022-072B               
1 52936U 22072B   22193.80593908  .00006552  00000+0  45589-3 0  9998
2 52936   9.9915 346.6112 0007467 129.8118 230.2941 14.99974011  1835
2022-072C               
1 52937U 22072C   22193.93626563  .00004141  00000+0  26529-3 0  9992
2 52937   9.9903 345.6094 0008116 142.4013 217.6800 15.00266732  1872
2022-072D               
1 52938U 22072D   22192.30269676  .00006145  00000+0  35026-3 0  9999
2 52938   9.8997 356.9344 0024239 340.8938  48.0736 15.06440298  1637
2022-072E               
1 52939U 22072E   22193.84422379  .00003177  00000+0  16923-3 0  9998
2 52939   9.9535 345.7861 0035543 130.2011 230.1328 15.03393086  1865
RECURVE                 
1 52944U 22074A   22193.82263850  .00009753  00000+0  41479-3 0  9991
2 52944  44.9953  60.6000 0003716 300.1118  59.9394 15.23307104  1605
2022-074B               
1 52945U 22074B   22193.88742051  .00006381  00000+0  27470-3 0  9992
2 52945  44.9944  60.2222 0003980 312.0640  47.9903 15.23414462  1613
2022-074C               
1 52946U 22074C   22193.74538854  .00008778  00000+0  25682-3 0  9997
2 52946  44.9949  60.0121 0047579 269.4667  90.0774 15.34592789  1606
SLINGSHOT 1             
1 52947U 22074D   22193.81847058  .00010676  00000+0  44473-3 0  9994
2 52947  44.9855  60.5673 0004570 267.7397  92.2961 15.23920359  1603
2022-074E               
1 52948U 22074E   22193.88076836  .00005651  00000+0  23791-3 0  9997
2 52948  44.9865  60.1749 0005599 261.2714  98.7535 15.24365989  1611
2022-074F               
1 52949U 22074F   22193.82074090  .00011645  00000+0  48818-3 0  9999
2 52949  44.9926  60.5696 0004788 304.5180  55.5451 15.23625797  1604
CTIM                    
1 52950U 22074G   22193.82098085  .00011905  00000+0  49933-3 0  9999
2 52950  45.0017  60.5736 0004058 300.4071  59.6635 15.23592732  1609
2022-074H               
1 52951U 22074H   22193.75556782  .00012068  00000+0  50629-3 0  9990
2 52951  44.9872  60.9264 0003915 307.2719  52.7816 15.23571646  1596
DUMMY CUBESAT           
1 52983U 22065H   22193.95982049  .00000064  00000+0  23508-4 0  9996
2 52983  98.0210 344.4851 0007911 172.8500 187.2817 14.57985592   839
COSMOS 2557 [GLONASS-K] 
1 52984U 22075A   22193.67602225 -.00000054  00000+0  10000-3 0  9994
2 52984  64.8139   4.6346 0013860  14.1270  25.7284  2.12515212   118
FREGAT R/B              
1 52985U 22075B   22193.72148462 -.00000055  00000+0  00000+0 0  9995
2 52985  64.8372   4.6571 0078920 121.0275 239.7695  2.08817288   115
STARLINK A              
1 52986U 22076A   22193.66667824 -.01188864  40253-3 -41549-2 0  9999
2 52986  53.2174 354.5940 0031363  54.5186 168.3452 15.87788818  1303
STARLINK B              
1 52987U 22076B   22193.66667824 -.01188730  40234-3 -41601-2 0  9990
2 52987  53.2175 354.5960 0031413  54.4307 167.9241 15.87759102  1302
STARLINK C              
1 52988U 22076C   22193.66667824 -.01148038  37778-3 -40113-2 0  9994
2 52988  53.2180 354.5930 0031198  56.6286 166.7282 15.87795075  1307
STARLINK D              
1 52989U 22076D   22193.66667824 -.01145302  37597-3 -40090-2 0  9999
2 52989  53.2180 354.5951 0031416  56.7373 165.9033 15.87746987  1305
STARLINK E              
1 52990U 22076E   22193.66667824 -.01148336  37790-3 -40225-2 0  9996
2 52990  53.2180 354.5936 0030544  56.5619 166.5576 15.87779722  1304
STARLINK F              
1 52991U 22076F   22193.66667824 -.01189188  40290-3 -41456-2 0  9993
2 52991  53.2174 354.5936 0031430  54.6545 168.9350 15.87835016  1305
STARLINK H              
1 52993U 22076H   22193.66667824 -.01189392  40314-3 -41381-2 0  9996
2 52993  53.2174 354.5927 0031584  54.5195 169.5481 15.87865948  1306
STARLINK J              
1 52994U 22076J   22193.66667824 -.01189289  40314-3 -41275-2 0  9994
2 52994  53.2174 354.5916 0032189  54.7123 169.5833 15.87881779  1301
STARLINK L              
1 52996U 22076L   22193.66667824 -.01107219  35390-3 -38472-2 0  9992
2 52996  53.2180 354.5910 0032119  56.8147 167.7426 15.87847946  1302
STARLINK M              
1 52997U 22076M   22193.66667824 -.01189744  40376-3 -41011-2 0  9999
2 52997  53.2174 354.5894 0032943  54.8891 170.8448 15.87973915  1301
STARLINK N              
1 52998U 22076N   22193.66667824 -.01189521  40345-3 -41131-2 0  9992
2 52998  53.2174 354.5904 0032671  54.8490 170.1674 15.87927852  1300
STARLINK P              
1 52999U 22076P   22193.66667824 -.01190186  40415-3 -41016-2 0  9992
2 52999  53.2174 354.5886 0032481  54.5487 171.6594 15.88004872  1308
STARLINK S              
1 53002U 22076S   22193.66667824 -.01189695  40367-3 -41022-2 0  9994
2 53002  53.2174 354.5897 0033098  54.7546 170.7306 15.87959010  1302
STARLINK T              
1 53003U 22076T   22193.66667824 -.01190515  40453-3 -40944-2 0  9996
2 53003  53.2174 354.5874 0032360  54.5241 172.3767 15.88051770  1305
STARLINK U              
1 53004U 22076U   22193.66667824 -.01190089  40403-3 -41065-2 0  9993
2 53004  53.2174 354.5888 0032295  54.5478 171.4093 15.87990044  1307
STARLINK V              
1 53005U 22076V   22193.66667824 -.01130429  36811-3 -39030-2 0  9993
2 53005  53.2180 354.5867 0031136  56.5561 170.6008 15.88030889  1300
STARLINK W              
1 53006U 22076W   22193.66667824 -.01190302  40434-3 -40979-2 0  9990
2 53006  53.2174 354.5875 0032271  54.8934 171.7715 15.88036314  1305
STARLINK X              
1 53007U 22076X   22193.66667824 -.01191178  40517-3 -40712-2 0  9990
2 53007  53.2174 354.5857 0033447  54.8450 172.9980 15.88113274  1303
STARLINK Y              
1 53008U 22076Y   22193.66667824 -.01191138  40503-3 -40866-2 0  9992
2 53008  53.2174 354.5861 0032664  54.7820 172.5862 15.88082772  1302
STARLINK Z              
1 53009U 22076Z   22193.66667824 -.01191546  40557-3 -40668-2 0  9995
2 53009  53.2174 354.5842 0033101  54.8161 173.7055 15.88160481  1309
STARLINK AA             
1 53010U 22076AA  22193.66667824 -.01191313  40519-3 -40855-2 0  9995
2 53010  53.2174 354.5857 0032533  54.5106 173.0891 15.88098349  1305
STARLINK AB             
1 53011U 22076AB  22193.66667824 -.01191830  40580-3 -40715-2 0  9993
2 53011  53.2174 354.5839 0032517  54.4569 174.3089 15.88175486  1301
STARLINK AC             
1 53012U 22076AC  22193.66667824 -.01191189  40523-3 -40687-2 0  9996
2 53012  53.2174 354.5848 0033396  54.9044 173.1762 15.88128471  1308
STARLINK AD             
1 53013U 22076AD  22193.66667824 -.01211660  41839-3 -41394-2 0  9991
2 53013  53.2180 354.5822 0031515  56.7363 172.7385 15.88233487  1303
STARLINK AE             
1 53014U 22076AE  22193.66667824 -.01137914  37283-3 -39047-2 0  9991
2 53014  53.2181 354.5843 0031912  56.9471 171.3936 15.88111701  1302
STARLINK AH             
1 53017U 22076AH  22193.66667824 -.01192329  40646-3 -40502-2 0  9990
2 53017  53.2174 354.5812 0032864  54.5293 175.6369 15.88267438  1302
STARLINK AJ             
1 53018U 22076AJ  22193.66667824 -.01191872  40594-3 -40618-2 0  9993
2 53018  53.2174 354.5826 0032826  54.7414 174.5006 15.88205732  1308
STARLINK AK             
1 53019U 22076AK  22193.66667824 -.01192455  40665-3 -40436-2 0  9999
2 53019  53.2174 354.5803 0032929  54.6955 175.9383 15.88297900  1308
STARLINK AL             
1 53020U 22076AL  22193.66667824 -.01176404  39649-3 -40217-2 0  9994
2 53020  53.2180 354.5814 0031271  56.5058 173.2122 15.88227114  1305
STARLINK AM             
1 53021U 22076AM  22193.66667824 -.01192638  40688-3 -40378-2 0  9995
2 53021  53.2174 354.5794 0032933  54.7054 176.3822 15.88328908  1302
STARLINK AN             
1 53022U 22076AN  22193.66667824 -.01192502  40662-3 -40517-2 0  9993
2 53022  53.2174 354.5803 0032516  54.4922 175.9095 15.88282645  1306
STARLINK AP             
1 53023U 22076AP  22193.66667824 -.01192902  40716-3 -40338-2 0  9999
2 53023  53.2174 354.5785 0032831  54.5585 177.0150 15.88358553  1309
STARLINK AQ             
1 53024U 22076AQ  22193.66667824 -.01183774  40144-3 -40123-2 0  9994
2 53024  53.2180 354.5783 0032343  56.6022 174.7283 15.88338498  1309
STARLINK AR             
1 53025U 22076AR  22193.66667824 -.01192676  40714-3 -40189-2 0  9991
2 53025  53.2174 354.5778 0033468  54.6551 177.3290 15.88390980  1302
STARLINK AS             
1 53026U 22076AS  22193.66667824 -.01192532  40676-3 -40389-2 0  9992
2 53026  53.2174 354.5795 0033081  54.6682 176.1932 15.88313368  1303
STARLINK AT             
1 53027U 22076AT  22193.66667824 -.01193106  40758-3 -40074-2 0  9993
2 53027  53.2174 354.5764 0033784  54.8074 177.8902 15.88435965  1300
STARLINK AU             
1 53028U 22076AU  22193.66667824 -.01192810  40716-3 -40203-2 0  9993
2 53028  53.2174 354.5777 0033665  54.7799 176.9953 15.88374973  1303
STARLINK AV             
1 53029U 22076AV  22193.66667824 -.01193333  40777-3 -40114-2 0  9993
2 53029  53.2174 354.5760 0033250  54.6832 178.2493 15.88451070  1301
STARLINK AW             
1 53030U 22076AW  22193.66667824 -.01192925  40735-3 -40136-2 0  9999
2 53030  53.2174 354.5769 0033731  54.8394 177.3904 15.88405758  1300
STARLINK AX             
1 53031U 22076AX  22193.66667824 -.01193611  40812-3 -40034-2 0  9996
2 53031  53.2174 354.5747 0033206  54.5800 179.0279 15.88497329  1302
STARLINK AZ             
1 53033U 22076AZ  22193.66667824 -.01193523  40801-3 -40059-2 0  9995
2 53033  53.2174 354.5752 0033240  54.5654 178.8229 15.88481683  1303
STARLINK BA             
1 53034U 22076BA  22193.75001157 -.01169982  39271-3 -39876-2 0  9993
2 53034  53.2176 354.1537 0031625  56.1537 293.7689 15.88266669  1308
STARLINK BB             
1 53035U 22076BB  22193.75001157 -.01169486  39257-3 -39746-2 0  9993
2 53035  53.2176 354.1530 0031842  56.3070 294.3495 15.88310609  1303
STARLINK BC             
1 53036U 22076BC  22193.75001157 -.01168626  39210-3 -39675-2 0  9999
2 53036  53.2176 354.1518 0031924  56.1932 294.6643 15.88326645  1301
STARLINK BD             
1 53037U 22076BD  22193.75001157 -.01168498  39208-3 -39647-2 0  9993
2 53037  53.2176 354.1520 0031875  56.1943 294.9137 15.88341039  1307
STARLINK BE             
1 53038U 22076BE  22193.75001157 -.01166983  39120-3 -39573-2 0  9992
2 53038  53.2176 354.1509 0031838  56.2775 295.0945 15.88354043  1306
FALCON 9 DEB            
1 53039U 22076BF  22193.86282188  .00647723  20153-3  87145-3 0  9998
2 53039  53.2230 353.4154 0071336  62.3381 298.4868 16.00797636   869
FALCON 9 DEB            
1 53040U 22076BG  22193.73646998  .00660679  21106-3  89415-3 0  9995
2 53040  53.2219 354.0457 0067451  63.5581 297.2351 16.01208785   844
FALCON 9 DEB            
1 53041U 22076BH  22193.73301378  .00692090  23622-3  88172-3 0  9992
2 53041  53.2209 354.0176 0065387  59.0177 301.7258 16.02381785   849
2022-078A               
1 53100U 22078A   22194.00000000  .00000083 -37014-6  00000+0 0  9998
2 53100  27.1680 175.3190 7305428 174.6120 243.6280  2.27926640    04
2022-078B               
1 53101U 22078B   22193.99793287  .00005255 -36349-6  10000-3 0  9993
2 53101  27.1165 175.7425 7250888 173.6249 251.4486  2.36751933    04
