CENTISPACE-1 S3         
1 53757U 22108A   22278.89528336  .00000258  00000+0  95213-4 0  9993
2 53757  53.5319 224.0332 0009984   5.6264 354.4846 14.58226692  4344
CENTISPACE-1 S4         
1 53758U 22108B   22278.83727619  .00000589  00000+0  16793-3 0  9995
2 53758  53.5291 224.3653 0009564 350.6582   9.4243 14.57734200  4338
KZ-1A R/B               
1 53759U 22108C   22278.97889964  .00784076  10197-4  97036-3 0  9995
2 53759  53.5576 206.5071 0300326 169.0855 191.6878 15.57394581  4609
YAOGAN-35 05A           
1 53760U 22109A   22278.93373459 -.00000215  00000+0 -73382-5 0  9996
2 53760  34.9980 198.3660 0006779 181.4222 263.0018 15.23164529  4549
YAOGAN-35 05B           
1 53761U 22109B   22278.28430944  .00031086  00000+0  12850-2 0  9996
2 53761  34.9960 202.3856 0008489 210.6751 287.6305 15.23008621  4409
CZ-2D DEB               
1 53762U 22109C   22278.54066205  .00026971  00000+0  10617-2 0  9997
2 53762  34.9958 200.5908 0008860 189.3336 347.5136 15.24666313  4440
YAOGAN-35 05C           
1 53763U 22109D   22278.93347942  .00013143  00000+0  54421-3 0  9990
2 53763  34.9964 198.3561 0007335 210.1663 234.1910 15.23095902  4506
CZ-2D R/B               
1 53764U 22109E   22278.11844692  .00045469  00000+0  17623-2 0  9993
2 53764  34.9931 203.2476 0008153 183.4477 192.5425 15.25087043  4389
EUTELSAT KONNECT VHTS   
1 53765U 22110A   22277.50000000 -.00000170  00000+0  00000+0 0  9994
2 53765   2.5630 141.1820 7608823 182.5760 108.0550  1.03266932   308
ARIANE 5 R/B            
1 53766U 22110B   22278.21009653  .00000321  00000+0  97436-3 0  9997
2 53766   3.3601 144.8313 8150340 180.8480 175.7871  1.26394831   357
1998-067UE              
1 53767U 98067UE  22278.84961722  .00053190  00000+0  84196-3 0  9996
2 53767  51.6411 147.9717 0002706   6.7517 353.3509 15.52899422  4587
BEAVERCUBE              
1 53768U 98067UF  22278.85223005  .00051444  00000+0  81944-3 0  9991
2 53768  51.6408 147.9870 0000522 353.5972   6.5011 15.52741785  4590
CLICK-A                 
1 53769U 98067UG  22278.84606839  .00074737  00000+0  11464-2 0  9990
2 53769  51.6423 147.9505 0001266 321.8870  38.2031 15.53625273  4592
1998-067UH              
1 53770U 98067UH  22278.83696354  .00091156  00000+0  13536-2 0  9998
2 53770  51.6413 147.8861 0002049 323.5148  36.5703 15.54428214  4598
JAGSAT                  
1 53771U 98067UJ  22278.83460105  .00098926  00000+0  14530-2 0  9999
2 53771  51.6408 147.8701 0001973 322.3922  37.6930 15.54689506  4584
STARLINK-4718           
1 53773U 22111A   22278.91667824 -.01228288  00000+0 -11115-1 0  9998
2 53773  53.2173 144.1154 0001688 139.1197  83.5418 15.70035860  1300
STARLINK-4719           
1 53774U 22111B   22278.91667824 -.01084838  00000+0 -98891-2 0  9997
2 53774  53.2174 144.1137 0001733 139.6903  83.7050 15.69963986  1305
STARLINK-4722           
1 53775U 22111C   22278.91667824  .00073351  00000+0  52423-3 0  9995
2 53775  53.2145 144.0924 0001555 118.1658 114.1974 15.73121985  1302
STARLINK-4708           
1 53776U 22111D   22278.91667824  .00071383  00000+0  51000-3 0  9999
2 53776  53.2146 144.0958 0001582 116.8984 114.2910 15.73140363  1300
STARLINK-4664           
1 53777U 22111E   22278.91667824  .00077533  00000+0  55300-3 0  9990
2 53777  53.2150 144.0920 0001495 115.6194 117.9557 15.73147137  1301
STARLINK-4709           
1 53778U 22111F   22278.91667824 -.00041752  00000+0 -29470-3 0  9996
2 53778  53.2142 144.0943 0001174 128.9024 102.8526 15.73187765  1301
STARLINK-4706           
1 53779U 22111G   22278.91667824 -.00018207  00000+0 -12578-3 0  9997
2 53779  53.2149 144.0899 0001192 118.6983 115.4796 15.73164900  1304
STARLINK-4678           
1 53780U 22111H   22278.91667824  .00076559  00000+0  54551-3 0  9998
2 53780  53.2160 144.0950 0001658 130.8639 102.1063 15.73175400  1305
STARLINK-4462           
1 53781U 22111J   22278.91667824  .00070095  00000+0  50050-3 0  9998
2 53781  53.2162 144.0890 0001896 139.1154  96.8239 15.73161253  1304
STARLINK-4679           
1 53782U 22111K   22278.91667824 -.00030333  00000+0 -21241-3 0  9992
2 53782  53.2162 144.0911 0001562 139.3110  95.4515 15.73207002  1308
STARLINK-4536           
1 53783U 22111L   22278.91667824 -.00047538  00000+0 -33615-3 0  9996
2 53783  53.2164 144.0869 0001387 131.9473 105.1758 15.73203430  1307
STARLINK-4687           
1 53784U 22111M   22278.91667824 -.00031680  00000+0 -22220-3 0  9998
2 53784  53.2161 144.0896 0001581 141.9092  93.4665 15.73193883  1305
STARLINK-4638           
1 53785U 22111N   22278.91667824 -.00017334  00000+0 -71802-4 0  9990
2 53785  53.2030 142.5658 0006709 329.0626 278.4935 15.84226652  1307
STARLINK-4631           
1 53786U 22111P   22278.91667824  .00070804  00000+0  50530-3 0  9994
2 53786  53.2150 144.0851 0001498 130.6351 105.8716 15.73169749  1305
STARLINK-4743           
1 53787U 22111Q   22278.91667824  .00073489  00000+0  52428-3 0  9995
2 53787  53.2162 144.0806 0001870 141.4267  98.0660 15.73162654  1308
STARLINK-4744           
1 53788U 22111R   22278.91667824 -.00016211  00000+0 -66114-4 0  9996
2 53788  53.2029 142.5560 0006678 328.0628 284.3963 15.84478648  1307
STARLINK-4666           
1 53789U 22111S   22278.91667824  .00075325  00000+0  53722-3 0  9996
2 53789  53.2159 144.0781 0001219  72.9627 167.7697 15.73160434  1301
STARLINK-4734           
1 53790U 22111T   22278.91667824  .00072665  00000+0  51877-3 0  9991
2 53790  53.2157 144.0821 0001547 114.7833 124.1621 15.73150865  1305
STARLINK U              
1 53791U 22111U   22278.87076539  .00175867  00000+0  68833-3 0  9992
2 53791  53.2023 142.7648 0006792 325.7102  34.3485 15.85966261  3939
STARLINK-4739           
1 53792U 22111V   22278.91667824 -.00044723  00000+0 -31594-3 0  9993
2 53792  53.2159 144.0796 0001833 143.2501  96.8594 15.73197265  1306
STARLINK-4728           
1 53793U 22111W   22278.91667824 -.00034228  00000+0 -24059-3 0  9991
2 53793  53.2163 144.0765 0001228 104.3212 137.5722 15.73186756  1302
STARLINK-4730           
1 53794U 22111X   22278.91667824  .00071790  00000+0  51274-3 0  9994
2 53794  53.2154 144.0758 0001290 126.1269 115.2014 15.73146038  1304
STARLINK-4742           
1 53795U 22111Y   22278.91667824 -.00032533  00000+0 -22845-3 0  9991
2 53795  53.2159 144.0749 0001795 156.0327  86.4641 15.73180253  1309
STARLINK Z              
1 53796U 22111Z   22278.86939852  .00172931  00000+0  67309-3 0  9998
2 53796  53.2028 142.7563 0006392 324.0782  35.9813 15.86092784  4694
STARLINK-4723           
1 53797U 22111AA  22278.91667824 -.00036122  00000+0 -25421-3 0  9994
2 53797  53.2165 144.0731 0001197 101.6343 142.0387 15.73186245  1302
STARLINK-4712           
1 53798U 22111AB  22278.91667824 -.00042069  00000+0 -29704-3 0  9990
2 53798  53.2150 144.0717 0001310 109.6369 133.4874 15.73183202  1309
STARLINK-4710           
1 53799U 22111AC  22278.91667824  .00002886  00000+0  24987-4 0  9991
2 53799  53.2164 144.0707 0001039 110.7648 134.1260 15.73182615  1309
STARLINK-4720           
1 53800U 22111AD  22278.91667824 -.00032058  00000+0 -22501-3 0  9999
2 53800  53.2165 144.0718 0001163 105.4656 138.8062 15.73185656  1302
STARLINK-4715           
1 53801U 22111AE  22278.91667824  .00073414  00000+0  52400-3 0  9990
2 53801  53.2156 144.0670 0001196 103.4622 142.5898 15.73152327  1305
STARLINK-4726           
1 53802U 22111AF  22278.91667824  .00071321  00000+0  50978-3 0  9994
2 53802  53.2161 144.0685 0001318 102.2175 143.2892 15.73130682  1306
STARLINK-4727           
1 53803U 22111AG  22278.91667824  .00070530  00000+0  50365-3 0  9996
2 53803  53.2152 144.0632 0001362 103.1016 144.1789 15.73157322  1307
STARLINK-4729           
1 53804U 22111AH  22278.91667824  .00071173  00000+0  50804-3 0  9999
2 53804  53.2157 144.0653 0001214 114.9027 131.7506 15.73163075  1305
STARLINK-4763           
1 53805U 22111AJ  22278.91667824 -.00022848  00000+0 -15895-3 0  9998
2 53805  53.2157 144.0627 0001203 112.1218 135.7765 15.73180622  1305
STARLINK-4768           
1 53806U 22111AK  22278.91667824 -.00037813  00000+0 -26607-3 0  9990
2 53806  53.2170 144.0645 0001417 115.3074 133.1615 15.73212046  1305
BLUEWALKER-3            
1 53807U 22111AL  22278.86762517  .00003711  00000+0  19328-3 0  9990
2 53807  53.2026 154.2491 0013080   7.0907 353.0272 15.18395803  3787
FALCON 9 DEB            
1 53808U 22111AM  22278.88870275  .00522842  12004-3  14270-2 0  9996
2 53808  53.2014 142.1443 0008053 291.4609  68.5560 15.93514521  3949
FALCON 9 DEB            
1 53809U 22111AN  22278.84594374  .00261814  00000+0  87838-3 0  9995
2 53809  53.1998 142.5938 0006074 332.5828  27.4877 15.88876730  4981
FALCON 9 DEB            
1 53810U 22111AP  22278.83713566  .00243304  32524-4  82464-3 0  9997
2 53810  53.2004 142.5345 0008915 334.7581  25.3010 15.89438203  3930
FALCON 9 DEB            
1 53811U 22111AQ  22278.86785547  .00239096  00000+0  87389-3 0  9992
2 53811  53.1948 142.7327 0006492 294.6289  65.4061 15.87202317  3930
FALCON 9 DEB            
1 53812U 22111AR  22278.87007490  .00180810  00000+0  69893-3 0  9997
2 53812  53.1980 142.7506 0008179 311.4083  48.6239 15.86193025  3934
CHINASAT 1E (ZX 1E)     
1 53813U 22112A   22278.94175678 -.00000169  00000+0  00000+0 0  9991
2 53813   1.4690 280.2069 0002626 250.8122 263.9811  1.00269837   315
CZ-7A R/B               
1 53814U 22112B   22276.97350242  .00002252 -14488-4  00000+0 0  9990
2 53814  14.0195 201.0016 5933360 195.7077 123.8788  4.32494040   544
STRIX-1                 
1 53815U 22113A   22278.90276834  .00004770  00000+0  38837-3 0  9990
2 53815  97.6603 329.5172 0012193 231.7783 128.2409 14.99939733  3007
ELECTRON KICK STAGE R/B 
1 53817U 22113C   22278.43043782  .00005481  00000+0  44063-3 0  9992
2 53817  97.6581 329.0628 0012712 227.8984 132.1183 15.00357169  2935
STARLINK-4749           
1 53818U 22114A   22278.91667824 -.00033464  00000+0 -23510-3 0  9994
2 53818  53.2154 175.3029 0001298 119.1956  52.3931 15.73186636  1309
STARLINK-4738           
1 53819U 22114B   22278.91667824 -.00032989  00000+0 -23176-3 0  9994
2 53819  53.2151 175.2956 0000999  78.9760  95.5883 15.73179706  1302
STARLINK-4758           
1 53820U 22114C   22278.91667824 -.00111864  00000+0 -80024-3 0  9991
2 53820  53.2152 175.3018 0001267 114.1313  57.9699 15.73287394  1301
STARLINK-4752           
1 53821U 22114D   22278.91667824 -.00025133  00000+0 -17521-3 0  9997
2 53821  53.2153 175.2975 0001106 102.2024  71.7497 15.73198447  1303
STARLINK-4713           
1 53822U 22114E   22278.89554550  .00885573  11693-4  54153-3 0  9993
2 53822  53.2131 172.5301 0043634 107.1058 253.4978 16.15061824  3272
STARLINK-4748           
1 53823U 22114F   22278.91667824 -.01179114  00000+0 -52829-2 0  9998
2 53823  53.2171 173.9774 0002704 209.7947 248.3529 15.85834893  1302
STARLINK-4757           
1 53824U 22114G   22278.91667824  .00041465  00000+0  29924-3 0  9994
2 53824  53.2168 175.3002 0001492  83.2304  92.5392 15.73133934  1306
STARLINK-4751           
1 53825U 22114H   22278.91667824  .00004584  00000+0  37152-4 0  9999
2 53825  53.2156 175.2962 0001272  84.1145  91.0656 15.73141440  1305
STARLINK-4756           
1 53826U 22114J   22278.91667824  .00042519  00000+0  30642-3 0  9996
2 53826  53.2155 175.2904 0001466 123.6959  54.4426 15.73154720  1301
STARLINK-4764           
1 53827U 22114K   22278.91667824  .00042482  00000+0  30639-3 0  9992
2 53827  53.2153 175.2926 0001527  58.8225 117.4663 15.73137186  1307
STARLINK-4760           
1 53828U 22114L   22278.91667824  .00034092  00000+0  24671-3 0  9990
2 53828  53.2153 175.2888 0000972  98.8017  79.8975 15.73164376  1309
STARLINK-4759           
1 53829U 22114M   22278.91667824 -.00080944  00000+0 -57615-3 0  9994
2 53829  53.2163 175.2961 0001278  57.1529 119.7434 15.73269520  3234
STARLINK-4761           
1 53830U 22114N   22278.91667824 -.00034675  00000+0 -24365-3 0  9992
2 53830  53.2156 175.2866 0001097 101.7342  78.1895 15.73201804  1306
STARLINK-4649           
1 53831U 22114P   22278.91667824  .00044284  00000+0  31910-3 0  9992
2 53831  53.2155 175.2917 0001348 102.3931  75.1185 15.73139722  1301
STARLINK-4747           
1 53832U 22114Q   22278.91667824  .00058631  00000+0  42022-3 0  9990
2 53832  53.2152 175.2836 0001052  97.1737  83.9498 15.73146302  3236
STARLINK-4771           
1 53833U 22114R   22278.91667824  .00067682  00000+0  48347-3 0  9993
2 53833  53.2149 175.2856 0001006 100.9088  78.3599 15.73166341  3231
STARLINK-4737           
1 53834U 22114S   22278.91667824 -.00087889  00000+0 -62714-3 0  9991
2 53834  53.2155 175.2821 0001265 115.6776  66.6347 15.73245084  3238
STARLINK-4783           
1 53835U 22114T   22278.91667824  .00008607  00000+0  65824-4 0  9997
2 53835  53.2149 175.2834 0001224  79.5016 101.0442 15.73147280  1301
STARLINK-4778           
1 53836U 22114U   22278.91667824 -.00084412  00000+0 -60129-3 0  9990
2 53836  53.2166 175.2777 0001096  88.8461  94.5616 15.73269203  3234
STARLINK-4776           
1 53837U 22114V   22278.91667824  .00035546  00000+0  25753-3 0  9997
2 53837  53.2157 175.2843 0001213 102.6587  79.0362 15.73115926  1308
STARLINK-4773           
1 53838U 22114W   22278.91667824  .00065422  00000+0  46777-3 0  9993
2 53838  53.2155 175.2792 0001386  90.2412  93.8341 15.73157635  1304
STARLINK-4784           
1 53839U 22114X   22278.91667824  .00064785  00000+0  46333-3 0  9993
2 53839  53.2158 175.2825 0000863  85.5011  97.3779 15.73155960  1309
STARLINK-4766           
1 53840U 22114Y   22278.91667824 -.00005597  00000+0 -35488-4 0  9993
2 53840  53.2149 175.2733 0001247 103.6945  82.1354 15.73201387  1300
STARLINK-4750           
1 53841U 22114Z   22278.91667824  .00045904  00000+0  33069-3 0  9990
2 53841  53.2155 175.2772 0001197  93.7149  90.9665 15.73129353  3238
STARLINK-4754           
1 53842U 22114AA  22278.91667824  .00060312  00000+0  43240-3 0  9993
2 53842  53.2150 175.2710 0001032  89.6836  97.3834 15.73127415  3237
STARLINK-4769           
1 53843U 22114AB  22278.91667824 -.00089304  00000+0 -63680-3 0  9998
2 53843  53.2165 175.2729 0001039  94.2135  91.0245 15.73268074  3239
STARLINK-4745           
1 53844U 22114AC  22278.91667824  .00055424  00000+0  39781-3 0  9998
2 53844  53.2154 175.2700 0001207  86.8440 101.3743 15.73135257  3234
STARLINK-4753           
1 53845U 22114AD  22278.91667824  .00059600  00000+0  42695-3 0  9997
2 53845  53.2160 175.2760 0001044  87.9819  98.4841 15.73151432  3237
STARLINK-4746           
1 53846U 22114AE  22278.91667824 -.00002111  00000+0 -10638-4 0  9998
2 53846  53.2159 175.2703 0001145 112.7637  76.6829 15.73189788  1305
STARLINK-4777           
1 53847U 22114AF  22278.91667824  .00031481  00000+0  22819-3 0  9992
2 53847  53.2152 175.2699 0001052  97.1485  90.5218 15.73167911  1308
STARLINK-4780           
1 53848U 22114AG  22278.91667824 -.00080175  00000+0 -57054-3 0  9998
2 53848  53.2152 175.2649 0001099 108.0692  82.5450 15.73271556  3231
STARLINK-4770           
1 53849U 22114AH  22278.91667824 -.00089496  00000+0 -63765-3 0  9990
2 53849  53.2160 175.2715 0001144  99.4538  89.3139 15.73287735  3233
STARLINK-4767           
1 53850U 22114AJ  22278.91667824  .00008567  00000+0  65592-4 0  9991
2 53850  53.2151 175.2609 0001309  91.8885 100.6089 15.73128682  1303
STARLINK-4755           
1 53851U 22114AK  22278.91667824 -.00090059  00000+0 -64243-3 0  9992
2 53851  53.2152 175.2664 0001160 114.9866  75.0696 15.73262420  3239
STARLINK-4797           
1 53852U 22114AL  22278.91667824 -.00011103  00000+0 -74809-4 0  9996
2 53852  53.2156 175.2607 0001016 102.2071  91.3781 15.73197100  1303
STARLINK-4794           
1 53853U 22114AM  22278.91667824 -.00009239  00000+0 -61525-4 0  9995
2 53853  53.2164 175.2677 0001193 101.1161  90.1359 15.73184584  1304
STARLINK-4800           
1 53854U 22114AN  22278.91667824 -.00124286  00000+0 -89220-3 0  9997
2 53854  53.2159 175.2597 0001119 101.0668  93.7387 15.73254297  3232
STARLINK-4703           
1 53855U 22114AP  22278.91667824 -.00114655  00000+0 -82130-3 0  9990
2 53855  53.2148 175.2611 0001217 102.0912  89.6900 15.73267461  3232
STARLINK-4795           
1 53856U 22114AQ  22278.91667824  .00121375  00000+0  85993-3 0  9996
2 53856  53.2148 175.2493 0001109 110.4198  87.3715 15.73114192  1307
STARLINK-4809           
1 53857U 22114AR  22278.91667824  .00270279  00000+0  18823-2 0  9992
2 53857  53.2152 175.2603 0001379 105.9448  86.9031 15.73032088  1301
STARLINK-4798           
1 53858U 22114AS  22278.91667824 -.00110491  00000+0 -79056-3 0  9990
2 53858  53.2157 175.2571 0001036 103.8673  91.5074 15.73278534  3239
STARLINK-4790           
1 53859U 22114AT  22278.91667824  .00069012  00000+0  49318-3 0  9999
2 53859  53.2150 175.2568 0001339 100.5914  93.6295 15.73148450  1304
STARLINK-4799           
1 53860U 22114AU  22278.91667824  .00060140  00000+0  43106-3 0  9993
2 53860  53.2148 175.2507 0001092 101.8417  95.3629 15.73134317  1301
STARLINK-4781           
1 53861U 22114AV  22278.91667824  .00043164  00000+0  31138-3 0  9993
2 53861  53.2149 175.2529 0001356  98.2877  97.7337 15.73124686  1309
STARLINK-4792           
1 53862U 22114AW  22278.91667824 -.00039850  00000+0 -28092-3 0  9998
2 53862  53.2150 175.2497 0001133  94.4734 103.9314 15.73195355  1305
STARLINK-4788           
1 53863U 22114AX  22278.91667824  .00015206  00000+0  11286-3 0  9993
2 53863  53.2149 175.2512 0001230  85.7736 110.8719 15.73137368  1301
STARLINK-4779           
1 53864U 22114AY  22278.91667824  .00117070  00000+0  83006-3 0  9995
2 53864  53.2148 175.2461 0000995  98.7137 100.8898 15.73112872  1300
STARLINK-4785           
1 53865U 22114AZ  22278.91667824  .00014992  00000+0  11132-3 0  9996
2 53865  53.2151 175.2477 0001433  96.3933 102.6240 15.73141964  1303
STARLINK-4762           
1 53866U 22114BA  22278.91667824  .00054742  00000+0  39261-3 0  9997
2 53866  53.2148 175.2427 0001111 101.0353 100.3519 15.73158630  3234
STARLINK-4793           
1 53867U 22114BB  22278.91667824  .00062284  00000+0  44598-3 0  9997
2 53867  53.2166 175.2449 0001350 101.6616  98.5296 15.73143731  1304
STARLINK-4789           
1 53868U 22114BC  22278.91667824 -.00026965  00000+0 -18825-3 0  9990
2 53868  53.2160 175.2300 0001295 124.1956  85.7721 15.73208949  1304
STARLINK-4810           
1 53869U 22114BD  22278.91667824  .00142330  00000+0  10070-2 0  9997
2 53869  53.2153 175.2455 0000947 107.2250  93.1307 15.73070369  3230
STARLINK-4732           
1 53870U 22114BE  22278.91667824 -.00093306  00000+0 -66557-3 0  9991
2 53870  53.2151 175.2416 0001013 100.4722 102.0755 15.73278177  3235
STARLINK-4740           
1 53871U 22114BF  22278.91667824  .00047840  00000+0  34393-3 0  9995
2 53871  53.2151 175.2396 0001271 101.6278 101.5436 15.73159815  3235
FALCON 9 DEB            
1 53872U 22114BG  22278.11014084  .07904301  12200-4  60644-3 0  9991
2 53872  53.2075 176.1514 0015466 122.4842 237.7704 16.39084540  3697
FALCON 9 DEB            
1 53873U 22114BH  22278.10980133  .05698875  12131-4  72179-3 0  9991
2 53873  53.1982 176.1389 0018345 115.6633 244.6310 16.34552109  3691
FALCON 9 DEB            
1 53874U 22114BJ  22278.09735837  .06135988  12196-4  62149-3 0  9998
2 53874  53.2108 176.0555 0015337 110.6124 249.6570 16.36751579  3692
FALCON 9 DEB            
1 53875U 22114BK  22277.84558191  .07572429  12266-4  58518-3 0  9996
2 53875  53.2106 177.3208 0012697 108.8541 251.3885 16.39196920  3659
CHUANGXIN 16B (CX-16B)  
1 53876U 22102B   22278.78297135  .00007488  00000+0  71118-3 0  9996
2 53876  28.9984  88.1707 0004974 342.6722  17.3703 14.91872685  2398
YUNHAI-1 03             
1 53877U 22115A   22278.80232927  .00000331  00000+0  13732-3 0  9990
2 53877  98.4985 277.2452 0001484  89.2127 270.9225 14.32796514  2135
CZ-2D R/B               
1 53878U 22115B   22278.94254301  .00001064  00000+0  17512-3 0  9990
2 53878  98.5452 278.3291 0124258 356.4260   3.6046 14.67944760  2207
SOYUZ-MS 22             
1 53879U 22116A   22278.50664374  .00029692  00000+0  53062-3 0  9996
2 53879  51.6412 150.0266 0002910 259.5903 172.3733 15.49765110362295
2022-118A               
1 53884U 22118A   22278.92283325  .00005547  00000+0  23901-3 0  9995
2 53884  97.5213 285.4437 0013833 218.3193 238.2626 15.22912728  1677
2022-118B               
1 53885U 22118B   22278.91792433  .00006393  00000+0  26997-3 0  9998
2 53885  97.5214 285.4491 0010965 224.1331 230.9268 15.23566438  1665
STARLINK-5028           
1 53886U 22119A   22278.91667824 -.01195902  00000+0 -87357-2 0  9999
2 53886  53.2175 198.8023 0001159  56.0978 265.0345 15.75387849  1303
STARLINK-5029           
1 53887U 22119B   22278.91667824 -.01202972  00000+0 -87756-2 0  9999
2 53887  53.2181 198.7994 0001187  66.4206 256.3702 15.75434945  1307
STARLINK-5034           
1 53888U 22119C   22278.91667824 -.01170603  00000+0 -85145-2 0  9995
2 53888  53.2175 198.8012 0004314 269.1426  52.5559 15.75383988  1300
STARLINK-5031           
1 53889U 22119D   22278.91667824 -.01196174  00000+0 -87264-2 0  9991
2 53889  53.2176 198.7993 0001693  29.1831 293.0686 15.75412019  1301
STARLINK-5050           
1 53890U 22119E   22278.91667824  .00213276  27827-4  65993-3 0  9990
2 53890  53.2236 198.4145 0024699  91.4133  63.8329 15.90781331  1304
STARLINK-5041           
1 53891U 22119F   22278.91667824 -.01195569  00000+0 -87055-2 0  9999
2 53891  53.2176 198.7962 0001188  52.3178 271.5777 15.75458795  1304
STARLINK-5046           
1 53892U 22119G   22278.91667824 -.01174940  00000+0 -85080-2 0  9996
2 53892  53.2176 198.7911 0001982 268.8121  57.8172 15.75525853  1307
STARLINK-5052           
1 53893U 22119H   22278.91667824 -.01194961  00000+0 -86822-2 0  9997
2 53893  53.2176 198.7929 0001050 108.3941 217.1348 15.75507865  1300
STARLINK-5043           
1 53894U 22119J   22278.91667824 -.01196012  00000+0 -87012-2 0  9999
2 53894  53.2176 198.7958 0001375  36.2823 288.1518 15.75477442  1305
STARLINK-5032           
1 53895U 22119K   22278.91667824 -.01196111  00000+0 -86854-2 0  9993
2 53895  53.2176 198.7918 0001398  34.1502 291.9365 15.75520399  1300
STARLINK-5037           
1 53896U 22119L   22278.91667824 -.01172627  00000+0 -84727-2 0  9997
2 53896  53.2176 198.7903 0003866 268.8583  58.2983 15.75545648  1306
STARLINK-5035           
1 53897U 22119M   22278.91667824 -.01195045  00000+0 -86893-2 0  9993
2 53897  53.2176 198.7942 0001236 129.2573 195.7343 15.75489259  1300
STARLINK-5044           
1 53898U 22119N   22278.91667824 -.01196962  00000+0 -86570-2 0  9995
2 53898  53.2176 198.7870 0001826  23.5239 305.2605 15.75607794  1306
STARLINK-5042           
1 53899U 22119P   22278.91667824 -.01188043  00000+0 -85974-2 0  9994
2 53899  53.2176 198.7877 0000861  28.1515 300.1016 15.75583656  1300
STARLINK-5045           
1 53900U 22119Q   22278.91667824 -.01178250  00000+0 -84990-2 0  9993
2 53900  53.2176 198.7849 0001189 268.6738  61.1964 15.75629857  1304
STARLINK-5024           
1 53901U 22119R   22278.91667824 -.01196691  00000+0 -86706-2 0  9990
2 53901  53.2182 198.7903 0001069  81.3080 246.3923 15.75574771  1306
STARLINK-5021           
1 53902U 22119S   22278.91667824 -.01195927  00000+0 -86083-2 0  9990
2 53902  53.2182 198.7808 0001084  56.8462 275.7245 15.75721145  1301
STARLINK-5022           
1 53903U 22119T   22278.91667824 -.01195510  00000+0 -86446-2 0  9992
2 53903  53.2181 198.7869 0001143  50.4485 278.8993 15.75616684  1304
STARLINK-4787           
1 53904U 22119U   22278.91667824 -.01196526  00000+0 -86356-2 0  9991
2 53904  53.2176 198.7841 0001228  46.7328 283.6617 15.75660924  1300
STARLINK-5003           
1 53905U 22119V   22278.91667824 -.01198661  00000+0 -86346-2 0  9993
2 53905  53.2181 198.7813 0001112  63.4091 268.6098 15.75710131  1303
STARLINK-5054           
1 53906U 22119W   22278.91667824 -.01196968  00000+0 -86018-2 0  9998
2 53906  53.2176 198.7775 0001554  30.7841 302.8620 15.75755318  1303
STARLINK-5063           
1 53907U 22119X   22278.91667824 -.01196972  00000+0 -86312-2 0  9991
2 53907  53.2176 198.7826 0001702  26.4959 304.4413 15.75676786  1307
STARLINK-5057           
1 53908U 22119Y   22278.91667824 -.01196406  00000+0 -85928-2 0  9996
2 53908  53.2176 198.7765 0001117  56.2074 277.9765 15.75771630  1307
STARLINK-4796           
1 53909U 22119Z   22278.91667824 -.01192646  00000+0 -85921-2 0  9992
2 53909  53.2181 198.7826 0001549  28.8625 302.6199 15.75688829  1302
STARLINK-5056           
1 53910U 22119AA  22278.91667824 -.01196424  00000+0 -85758-2 0  9990
2 53910  53.2176 198.7732 0001103  57.5522 278.2588 15.75816801  1308
STARLINK-5048           
1 53911U 22119AB  22278.91667824 -.01196190  00000+0 -86029-2 0  9993
2 53911  53.2176 198.7783 0001070  62.4067 270.6923 15.75741016  1301
STARLINK-5059           
1 53912U 22119AC  22278.91667824 -.01196944  00000+0 -85838-2 0  9998
2 53912  53.2176 198.7744 0001442  34.8391 300.4253 15.75803241  1302
STARLINK-5053           
1 53913U 22119AD  22278.91667824 -.01196653  00000+0 -85640-2 0  9997
2 53913  53.2176 198.7706 0001169  50.6840 286.1920 15.75852013  1304
STARLINK-5040           
1 53914U 22119AE  22278.91667824 -.01196813  00000+0 -85575-2 0  9993
2 53914  53.2176 198.7699 0001248  44.6853 292.7150 15.75871683  1303
STARLINK-5017           
1 53915U 22119AF  22278.91667824 -.01203862  00000+0 -86431-2 0  9999
2 53915  53.2182 198.7763 0001019  77.6249 257.0742 15.75799094  1300
STARLINK-5051           
1 53916U 22119AG  22278.91667824 -.01195522  00000+0 -85429-2 0  9999
2 53916  53.2176 198.7690 0000995  79.3534 258.5910 15.75885364  1300
STARLINK-5036           
1 53917U 22119AH  22278.91667824 -.01196640  00000+0 -85691-2 0  9993
2 53917  53.2176 198.7721 0001169  50.7480 285.5817 15.75838316  1304
STARLINK-5012           
1 53918U 22119AJ  22278.91667824 -.01225720  00000+0 -87733-2 0  9995
2 53918  53.2182 198.7690 0000905  74.6148 263.8649 15.75921613  1305
STARLINK-5023           
1 53919U 22119AK  22278.91667824 -.01199433  00000+0 -85633-2 0  9994
2 53919  53.2181 198.7674 0001159  57.4616 281.5802 15.75912920  1307
STARLINK-5025           
1 53920U 22119AL  22278.91667824 -.01208145  00000+0 -86056-2 0  9997
2 53920  53.2182 198.7636 0001083  64.9245 276.2443 15.75986664  1303
STARLINK-5005           
1 53921U 22119AM  22278.91667824  .00413654  82075-4  79550-3 0  9997
2 53921  53.2240 198.2390 0046280  87.1714 153.3294 15.97851819  1303
STARLINK-5002           
1 53922U 22119AN  22278.91667824 -.01197322  00000+0 -85144-2 0  9990
2 53922  53.2182 198.7626 0001005  74.8498 266.8423 15.75998694  1307
STARLINK-5004           
1 53923U 22119AP  22278.91667824 -.01199626  00000+0 -85460-2 0  9991
2 53923  53.2182 198.7646 0001126  55.5541 285.0883 15.75962875  1304
STARLINK-5001           
1 53924U 22119AQ  22278.91667824 -.01194067  00000+0 -84712-2 0  9995
2 53924  53.2182 198.7594 0001076  59.9224 283.3764 15.76043360  1306
STARLINK-5011           
1 53925U 22119AR  22278.91667824 -.01098568  00000+0 -77769-2 0  9999
2 53925  53.2184 198.7649 0001282  28.1250 311.4559 15.75863104  1306
STARLINK-5014           
1 53926U 22119AS  22278.91667824 -.01200412  00000+0 -85132-2 0  9996
2 53926  53.2182 198.7584 0000977  80.8856 262.9316 15.76067547  1309
STARLINK-5008           
1 53927U 22119AT  22278.91667824 -.01199390  00000+0 -85189-2 0  9991
2 53927  53.2182 198.7599 0001036  70.1934 272.5737 15.76030287  1307
STARLINK-5009           
1 53928U 22119AU  22278.91667824 -.01203266  00000+0 -85292-2 0  9995
2 53928  53.2182 198.7573 0001010  76.9878 267.3618 15.76085229  1309
STARLINK-5018           
1 53929U 22119AV  22278.91667824 -.01187497  00000+0 -84295-2 0  9995
2 53929  53.2182 198.7614 0001666  26.2154 316.0111 15.76008230  1305
STARLINK-5010           
1 53930U 22119AW  22278.91667824 -.01199086  00000+0 -84830-2 0  9999
2 53930  53.2182 198.7552 0001073  72.8363 272.5617 15.76118426  1305
STARLINK-5015           
1 53931U 22119AX  22278.91667824 -.01179532  00000+0 -83190-2 0  9992
2 53931  53.2182 198.7525 0001216  45.8473 300.6062 15.76139429  1300
STARLINK-4772           
1 53932U 22119AY  22278.91667824 -.01198181  00000+0 -84371-2 0  9996
2 53932  53.2176 198.7534 0006669 270.7062  75.1933 15.76140210  1305
STARLINK-4782           
1 53933U 22119AZ  22278.91667824 -.01196393  00000+0 -84684-2 0  9997
2 53933  53.2176 198.7549 0001014  70.5447 274.3220 15.76100731  1300
STARLINK-4775           
1 53934U 22119BA  22278.91667824 -.01196893  00000+0 -84475-2 0  9991
2 53934  53.2176 198.7513 0001120  54.3746 292.6149 15.76165757  1304
STARLINK-5000           
1 53935U 22119BB  22278.91667824 -.01212921  00000+0 -85605-2 0  9999
2 53935  53.2182 198.7495 0000916  79.2941 268.7643 15.76206648  1304
STARLINK-4791           
1 53936U 22119BC  22278.91667824 -.01195631  00000+0 -84304-2 0  9993
2 53936  53.2182 198.7511 0001042  55.6362 291.8652 15.76185389  1305
STARLINK-4765           
1 53937U 22119BD  22278.91667824 -.01197332  00000+0 -84286-2 0  9993
2 53937  53.2176 198.7474 0001575  29.5429 319.0099 15.76220501  1306
FALCON 9 DEB            
1 53938U 22119BE  22278.52119902  .01438674  11619-4  10596-2 0  9991
2 53938  53.2263 199.7879 0052021  89.8690 270.8308 16.11664463  2537
FALCON 9 DEB            
1 53939U 22119BF  22278.51775161  .01420653  11629-4  10418-2 0  9998
2 53939  53.2210 199.7572 0047682  92.0169 268.6330 16.12212674  2538
FALCON 9 DEB            
1 53940U 22119BG  22278.50992766  .01251041  11665-4  85303-3 0  9990
2 53940  53.2232 199.6959 0045303  85.2550 275.3659 16.13444650  2539
FALCON 9 DEB            
1 53941U 22119BH  22278.50856949  .01379636  11682-4  89228-3 0  9993
2 53941  53.2246 199.6905 0045594  86.6163 274.0088 16.14105293  2533
2022-118C               
1 53942U 22118C   22278.94490997  .00051478  26666-5  63724-3 0  9990
2 53942  97.5259 285.4723 0272078 326.4168  32.0076 15.26900549  1672
YAOGAN-36 01A           
1 53943U 22120A   22279.00787086 -.00000038  00000+0  00000+0 0  9999
2 53943  34.9976 125.9568 0008110 359.7441 152.4768 15.24332511  1442
CZ-2D DEB               
1 53944U 22120B   22278.02395265  .00018144  00000+0  70915-3 0  9997
2 53944  34.9995 132.1254 0009660 341.8491 171.5448 15.24962181  1296
CZ-2D R/B               
1 53945U 22120C   22278.94048370  .00024677  00000+0  97033-3 0  9999
2 53945  35.0037 126.3739 0008680 350.3562 154.0977 15.24721081  1402
YAOGAN-36 01B           
1 53946U 22120D   22278.80340354  .00016707  00000+0  66519-3 0  9992
2 53946  34.9976 127.2607 0007754 339.7526 122.4899 15.24372955  1379
YAOGAN-36 01C           
1 53947U 22120E   22279.00533056  .00013672  00000+0  54442-3 0  9999
2 53947  34.9978 125.9351 0007206  12.0101 139.3115 15.24402947  1446
2022-121A               
1 53948U 22121A   22278.88992476  .00007481  00000+0  37267-3 0  9998
2 53948  97.4551 299.3955 0011461 233.5150 225.3425 15.17799670  1350
2022-121B               
1 53949U 22121B   22278.88873125  .00005365  00000+0  26687-3 0  9991
2 53949  97.4535 299.3947 0010278 237.3829 221.7358 15.17993754  1358
2022-121C               
1 53950U 22121C   22278.88720789  .00004844  00000+0  23940-3 0  9990
2 53950  97.4564 299.4003 0011882 244.6162 214.7109 15.18256170  1350
SELFIESAT               
1 53951U 22057BA  22278.83514780  .00013742  00000+0  77557-3 0  9996
2 53951  97.5262  31.9742 0011497 139.7608 220.4476 15.13205218 20126
TIS SERENITY            
1 53955U 22122A   22277.55380269  .03319481 -37508-5  13193-2 0  9991
2 53955 136.8921 149.1218 0031247 185.4066 174.6534 16.21236198   539
2022-122B               
1 53956U 22122B   22276.50546653  .21173798 -37633-5  21994-2 0  9993
2 53956 136.8760 142.4684 0015613 176.8910 229.9163 16.36223212   345
TES-15                  
1 53957U 22122C   22276.56944056  .27277585 -38293-5  18460-2 0  9991
2 53957 136.8688 142.8834 0011322 187.9590 236.6151 16.40064248   356
2022-122D               
1 53958U 22122D   22276.12648951  .06815912 -35961-5  13724-2 0  9995
2 53958 136.8146 139.9788 0028428 135.0544 225.2109 16.28958072   225
FIREFLY ALPHA R/B       
1 53959U 22122E   22278.55667535  .03116760 -37601-5  10782-2 0  9990
2 53959 136.8827 155.5709 0024273 200.5188 240.8084 16.23423526   620
2022-123A               
1 53960U 22123A   22278.58065613 -.00000134  00000+0  00000+0 0  9995
2 53960   1.8627 167.3467 0007569 188.4848 338.3789  1.03182719    04
2022-123B               
1 53961U 22123B   22278.32788769 -.00000137  00000+0  00000+0 0  9995
2 53961   1.9285 170.5613 0037266 187.9161 242.1258  1.03654094    07
2022-123C               
1 53962U 22123C   22278.40397905 -.00000155  00000+0  00000+0 0  9993
2 53962   1.8506 166.8543 0290365 198.8331 266.4192  1.07605117    06
CREW DRAGON 5           
1 53963U 22124A   22279.06198738 -.00003751  11860-4  00000+0 0  9997
2 53963  51.6469 147.5648 0014833 248.6274 270.1628 16.20625262    60
