2023-035A               
1 55908U 23035A   23104.55349625  .00005296  00000+0  56076-3 0  9997
2 55908  44.1806 163.1854 0003941 318.9674  41.0886 14.90028842  4262
CAPELLA-10-WHITNEY      
1 55909U 23035B   23104.20386827  .00004192  00000+0  43569-3 0  9992
2 55909  44.0036 165.0280 0003260   8.4120 351.6788 14.91151658  4211
CAPELLA-9-WHITNEY       
1 55910U 23035C   23104.54145918  .00005363  00000+0  55453-3 0  9991
2 55910  44.0007 163.2895 0003681  18.1292 341.9692 14.90952227  4269
GAOFEN 13-02            
1 55912U 23036A   23101.83243884 -.00000234  00000+0  00000+0 0  9991
2 55912   3.0048 300.8822 0002010 300.9163  44.3107  1.00268794   430
CZ-3B R/B               
1 55913U 23036B   23104.77377757  .00066718  25832-6  10333-2 0  9993
2 55913  28.3789 288.9723 7209901 197.1126 111.9718  2.42299668   697
STARLINK-5856           
1 55914U 23037A   23105.33334491 -.00855036  00000+0 -10641-1 0  9991
2 55914  69.9996 100.8386 0003541 272.0532  25.7286 15.62039904  5019
STARLINK-5859           
1 55915U 23037B   23105.33334491 -.00863015  00000+0 -10735-1 0  9992
2 55915  69.9991 100.8372 0003601 273.0887  27.4884 15.62073305  5017
STARLINK-5796           
1 55916U 23037C   23105.33334491 -.00855341  00000+0 -10642-1 0  9993
2 55916  69.9996 100.8382 0003561 273.0302  25.4510 15.62047233  5016
STARLINK-5855           
1 55917U 23037D   23105.33334491 -.00856180  00000+0 -10647-1 0  9991
2 55917  69.9995 100.8365 0003569 272.3775  27.5017 15.62062507  5017
STARLINK-5867           
1 55918U 23037E   23105.33334491 -.00856564  00000+0 -10655-1 0  9997
2 55918  69.9997 100.8371 0003575 271.5733  27.6064 15.62055704  5013
STARLINK-5871           
1 55919U 23037F   23105.33334491 -.00856478  00000+0 -10645-1 0  9991
2 55919  69.9998 100.8339 0003567 271.8083  29.4692 15.62077083  5012
STARLINK-5862           
1 55920U 23037G   23104.37710774  .00001542  00000+0  14593-4 0  9999
2 55920  69.9989 103.4519 0003470 270.0438  90.0360 15.69927643  4525
STARLINK-5861           
1 55921U 23037H   23105.33334491 -.00860586  00000+0 -10691-1 0  9990
2 55921  69.9993 100.8325 0003561 272.2211  31.1526 15.62100290  5010
STARLINK-5863           
1 55922U 23037J   23105.33334491 -.00855334  00000+0 -10624-1 0  9992
2 55922  69.9998 100.8323 0003541 271.5631  31.1126 15.62090656  5010
STARLINK-5854           
1 55923U 23037K   23105.25001157 -.00860988  00000+0 -10638-1 0  9990
2 55923  69.9994 101.0655 0003478 270.7551 282.7128 15.62241578  4992
STARLINK-5849           
1 55924U 23037L   23105.26871707 -.00000557  00000+0 -28642-5 0  9994
2 55924  70.0001 100.9417 0003084 260.1080  99.9768 15.69930772  5001
STARLINK-5922           
1 55925U 23037M   23105.33334491 -.00856245  00000+0 -10630-1 0  9994
2 55925  69.9997 100.8313 0003562 272.0803  31.9925 15.62105706  5019
STARLINK-5921           
1 55926U 23037N   23105.26882119  .00000143  00000+0  29581-5 0  9997
2 55926  69.9984 100.9418 0003092 266.6251  93.4591 15.69935850  5006
STARLINK-5919           
1 55927U 23037P   23105.33334491 -.00859153  00000+0 -10665-1 0  9995
2 55927  69.9998 100.8300 0003626 272.5808  32.1891 15.62115470  5013
STARLINK-5930           
1 55928U 23037Q   23105.33334491 -.00855938  00000+0 -10617-1 0  9990
2 55928  70.0001 100.8273 0003560 270.9043  35.2642 15.62127084  5013
STARLINK-5898           
1 55929U 23037R   23105.33334491 -.00859355  00000+0 -10666-1 0  9992
2 55929  69.9998 100.8293 0003536 273.4261  32.0443 15.62120585  5014
STARLINK-5896           
1 55930U 23037S   23105.26861513  .00001794  00000+0  16680-4 0  9995
2 55930  70.0011 100.9417 0002393 255.4539 104.6392 15.69929609  5001
STARLINK-5897           
1 55931U 23037T   23105.33334491 -.00856248  00000+0 -10618-1 0  9990
2 55931  69.9998 100.8272 0003573 272.5479  34.3186 15.62134634  5015
STARLINK-5848           
1 55932U 23037U   23104.94665409 -.00012036  00000+0 -98381-4 0  9998
2 55932  69.9991 101.8242 0003530 279.3400  80.7397 15.69944037  4953
STARLINK-5852           
1 55933U 23037V   23105.26903439  .00001961  00000+0  18066-4 0  9998
2 55933  69.9991 100.9458 0002956 248.7359 111.3522 15.69929886  5000
STARLINK-5927           
1 55934U 23037W   23104.94940133  .00007963  00000+0  67909-4 0  9993
2 55934  69.9999 101.8361 0003805 284.9259  75.1515 15.69928924  4951
STARLINK-5920           
1 55935U 23037X   23104.37647338  .00002885  00000+0  25743-4 0  9990
2 55935  70.0005 103.4485 0002846 268.5247  91.5622 15.69931880  4526
STARLINK-5882           
1 55936U 23037Y   23104.43703334  .00001135  00000+0  11210-4 0  9998
2 55936  70.0008 103.2570 0003058 264.4565  95.6282 15.69923466  4873
STARLINK-5913           
1 55937U 23037Z   23104.44008689  .00001802  00000+0  16747-4 0  9992
2 55937  70.0004 103.2710 0003014 262.2500  97.8354 15.69927929  4538
STARLINK-5909           
1 55938U 23037AA  23104.43998032  .00001890  00000+0  17476-4 0  9999
2 55938  70.0005 103.2704 0003264 278.3021  81.7804 15.69931314  4878
STARLINK-5918           
1 55939U 23037AB  23105.26808530  .00003220  00000+0  28521-4 0  9997
2 55939  70.0013 100.9399 0002769 264.3240  95.7640 15.69935898  5009
STARLINK-5864           
1 55940U 23037AC  23105.26819319  .00002578  00000+0  23203-4 0  9993
2 55940  70.0006 100.9368 0003083 271.4634  88.6209 15.69926456  5007
STARLINK-5914           
1 55941U 23037AD  23105.26893342  .00001266  00000+0  12294-4 0  9993
2 55941  70.0000 100.9423 0003071 259.5794 100.5055 15.69924511  5008
STARLINK-5917           
1 55942U 23037AE  23105.26745434  .00002501  00000+0  22561-4 0  9993
2 55942  69.9995 100.9363 0003751 265.6213  94.4554 15.69929309  5006
STARLINK-5932           
1 55943U 23037AF  23105.26766472  .00015467  00000+0  13003-3 0  9994
2 55943  70.0037 100.9380 0001773 263.3883  96.7111 15.69953031  5009
STARLINK-5926           
1 55944U 23037AG  23105.26755979  .00000782  00000+0  82658-5 0  9993
2 55944  70.0010 100.9374 0003139 267.2786  92.8051 15.69928098  5002
STARLINK-5925           
1 55945U 23037AH  23104.94929245  .00003106  00000+0  27581-4 0  9993
2 55945  69.9997 101.8335 0003576 269.6777  90.4009 15.69930919  4957
STARLINK-5857           
1 55946U 23037AJ  23104.43945296  .00000987  00000+0  99730-5 0  9992
2 55946  70.0007 103.2694 0002830 265.4739  94.6134 15.69929645  4534
STARLINK-5851           
1 55947U 23037AK  23105.26734979  .00001901  00000+0  17568-4 0  9994
2 55947  70.0011 100.9378 0002747 259.6751 100.4135 15.69930266  5000
STARLINK-5900           
1 55948U 23037AL  23104.43850564  .00002122  00000+0  19411-4 0  9997
2 55948  70.0003 103.2609 0003507 270.6295  89.4499 15.69927486  4532
STARLINK-5899           
1 55949U 23037AM  23105.26703190  .00002651  00000+0  23798-4 0  9992
2 55949  70.0005 100.9358 0002967 255.5857 104.5010 15.69933172  5005
STARLINK-5911           
1 55950U 23037AN  23105.26661168  .00003901  00000+0  34182-4 0  9990
2 55950  70.0012 100.9353 0002921 259.8869 100.1998 15.69934488  5008
STARLINK-5908           
1 55951U 23037AP  23105.26724946 -.00005253  00000+0 -41972-4 0  9994
2 55951  70.0009 100.9352 0003423 257.1231 102.9583 15.69906579  5006
STARLINK-5893           
1 55952U 23037AQ  23104.43861270  .00001907  00000+0  17617-4 0  9994
2 55952  70.0014 103.2628 0002971 275.0609  85.0248 15.69928280  4539
STARLINK-5889           
1 55953U 23037AR  23104.37510662  .00003376  00000+0  29826-4 0  9991
2 55953  70.0021 103.4443 0002867 267.6040  92.4828 15.69929634  4524
STARLINK-5892           
1 55954U 23037AS  23105.26587355  .00005113  00000+0  44253-4 0  9996
2 55954  70.0019 100.9307 0003159 266.9601  93.1233 15.69929251  5000
STARLINK-5878           
1 55955U 23037AT  23105.26639910  .00007154  00000+0  61176-4 0  9992
2 55955  70.0014 100.9345 0002657 267.1227  92.9665 15.69941924  5004
STARLINK-5883           
1 55956U 23037AU  23105.26566874  .00010737  00000+0  90862-4 0  9996
2 55956  70.0011 100.9289 0003210 271.7087  88.3741 15.69947657  5003
STARLINK-5884           
1 55957U 23037AV  23104.37446994  .00002026  00000+0  18605-4 0  9995
2 55957  70.0028 103.4432 0002892 247.2297 112.8593 15.69934464  4522
STARLINK-5928           
1 55958U 23037AW  23105.13885860  .00004478  00000+0  38971-4 0  9991
2 55958  70.0012 101.2883 0002661 249.2456 110.8455 15.69937731  4980
STARLINK-5929           
1 55959U 23037AX  23105.01132491  .00000125  00000+0  28103-5 0  9996
2 55959  70.0011 101.6496 0003006 266.7286  93.3566 15.69926430  4963
STARLINK-5938           
1 55960U 23037AY  23105.01058769  .00000429  00000+0  53364-5 0  9997
2 55960  70.0008 101.6435 0003759 269.3095  90.7670 15.69922511  4969
STARLINK-5933           
1 55961U 23037AZ  23105.13833185  .00004404  00000+0  38357-4 0  9995
2 55961  70.0017 101.2869 0002735 242.8532 117.2385 15.69937519  4986
STARLINK-5906           
1 55962U 23037BA  23105.01111328  .00003747  00000+0  32907-4 0  9995
2 55962  70.0026 101.6440 0002903 230.1130 129.9811 15.69928584  4961
STARLINK-5924           
1 55963U 23037BB  23105.01121404  .00005223  00000+0  45147-4 0  9993
2 55963  70.0007 101.6464 0002242 219.4500 140.6532 15.69940436  4964
STARLINK-5895           
1 55964U 23037BC  23105.01185318  .00001555  00000+0  14697-4 0  9998
2 55964  70.0005 101.6477 0003904 281.9700  78.1058 15.69926475  4964
STARLINK-5894           
1 55965U 23037BD  23105.26555452  .00012431  00000+0  10486-3 0  9992
2 55965  70.0011 100.9301 0002904 272.5229  87.5635 15.69958069  5006
SES-18                  
1 55970U 23038A   23104.56709060  .00000101  00000+0  00000+0 0  9995
2 55970   0.0617 267.0454 0000137  42.9896 315.4163  1.00274645   483
SES-19                  
1 55971U 23038B   23103.74468737  .00000108  00000+0  00000+0 0  9995
2 55971   0.0674 276.1955 0000137  22.8469  27.9685  1.00276117   443
FALCON 9 R/B            
1 55972U 23038C   23103.87113935  .00004999  00000+0  13906-2 0  9991
2 55972  26.8995 339.8992 5920597 210.3150  95.4659  4.14275658  1215
2023-039A               
1 55973U 23039A   23105.23181023 -.00057766  00000+0 -27893-2 0  9990
2 55973  97.4207 255.5000 0012842 168.7491 314.9478 15.18821633  3625
2023-039B               
1 55974U 23039B   23104.43132750  .00008966  00000+0  42864-3 0  9997
2 55974  97.4130 254.6975 0011966 173.1779 271.4410 15.19171368  3499
2023-039C               
1 55975U 23039C   23105.30781727  .00017186  00000+0  81652-3 0  9991
2 55975  97.4170 255.5788 0011883 169.4921  34.9322 15.19224092  3612
2023-039D               
1 55976U 23039D   23104.82935889  .00009323  00000+0  43972-3 0  9995
2 55976  97.4183 255.1228 0011494 181.4663 316.4404 15.19631505  3549
COSMOS 2567             
1 55978U 23040A   23104.46755787  .00005101  00000+0  22920-3 0  9996
2 55978  97.6325 359.1027 0008430 229.1833 128.4678 15.21580443  3381
SL-4 R/B                
1 55979U 23040B   23104.86049604  .00063911  00000+0  81928-3 0  9991
2 55979  97.6413   0.3824 0105067 354.9600  66.4049 15.52504865  3508
2023-041A               
1 55981U 23041A   23104.45970514  .00252851  00000+0  48323-2 0  9997
2 55981  42.0137 131.2701 0010667  94.9578 265.2483 15.46350193  3251
2023-041B               
1 55982U 23041B   23105.09262334  .00028753  00000+0  73388-3 0  9995
2 55982  42.0158 128.2488 0004498  71.8990 288.2340 15.38903135  3348
2023-041C               
1 55983U 23041C   23104.76067066  .00026785  00000+0  67232-3 0  9998
2 55983  42.0156 130.0844 0006559  59.3700 300.7787 15.39431932  3295
STARLINK-5905           
1 55986U 23042A   23104.58335648 -.00946795  00000+0 -13424-1 0  9992
2 55986  43.0014  68.2389 0001528 267.5668 144.0443 15.58313790  1305
STARLINK-5915           
1 55987U 23042B   23104.58335648 -.00949122  00000+0 -13437-1 0  9994
2 55987  43.0016  68.2265 0001490 264.4007 152.4520 15.58359797  1308
STARLINK-5916           
1 55988U 23042C   23104.58335648 -.00947859  00000+0 -13434-1 0  9997
2 55988  43.0017  68.2359 0001502 266.6674 146.4419 15.58326995  1306
STARLINK-5947           
1 55989U 23042D   23104.58335648 -.00947315  00000+0 -13419-1 0  9998
2 55989  43.0015  68.2325 0001479 268.3029 146.3039 15.58339874  1301
STARLINK-5946           
1 55990U 23042E   23104.58335648 -.00947075  00000+0 -13425-1 0  9990
2 55990  43.0018  68.2377 0001472 266.2940 146.0657 15.58320870  1304
STARLINK-5948           
1 55991U 23042F   23104.75001157 -.00864059  00000+0 -12290-1 0  9994
2 55991  43.0011  67.2358 0001533 256.1404  18.1987 15.57994649  3674
STARLINK-5962           
1 55992U 23042G   23104.91667824 -.00902890  00000+0 -13050-1 0  9993
2 55992  43.0017  66.2583 0001351 259.6271 228.2660 15.57683819  3696
STARLINK-5969           
1 55993U 23042H   23104.91667824 -.00907853  00000+0 -13137-1 0  9994
2 55993  43.0016  66.2631 0001314 260.0873 225.5359 15.57667603  3691
STARLINK-5956           
1 55994U 23042J   23104.91667824 -.00907842  00000+0 -13121-1 0  9996
2 55994  43.0017  66.2545 0001325 257.9167 231.4885 15.57699319  3699
STARLINK-5957           
1 55995U 23042K   23104.91667824 -.00907426  00000+0 -13124-1 0  9998
2 55995  43.0012  66.2588 0001332 256.9368 230.1997 15.57679961  3693
STARLINK-5903           
1 55996U 23042L   23104.91667824 -.00900492  00000+0 -12994-1 0  9999
2 55996  43.0014  66.2463 0001335 256.4195 236.0098 15.57720358  3698
STARLINK-5904           
1 55997U 23042M   23104.91667824 -.00901425  00000+0 -13015-1 0  9992
2 55997  43.0014  66.2506 0001278 262.3460 228.5715 15.57708199  3695
STARLINK-5902           
1 55998U 23042N   23104.58335648 -.00948592  00000+0 -13406-1 0  9992
2 55998  43.0016  68.2138 0001472 265.0229 157.0681 15.58404354  1301
STARLINK-5901           
1 55999U 23042P   23104.58335648 -.00947624  00000+0 -13401-1 0  9993
2 55999  43.0018  68.2196 0001468 268.1508 151.6959 15.58384653  1304
STARLINK-5910           
1 56000U 23042Q   23104.58335648 -.00950345  00000+0 -13421-1 0  9993
2 56000  43.0020  68.2073 0001532 266.9730 158.1116 15.58427957  1302
STARLINK-5944           
1 56001U 23042R   23105.25001157 -.00866533  00000+0 -12770-1 0  9995
2 56001  43.0021  64.2740 0001253 264.2904 301.5568 15.57066855  3756
STARLINK-5799           
1 56002U 23042S   23105.25001157 -.00867114  00000+0 -12773-1 0  9995
2 56002  43.0021  64.2711 0001224 265.9702 301.4028 15.57080277  3751
STARLINK-5789           
1 56003U 23042T   23104.91667824 -.00902941  00000+0 -13029-1 0  9990
2 56003  43.0013  66.2454 0001326 261.6514 231.5344 15.57728112  3690
STARLINK-5787           
1 56004U 23042U   23105.25001157 -.00864346  00000+0 -12723-1 0  9996
2 56004  43.0026  64.2674 0001199 273.5785 295.3204 15.57091766  3755
STARLINK-5801           
1 56005U 23042V   23104.91667824 -.00923809  00000+0 -13342-1 0  9996
2 56005  43.0018  66.2383 0001421 272.2968 223.1473 15.57763601  3697
STARLINK-5794           
1 56006U 23042W   23104.91667824 -.00912700  00000+0 -13152-1 0  9994
2 56006  43.0017  66.2289 0001226 258.6428 241.3379 15.57792521  3694
STARLINK-5806           
1 56007U 23042X   23104.91667824 -.00911603  00000+0 -13141-1 0  9994
2 56007  43.0017  66.2319 0001260 260.5285 237.9422 15.57779473  3691
STARLINK-5803           
1 56008U 23042Y   23104.91667824 -.00906956  00000+0 -13060-1 0  9990
2 56008  43.0019  66.2272 0001218 261.5355 239.2030 15.57794799  3692
STARLINK-5964           
1 56009U 23042Z   23104.91667824 -.00912257  00000+0 -13148-1 0  9999
2 56009  43.0025  66.2315 0001252 262.4533 236.7727 15.57786286  3691
STARLINK-5968           
1 56010U 23042AA  23104.91667824 -.00911902  00000+0 -13133-1 0  9991
2 56010  43.0023  66.2261 0001250 261.7937 239.6976 15.57805122  3698
STARLINK-5936           
1 56011U 23042AB  23105.17902605  .00057195  00000+0  43586-3 0  9990
2 56011  43.0022  64.2163 0001629 260.4931  99.5753 15.71396074  3746
STARLINK-5940           
1 56012U 23042AC  23105.17924102  .00017239  00000+0  13455-3 0  9994
2 56012  43.0024  64.2192 0001350 271.8545  88.2168 15.71369709  3749
STARLINK-5941           
1 56013U 23042AD  23105.25001157 -.00868708  00000+0 -12774-1 0  9998
2 56013  43.0025  64.2565 0001295 269.7400 303.7372 15.57130957  3757
STARLINK-5942           
1 56014U 23042AE  23105.17892609  .00077373  00000+0  58740-3 0  9993
2 56014  43.0021  64.2152 0001660 249.0713 110.9977 15.71379880  3744
STARLINK-5939           
1 56015U 23042AF  23104.35283152  .00030984  00000+0  23861-3 0  9993
2 56015  43.0020  69.2019 0001468 252.6082 107.4626 15.71378573  3274
STARLINK-5943           
1 56016U 23042AG  23105.17829342  .00015863  00000+0  12410-3 0  9999
2 56016  43.0019  64.2101 0001433 267.7362  92.3342 15.71371968  3740
STARLINK-5934           
1 56017U 23042AH  23105.17871217  .00031247  00000+0  24049-3 0  9993
2 56017  43.0018  64.2140 0001583 267.2865  92.7822 15.71389447  3740
STARLINK-5945           
1 56018U 23042AJ  23105.17839603 -.00003178  00000+0 -20802-4 0  9995
2 56018  43.0019  64.2117 0001318 262.6842  97.3876 15.71355905  3748
STARLINK-5949           
1 56019U 23042AK  23105.17882205  .00017581  00000+0  13717-3 0  9999
2 56019  43.0018  64.2145 0001408 261.1696  98.9013 15.71366627  3743
STARLINK-5912           
1 56020U 23042AL  23105.17850165  .00025843  00000+0  19966-3 0  9993
2 56020  43.0021  64.2131 0001543 267.7685  92.3006 15.71384732  3741
STARLINK-5907           
1 56021U 23042AM  23105.17860884  .00018224  00000+0  14200-3 0  9994
2 56021  43.0022  64.2138 0001852 250.6593 109.4075 15.71373650  3745
STARLINK-5783           
1 56022U 23042AN  23105.17787370  .00051518  00000+0  39365-3 0  9995
2 56022  43.0021  64.2076 0001489 261.7586  98.3113 15.71369653  3744
STARLINK-5771           
1 56023U 23042AP  23104.35188413  .00011807  00000+0  93299-4 0  9992
2 56023  43.0023  69.1945 0001733 255.8610 104.2065 15.71370381  3619
STARLINK-5772           
1 56024U 23042AQ  23104.35125705  .00074301  00000+0  56469-3 0  9993
2 56024  43.0017  69.1895 0001756 248.2150 111.8531 15.71368458  3273
STARLINK-5766           
1 56025U 23042AR  23104.35178200  .00065233  00000+0  49669-3 0  9990
2 56025  43.0021  69.1940 0001745 249.2532 110.8149 15.71370205  3270
STARLINK-5770           
1 56026U 23042AS  23104.35146721  .00090223  00000+0  68341-3 0  9999
2 56026  43.0021  69.1916 0001537 247.5434 112.5271 15.71377143  3278
STARLINK-5777           
1 56027U 23042AT  23104.35167827  .00081453  00000+0  61806-3 0  9994
2 56027  43.0019  69.1927 0001395 253.8938 106.1777 15.71373624  3279
STARLINK-5779           
1 56028U 23042AU  23105.17734452  .00022998  00000+0  17809-3 0  9993
2 56028  43.0022  64.2056 0001474 265.0421  95.0279 15.71388929  3742
STARLINK-5774           
1 56029U 23042AV  23105.17766066  .00008745  00000+0  70016-4 0  9994
2 56029  43.0022  64.2057 0001559 260.9816  99.0875 15.71372211  3743
STARLINK-5781           
1 56030U 23042AW  23105.17724210  .00084026  00000+0  63610-3 0  9998
2 56030  43.0021  64.2028 0001751 241.1725 118.8967 15.71417091  3744
STARLINK-5785           
1 56031U 23042AX  23105.17745363  .00012033  00000+0  95022-4 0  9993
2 56031  43.0022  64.2055 0001253 278.3294  81.7432 15.71367568  3744
STARLINK-5786           
1 56032U 23042AY  23105.04980586  .00070396  00000+0  53535-3 0  9996
2 56032  43.0019  64.9685 0001315 258.6032 101.4688 15.71373175  3729
STARLINK-5784           
1 56033U 23042AZ  23105.17689987  .00619900  00000+0  42310-2 0  9990
2 56033  43.0021  64.2010 0005743 228.4432 131.5944 15.72218054  3742
STARLINK-5782           
1 56034U 23042BA  23105.17681941  .00059190  00000+0  45106-3 0  9999
2 56034  43.0019  64.2012 0001598 252.9963 107.0730 15.71384516  3744
STARLINK-5792           
1 56035U 23042BB  23104.35083660  .00061218  00000+0  46668-3 0  9991
2 56035  43.0026  69.1859 0001581 257.7354 102.3337 15.71364166  3273
STARLINK-5790           
1 56036U 23042BC  23104.35031160  .00083411  00000+0  63269-3 0  9995
2 56036  43.0022  69.1832 0001491 262.6795  97.3903 15.71373457  3618
STARLINK-5758           
1 56037U 23042BD  23104.35020706  .00061988  00000+0  47202-3 0  9994
2 56037  43.0024  69.1818 0001387 296.0489  64.0236 15.71386725  3274
STARLINK-5793           
1 56038U 23042BE  23104.35041545  .00018522  00000+0  14431-3 0  9993
2 56038  43.0022  69.1847 0001479 260.5053  99.5648 15.71366161  3272
STARLINK-5795           
1 56039U 23042BF  23105.17640040  .00091031  00000+0  68889-3 0  9992
2 56039  43.0018  64.1969 0001383 257.5376 102.5337 15.71396126  3742
STARLINK-5798           
1 56040U 23042BG  23105.17629153  .00056319  00000+0  43021-3 0  9997
2 56040  43.0017  64.1961 0001463 245.8654 114.2061 15.71345245  3743
STARLINK-5800           
1 56041U 23042BH  23105.17605219  .00100899  00000+0  76551-3 0  9992
2 56041  43.0028  64.1947 0001760 267.5969  92.4697 15.71295485  3742
FALCON 9 DEB            
1 56042U 23042BJ  23105.17443242  .00675902  21044-3  12704-2 0  9995
2 56042  43.0109  61.4920 0024811 148.2858 211.9520 15.99432759  3434
FALCON 9 DEB            
1 56043U 23042BK  23105.16493516  .00705202  23422-3  12342-2 0  9991
2 56043  43.0054  61.4052 0023086 152.1075 208.1047 16.00740475  3430
FALCON 9 DEB            
1 56044U 23042BL  23104.33690007  .00583379  15930-3  10097-2 0  9993
2 56044  43.0039  66.3633 0021229 136.4117 223.8443 16.01007461  3304
FALCON 9 DEB            
1 56045U 23042BM  23104.33976965  .00527696  12835-3  97830-3 0  9996
2 56045  42.9997  66.3823 0020714 139.2765 220.9666 15.99855098  3303
ONEWEB-0537             
1 56046U 23043A   23105.25001157 -.01202048  00000+0 -39798-1 0  9990
2 56046  87.3727 135.5103 0014333 187.9801  17.4759 15.34263005  4009
ONEWEB-0538             
1 56047U 23043B   23104.58335648 -.01137579  00000+0 -34963-1 0  9996
2 56047  87.3914 135.7489 0013774 189.4268 302.1571 15.36432923  1304
ONEWEB-0546             
1 56048U 23043C   23104.58335648 -.01134617  00000+0 -34582-1 0  9994
2 56048  87.3909 135.7426 0013328 186.7421 318.6024 15.36692722  1306
ONEWEB-0547             
1 56049U 23043D   23105.08334491 -.01249384  00000+0 -36945-1 0  9999
2 56049  87.3986 135.5588 0009996 177.1090 286.4992 15.37965313  3983
ONEWEB-0548             
1 56050U 23043E   23105.08334491 -.01143404  00000+0 -38036-1 0  9990
2 56050  87.3752 135.5772 0014394 192.5900 150.3697 15.33966475  3976
ONEWEB-0549             
1 56051U 23043F   23104.75001157 -.01318931  00000+0 -38818-1 0  9991
2 56051  87.4034 135.6828 0011107 179.2595 221.7285 15.38261016  3920
ONEWEB-0550             
1 56052U 23043G   23104.75001157 -.01309457  00000+0 -39532-1 0  9999
2 56052  87.3994 135.6819 0012464 180.3543 196.4677 15.37432511  3920
ONEWEB-0551             
1 56053U 23043H   23104.52512107  .00020026  00000+0  59803-3 0  9991
2 56053  87.4355 135.8137 0011419 207.8632 152.2010 15.34430327  2987
ONEWEB-0552             
1 56054U 23043J   23105.08334491 -.01259085  00000+0 -39455-1 0  9993
2 56054  87.3925 135.5697 0013235 184.0064 221.1504 15.36142526  3978
ONEWEB-0553             
1 56055U 23043K   23105.08334491 -.01147043  00000+0 -36715-1 0  9990
2 56055  87.3816 135.5730 0013621 186.6682 195.3447 15.35197495  3971
ONEWEB-0554             
1 56056U 23043L   23104.58335648 -.01114054  00000+0 -33627-1 0  9995
2 56056  87.3956 135.7474 0012938 184.9655 327.5024 15.36950136  1300
ONEWEB-0555             
1 56057U 23043M   23104.58335648 -.01006804  00000+0 -32195-1 0  9998
2 56057  87.3861 135.7497 0013932 195.2388 266.8140 15.35314120  1304
ONEWEB-0557             
1 56058U 23043N   23104.03437495  .00024533  00000+0  60920-3 0  9997
2 56058  87.4210 135.9396 0012450 187.8196 172.2867 15.40130535  2918
ONEWEB-0558             
1 56059U 23043P   23104.86794663 -.00014236  00000+0 -35226-3 0  9994
2 56059  87.4219 135.6394 0010265 177.0908 183.0409 15.40572645  3945
ONEWEB-0559             
1 56060U 23043Q   23104.48177709 -.00507970  00000+0 -13782-1 0  9993
2 56060  87.4212 135.7754 0011520 175.7507 184.3848 15.39555527  2988
ONEWEB-0566             
1 56061U 23043R   23104.48623961 -.00215833  00000+0 -57352-2 0  9996
2 56061  87.4214 135.7805 0008712 187.0746 173.0387 15.39106611  2987
ONEWEB-0568             
1 56062U 23043S   23105.08334491 -.01149612  00000+0 -40032-1 0  9999
2 56062  87.3669 135.5771 0012823 204.3066  81.5752 15.32568671  3977
ONEWEB-0574             
1 56063U 23043T   23104.21723928 -.00071420  00000+0 -17445-2 0  9994
2 56063  87.4185 135.8566 0008949 179.5065 180.6201 15.41120715  2942
ONEWEB-0575             
1 56064U 23043U   23104.58335648 -.01149564  00000+0 -38134-1 0  9996
2 56064  87.3808 135.7593 0012865 205.7230 212.4527 15.34099983  1309
ONEWEB-0576             
1 56065U 23043V   23104.75001157 -.01204921  00000+0 -39594-1 0  9991
2 56065  87.3833 135.7039 0013960 198.7089  87.7606 15.34513763  3921
ONEWEB-0577             
1 56066U 23043W   23105.08334491 -.00959993  00000+0 -27828-1 0  9991
2 56066  87.4098 135.5872 0014180 200.9226 133.8764 15.38205190  3972
ONEWEB-0578             
1 56067U 23043X   23104.75001157 -.01311110  00000+0 -38786-1 0  9994
2 56067  87.4019 135.6786 0011284 179.3557 218.9153 15.38081852  3928
ONEWEB-0579             
1 56068U 23043Y   23105.08334491 -.01255727  00000+0 -36079-1 0  9996
2 56068  87.4035 135.5582 0009025 182.7028 309.1168 15.38876046  3983
ONEWEB-0581             
1 56069U 23043Z   23105.08334491 -.01149818  00000+0 -39147-1 0  9999
2 56069  87.3706 135.5787 0014037 199.6115 112.9120 15.33258904  3977
ONEWEB-0609             
1 56070U 23043AA  23105.08334491 -.01285664  00000+0 -52177-1 0  9999
2 56070  87.4571 135.6068 0009651 179.6670 130.7033 15.27537641  3975
ONEWEB-0613             
1 56071U 23043AB  23104.58335648 -.01324080  00000+0 -54028-1 0  9992
2 56071  87.4523 135.7921 0013579 203.1397  98.5714 15.27380722  1303
ONEWEB-0630             
1 56072U 23043AC  23105.08334491 -.01343877  00000+0 -57433-1 0  9992
2 56072  87.4541 135.6186 0013459 195.9963 345.1706 15.25905298  3976
ONEWEB-0632             
1 56073U 23043AD  23105.08334491 -.01335148  00000+0 -57415-1 0  9995
2 56073  87.4590 135.6014 0008563 188.2552 118.2818 15.25759870  3976
ONEWEB-0633             
1 56074U 23043AE  23105.25001157 -.00038342  00000+0 -14023-2 0  9999
2 56074  87.4517 135.5368 0009138 181.8098 320.4462 15.28273198  4004
ONEWEB-0634             
1 56075U 23043AF  23104.58335648 -.01179765  00000+0 -46779-1 0  9998
2 56075  87.4506 135.7664 0009082 180.1900 257.7643 15.28536913  1306
ONEWEB-0635             
1 56076U 23043AG  23105.08334491 -.01343601  00000+0 -57438-1 0  9996
2 56076  87.4583 135.6296 0014018 193.8712 355.7728 15.25884420  3973
ONEWEB-0636             
1 56077U 23043AH  23105.08334491 -.01356274  00000+0 -59417-1 0  9996
2 56077  87.4613 135.6173 0011630 176.4150  71.8626 15.25145546  3974
ONEWEB-0637             
1 56078U 23043AJ  23104.58335648 -.01341732  00000+0 -53559-1 0  9990
2 56078  87.4488 135.7970 0011450 210.0178  63.9249 15.28176428  1300
ONEWEB-0647             
1 56079U 23043AK  23104.58335648 -.01364496  00000+0 -55934-1 0  9992
2 56079  87.4535 135.7824 0012470 181.0842 200.5784 15.27341745  1308
ONEWEB-0651             
1 56080U 23043AL  23104.58335648 -.01244949  00000+0 -49923-1 0  9995
2 56080  87.4507 135.7815 0013336 191.6405 173.0394 15.27776940  1303
ONEWEB-0718             
1 56081U 23043AM  23104.58335648 -.01341777  00000+0 -53663-1 0  9999
2 56081  87.4515 135.7779 0011519 181.5664 208.5574 15.28113208  1305
GSLV R/B                
1 56082U 23043AN  23104.51459218  .00023315  00000+0  61397-3 0  9990
2 56082  87.4165 135.7839 0022114 315.9103  44.0387 15.38159273  2981
COSMOS 2568             
1 56091U 23045A   23104.93613693  .00046485  00000+0  25870-3 0  9996
2 56091  96.4594 194.5393 0011470 227.0050 187.3440 15.79253653  2536
SL-4 R/B                
1 56092U 23045B   23104.52926732  .00117056  00000+0  57114-3 0  9992
2 56092  96.4639 194.2138 0013767 227.9902 132.0236 15.81888074  2485
STARLINK-6102           
1 56093U 23046A   23104.58335648 -.00864349  00000+0 -12013-1 0  9993
2 56093  43.0001 169.4108 0001352 282.2338 171.2259 15.58604543  1303
STARLINK-6109           
1 56094U 23046B   23104.58335648 -.00864881  00000+0 -12005-1 0  9996
2 56094  42.9998 169.4019 0001346 283.0365 173.6262 15.58639651  1308
STARLINK-6090           
1 56095U 23046C   23104.58335648 -.00863719  00000+0 -11996-1 0  9994
2 56095  43.0002 169.4085 0001362 286.1992 168.2425 15.58620681  1302
STARLINK-6089           
1 56096U 23046D   23104.58335648 -.00865056  00000+0 -12000-1 0  9998
2 56096  43.0003 169.4000 0001279 279.4362 178.2064 15.58656882  1306
STARLINK-6077           
1 56097U 23046E   23105.33334491 -.00037246  00000+0 -28302-3 0  9994
2 56097  43.0001 163.5266 0001305 256.0802 311.2056 15.71258395  3140
STARLINK-6088           
1 56098U 23046F   23104.58335648 -.00864317  00000+0 -12004-1 0  9993
2 56098  42.9999 169.4047 0001352 283.9630 171.7181 15.58623102  1308
STARLINK-6093           
1 56099U 23046G   23104.58335648 -.00864582  00000+0 -11978-1 0  9997
2 56099  43.0004 169.3962 0001330 281.2113 178.3924 15.58688879  1306
STARLINK-6076           
1 56100U 23046H   23104.58335648 -.00864347  00000+0 -11967-1 0  9997
2 56100  42.9994 169.3923 0001317 280.8823 179.7007 15.58705212  1308
STARLINK-6095           
1 56101U 23046J   23104.58335648 -.00864782  00000+0 -11966-1 0  9990
2 56101  43.0005 169.3912 0001310 279.9195 181.6423 15.58721890  1300
STARLINK-6075           
1 56102U 23046K   23104.58335648 -.00864683  00000+0 -11987-1 0  9994
2 56102  42.9999 169.3975 0001309 278.8440 179.7796 15.58672690  1303
STARLINK-6096           
1 56103U 23046L   23104.58335648 -.00864376  00000+0 -11945-1 0  9998
2 56103  43.0001 169.3861 0001318 281.2737 182.2446 15.58754351  1307
STARLINK-6062           
1 56104U 23046M   23104.58335648 -.00864618  00000+0 -11956-1 0  9990
2 56104  43.0002 169.3881 0001335 283.0241 179.5162 15.58738152  1305
STARLINK-6066           
1 56105U 23046N   23104.58335648 -.00862152  00000+0 -11882-1 0  9990
2 56105  43.0004 169.3764 0001339 277.6871 189.7380 15.58818916  1302
STARLINK-6078           
1 56106U 23046P   23104.58335648 -.00862238  00000+0 -11898-1 0  9993
2 56106  43.0009 169.3816 0001368 284.1010 181.3716 15.58786368  1302
STARLINK-6030           
1 56107U 23046Q   23104.58335648 -.00865199  00000+0 -11912-1 0  9990
2 56107  43.0007 169.3722 0001405 285.6875 183.6876 15.58853326  1305
STARLINK-6081           
1 56108U 23046R   23104.58335648 -.00858954  00000+0 -11857-1 0  9990
2 56108  42.9995 169.3824 0001310 284.5492 179.9464 15.58767995  1308
STARLINK-6083           
1 56109U 23046S   23104.58335648 -.00866923  00000+0 -11945-1 0  9994
2 56109  43.0011 169.3751 0001382 280.7533 187.6464 15.58838055  1304
STARLINK-6082           
1 56110U 23046T   23104.58335648 -.00856448  00000+0 -11805-1 0  9992
2 56110  43.0002 169.3785 0001190 282.4855 183.9617 15.58800428  1308
STARLINK-6084           
1 56111U 23046U   23104.58335648 -.00864016  00000+0 -11865-1 0  9999
2 56111  43.0008 169.3626 0001385 284.1895 189.0807 15.58917751  1304
STARLINK-6080           
1 56112U 23046V   23104.58335648 -.00861189  00000+0 -11838-1 0  9998
2 56112  43.0004 169.3670 0001330 283.5049 187.8184 15.58884095  1302
STARLINK-6113           
1 56113U 23046W   23104.58335648 -.00872015  00000+0 -11975-1 0  9991
2 56113  43.0012 169.3609 0001425 285.0282 189.2127 15.58939558  1303
STARLINK-6103           
1 56114U 23046X   23104.58335648 -.00881290  00000+0 -12141-1 0  9993
2 56114  43.0006 169.3698 0001584 280.3524 189.9916 15.58881069  1304
STARLINK-6101           
1 56115U 23046Y   23104.58335648 -.00863168  00000+0 -11830-1 0  9992
2 56115  43.0012 169.3559 0001362 283.4205 192.7652 15.58967081  1300
STARLINK-6114           
1 56116U 23046Z   23104.58335648 -.00869630  00000+0 -11955-1 0  9991
2 56116  43.0000 169.3643 0001407 283.9293 188.3666 15.58905078  1308
STARLINK-6107           
1 56117U 23046AA  23105.23671676  .00027392  00000+0  21154-3 0  9992
2 56117  43.0013 165.0578 0001178 238.6073 121.4679 15.71367632  3128
STARLINK-6105           
1 56118U 23046AB  23104.58335648 -.00860213  00000+0 -11794-1 0  9992
2 56118  43.0006 169.3577 0001313 285.4868 189.7271 15.58949184  1306
STARLINK-6091           
1 56119U 23046AC  23105.23639975 -.00011646  00000+0 -85554-4 0  9992
2 56119  43.0005 165.0544 0001636 259.1146 100.9538 15.71336034  3120
STARLINK-6079           
1 56120U 23046AD  23105.23681231  .00081287  00000+0  61514-3 0  9991
2 56120  43.0010 165.0575 0001243 287.2799  72.7933 15.71438591  3128
STARLINK-6092           
1 56121U 23046AE  23104.53732519  .00010576  00000+0  83983-4 0  9998
2 56121  43.0009 169.2741 0001223 260.5089  99.5640 15.71357381  2478
STARLINK-6094           
1 56122U 23046AF  23104.58335648 -.00860466  00000+0 -11783-1 0  9995
2 56122  43.0005 169.3527 0001290 282.4764 194.6798 15.58982127  1304
STARLINK-6115           
1 56123U 23046AH  23104.53690392  .00003537  00000+0  30396-4 0  9991
2 56123  43.0017 169.2717 0000826 252.9063 107.1714 15.71357655  2479
STARLINK-6126           
1 56124U 23046AJ  23104.53743959 -.00010927  00000+0 -80098-4 0  9997
2 56124  43.0006 169.2727 0001507 252.1979 107.8725 15.71323696  2471
STARLINK-6119           
1 56125U 23046AK  23104.60057646 -.00022814  00000+0 -17128-3 0  9998
2 56125  43.0016 168.8879 0001405 268.3994  91.6713 15.71317677  3020
STARLINK-6124           
1 56126U 23046AL  23104.60036079  .00019854  00000+0  15441-3 0  9990
2 56126  43.0012 168.8863 0001215 265.6531  94.4198 15.71367574  3025
STARLINK-6104           
1 56127U 23046AM  23104.53648575 -.00007001  00000+0 -50026-4 0  9995
2 56127  43.0010 169.2666 0001054 265.9173  94.1574 15.71341171  2474
STARLINK-6122           
1 56128U 23046AN  23104.53711503 -.00005701  00000+0 -40076-4 0  9997
2 56128  43.0011 169.2713 0001284 293.3394  66.7339 15.71347998  2471
STARLINK-6121           
1 56129U 23046AP  23104.65165704 -.00054595  00000+0 -37925-3 0  9990
2 56129  43.0014 168.4057 0001516 315.5658  44.5089 15.73494981  3031
STARLINK-6117           
1 56130U 23046AQ  23104.60025649  .00000041  00000+0  37564-5 0  9996
2 56130  43.0009 168.8842 0001470 267.7695  92.3005 15.71351154  3021
STARLINK-6120           
1 56131U 23046AR  23104.53595469  .00026395  00000+0  20394-3 0  9992
2 56131  43.0008 169.2623 0001748 253.7584 106.3092 15.71372909  2474
STARLINK-6071           
1 56132U 23046AS  23104.53658251  .00004399  00000+0  36962-4 0  9991
2 56132  43.0018 169.2666 0002087 289.0050  71.0591 15.71367119  2479
STARLINK-5566           
1 56133U 23046AT  23104.59962411  .00005477  00000+0  45171-4 0  9994
2 56133  43.0011 168.8807 0001040 279.1496  80.9254 15.71360515  3027
STARLINK-5564           
1 56134U 23046AU  23105.23545028  .00026044  00000+0  20125-3 0  9992
2 56134  43.0008 165.0459 0001264 249.0578 111.0155 15.71377196  3121
STARLINK-5563           
1 56135U 23046AV  23105.23482343  .00009404  00000+0  75102-4 0  9990
2 56135  43.0012 165.0415 0001380 200.4293 159.6520 15.71348151  3126
STARLINK-5489           
1 56136U 23046AW  23105.23534771  .00047113  00000+0  36067-3 0  9999
2 56136  43.0011 165.0455 0001127 225.4289 134.6487 15.71357124  3126
STARLINK-5090           
1 56137U 23046AX  23105.23440479 -.00003220  00000+0 -21130-4 0  9990
2 56137  43.0016 165.0384 0001122 236.2470 123.8291 15.71345571  3126
STARLINK-4774           
1 56138U 23046AY  23104.59941899  .00036056  00000+0  27766-3 0  9992
2 56138  43.0010 168.8776 0001470 289.9803  70.0907 15.71316989  3025
STARLINK-5378           
1 56139U 23046AZ  23104.59898998  .00016445  00000+0  12849-3 0  9990
2 56139  43.0015 168.8756 0001561 242.4549 117.6160 15.71376298  3029
STARLINK-5375           
1 56140U 23046BA  23104.59929727  .00038426  00000+0  29444-3 0  9999
2 56140  43.0012 168.8779 0001133 267.6310  92.4428 15.71410585  3028
STARLINK-5377           
1 56141U 23046BB  23104.53510931  .00003080  00000+0  26914-4 0  9995
2 56141  43.0018 169.2562 0001324 278.2089  81.8628 15.71367256  2471
STARLINK-5376           
1 56142U 23046BC  23104.59910141  .00090828  00000+0  68825-3 0  9991
2 56142  43.0005 168.8754 0001047 252.0647 108.0107 15.71366062  3028
STARLINK-5016           
1 56143U 23046BD  23104.53490859  .00001892  00000+0  17873-4 0  9996
2 56143  43.0013 169.2547 0001378 263.3036  96.7675 15.71349861  2476
STARLINK-5374           
1 56144U 23046BE  23104.53531826  .00029057  00000+0  22388-3 0  9996
2 56144  42.9991 169.2539 0001668 261.5455  98.5223 15.71395059  2477
STARLINK-5370           
1 56145U 23046BF  23104.53480090  .00048012  00000+0  36748-3 0  9990
2 56145  43.0011 169.2541 0001306 253.1258 106.9466 15.71354691  2473
STARLINK-5111           
1 56146U 23046BG  23104.53501148  .00016705  00000+0  13052-3 0  9996
2 56146  43.0009 169.2558 0001106 277.6757  82.3985 15.71365534  2473
STARLINK-5140           
1 56147U 23046BH  23104.53459256  .00032475  00000+0  25024-3 0  9993
2 56147  43.0013 169.2525 0001188 263.8269  96.2464 15.71344600  2475
STARLINK-5089           
1 56148U 23046BJ  23104.66183086 -.00051995  00000+0 -39666-3 0  9990
2 56148  43.0011 168.4862 0001564 350.9158   9.1682 15.71287614  3031
FALCON 9 DEB            
1 56149U 23046BK  23105.22387695  .00448865  87397-4  11336-2 0  9992
2 56149  43.0098 163.1663 0025691  86.6267 273.7548 15.94128222  2605
FALCON 9 DEB            
1 56150U 23046BL  23104.59113840  .00449258  88131-4  11061-2 0  9991
2 56150  43.0063 167.0194 0023540  84.1434 276.2125 15.94695122  2507
FALCON 9 DEB            
1 56151U 23046BM  23105.20561792  .00486106  10478-3  10822-2 0  9999
2 56151  43.0020 163.0026 0022600  78.5467 281.7946 15.96558479  2608
FALCON 9 DEB            
1 56152U 23046BN  23105.20603199  .00424048  80271-4  98140-3 0  9994
2 56152  43.0006 163.0025 0021189  79.5855 280.7409 15.95926643  2609
2023-047A               
1 56153U 23047A   23105.31412845 -.00081846  00000+0 -38807-2 0  9991
2 56153  97.4347 293.2262 0012744 216.5624 245.8216 15.19575837  2412
2023-047B               
1 56154U 23047B   23104.99095156 -.00022796  00000+0 -10558-2 0  9999
2 56154  97.4375 292.9191 0011456 226.3749 286.2463 15.20052859  2360
2023-047C               
1 56155U 23047C   23104.99011240  .00011276  00000+0  52762-3 0  9995
2 56155  97.4363 292.9221 0013032 225.2907 289.7192 15.19838257  2367
2023-047D               
1 56156U 23047D   23104.84864253 -.00076040  00000+0 -35477-2 0  9995
2 56156  97.4361 292.7878 0013104 231.2794 246.7133 15.20098868  2347
2023-048A               
1 56157U 23048A   23104.83110791  .00000028  00000+0  20453-3 0  9997
2 56157  63.4035 195.6895 0002626 299.9247  60.1519 13.43798292  1964
2023-048B               
1 56158U 23048B   23105.37393957 -.00033239  00000+0 -36858-1 0  9991
2 56158  63.4110 192.6346 0123699  43.0322 318.0322 13.68354933  2069
2023-049A               
1 56159U 23049A   23104.95189257  .00039520  00000+0  14802-2 0  9995
2 56159  97.4119 250.0661 0013425 237.9042 239.0387 15.27086476  1897
2023-050A               
1 56162U 23050A   23102.76410110  .00000011  00000+0  00000+0 0  9998
2 56162  80.9990 105.2922 0005607 200.8081 159.2857 13.84577142  1409
2023-050B               
1 56163U 23050B   23104.49792705  .00000011  00000+0  00000+0 0  9994
2 56163  80.9987 103.6286 0005772 193.5465 166.5537 13.84634833  1652
2023-050C               
1 56164U 23050C   23102.76335001  .00000011  00000+0  00000+0 0  9995
2 56164  80.9988 105.2914 0005835 197.5735 162.5201 13.84680060  1404
2023-050D               
1 56165U 23050D   23102.76318117  .00000011  00000+0  00000+0 0  9995
2 56165  81.0020 105.2941 0006056 194.8217 165.2769 13.84703344  1348
2023-050E               
1 56166U 23050E   23104.49677967  .00000011  00000+0  00000+0 0  9999
2 56166  80.9989 103.6274 0006191 188.1715 171.9353 13.84769137  1582
2023-050F               
1 56167U 23050F   23104.49660228  .00000011  00000+0  00000+0 0  9992
2 56167  81.0023 103.6310 0006318 188.5263 171.5786 13.84789834  1580
2023-050G               
1 56168U 23050G   23104.92972507  .00000011  00000+0  00000+0 0  9997
2 56168  81.0011 103.2155 0006128 186.0524 174.0559 13.84834034  1649
2023-050H               
1 56169U 23050H   23104.92931822  .00000011  00000+0  00000+0 0  9993
2 56169  81.0006 103.2131 0006638 182.4054 177.7080 13.84879971  1640
2023-050J               
1 56170U 23050J   23103.69730319  .00000011  00000+0  00000+0 0  9996
2 56170  81.0005 104.3851 0008843 179.2425 180.8746 13.85357746  1475
2023-050K               
1 56171U 23050K   23104.51449936  .00000011  00000+0  00000+0 0  9991
2 56171  81.0026 103.6066 0008838 213.2921 262.4354 13.85261491  1588
2023-051A               
1 56172U 23051A   23104.92502366  .00061612  31043-5  51301-3 0  9990
2 56172  97.3345 178.1820 0150494 323.0244  36.0710 15.56755777  1218
INTELSAT 40E            
1 56174U 23052A   23104.17297402  .00000239  00000+0  00000+0 0  9999
2 56174  15.3678  94.4067 5955112 180.9425 150.6671  2.03074983   172
FALCON 9 R/B            
1 56175U 23052B   23104.23244801  .00042730 -22549-6  15475-2 0  9999
2 56175  27.0320  93.0809 6986096 182.5190 351.2657  2.70373140   195
