STARLINK-30107          
1 56287U 23056B   23137.16062847  .00090530  00000+0  30932-2 0  9999
2 56287  43.0024  41.4883 0001985 263.5885  96.4741 15.29287152  4761
STARLINK-30106          
1 56288U 23056C   23137.16037105 -.00004010  00000+0 -12933-3 0  9991
2 56288  43.0030  41.4871 0002414 284.2841  75.7743 15.29235391  4766
STARLINK-30095          
1 56289U 23056D   23137.25001157 -.00497484  00000+0 -21745-2 0  9991
2 56289  43.0008  34.2121 0002168 276.8625  93.2279 15.84918143  4856
STARLINK-30103          
1 56290U 23056E   23137.09518362 -.00002113  00000+0 -63724-4 0  9992
2 56290  43.0031  41.8570 0002149 267.1408  92.9198 15.29253557  4752
STARLINK-30113          
1 56291U 23056F   23137.09492574  .00010570  00000+0  37367-3 0  9996
2 56291  43.0032  41.8556 0001987 253.9929 106.0705 15.29245754  4759
STARLINK-30098          
1 56292U 23056G   23137.09454174 -.00001551  00000+0 -44365-4 0  9999
2 56292  43.0033  41.8514 0002402 259.7575 100.3007 15.29229802  4757
STARLINK-30090          
1 56293U 23056H   23137.15998582 -.00003584  00000+0 -11452-3 0  9991
2 56293  43.0025  41.4838 0001796 254.6932 105.3721 15.29262088  4762
STARLINK-30049          
1 56294U 23056J   23137.91667824 -.00741273  00000+0 -22741-1 0  9993
2 56294  43.0032  35.5160 0001182 264.6400 282.7042 15.35628655  4908
STARLINK-30083          
1 56295U 23056K   23137.91667824 -.00490047  00000+0 -21134-2 0  9990
2 56295  43.0005  30.0099 0000651 305.6880 312.9860 15.85186976  4968
STARLINK-30089          
1 56296U 23056L   23137.83334491 -.00487491  00000+0 -17734-2 0  9993
2 56296  42.9993  30.1117 0001766 271.1360  34.4254 15.88610559  4957
STARLINK-30086          
1 56297U 23056M   23137.25001157 -.00743456  00000+0 -21488-1 0  9996
2 56297  43.0035  39.2673 0001373 273.3072 208.6765 15.37469355  4808
STARLINK-30109          
1 56298U 23056N   23137.91667824 -.00742042  00000+0 -22473-1 0  9994
2 56298  43.0034  35.4827 0001209 262.9083 298.3410 15.36029753  4908
STARLINK-30108          
1 56299U 23056P   23137.91667824  .00102764  00000+0  70828-3 0  9993
2 56299  43.0027  31.9342 0005869 250.8576 315.7008 15.73527176  4947
STARLINK-30104          
1 56300U 23056Q   23136.76655261  .00005112  00000+0  18554-3 0  9997
2 56300  43.0023  43.6916 0001892 264.2583  95.8053 15.29257600  5368
STARLINK-30101          
1 56301U 23056R   23137.15541801  .00068068  00000+0  23374-2 0  9990
2 56301  43.0024  41.4498 0002030 265.1222  94.9398 15.29254447  4767
STARLINK-30111          
1 56302U 23056S   23137.25001157 -.00744251  00000+0 -21250-1 0  9994
2 56302  43.0033  39.2368 0001371 273.0904 221.6014 15.37844940  4802
STARLINK-30097          
1 56303U 23056T   23137.91667824 -.00918029  00000+0 -27362-1 0  9993
2 56303  43.0031  35.4322 0000556 264.6210 317.5700 15.36659914  4901
STARLINK-30099          
1 56304U 23056U   23137.25001157 -.00761515  00000+0 -16673-1 0  9991
2 56304  43.0036  39.0018 0001364 275.3066 317.2953 15.45784912  4808
STARLINK-30094          
1 56305U 23056V   23137.25001157 -.00743483  00000+0 -20958-1 0  9997
2 56305  43.0032  39.2069 0001420 280.2261 226.5894 15.38232063  4801
STARLINK-30112          
1 56306U 23056W   23137.25001157 -.00740846  00000+0 -21008-1 0  9995
2 56306  43.0032  39.2220 0001466 280.2777 220.3932 15.38042005  4803
POEM-2                  
1 56308U 23057A   23137.68111248  .00002075  00000+0  14806-3 0  9991
2 56308   9.8875 127.3794 0023874 204.7339 155.1726 14.88331255  3770
LUMELITE-4              
1 56309U 23057B   23137.23237559  .00005198  00000+0  39847-3 0  9998
2 56309   9.9923 128.9175 0008890 341.1617  18.8267 14.95239474  3720
TELEOS-2                
1 56310U 23057C   23128.38332941  .00135058  00000+0  11810-1 0  9994
2 56310   9.9906 193.3164 0005699 214.5873 230.2880 14.94732083  2394
ARKSAT 1                
1 56311U 98067VC  23137.66103220  .00045077  00000+0  69757-3 0  9991
2 56311  51.6372 119.4608 0007445 359.8526   0.2461 15.53573382  3614
AURORASAT               
1 56312U 98067VD  23136.95330592  .00055284  00000+0  85217-3 0  9997
2 56312  51.6372 122.9841 0007386 356.2113   3.8820 15.53593015  3534
EX-ALTA-2               
1 56313U 98067VE  23137.66141257  .00044947  00000+0  69594-3 0  9999
2 56313  51.6370 119.4630 0007282 358.8869   1.2104 15.53560965  3637
LIGHTCUBE               
1 56314U 98067VF  23136.95487686  .00053578  00000+0  82705-3 0  9999
2 56314  51.6372 122.9945 0007050 339.8348  20.2362 15.53570137  3552
NEUDOSE                 
1 56315U 98067VG  23137.47524300  .00036613  00000+0  58480-3 0  9997
2 56315  51.6373 120.4683 0007505 339.7618  20.3074 15.52793160  3586
YUKONSAT                
1 56316U 98067VH  23136.95862934  .00042653  00000+0  67362-3 0  9998
2 56316  51.6369 123.0180 0007247 338.3706  21.6977 15.53037289  3523
STARLINK-6038           
1 56317U 23058A   23137.50001157 -.00889853  00000+0 -18025-1 0  9994
2 56317  97.6620 137.7617 0001745 101.9882  54.8507 15.49134850  3442
STARLINK-5954           
1 56318U 23058B   23137.50001157 -.00889428  00000+0 -18006-1 0  9992
2 56318  97.6611 137.7621 0001741  98.4273  59.5423 15.49149952  3446
STARLINK-6039           
1 56319U 23058C   23137.50001157 -.00889818  00000+0 -18004-1 0  9994
2 56319  97.6620 137.7627 0001731 100.5405  58.5557 15.49166833  3448
STARLINK-5988           
1 56320U 23058D   23137.91667824 -.00802406  00000+0 -16548-1 0  9999
2 56320  97.6615 138.2053 0001443  93.2559 226.8929 15.48354903  3518
STARLINK-5876           
1 56321U 23058E   23137.50001157 -.00888715  00000+0 -17959-1 0  9990
2 56321  97.6619 137.7637 0001759 104.3176  57.0310 15.49199010  3441
STARLINK-6033           
1 56322U 23058F   23137.50001157 -.00888921  00000+0 -18000-1 0  9998
2 56322  97.6615 137.7619 0001749 101.9096  55.4963 15.49141571  3446
STARLINK-6035           
1 56323U 23058G   23137.50001157 -.00889712  00000+0 -17986-1 0  9990
2 56323  97.6621 137.7635 0001738 102.0743  58.7112 15.49191437  3449
STARLINK-6034           
1 56324U 23058H   23137.50001157 -.00888635  00000+0 -17973-1 0  9990
2 56324  97.6616 137.7629 0001759 102.4984  57.1616 15.49174087  3445
STARLINK-5981           
1 56325U 23058J   23137.50001157 -.00889464  00000+0 -17960-1 0  9998
2 56325  97.6621 137.7645 0001732  99.4968  63.5400 15.49223877  3442
STARLINK-5980           
1 56326U 23058K   23137.50001157 -.00889700  00000+0 -17991-1 0  9996
2 56326  97.6615 137.7632 0001744 102.3631  57.8596 15.49183091  3441
STARLINK-5997           
1 56327U 23058L   23137.50001157 -.00888439  00000+0 -17922-1 0  9999
2 56327  97.6620 137.7653 0001756 103.5132  61.2105 15.49247879  3443
STARLINK-5992           
1 56328U 23058M   23137.91667824 -.00809426  00000+0 -16670-1 0  9992
2 56328  97.6621 138.2072 0001457  90.6599 233.5157 15.48415543  3510
STARLINK-5984           
1 56329U 23058N   23137.50001157 -.00889338  00000+0 -17947-1 0  9997
2 56329  97.6619 137.7651 0001736  99.7719  64.3901 15.49239993  3442
STARLINK-5967           
1 56330U 23058P   23137.50001157 -.00888529  00000+0 -17950-1 0  9994
2 56330  97.6618 137.7640 0001753 102.8271  59.0853 15.49206767  3449
STARLINK-5991           
1 56331U 23058Q   23137.91667824 -.00808856  00000+0 -16624-1 0  9991
2 56331  97.6622 138.2090 0001444  90.5153 237.6808 15.48472670  3518
STARLINK-5093           
1 56332U 23058R   23137.50001157 -.00889564  00000+0 -17957-1 0  9993
2 56332  97.6624 137.7648 0001742 102.6374  60.9622 15.49232037  3440
STARLINK-5553           
1 56333U 23058S   23137.50001157 -.00889420  00000+0 -17923-1 0  9998
2 56333  97.6627 137.7664 0001719  98.8402  68.1316 15.49280952  3443
STARLINK-5548           
1 56334U 23058T   23137.50001157 -.00889355  00000+0 -17937-1 0  9991
2 56334  97.6617 137.7655 0001745 102.1193  63.1671 15.49256305  3442
STARLINK-5559           
1 56335U 23058U   23137.50001157 -.00894082  00000+0 -18010-1 0  9998
2 56335  97.6624 137.7672 0001739  96.6475  72.0091 15.49306148  3449
STARLINK-5562           
1 56336U 23058V   23137.50001157 -.00889363  00000+0 -17932-1 0  9997
2 56336  97.6622 137.7658 0001727  99.4164  66.4315 15.49264644  3445
STARLINK-5561           
1 56337U 23058W   23137.83334491 -.00776165  00000+0 -15803-1 0  9994
2 56337  97.6629 138.1220 0001586  95.9798 130.8193 15.48638618  3490
STARLINK-5554           
1 56338U 23058X   23137.91667824 -.00817702  00000+0 -16808-1 0  9992
2 56338  97.6623 138.2096 0001449  88.7757 240.5638 15.48496298  3512
STARLINK-5552           
1 56339U 23058Y   23137.50001157 -.00893829  00000+0 -17989-1 0  9994
2 56339  97.6625 137.7680 0001737  95.6695  74.6703 15.49330428  3440
STARLINK-5540           
1 56340U 23058Z   23137.91667824 -.00817045  00000+0 -16790-1 0  9995
2 56340  97.6622 138.2098 0001424  95.6333 234.2825 15.48502087  3518
STARLINK-5543           
1 56341U 23058AA  23137.50001157 -.00893886  00000+0 -17980-1 0  9991
2 56341  97.6631 137.7685 0001731  96.6800  74.7817 15.49346649  3447
STARLINK-5955           
1 56342U 23058AB  23137.50001157 -.00893915  00000+0 -17996-1 0  9992
2 56342  97.6621 137.7676 0001769 101.7208  68.0588 15.49322130  3448
STARLINK-5976           
1 56343U 23058AC  23137.50001157 -.00893995  00000+0 -17972-1 0  9995
2 56343  97.6622 137.7690 0001754 101.9775  70.6056 15.49362894  3441
STARLINK-5974           
1 56344U 23058AD  23137.83334491 -.00777159  00000+0 -15811-1 0  9995
2 56344  97.6621 138.1227 0001598  92.6986 135.8124 15.48663687  3496
STARLINK-5979           
1 56345U 23058AE  23137.83334491 -.00778434  00000+0 -15816-1 0  9998
2 56345  97.6633 138.1241 0001592  91.2111 140.1507 15.48705361  3495
STARLINK-5837           
1 56346U 23058AF  23137.83334491 -.00776414  00000+0 -15786-1 0  9991
2 56346  97.6630 138.1232 0001598  88.3987 141.2540 15.48679168  3491
STARLINK-5829           
1 56347U 23058AG  23137.83334491 -.00777946  00000+0 -15801-1 0  9991
2 56347  97.6625 138.1243 0001595  94.3960 137.5359 15.48713012  3496
STARLINK-5888           
1 56348U 23058AH  23137.83334491 -.00775441  00000+0 -15756-1 0  9999
2 56348  97.6620 138.1237 0001592  94.1723 136.6211 15.48694680  3493
STARLINK-5887           
1 56349U 23058AJ  23137.50001157 -.00893763  00000+0 -17931-1 0  9999
2 56349  97.6629 137.7708 0001752 101.1211  75.3820 15.49419542  3443
STARLINK-5886           
1 56350U 23058AK  23137.50001157 -.00893743  00000+0 -17941-1 0  9990
2 56350  97.6624 137.7702 0001752  99.8245  75.5602 15.49403043  3443
STARLINK-5891           
1 56351U 23058AL  23137.50001157 -.00893812  00000+0 -17927-1 0  9992
2 56351  97.6622 137.7710 0001755  99.4128  77.6502 15.49427550  3441
STARLINK-5885           
1 56352U 23058AM  23137.50001157 -.00893738  00000+0 -17946-1 0  9991
2 56352  97.6627 137.7700 0001753  98.5479  76.2766 15.49394962  3440
STARLINK-5874           
1 56353U 23058AN  23137.50001157 -.00893666  00000+0 -17878-1 0  9996
2 56353  97.6629 137.7733 0001737  99.9657  82.1281 15.49500119  3445
STARLINK-5877           
1 56354U 23058AP  23137.50001157 -.00893845  00000+0 -17938-1 0  9993
2 56354  97.6629 137.7705 0001737 100.1282  75.8153 15.49411472  3444
STARLINK-5533           
1 56355U 23058AQ  23137.50001157 -.00893751  00000+0 -17905-1 0  9994
2 56355  97.6630 137.7721 0001768 103.2097  76.0893 15.49460082  3442
STARLINK-5535           
1 56356U 23058AR  23137.91667824 -.00817464  00000+0 -16713-1 0  9992
2 56356  97.6626 138.2146 0001450  88.5041 251.7156 15.48648946  3515
STARLINK-5538           
1 56357U 23058AS  23137.50001157 -.00893793  00000+0 -17911-1 0  9999
2 56357  97.6632 137.7719 0001765 103.8886  74.8513 15.49452087  3443
STARLINK-5482           
1 56358U 23058AT  23137.91667824 -.00815644  00000+0 -16678-1 0  9992
2 56358  97.6627 138.2143 0001453  94.7316 244.9175 15.48639511  3515
STARLINK-5551           
1 56359U 23058AU  23137.83334491 -.00768467  00000+0 -15546-1 0  9998
2 56359  97.6638 138.1272 0001621  92.9488 145.2433 15.48797926  3499
STARLINK-5549           
1 56360U 23058AV  23137.50001157 -.00893711  00000+0 -17899-1 0  9998
2 56360  97.6630 137.7723 0001768 103.6580  76.1999 15.49468182  3448
STARLINK-5550           
1 56361U 23058AW  23137.50001157 -.00893723  00000+0 -17884-1 0  9996
2 56361  97.6639 137.7732 0001754  99.9955  81.5380 15.49492468  3444
STARLINK-5972           
1 56362U 23058AX  23137.91667824 -.00814900  00000+0 -16633-1 0  9992
2 56362  97.6628 138.2159 0001448  89.7892 253.2855 15.48688254  3511
FALCON 9 DEB            
1 56363U 23058AY  23137.04589128  .00235097  22442-4  72984-3 0  9991
2 56363  97.6708 137.9097 0036803 175.9873 184.1701 15.90431243  3566
FALCON 9 DEB            
1 56364U 23058AZ  23137.79470423  .00248223  25067-4  73550-3 0  9992
2 56364  97.6673 138.7664 0034945 171.0611 189.1292 15.91438019  3681
FALCON 9 DEB            
1 56365U 23058BA  23137.46356853  .00297856  36100-4  79148-3 0  9992
2 56365  97.6609 138.4225 0037731 169.4462 190.7612 15.93298700  3634
FALCON 9 DEB            
1 56366U 23058BB  23137.77520602  .00281600  32489-4  74396-3 0  9998
2 56366  97.6613 138.7806 0037157 165.3976 194.8381 15.93446685  3685
2023-059A               
1 56367U 23059A   23134.39977557  .00000049  00000+0  00000+0 0  9992
2 56367   8.5987   0.2844 1878035 224.4640 118.8781  7.26267968  1152
2023-059B               
1 56368U 23059B   23128.66151220  .00000054  00000+0  60270-2 0  9991
2 56368   8.1821   8.1410 1827344 207.7748 141.1643  7.15155120   713
2023-059C               
1 56369U 23059C   23136.72670590  .00000049  00000+0  00000+0 0  9990
2 56369   8.5993 356.8883 1880581 231.2734 110.3898  7.26703369  1294
VIASAT-3                
1 56370U 23060A   23136.80412300 -.00000188  00000+0  00000+0 0  9991
2 56370   0.0233 262.6018 0000432 155.0952  17.1237  1.00273096   146
ARCTURUS                
1 56371U 23060B   23137.05257520  .00000126  00000+0  00000+0 0  9992
2 56371   0.0607  43.3305 0000947   9.1133  38.1509  1.00272340   164
GS-1                    
1 56372U 23060C   23136.34326419 -.00000044  00000+0  00000+0 0  9998
2 56372   0.0760  61.3953 0009722  56.0964 242.6071  1.04490956   128
FALCON HEAVY R/B        
1 56373U 23060D   23136.82661153 -.00000074  00000+0  00000+0 0  9992
2 56373   0.0772  61.7322 0010039 167.4931 326.8413  1.04743818   167
STARLINK-6156           
1 56374U 23061A   23137.09614489 -.00011794  00000+0 -86671-4 0  9999
2 56374  43.0000  34.4058 0001534 265.5475  94.5218 15.71340779  2336
STARLINK-6158           
1 56375U 23061B   23137.09593009  .00001042  00000+0  11395-4 0  9998
2 56375  43.0003  34.4048 0001882 267.5070  92.5582 15.71356604  2312
STARLINK-6188           
1 56376U 23061C   23137.09603423  .00006242  00000+0  50997-4 0  9999
2 56376  43.0003  34.4069 0001893 261.7734  98.2919 15.71362507  2317
STARLINK-6189           
1 56377U 23061D   23137.09582464  .00000221  00000+0  51305-5 0  9997
2 56377  43.0008  34.4047 0001866 270.2248  89.8406 15.71356471  2314
STARLINK-6191           
1 56378U 23061E   23137.09540472  .00000761  00000+0  92535-5 0  9990
2 56378  43.0002  34.4021 0001796 276.3589  83.7074 15.71356400  2314
STARLINK-6157           
1 56379U 23061F   23137.09572054  .00004235  00000+0  35719-4 0  9992
2 56379  43.0002  34.4042 0001830 272.9420  87.1239 15.71358083  2313
STARLINK-6161           
1 56380U 23061G   23137.09550770  .00008526  00000+0  68357-4 0  9996
2 56380  42.9999  34.4029 0001908 268.6916  91.3734 15.71369429  2314
STARLINK-6159           
1 56381U 23061H   23137.09561402  .00016730  00000+0  13066-3 0  9993
2 56381  42.9994  34.4049 0002138 267.6775  92.3848 15.71374446  2312
STARLINK-6160           
1 56382U 23061J   23137.09519532 -.00000159  00000+0  22328-5 0  9993
2 56382  43.0003  34.3984 0001772 255.6119 104.4552 15.71353705  2317
STARLINK-6166           
1 56383U 23061K   23137.09529993  .00017325  00000+0  13526-3 0  9996
2 56383  43.0000  34.4017 0001942 260.9094  99.1554 15.71360089  2318
STARLINK-6153           
1 56384U 23061L   23137.09487774  .00003974  00000+0  33731-4 0  9993
2 56384  43.0000  34.3973 0002003 269.1749  90.8890 15.71359164  2319
STARLINK-6173           
1 56385U 23061M   23137.09508749  .00006693  00000+0  54416-4 0  9994
2 56385  43.0000  34.3993 0001894 268.2429  91.8222 15.71368608  2317
STARLINK-5836           
1 56386U 23061N   23137.09467131 -.00006334  00000+0 -44907-4 0  9992
2 56386  43.0006  34.3939 0001861 248.6726 111.3943 15.71344992  2318
STARLINK-6178           
1 56387U 23061P   23137.09498841 -.00006490  00000+0 -46107-4 0  9992
2 56387  43.0000  34.3979 0002018 259.8408 100.2233 15.71340811  2318
STARLINK-6176           
1 56388U 23061Q   23137.09435608 -.00007830  00000+0 -56357-4 0  9992
2 56388  42.9989  34.3943 0002261 245.1566 114.9067 15.71335402  2314
STARLINK-6145           
1 56389U 23061R   23137.09477421  .00006640  00000+0  54022-4 0  9995
2 56389  43.0003  34.3978 0001944 261.8957  98.1690 15.71363090  2317
STARLINK-6300           
1 56390U 23061S   23137.09414303  .00002774  00000+0  24595-4 0  9993
2 56390  42.9996  34.3924 0001949 275.9345  84.1301 15.71356920  2319
STARLINK-6298           
1 56391U 23061T   23137.09456694 -.00001748  00000+0 -98874-5 0  9997
2 56391  43.0001  34.3947 0001830 266.9403  93.1255 15.71347976  2317
STARLINK-6301           
1 56392U 23061U   23137.09425071 -.00001176  00000+0 -55197-5 0  9999
2 56392  42.9994  34.3926 0001834 267.1533  92.9125 15.71350483  2315
STARLINK-6303           
1 56393U 23061V   23137.09446451 -.00000602  00000+0 -11469-5 0  9992
2 56393  43.0009  34.3926 0001587 259.0426 101.0263 15.71351205  2319
STARLINK-6305           
1 56394U 23061W   23137.09382886 -.00002815  00000+0 -18026-4 0  9997
2 56394  43.0003  34.3866 0001759 261.8374  98.2294 15.71353493  2313
STARLINK-6273           
1 56395U 23061X   23137.09393244  .00031618  00000+0  24354-3 0  9999
2 56395  43.0006  34.3906 0002296 253.6768 106.3847 15.71363884  2315
STARLINK-6302           
1 56396U 23061Y   23137.09361691  .00002790  00000+0  24714-4 0  9991
2 56396  42.9999  34.3866 0001820 266.9042  93.1618 15.71355937  2313
STARLINK-6271           
1 56397U 23061Z   23137.09404046 -.00000794  00000+0 -26105-5 0  9995
2 56397  42.9992  34.3909 0001986 259.9998 100.0645 15.71344126  2316
STARLINK-6288           
1 56398U 23061AA  23137.02994900  .00002646  00000+0  23619-4 0  9994
2 56398  43.0012  34.7688 0001823 260.6173  99.4489 15.71357442  2305
STARLINK-6277           
1 56399U 23061AB  23137.09372235  .00002386  00000+0  21640-4 0  9996
2 56399  43.0001  34.3875 0001809 268.4503  91.6158 15.71356030  2315
STARLINK-6267           
1 56400U 23061AC  23136.96617825  .00005273  00000+0  43616-4 0  9996
2 56400  43.0000  35.1524 0001689 263.2200  96.8476 15.71365278  2291
STARLINK-6256           
1 56401U 23061AD  23137.09309286  .00005942  00000+0  48709-4 0  9992
2 56401  42.9993  34.3829 0001443 282.4207  77.6500 15.71364243  2317
STARLINK-6269           
1 56402U 23061AE  23137.09298682  .00007161  00000+0  57991-4 0  9998
2 56402  43.0004  34.3818 0001811 271.8876  88.1784 15.71361742  2316
STARLINK-6284           
1 56403U 23061AF  23136.96628357  .00053839  00000+0  41144-3 0  9995
2 56403  43.0001  35.1525 0002061 266.2595  93.8038 15.71349976  2299
STARLINK-6287           
1 56404U 23061AG  23137.09277595  .00005944  00000+0  48734-4 0  9992
2 56404  43.0000  34.3810 0001861 278.7471  81.3186 15.71358451  2312
STARLINK-6285           
1 56405U 23061AH  23137.09319749  .00021222  00000+0  16484-3 0  9994
2 56405  42.9993  34.3853 0002094 287.6378  72.4261 15.71358003  2311
STARLINK-6283           
1 56406U 23061AJ  23137.09246191  .00006039  00000+0  49452-4 0  9996
2 56406  43.0002  34.3779 0001660 271.5225  88.5453 15.71360529  2310
STARLINK-6282           
1 56407U 23061AK  23137.09288181  .00008650  00000+0  69309-4 0  9996
2 56407  43.0001  34.3815 0001851 266.8499  93.2157 15.71365220  2310
STARLINK-6289           
1 56408U 23061AL  23137.09235635  .00006977  00000+0  56591-4 0  9992
2 56408  43.0002  34.3766 0001693 267.3847  92.6827 15.71361906  2318
STARLINK-6241           
1 56409U 23061AM  23137.09267130 -.00002423  00000+0 -15034-4 0  9999
2 56409  43.0000  34.3787 0001881 267.2335  92.8317 15.71350152  2317
STARLINK-6281           
1 56410U 23061AN  23137.09214541  .00003618  00000+0  31019-4 0  9995
2 56410  43.0000  34.3753 0001866 264.8416  95.2239 15.71359273  2311
STARLINK-6279           
1 56411U 23061AP  23137.72818549  .00002054  00000+0  19104-4 0  9998
2 56411  43.0000  30.5439 0001815 260.1064  99.9599 15.71357323  2418
STARLINK-6278           
1 56412U 23061AQ  23137.09193555 -.00002053  00000+0 -12212-4 0  9996
2 56412  42.9996  34.3734 0001794 267.0081  93.0581 15.71351450  2312
STARLINK-6258           
1 56413U 23061AR  23137.09225093  .00004488  00000+0  37639-4 0  9992
2 56413  42.9999  34.3755 0001797 252.0135 108.0537 15.71363910  2318
STARLINK-5136           
1 56414U 23061AS  23137.09172655 -.00003280  00000+0 -21582-4 0  9999
2 56414  43.0006  34.3700 0001752 262.1204  97.9465 15.71347404  2316
STARLINK-6268           
1 56415U 23061AT  23137.09204096  .00003382  00000+0  29226-4 0  9999
2 56415  42.9996  34.3736 0001804 263.7985  96.2678 15.71358549  2313
STARLINK-6260           
1 56416U 23061AU  23137.09151545  .00001688  00000+0  16320-4 0  9998
2 56416  42.9995  34.3703 0001993 265.0147  95.0493 15.71354900  2310
STARLINK-6261           
1 56417U 23061AV  23137.09182918  .00000757  00000+0  92172-5 0  9993
2 56417  43.0003  34.3711 0001799 258.9069 101.1596 15.71353555  2318
STARLINK-5356           
1 56418U 23061AW  23137.09130479  .00011325  00000+0  89738-4 0  9995
2 56418  42.9998  34.3685 0001744 265.7698  94.2971 15.71342554  2310
STARLINK-5350           
1 56419U 23061AX  23137.09162036  .00010613  00000+0  84330-4 0  9992
2 56419  42.9998  34.3707 0001722 262.9987  97.0685 15.71339326  2318
STARLINK-6272           
1 56420U 23061AY  23137.09120024  .00000131  00000+0  44461-5 0  9991
2 56420  43.0006  34.3671 0001931 267.6155  92.4492 15.71351515  2312
STARLINK-6270           
1 56421U 23061AZ  23136.83716342  .00000265  00000+0  54649-5 0  9994
2 56421  42.9993  35.9030 0001705 266.0075  94.0598 15.71352897  1986
STARLINK-6236           
1 56422U 23061BA  23137.09098899 -.00000268  00000+0  14047-5 0  9996
2 56422  43.0009  34.3645 0001945 253.4336 106.6318 15.71349856  2317
STARLINK-6239           
1 56423U 23061BB  23137.09109663 -.00000578  00000+0 -95824-6 0  9997
2 56423  43.0001  34.3670 0001591 266.9538  93.1148 15.71353673  2311
STARLINK-6242           
1 56424U 23061BC  23137.09077775 -.00001094  00000+0 -48975-5 0  9994
2 56424  42.9994  34.3645 0001901 260.3472  99.7181 15.71351716  2318
STARLINK-6224           
1 56425U 23061BD  23137.09088421 -.00001038  00000+0 -44683-5 0  9995
2 56425  43.0004  34.3634 0001787 264.1183  95.9482 15.71349733  2312
STARLINK-5352           
1 56426U 23061BE  23137.09056750 -.00008079  00000+0 -58249-4 0  9990
2 56426  42.9999  34.3610 0001677 252.2236 107.8449 15.71342606  2311
STARLINK-5724           
1 56427U 23061BF  23136.83642723  .00000999  00000+0  11064-4 0  9998
2 56427  42.9996  35.8987 0001794 257.5665 102.5002 15.71356774  1986
STARLINK-6238           
1 56428U 23061BG  23137.09046273 -.00000424  00000+0  21914-6 0  9997
2 56428  43.0012  34.3625 0001876 289.6708  70.3957 15.71359615  2312
STARLINK-6264           
1 56429U 23061BH  23137.09035815  .00003488  00000+0  30032-4 0  9999
2 56429  42.9998  34.3611 0001853 265.8446  94.2210 15.71359715  2317
FALCON 9 DEB            
1 56430U 23061BJ  23137.06773994  .00270338  35038-4  83059-3 0  9995
2 56430  43.0177  33.2923 0022148  74.3475 285.9842 15.90648620  2035
FALCON 9 DEB            
1 56431U 23061BK  23137.06395971  .00291935  39844-4  86788-3 0  9998
2 56431  43.0151  33.2598 0018710  79.6784 280.6200 15.91396031  2034
FALCON 9 DEB            
1 56432U 23061BL  23137.11794176  .00331667  49908-4  92215-3 0  9996
2 56432  43.0102  32.7901 0016662  65.4085 294.8525 15.92718619  2043
FALCON 9 DEB            
1 56433U 23061BM  23137.74401127  .00277191  37225-4  76671-3 0  9995
2 56433  43.0097  28.8762 0015451  72.5883 287.6681 15.92878523  2143
TROPICS-05              
1 56442U 23062A   23137.07413006  .00007287  00000+0  47738-3 0  9996
2 56442  32.7361  92.5512 0011037 306.8070  53.1586 15.06620302  1357
2023-062B               
1 56443U 23062B   23137.00290247  .00008959  00000+0  57351-3 0  9999
2 56443  32.7338  92.9327 0013478 306.0597  53.8824 15.07468407  1345
TROPICS-06              
1 56444U 23062C   23137.00141941  .00007853  00000+0  49886-3 0  9992
2 56444  32.7358  92.9145 0015620 300.2135  59.6987 15.07705805  1318
2023-062D               
1 56445U 23062D   23136.35227267 -.00000045  00000+0  00000+0 0  9994
2 56445  35.4812  99.7216 0014123 303.2993  56.7447 15.05583441  1227
TIANZHOU-6              
1 56446U 23063A   23135.59911935  .00034997  00000+0  41803-3 0  9995
2 56446  41.4750 353.9597 0008854 169.5027 289.3997 15.60263299116743
CZ-7 R/B                
1 56447U 23063B   23137.86556931  .01678268  77334-5  50089-3 0  9991
2 56447  41.4804 336.7796 0055609 237.7224 251.1658 16.21663360  1162
STARLINK A              
1 56448U 23064A   23137.91667824 -.01000637  29089-3 -36619-2 0  9998
2 56448  70.0002 225.4482 0014092 164.0049 252.6491 15.87985894  1492
STARLINK B              
1 56449U 23064B   23137.91667824 -.01001811  29141-3 -36758-2 0  9997
2 56449  70.0006 225.4487 0013662 163.9445 251.7514 15.87943588  1492
STARLINK C              
1 56450U 23064C   23137.91667824 -.00995837  28834-3 -36473-2 0  9990
2 56450  70.0002 225.4478 0013046 164.5608 252.3421 15.87993425  1493
STARLINK D              
1 56451U 23064D   23137.91667824 -.01001896  29148-3 -36754-2 0  9996
2 56451  69.9996 225.4482 0013379 164.6001 251.3407 15.87954131  1499
STARLINK E              
1 56452U 23064E   23137.91667824 -.01000894  29097-3 -36698-2 0  9994
2 56452  70.0002 225.4485 0013387 163.9583 252.2203 15.87964404  1498
STARLINK F              
1 56453U 23064F   23137.91667824 -.00998376  28964-3 -36569-2 0  9994
2 56453  69.9992 225.4474 0013848 170.5552 245.8671 15.87973364  1496
STARLINK G              
1 56454U 23064G   23137.91667824 -.00997562  28938-3 -36416-2 0  9993
2 56454  70.0004 225.4463 0014025 163.7861 254.0821 15.88037179  1492
STARLINK H              
1 56455U 23064H   23137.91667824 -.01000632  29107-3 -36529-2 0  9992
2 56455  69.9993 225.4454 0013494 164.2623 253.8383 15.88049791  1491
STARLINK J              
1 56456U 23064J   23137.91667824 -.01001040  29117-3 -36594-2 0  9990
2 56456  70.0003 225.4472 0014120 163.3288 253.8162 15.88007192  1495
STARLINK K              
1 56457U 23064K   23137.91667824 -.01000433  29090-3 -36599-2 0  9991
2 56457  69.9988 225.4458 0012576 165.2077 252.4246 15.88027891  1495
STARLINK L              
1 56458U 23064L   23137.91667824 -.01000836  29109-3 -36601-2 0  9994
2 56458  70.0000 225.4467 0013343 164.3787 253.0077 15.88017716  1499
STARLINK M              
1 56459U 23064M   23137.91667824 -.00999676  29067-3 -36429-2 0  9994
2 56459  69.9998 225.4442 0013252 164.1458 254.9352 15.88091332  1490
STARLINK N              
1 56460U 23064N   23137.91667824 -.01000384  29096-3 -36465-2 0  9998
2 56460  70.0000 225.4455 0014305 163.2364 255.0989 15.88060550  1495
STARLINK P              
1 56461U 23064P   23137.91667824 -.00999707  29075-3 -36359-2 0  9993
2 56461  69.9997 225.4433 0014011 163.7495 255.8075 15.88112770  1494
STARLINK Q              
1 56462U 23064Q   23137.91667824 -.00854632  24110-3 -16742-2 0  9990
2 56462  70.0001 225.3575 0042685 153.8637 338.2839 15.98152990  1499
STARLINK R              
1 56463U 23064R   23137.91667824 -.00999088  29044-3 -36319-2 0  9999
2 56463  69.9998 225.4429 0013979 163.7357 256.0594 15.88123155  1499
STARLINK S              
1 56464U 23064S   23137.91667824 -.00999024  29029-3 -36367-2 0  9996
2 56464  69.9993 225.4446 0014580 162.7740 256.0676 15.88080278  1497
STARLINK T              
1 56465U 23064T   23137.91667824 -.00759489  19399-3 -14772-2 0  9991
2 56465  69.9984 225.2932 0043141 154.1129  30.4655 15.98225037  1493
STARLINK U              
1 56466U 23064U   23137.83334491 -.01068371  32936-3 -38469-2 0  9999
2 56466  69.9993 225.6844 0014982 163.8629 139.1369 15.88300018  1483
STARLINK V              
1 56467U 23064V   23137.91667824 -.00998817  29047-3 -36185-2 0  9996
2 56467  70.0000 225.4409 0014196 163.7074 257.5225 15.88186853  1497
STARLINK W              
1 56468U 23064W   23137.91667824 -.00998464  29016-3 -36281-2 0  9998
2 56468  69.9993 225.4426 0013469 164.0543 256.2286 15.88143760  1495
STARLINK X              
1 56469U 23064X   23137.91667824 -.00999527  29077-3 -36315-2 0  9995
2 56469  69.9996 225.4420 0013117 163.8706 256.6502 15.88154633  1497
STARLINK Y              
1 56470U 23064Y   23137.91667824 -.00999199  29065-3 -36213-2 0  9996
2 56470  69.9998 225.4419 0014321 163.0212 257.9724 15.88175921  1494
STARLINK Z              
1 56471U 23064Z   23137.91667824 -.00998792  29052-3 -36148-2 0  9998
2 56471  70.0001 225.4406 0014170 163.4925 258.2184 15.88207591  1499
STARLINK AA             
1 56472U 23064AA  23137.91667824 -.00998875  29053-3 -36163-2 0  9999
2 56472  69.9999 225.4412 0014335 163.2749 258.2033 15.88196827  1497
STARLINK AB             
1 56473U 23064AB  23137.91667824 -.00998347  29036-3 -36053-2 0  9993
2 56473  69.9991 225.4397 0014690 162.9344 259.5150 15.88238451  1497
STARLINK AC             
1 56474U 23064AC  23137.91667824 -.00999264  29065-3 -36222-2 0  9993
2 56474  69.9999 225.4420 0014598 162.7143 258.0429 15.88165246  1499
STARLINK AD             
1 56475U 23064AD  23137.83334491 -.01075088  33375-3 -38377-2 0  9998
2 56475  69.9992 225.6794 0015048 162.7321 144.0518 15.88473357  1485
STARLINK AE             
1 56476U 23064AE  23137.91667824 -.00998548  29041-3 -36118-2 0  9997
2 56476  69.9994 225.4406 0014220 162.7941 259.1530 15.88218102  1493
STARLINK AF             
1 56477U 23064AF  23137.91667824 -.00997991  29029-3 -36009-2 0  9994
2 56477  69.9987 225.4382 0013668 163.6972 259.6908 15.88281054  1498
STARLINK AG             
1 56478U 23064AG  23137.91667824 -.00997353  28986-3 -36023-2 0  9994
2 56478  69.9990 225.4394 0014146 163.5870 259.1077 15.88248685  1499
STARLINK AH             
1 56479U 23064AH  23137.91667824 -.00996949  28985-3 -35874-2 0  9997
2 56479  69.9988 225.4370 0014203 163.5189 260.8480 15.88322489  1490
STARLINK AJ             
1 56480U 23064AJ  23137.91667824 -.00997746  29001-3 -36100-2 0  9998
2 56480  69.9992 225.4400 0013553 164.1737 258.0335 15.88227986  1498
STARLINK AK             
1 56481U 23064AK  23137.91667824 -.00996950  28979-3 -35964-2 0  9995
2 56481  69.9989 225.4374 0012944 164.9037 258.9670 15.88301888  1494
STARLINK AL             
1 56482U 23064AL  23137.83334491 -.01073097  33257-3 -38347-2 0  9990
2 56482  69.9990 225.6798 0014669 163.3513 143.2066 15.88461388  1483
STARLINK AM             
1 56483U 23064AM  23137.91667824 -.00991294  28683-3 -35655-2 0  9992
2 56483  69.9986 225.4367 0014228 164.2984 260.3015 15.88329783  1490
STARLINK AN             
1 56484U 23064AN  23137.91667824 -.00997081  28983-3 -35986-2 0  9993
2 56484  69.9994 225.4382 0012991 164.5286 259.1115 15.88291180  1496
STARLINK AP             
1 56485U 23064AP  23137.91667824 -.00996853  28985-3 -35810-2 0  9998
2 56485  69.9985 225.4361 0014711 162.7911 262.0498 15.88343622  1497
STARLINK AQ             
1 56486U 23064AQ  23137.91667824 -.00997217  28996-3 -35920-2 0  9998
2 56486  69.9993 225.4375 0013787 163.7388 260.3822 15.88312315  1490
STARLINK AR             
1 56487U 23064AR  23137.91667824 -.00996475  28974-3 -35818-2 0  9996
2 56487  69.9984 225.4355 0012911 164.3919 261.1699 15.88374853  1490
STARLINK AS             
1 56488U 23064AS  23137.91667824 -.00996748  28982-3 -35811-2 0  9992
2 56488  69.9996 225.4363 0014199 163.6576 261.4320 15.88353876  1490
STARLINK AT             
1 56489U 23064AT  23137.91667824 -.00993504  28816-3 -35653-2 0  9990
2 56489  69.9982 225.4349 0013921 165.1536 260.6467 15.88383562  1493
STARLINK AU             
1 56490U 23064AU  23137.91667824 -.00992546  28759-3 -35664-2 0  9995
2 56490  69.9989 225.4359 0013741 163.9928 261.3243 15.88362166  1491
STARLINK AV             
1 56491U 23064AV  23137.91667824 -.00992628  28772-3 -35607-2 0  9999
2 56491  69.9982 225.4347 0013831 163.3329 262.6973 15.88393837  1494
STARLINK AW             
1 56492U 23064AW  23137.91667824 -.00992186  28754-3 -35576-2 0  9994
2 56492  69.9980 225.4348 0013339 164.0328 262.4953 15.88413995  1498
STARLINK AX             
1 56493U 23064AX  23137.91667824 -.00991749  28745-3 -35452-2 0  9992
2 56493  69.9984 225.4325 0013676 163.5028 264.1817 15.88467317  1498
STARLINK AY             
1 56494U 23064AY  23137.91667824 -.00996284  28972-3 -35725-2 0  9997
2 56494  69.9985 225.4351 0013652 163.2927 262.9799 15.88406076  1498
STARLINK AZ             
1 56495U 23064AZ  23137.91667824 -.00995954  28963-3 -35631-2 0  9997
2 56495  69.9981 225.4334 0014255 163.0910 263.8889 15.88437601  1494
STARLINK BA             
1 56496U 23064BA  23137.91667824 -.00995814  28958-3 -35640-2 0  9997
2 56496  69.9990 225.4339 0013492 163.5012 263.7132 15.88448201  1498
STARLINK BB             
1 56497U 23064BB  23137.91667824 -.00995586  28949-3 -35542-2 0  9995
2 56497  69.9979 225.4327 0015095 162.5111 264.9302 15.88458830  1494
STARLINK BC             
1 56498U 23064BC  23137.91667824 -.00996054  28965-3 -35659-2 0  9994
2 56498  69.9981 225.4342 0014133 163.1874 263.5638 15.88426872  1498
FALCON 9 DEB            
1 56499U 23064BD  23136.99681861  .00999723  40357-5  87692-3 0  9999
2 56499  69.9870 227.9014 0061744 154.7744 205.6510 16.08564215   998
FALCON 9 DEB            
1 56500U 23064BE  23136.99400697  .01102866  40469-5  93579-3 0  9998
2 56500  69.9881 227.8919 0055798 156.2321 204.1491 16.09756111   997
FALCON 9 DEB            
1 56501U 23064BF  23136.98958975  .01157758  40584-5  89848-3 0  9997
2 56501  69.9916 227.8786 0053269 151.6372 208.7764 16.11275435   996
FALCON 9 DEB            
1 56502U 23064BG  23136.98986653  .01098802  40537-5  87249-3 0  9997
2 56502  69.9929 227.8819 0054894 153.9338 206.4662 16.10772826   997
BEIDOU-3 G4             
1 56564U 23066A   23137.24578858 -.00000509  30244-6  00000+0 0  9999
2 56564  28.4164 274.0109 7303607 179.7725  92.0607  2.27944191    03
CZ-3B R/B               
1 56565U 23066B   23137.49632333 -.00000581  40514-6  00000+0 0  9997
2 56565  28.4044 274.0004 7229893 179.2277 311.6883  2.38600909    11
