CHINASAT 26 (ZX 26)     
1 55686U 23023A   23077.98452333 -.00000371  00000+0  00000+0 0  9996
2 55686   0.0426  50.3116 0004133  12.4122 233.0034  1.00267146   342
CZ-3B R/B               
1 55687U 23023B   23079.71674564  .00044647  90267-6  31744-2 0  9998
2 55687  27.8648 317.4227 7204868 195.2328 118.4980  2.40674217   610
SOYUZ-MS 23             
1 55688U 23024A   23079.48674860  .00015807  00000+0  29112-3 0  9995
2 55688  51.6409  47.9767 0006133 112.0753 349.4260 15.49319350388031
HORUS 1                 
1 55690U 23025A   23080.31648170  .00011115  00000+0  47351-3 0  9991
2 55690  97.4697 154.1169 0015613 149.0937 276.4292 15.23024581  3810
CZ-2C R/B               
1 55691U 23025B   23080.26410733  .00010484  00000+0  48869-3 0  9991
2 55691  97.5984 154.4270 0066578 195.1104 164.8142 15.18073474  3791
CZ-2C DEB               
1 55692U 23025C   23079.69566875  .00078704  00000+0  34247-2 0  9999
2 55692  97.6487 153.7712 0086805 144.7039 215.9095 15.18527938  3723
CZ-2C DEB               
1 55693U 23025D   23080.15688063  .00123910  00000+0  52041-2 0  9999
2 55693  97.2423 153.0157 0085911 143.1069 217.6315 15.19588010  3777
2023-025E               
1 55694U 23025E   23080.16431713  .00037815  00000+0  31974-2 0  9999
2 55694  97.2717 152.0782 0155533  84.7873 277.0678 14.88962936  3723
STARLINK-30050          
1 55695U 23026A   23080.00002315  .00104655  00000+0  10367-2 0  9996
2 55695  43.0018 157.8849 0002048   5.3489 195.1785 15.64759628  4321
STARLINK-30038          
1 55696U 23026B   23079.63146440  .00018794  00000+0  16896-3 0  9994
2 55696  43.0052 159.8883 0001766 265.8682  94.1983 15.67886530  4430
STARLINK-30040          
1 55697U 23026C   23080.00002315  .00108648  00000+0  10774-2 0  9996
2 55697  43.0001 157.8731 0001922 350.7191 213.7135 15.64717062  4324
STARLINK-30061          
1 55698U 23026D   23079.64493662  .00088783  00000+0  89884-3 0  9990
2 55698  43.0014 160.0021 0002197 356.0516   4.0332 15.64277068  4273
STARLINK-30055          
1 55699U 23026E   23079.70583137  .00127665  00000+0  12717-2 0  9998
2 55699  43.0012 159.5989 0001997 334.1332  25.9434 15.64530301  4444
STARLINK-30064          
1 55700U 23026F   23079.70759839  .00087278  00000+0  89573-3 0  9995
2 55700  43.0019 159.6131 0001805 340.3761  19.7034 15.63939707  4446
STARLINK-30065          
1 55701U 23026G   23079.70503384  .00138335  00000+0  13713-2 0  9991
2 55701  43.0011 159.5913 0001757 351.9062   8.1775 15.64613880  4440
STARLINK-30042          
1 55702U 23026H   23080.00002315  .00104950  00000+0  10613-2 0  9997
2 55702  43.0022 157.8575 0002026 342.4401 230.0197 15.64238347  4322
STARLINK-30044          
1 55703U 23026J   23079.70424401  .00129777  00000+0  12870-2 0  9998
2 55703  43.0016 159.5867 0002329 328.5020  31.5705 15.64634046  4445
STARLINK-30051          
1 55704U 23026K   23079.70536787  .00137208  00000+0  13747-2 0  9992
2 55704  43.0013 159.5950 0001568 349.3296  10.7536 15.64349531  4449
STARLINK-30057          
1 55705U 23026L   23080.08734069  .00129446  00000+0  12844-2 0  9991
2 55705  43.0003 157.3005 0001629 337.7753  22.3042 15.64622857  4348
STARLINK-30054          
1 55706U 23026M   23079.70205414  .00093636  00000+0  93482-3 0  9995
2 55706  43.0015 159.5696 0001896   6.2851 353.8037 15.64609094  4440
STARLINK-30060          
1 55707U 23026N   23079.70419786  .00133271  00000+0  13343-2 0  9992
2 55707  43.0014 159.5863 0001262 338.7585  21.3228 15.64382155  4445
STARLINK-30058          
1 55708U 23026P   23079.68957054  .00057436  00000+0  50934-3 0  9991
2 55708  43.0018 159.4743 0001923 231.3203 128.7491 15.67734555  4447
STARLINK-30047          
1 55709U 23026Q   23079.70345830  .00076192  00000+0  77065-3 0  9992
2 55709  43.0013 159.5808 0001395 358.8723   1.2139 15.64360068  4446
STARLINK-30046          
1 55710U 23026R   23079.69886913  .00141281  00000+0  13478-2 0  9993
2 55710  43.0007 159.5445 0002646  10.9924 349.0999 15.65563776  4446
STARLINK-30048          
1 55711U 23026S   23080.20910560  .00135616  00000+0  12924-2 0  9999
2 55711  43.0007 156.4909 0003436  31.0989 329.0079 15.65608228  4361
STARLINK-30037          
1 55712U 23026T   23079.91668981  .00085098  00000+0  84977-3 0  9999
2 55712  43.0015 158.2837 0002437  25.9873 105.8041 15.64639846  4318
STARLINK-30063          
1 55713U 23026U   23080.21348619  .00124501  00000+0  12480-2 0  9990
2 55713  43.0008 156.5261 0001605 354.5616   5.5231 15.64384319  4369
STARLINK-30059          
1 55714U 23026V   23080.21356197  .00124001  00000+0  12399-2 0  9995
2 55714  43.0012 156.5269 0001878   0.7282 359.3586 15.64448657  4363
STARLINK-30062          
1 55715U 23026W   23080.20831421  .00090603  00000+0  91415-3 0  9990
2 55715  43.0034 156.4956 0002382  10.1081 349.9832 15.64354832  4363
CREW DRAGON 6           
1 55740U 23027A   23079.48674860  .00015807  00000+0  29112-3 0  9997
2 55740  51.6409  47.9767 0006133 112.0753 349.4260 15.49319350  2831
STARLINK-5592           
1 55741U 23028A   23079.91668981 -.00828773  00000+0 -72827-2 0  9990
2 55741  69.9952 106.9748 0003415 267.9292 216.1839 15.70941745  3364
STARLINK-5594           
1 55742U 23028B   23079.91668981 -.00829282  00000+0 -72932-2 0  9994
2 55742  69.9928 106.9757 0003464 267.9891 214.9696 15.70922933  3362
STARLINK-5602           
1 55743U 23028C   23079.91668981 -.00829636  00000+0 -72994-2 0  9996
2 55743  69.9939 106.9766 0003452 269.8132 212.5673 15.70914087  3361
STARLINK-5601           
1 55744U 23028D   23079.91668981 -.00840487  00000+0 -73967-2 0  9995
2 55744  69.9936 106.9750 0003420 267.6602 215.8728 15.70939739  3363
STARLINK-5565           
1 55745U 23028E   23079.91668981 -.00828084  00000+0 -72880-2 0  9998
2 55745  69.9943 106.9772 0003429 268.1524 213.6525 15.70902557  3363
STARLINK-5579           
1 55746U 23028F   23079.91668981 -.00831664  00000+0 -72918-2 0  9999
2 55746  69.9943 106.9703 0003417 268.8309 218.7365 15.71003032  3362
STARLINK-5539           
1 55747U 23028G   23079.91668981 -.00831186  00000+0 -72995-2 0  9994
2 55747  69.9933 106.9731 0003428 270.5020 214.7629 15.70962810  3361
STARLINK-5580           
1 55748U 23028H   23079.91668981 -.00830710  00000+0 -72917-2 0  9991
2 55748  69.9924 106.9723 0003418 268.5063 217.3333 15.70973300  3363
STARLINK-5560           
1 55749U 23028J   23079.91668981 -.00832176  00000+0 -72932-2 0  9997
2 55749  69.9929 106.9697 0003478 275.0449 213.0962 15.71013782  1309
STARLINK-5573           
1 55750U 23028K   23079.91668981 -.00830452  00000+0 -72865-2 0  9999
2 55750  69.9935 106.9716 0003427 274.2687 212.1486 15.70982049  3368
STARLINK-5577           
1 55751U 23028L   23079.91668981 -.00840866  00000+0 -73940-2 0  9995
2 55751  69.9936 106.9737 0003405 267.7438 216.9406 15.70960368  3364
STARLINK-5613           
1 55752U 23028M   23080.25001157 -.00564766  00000+0 -49348-2 0  9998
2 55752  69.9934 106.0270 0003359 275.2116 300.6941 15.70327068  3416
STARLINK-5617           
1 55753U 23028N   23080.25001157 -.00429205  00000+0 -37085-2 0  9992
2 55753  69.9952 106.0325 0003228 271.9973 299.2198 15.70212467  3410
STARLINK-5612           
1 55754U 23028P   23079.91668981 -.00829681  00000+0 -72613-2 0  9996
2 55754  69.9937 106.9675 0003399 268.5942 221.2751 15.71040364  1300
STARLINK-5619           
1 55755U 23028Q   23079.91668981 -.00840845  00000+0 -73728-2 0  9990
2 55755  69.9942 106.9689 0003368 268.3853 220.3305 15.71028302  3368
STARLINK-5614           
1 55756U 23028R   23080.33334491 -.00335981  00000+0 -28796-2 0  9990
2 55756  69.9938 105.7905 0003314 269.0029  59.6400 15.70140094  3435
STARLINK-5544           
1 55757U 23028S   23080.25001157 -.00495865  00000+0 -43082-2 0  9995
2 55757  69.9951 106.0298 0003358 271.5352 302.0274 15.70268109  3415
STARLINK-5072           
1 55758U 23028T   23079.91668981 -.00830673  00000+0 -72641-2 0  9994
2 55758  69.9927 106.9662 0003445 270.0359 220.9802 15.71061825  1309
STARLINK-5081           
1 55759U 23028U   23080.25001157  .00087810  00000+0  47263-3 0  9998
2 55759  69.9918 105.9442 0002721 269.1895  13.6729 15.79805041  3418
STARLINK-5532           
1 55760U 23028V   23079.91668981 -.00835890  00000+0 -73034-2 0  9990
2 55760  69.9916 106.9642 0003532 269.2426 223.4909 15.71096241  1306
STARLINK-5611           
1 55761U 23028W   23079.91668981 -.00836679  00000+0 -73053-2 0  9998
2 55761  69.9922 106.9628 0003388 268.2138 225.6667 15.71116429  3360
STARLINK-5603           
1 55762U 23028X   23080.25001157 -.00685287  00000+0 -60445-2 0  9992
2 55762  69.9920 106.0215 0003455 277.3524 303.2293 15.70442635  3411
STARLINK-5593           
1 55763U 23028Y   23079.91668981 -.00841484  00000+0 -73600-2 0  9998
2 55763  69.9935 106.9648 0003417 266.7435 225.4171 15.71088797  1300
STARLINK-5499           
1 55764U 23028Z   23079.91668981 -.00841310  00000+0 -73400-2 0  9995
2 55764  69.9918 106.9607 0003416 268.5872 227.0139 15.71147856  3363
STARLINK-5595           
1 55765U 23028AA  23080.25001157 -.00669906  00000+0 -59027-2 0  9999
2 55765  69.9941 106.0229 0003274 268.6133 310.7925 15.70425644  3416
STARLINK-5599           
1 55766U 23028AB  23080.25001157 -.00735503  00000+0 -65113-2 0  9990
2 55766  69.9930 106.0187 0003421 270.8331 312.0827 15.70498190  3419
STARLINK-5606           
1 55767U 23028AC  23079.91668981 -.00841342  00000+0 -73463-2 0  9992
2 55767  69.9929 106.9621 0003426 267.0228 227.4315 15.71128433  1306
STARLINK-5583           
1 55768U 23028AD  23080.25001157 -.00696728  00000+0 -61504-2 0  9997
2 55768  69.9926 106.0207 0003434 270.4091 310.7565 15.70456003  3413
STARLINK-5584           
1 55769U 23028AE  23079.91668981 -.00840864  00000+0 -73266-2 0  9993
2 55769  69.9930 106.9587 0003448 266.4563 230.8631 15.71176983  1302
STARLINK-5557           
1 55770U 23028AF  23080.33334491 -.00433412  00000+0 -37450-2 0  9991
2 55770  69.9932 105.7847 0003422 268.6801  64.6689 15.70221848  3424
STARLINK-5591           
1 55771U 23028AG  23079.91668981 -.00821327  00000+0 -71322-2 0  9990
2 55771  69.9921 106.9561 0003277 273.2410 226.3715 15.71203252  1307
STARLINK-5835           
1 55772U 23028AH  23080.25001157 -.00837113  00000+0 -74700-2 0  9999
2 55772  69.9939 106.0145 0003297 271.4716 314.9334 15.70601267  3419
STARLINK-5833           
1 55773U 23028AJ  23079.91668981 -.00839910  00000+0 -73087-2 0  9999
2 55773  69.9926 106.9568 0003411 267.7422 231.2938 15.71205721  1307
STARLINK-5812           
1 55774U 23028AK  23080.25001157 -.00775184  00000+0 -68824-2 0  9990
2 55774  69.9917 106.0166 0003400 273.4917 311.1721 15.70542955  3418
STARLINK-5809           
1 55775U 23028AL  23079.91668981 -.00828664  00000+0 -71912-2 0  9990
2 55775  69.9927 106.9538 0003472 269.4385 231.8873 15.71237448  1306
STARLINK-5810           
1 55776U 23028AM  23080.25001157 -.00823650  00000+0 -73250-2 0  9993
2 55776  69.9934 106.0111 0003408 271.9333 317.3869 15.70641906  3419
STARLINK-5814           
1 55777U 23028AN  23079.91668981 -.00826816  00000+0 -71687-2 0  9998
2 55777  69.9918 106.9525 0003439 268.8863 233.5859 15.71253910  1306
STARLINK-5816           
1 55778U 23028AP  23080.25001157 -.00800261  00000+0 -71090-2 0  9998
2 55778  69.9921 106.0132 0003355 270.0754 317.5015 15.70602057  3417
STARLINK-5817           
1 55779U 23028AQ  23079.91668981 -.00756580  00000+0 -53183-2 0  9991
2 55779  70.0003 106.8212 0003615 278.7399 341.5227 15.75923437  3367
STARLINK-5819           
1 55780U 23028AR  23079.91668981 -.00824964  00000+0 -71453-2 0  9995
2 55780  69.9914 106.9513 0003417 279.2098 224.4020 15.71273175  1309
STARLINK-5820           
1 55781U 23028AS  23080.25001157 -.00817711  00000+0 -72706-2 0  9995
2 55781  69.9929 106.0118 0003369 273.2910 315.4470 15.70630439  3414
STARLINK-5826           
1 55782U 23028AT  23080.25001157 -.00834062  00000+0 -74223-2 0  9990
2 55782  69.9922 106.0103 0003365 270.5489 319.3505 15.70657261  3413
STARLINK-5825           
1 55783U 23028AU  23079.91668981 -.00829305  00000+0 -71736-2 0  9996
2 55783  69.9921 106.9486 0003414 268.8060 237.0831 15.71316301  1308
STARLINK-5797           
1 55784U 23028AV  23080.25001157 -.00880055  00000+0 -78528-2 0  9997
2 55784  69.9918 106.0070 0003334 270.5704 322.2316 15.70726217  3410
STARLINK-5818           
1 55785U 23028AW  23080.25001157 -.00850541  00000+0 -75763-2 0  9993
2 55785  69.9919 106.0090 0003344 267.7468 323.3168 15.70681902  3418
STARLINK-5823           
1 55786U 23028AX  23080.33334491 -.00700807  00000+0 -61808-2 0  9997
2 55786  69.9915 105.7715 0003299 266.5755  77.8815 15.70490659  3428
STARLINK-5811           
1 55787U 23028AY  23079.91668981 -.00840132  00000+0 -72687-2 0  9997
2 55787  69.9916 106.9472 0003380 267.0033 240.0220 15.71342885  1306
STARLINK-5804           
1 55788U 23028AZ  23079.91668981 -.00826194  00000+0 -71362-2 0  9999
2 55788  69.9912 106.9462 0003388 268.3406 239.2603 15.71342457  1308
STARLINK-5815           
1 55789U 23028BA  23079.91668981 -.00841523  00000+0 -72647-2 0  9990
2 55789  69.9912 106.9432 0003363 269.5910 240.8574 15.71399216  1302
STARLINK-5813           
1 55790U 23028BB  23079.91668981 -.00827107  00000+0 -71340-2 0  9993
2 55790  69.9909 106.9435 0003400 267.5528 242.3342 15.71378326  1307
STARLINK-5807           
1 55791U 23028BC  23079.91668981 -.00830144  00000+0 -71646-2 0  9998
2 55791  69.9914 106.9443 0003432 269.8055 239.5074 15.71372094  1304
ONEWEB-0530             
1 55796U 23029A   23079.77994875  .00006866  00000+0  68561-3 0  9999
2 55796  86.5135 194.4893 0010211 170.6102 189.5319 14.91331385  1647
ONEWEB-0534             
1 55797U 23029B   23079.78036330  .00006749  00000+0  67489-3 0  9992
2 55797  86.5089 194.4821 0010011 171.3387 188.8015 14.91274183  1645
ONEWEB-0556             
1 55798U 23029C   23079.77937050  .00006777  00000+0  67536-3 0  9995
2 55798  86.5125 194.4874 0010508 169.3095 190.8358 14.91408615  1641
ONEWEB-0562             
1 55799U 23029D   23079.78115284  .00006674  00000+0  66924-3 0  9990
2 55799  86.5090 194.4834 0009530 172.2622 187.8755 14.91166424  1647
ONEWEB-0563             
1 55800U 23029E   23079.78052365  .00006617  00000+0  66199-3 0  9994
2 55800  86.5134 194.4903 0009734 171.5973 188.5419 14.91254077  1640
ONEWEB-0564             
1 55801U 23029F   23079.77954893  .00006836  00000+0  68169-3 0  9993
2 55801  86.5095 194.4830 0010415 169.9522 190.1915 14.91385315  1645
ONEWEB-0638             
1 55802U 23029G   23079.77517746  .00006733  00000+0  66099-3 0  9992
2 55802  86.5119 194.4859 0012796 173.4894 186.6503 14.91984157  1642
ONEWEB-0639             
1 55803U 23029H   23080.31877624  .00005480  00000+0  55031-3 0  9991
2 55803  86.5097 194.2473 0009320 174.2082 185.9255 14.91074457  2409
ONEWEB-0640             
1 55804U 23029J   23080.30923182  .00006968  00000+0  67836-3 0  9990
2 55804  86.5107 194.2441 0013442 178.1287 181.9994 14.92314996  2409
ONEWEB-0641             
1 55805U 23029K   23079.77720739  .00006796  00000+0  67199-3 0  9994
2 55805  86.5105 194.4818 0012009 170.8359 189.3090 14.91704778  1649
ONEWEB-0642             
1 55806U 23029L   23079.78102539  .00006603  00000+0  66182-3 0  9996
2 55806  86.5133 194.4903 0009635 171.9748 188.1635 14.91180913  1642
ONEWEB-0643             
1 55807U 23029M   23079.77549692  .00006717  00000+0  66019-3 0  9996
2 55807  86.5103 194.4806 0012898 173.6609 186.4785 14.91935618  1649
ONEWEB-0644             
1 55808U 23029N   23079.78163220  .00006614  00000+0  66437-3 0  9997
2 55808  86.5129 194.4897 0009315 173.1215 187.0142 14.91098724  1648
ONEWEB-0645             
1 55809U 23029P   23079.77697124  .00006749  00000+0  66687-3 0  9998
2 55809  86.5120 194.4871 0012143 170.7169 189.4286 14.91734432  1644
ONEWEB-0646             
1 55810U 23029Q   23079.78141827  .00006720  00000+0  67460-3 0  9994
2 55810  86.5132 194.4898 0009422 172.8102 187.3263 14.91125963  1649
ONEWEB-0648             
1 55811U 23029R   23080.31136610  .00007194  00000+0  70532-3 0  9990
2 55811  86.5112 194.2446 0013332 171.7922 188.3526 14.92040940  2420
ONEWEB-0649             
1 55812U 23029S   23080.31699031  .00005172  00000+0  51629-3 0  9992
2 55812  86.5091 194.2445 0010163 169.1801 190.9647 14.91298694  2403
ONEWEB-0650             
1 55813U 23029T   23080.31424893  .00007406  00000+0  73337-3 0  9997
2 55813  86.5116 194.2468 0011834 168.7049 191.4447 14.91663912  2405
ONEWEB-0652             
1 55814U 23029U   23080.31270334  .00000726  00000+0  68967-4 0  9999
2 55814  86.5107 194.2424 0012908 175.2078 184.9276 14.91833485  2407
ONEWEB-0653             
1 55815U 23029V   23080.31293548  .00014737  00000+0  14531-2 0  9995
2 55815  86.5118 194.2486 0012582 164.1460 196.0164 14.91864013  2409
ONEWEB-0654             
1 55816U 23029W   23080.30915509  .00007150  00000+0  69583-3 0  9992
2 55816  86.5123 194.2434 0014074 177.4404 182.6899 14.92328690  2405
ONEWEB-0656             
1 55817U 23029X   23079.77064461  .00006846  00000+0  66149-3 0  9990
2 55817  86.5103 194.4809 0014268 184.4062 175.7043 14.92605777  1648
ONEWEB-0657             
1 55818U 23029Y   23080.31318818  .00007318  00000+0  72199-3 0  9998
2 55818  86.5108 194.2426 0012414 169.5702 190.5786 14.91803522  2404
ONEWEB-0658             
1 55819U 23029Z   23080.31339420  .00006223  00000+0  61412-3 0  9991
2 55819  86.5105 194.2429 0012320 169.3580 190.7911 14.91772784  2400
ONEWEB-0660             
1 55820U 23029AA  23080.31234198  .00007110  00000+0  69912-3 0  9998
2 55820  86.5119 194.2486 0012781 170.7040 189.4427 14.91926129  2421
ONEWEB-0661             
1 55821U 23029AB  23080.30863306  .00006969  00000+0  67692-3 0  9991
2 55821  86.5100 194.2432 0014158 178.4967 181.6306 14.92398755  2403
ONEWEB-0662             
1 55822U 23029AC  23079.77569275  .00006530  00000+0  64223-3 0  9990
2 55822  86.5119 194.4866 0012809 173.2839 186.8563 14.91909335  1647
ONEWEB-0663             
1 55823U 23029AD  23080.30752079  .00007079  00000+0  68520-3 0  9991
2 55823  86.5126 194.2428 0014217 181.3112 178.8082 14.92540424  2400
ONEWEB-0664             
1 55824U 23029AE  23079.77203335  .00006720  00000+0  65245-3 0  9990
2 55824  86.5093 194.4809 0014118 181.3259 178.7934 14.92412556  1645
ONEWEB-0665             
1 55825U 23029AF  23079.77309901  .00006726  00000+0  65542-3 0  9993
2 55825  86.5113 194.4821 0013873 178.4973 181.6300 14.92270675  1644
ONEWEB-0666             
1 55826U 23029AG  23079.77149960  .00006597  00000+0  63926-3 0  9991
2 55826  86.5126 194.4817 0014109 182.3977 177.7186 14.92486711  1643
ONEWEB-0667             
1 55827U 23029AH  23080.30664929  .00007105  00000+0  68563-3 0  9998
2 55827  86.5113 194.2422 0014466 182.9009 177.2138 14.92657204  2402
ONEWEB-0669             
1 55828U 23029AJ  23079.77093204  .00006866  00000+0  66410-3 0  9992
2 55828  86.5101 194.4810 0014187 183.9028 176.2092 14.92565297  1648
ONEWEB-0670             
1 55829U 23029AK  23079.77240713  .00005126  00000+0  49773-3 0  9993
2 55829  86.5125 194.4815 0014019 180.1689 179.9537 14.92364747  1647
ONEWEB-0671             
1 55830U 23029AL  23080.31406281  .00007451  00000+0  73725-3 0  9998
2 55830  86.5106 194.2444 0012189 169.1129 191.0365 14.91690004  2402
ONEWEB-0672             
1 55831U 23029AM  23079.77124659  .00006768  00000+0  65524-3 0  9991
2 55831  86.5095 194.4805 0014120 182.9054 177.2095 14.92524152  1642
ONEWEB-0673             
1 55832U 23029AN  23079.77976574  .00006722  00000+0  67079-3 0  9990
2 55832  86.5091 194.4829 0010321 170.1702 189.9730 14.91354994  1643
ONEWEB-0674             
1 55833U 23029AP  23079.77211422  .00006898  00000+0  66988-3 0  9997
2 55833  86.5129 194.4820 0014113 180.8442 179.2765 14.92404373  1647
ONEWEB-0675             
1 55834U 23029AQ  23080.31599450  .00007375  00000+0  73467-3 0  9991
2 55834  86.5112 194.2475 0010615 167.0662 193.0840 14.91436062  2422
ONEWEB-0720             
1 55835U 23029AR  23079.91668981 -.00750497  00000+0 -94842-1 0  9992
2 55835  86.5568 194.4490 0009006 174.7534 136.5450 14.84681459  1301
2023-030A               
1 55836U 23030A   23080.33240448 -.00000140  00000+0 -61794-4 0  9993
2 55836  98.9975  88.5286 0005202 195.0347 165.0677 14.02941160  1608
2023-030B               
1 55837U 23030B   23080.25438180  .00000408  00000+0  28710-3 0  9992
2 55837  98.9979  88.4685 0002192 229.2839 130.8137 14.03781990  1599
2023-030C               
1 55838U 23030C   23080.25647760  .00000391  00000+0  19286-3 0  9998
2 55838  99.0062  88.8697 0087938  11.9051 348.4179 14.21261094  1619
2023-030D               
1 55839U 23030D   23080.33223294 -.00000164  00000+0 -77160-4 0  9996
2 55839  98.9975  88.5299 0005387 196.1585 163.9413 14.02943047  1594
LUCH-5X (OLYMP-K 2)     
1 55841U 23031A   23079.29668641 -.00000233  00000+0  00000+0 0  9992
2 55841   0.2476 347.6132 0049947 194.4935 177.8479  1.00852355    88
BREEZE-M R/B            
1 55842U 23031B   23079.34979944 -.00000075  00000+0  00000+0 0  9994
2 55842   0.2739 283.9617 0068910 149.6405 252.3439  0.98962638    50
BREEZE-M DEB [TANK]     
1 55843U 23031C   23079.15464723  .00000611  00000+0  16642-2 0  9995
2 55843  48.7310 165.4790 7231620   1.5591 359.8645  2.27423113   212
HORUS 2                 
1 55844U 23032A   23080.30546736  .00010674  00000+0  44768-3 0  9992
2 55844  97.4743 153.9815 0011140 221.9446 222.6456 15.23622123  1240
CZ-2C R/B               
1 55845U 23032B   23079.75404852  .00081426  00000+0  40481-2 0  9992
2 55845  97.2624 153.1594 0099449 197.8530 161.9149 15.13013730  1089
CZ-2C DEB               
1 55846U 23032C   23079.82246802  .00008726  00000+0  48890-3 0  9995
2 55846  97.6469 153.7242 0061345 209.2983 150.4670 15.12028576  1165
CZ-2C DEB               
1 55847U 23032D   23080.16336360  .00072381  00000+0  37657-2 0  9990
2 55847  97.6495 153.8048 0109880 193.6840 164.9048 15.10596559  1219
CZ-2C DEB               
1 55848U 23032E   23080.15884181  .00048150  00000+0  42038-2 0  9995
2 55848  97.2721 153.2425 0168518 141.2847 219.6268 14.86285820  1186
CZ-2C DEB               
1 55849U 23032F   23079.42537257  .00048223  00000+0  43468-2 0  9992
2 55849  97.7012 152.8216 0171533 142.8089 218.5149 14.84763073  1088
DRAGON CRS-27           
1 55860U 23033A   23079.48674860  .00015807  00000+0  29112-3 0  9997
2 55860  51.6409  47.9767 0006133 112.0753 349.4260 15.49319350388033
SHIYAN 19 (SY-19)       
1 55861U 23034A   23079.88173728 -.00000070  00000+0  00000+0 0  9998
2 55861  97.4642 268.1903 0013530 258.6652 213.3491 15.20343934   810
2023-035A               
1 55908U 23035A   23079.74574940 -.00000196  00000+0  00000+0 0  9996
2 55908  44.1829 292.7627 0002942 211.5369 148.5314 14.89681022   564
2023-035B               
1 55909U 23035B   23079.87880573 -.00000195  00000+0  00000+0 0  9992
2 55909  44.0051 292.6308 0003634 261.1753  98.9227 14.90110142   588
2023-035C               
1 55910U 23035C   23079.87870947 -.00000195  00000+0  00000+0 0  9998
2 55910  44.0018 292.6350 0003831 267.1701  92.9070 14.90150717   580
2023-035D               
1 55911U 23035D   23076.05114839 -.00002992  94638-5  00000+0 0  9990
2 55911  44.0016 312.6145 0095145 136.0353 224.7980 16.12542287    16
GAOFEN 13-02            
1 55912U 23036A   23077.88356580  .00000059  00000+0  00000+0 0  9990
2 55912  28.5049 299.6563 7300844 180.5092 161.2501  2.28101003    39
CZ-3B R/B               
1 55913U 23036B   23076.84515855  .00005045  53409-6  10000-3 0  9991
2 55913  28.5059 300.0862 7236718 179.0383  46.5361  2.38624162    18
SES-18                  
1 55970U 23038A   23079.65663200 -.00000485  00000+0  00000+0 0  9997
2 55970  26.7954 358.9196 6299044 178.6124 156.1437  3.57668639   106
SES-19                  
1 55971U 23038B   23079.57449126 -.00000641  00000+0  00000+0 0  9992
2 55971  26.6498 359.0879 6710935 178.3718 238.3640  2.99375083   104
2023-038C               
1 55972U 23038C   23079.54245696 -.00000381  00000+0  00000+0 0  9997
2 55972  26.9013 358.8793 5922112 178.6047 184.4891  4.13943393   205
