STARLINK-5077           
1 55391U 23014A   23059.26952388  .00020399  00000+0  17109-3 0  9998
2 55391  70.0009  12.1393 0003561 269.6586  90.4202 15.69911440  5470
STARLINK-5085           
1 55392U 23014B   23059.26717826  .00005565  00000+0  48001-4 0  9999
2 55392  70.0022  12.1351 0004435 264.2796  95.7894 15.69930743  5477
STARLINK-4786           
1 55393U 23014C   23059.26973406  .00000563  00000+0  64506-5 0  9990
2 55393  70.0011  12.1396 0003566 260.9073  99.1720 15.69919879  5473
STARLINK-5230           
1 55394U 23014D   23059.27004765  .00010300  00000+0  87246-4 0  9990
2 55394  70.0009  12.1400 0004117 263.3635  96.7092 15.69942974  5478
STARLINK-5274           
1 55395U 23014E   23059.26994517  .00002423  00000+0  21913-4 0  9999
2 55395  70.0001  12.1403 0003593 266.5763  93.5022 15.69927742  5472
STARLINK-5283           
1 55396U 23014F   23059.27036080 -.00002922  00000+0 -22549-4 0  9995
2 55396  69.9994  12.1411 0003686 272.6778  87.3995 15.69911385  5473
STARLINK-5224           
1 55397U 23014G   23059.26984009 -.00011390  00000+0 -93141-4 0  9993
2 55397  69.9996  12.1402 0003447 261.0759  99.0047 15.69909436  5474
STARLINK-5275           
1 55398U 23014H   23059.27046987  .00019294  00000+0  16166-3 0  9999
2 55398  69.9995  12.1411 0004218 267.2297  92.8416 15.69950588  5471
STARLINK-5276           
1 55399U 23014J   23059.27015671 -.00000158  00000+0  45827-6 0  9995
2 55399  69.9993  12.1404 0003300 266.7146  93.3672 15.69922818  5475
STARLINK-5632           
1 55400U 23014K   23059.27068353  .00001888  00000+0  17466-4 0  9999
2 55400  70.0012  12.1429 0003467 266.6781  93.4019 15.69927277  5478
STARLINK-5076           
1 55401U 23014L   23059.27026053  .00001730  00000+0  16154-4 0  9990
2 55401  70.0003  12.1420 0003641 259.6411 100.4375 15.69928275  5479
STARLINK-5071           
1 55402U 23014M   23059.39833550 -.00002263  00000+0 -17070-4 0  9994
2 55402  69.9996  11.7834 0002785 279.4044  80.6837 15.69909104  5496
STARLINK-5597           
1 55403U 23014N   23059.27057625  .00002248  00000+0  20460-4 0  9991
2 55403  69.9990  12.1410 0003811 266.7336  93.3423 15.69928888  5470
STARLINK-5607           
1 55404U 23014P   23059.27110191  .00010476  00000+0  88732-4 0  9998
2 55404  70.0006  12.1432 0004184 269.3096  90.7621 15.69933986  5478
STARLINK-5623           
1 55405U 23014Q   23059.27078711  .00007068  00000+0  60464-4 0  9995
2 55405  69.9993  12.1419 0003797 272.9031  87.1730 15.69937682  5472
STARLINK-5630           
1 55406U 23014R   23059.27131416  .00000212  00000+0  35355-5 0  9994
2 55406  70.0001  12.1452 0003573 265.5800  94.4987 15.69924438  5477
STARLINK-5019           
1 55407U 23014S   23059.27099953 -.00007017  00000+0 -56582-4 0  9990
2 55407  70.0001  12.1434 0003940 267.1622  92.9122 15.69943816  5471
STARLINK-5092           
1 55408U 23014T   23059.27142272  .00003172  00000+0  28133-4 0  9991
2 55408  70.0012  12.1451 0003686 260.3610  99.7169 15.69926205  5471
STARLINK-5047           
1 55409U 23014U   23059.27120987  .00026630  00000+0  22264-3 0  9993
2 55409  69.9998  12.1435 0003757 266.8218  93.2548 15.69910631  5474
STARLINK-5633           
1 55410U 23014V   23059.27184205  .00019357  00000+0  16235-3 0  9997
2 55410  69.9998  12.1477 0004382 283.0546  77.0160 15.69923472  5479
STARLINK-5605           
1 55411U 23014W   23059.27149593  .00190165  00000+0  15308-2 0  9995
2 55411  69.9987  12.1437 0002084 242.1159 117.9826 15.70192950  5471
STARLINK-5033           
1 55412U 23014X   23059.27194610  .00002391  00000+0  21647-4 0  9994
2 55412  70.0009  12.1443 0003623 274.3119  85.7663 15.69928136  5472
STARLINK-5060           
1 55413U 23014Y   23059.27163236  .00000617  00000+0  69001-5 0  9991
2 55413  70.0006  12.1457 0003122 261.9871  98.0970 15.69916557  5478
STARLINK-5620           
1 55414U 23014Z   23059.27215667  .00007494  00000+0  64005-4 0  9996
2 55414  70.0012  12.1465 0003892 262.3743  97.7011 15.69934495  5475
STARLINK-5618           
1 55415U 23014AA  23059.27173839  .00012993  00000+0  10968-3 0  9999
2 55415  70.0008  12.1474 0003522 264.3827  95.6967 15.69918834  5472
STARLINK-5624           
1 55416U 23014AB  23059.27237026  .00001244  00000+0  12114-4 0  9992
2 55416  70.0008  12.1470 0003539 268.0706  92.0085 15.69922970  5472
STARLINK-5616           
1 55417U 23014AC  23059.27205082  .00004166  00000+0  36390-4 0  9998
2 55417  70.0009  12.1474 0003769 266.2253  93.8512 15.69927478  5472
STARLINK-5030           
1 55418U 23014AD  23059.27257637  .00011985  00000+0  10120-3 0  9991
2 55418  70.0008  12.1489 0004700 275.4016  84.6644 15.69941848  5474
STARLINK-5629           
1 55419U 23014AE  23059.27226177  .00019788  00000+0  16582-3 0  9994
2 55419  70.0006  12.1471 0004696 271.1242  88.9416 15.69935762  5474
STARLINK-5604           
1 55420U 23014AF  23059.26920824 -.00001801  00000+0 -13216-4 0  9996
2 55420  70.0046  12.1504 0003288 264.6303  95.4517 15.69920695  5472
STARLINK-5598           
1 55421U 23014AG  23059.27247444 -.00000750  00000+0 -44704-5 0  9997
2 55421  69.9990  12.1484 0003447 263.8292  96.2511 15.69923199  5475
STARLINK-5006           
1 55422U 23014AH  23059.27310689 -.00000490  00000+0 -23077-5 0  9991
2 55422  70.0006  12.1500 0003365 268.0231  92.0580 15.69921093  5476
STARLINK-5068           
1 55423U 23014AJ  23059.27268607  .00006245  00000+0  53635-4 0  9998
2 55423  70.0000  12.1477 0003896 272.9222  87.1528 15.69936078  5473
STARLINK-5615           
1 55425U 23014AL  23059.27289743  .00017228  00000+0  14475-3 0  9995
2 55425  69.9994  12.1504 0004179 278.2033  81.8689 15.69920484  5472
STARLINK-5638           
1 55426U 23014AM  23059.14598881  .00004922  00000+0  42666-4 0  9999
2 55426  69.9999  12.5096 0003647 268.1467  91.9311 15.69930804  5455
STARLINK-5073           
1 55427U 23014AN  23059.27300134  .00000509  00000+0  60026-5 0  9994
2 55427  70.0000  12.1504 0003604 265.5099  94.5685 15.69924201  5476
STARLINK-5064           
1 55428U 23014AP  23059.33735644  .00007197  00000+0  61564-4 0  9997
2 55428  70.0009  11.9732 0003643 267.2312  92.8467 15.69925447  5489
STARLINK-5645           
1 55429U 23014AQ  23059.27331624  .00023875  00000+0  19953-3 0  9996
2 55429  70.0003  12.1520 0004324 265.9121  94.1581 15.69947158  5476
STARLINK-5642           
1 55430U 23014AR  23059.58334491 -.01187094  00000+0 -31922-1 0  9992
2 55430  69.9993  12.1594 0003262 267.7854 359.1891 15.40612852  1302
STARLINK-5643           
1 55431U 23014AS  23059.27352727 -.00000257  00000+0 -36849-6 0  9993
2 55431  69.9981  12.1506 0003828 269.9823  90.0934 15.69925212  5470
STARLINK-5637           
1 55432U 23014AT  23059.58334491 -.01183646  00000+0 -32831-1 0  9993
2 55432  69.9997  12.1749 0003238 267.9607 345.3022 15.39669621  1308
STARLINK-5570           
1 55433U 23014AU  23059.58334491 -.01185952  00000+0 -31632-1 0  9994
2 55433  69.9998  12.1557 0003263 267.7923   3.4775 15.40855469  1300
STARLINK-5621           
1 55434U 23014AV  23059.58334491 -.01183451  00000+0 -33238-1 0  9991
2 55434  69.9999  12.1857 0003231 268.4483 335.6258 15.39290765  1305
STARLINK-5626           
1 55435U 23014AW  23059.58334491 -.01183386  00000+0 -33011-1 0  9998
2 55435  69.9998  12.1803 0003264 268.8168 340.7413 15.39496460  1306
STARLINK-5640           
1 55436U 23014AX  23059.58334491 -.01183663  00000+0 -33423-1 0  9994
2 55436  69.9999  12.1903 0003250 268.3630 332.0631 15.39127987  1304
STARLINK-5080           
1 55437U 23014AY  23059.58334491 -.01182854  00000+0 -33181-1 0  9997
2 55437  69.9999  12.1845 0003225 269.2850 336.5785 15.39326120  1305
STARLINK-5074           
1 55438U 23014AZ  23059.26941097 -.00002209  00000+0 -16608-4 0  9991
2 55438  70.0023  12.1442 0003535 264.4432  95.6360 15.69922227  5474
STARLINK-5634           
1 55439U 23014BA  23059.58334491 -.01183719  00000+0 -34343-1 0  9991
2 55439  69.9999  12.2060 0003209 269.0181 317.5782 15.38302704  1301
FALCON 9 DEB            
1 55440U 23014BB  23059.37714884  .00375472  56776-4  11904-2 0  9999
2 55440  70.0037  10.4476 0006080 194.2291 165.8745 15.91015144  4709
ION SCV-009             
1 55441U 23014BC  23059.30596243  .00094506  00000+0  71554-3 0  9998
2 55441  70.0093  11.8752 0052599 307.7185  51.9248 15.70053873  4669
FALCON 9 DEB            
1 55442U 23014BD  23059.35348539  .00439185  79203-4  12402-2 0  9995
2 55442  70.0050  10.3540 0009706 185.0976 175.0135 15.93195713  4702
FALCON 9 DEB            
1 55443U 23014BE  23059.27022364  .00597600  15364-3  14517-2 0  9995
2 55443  70.0010  10.4483 0010343 194.4307 165.6608 15.96012311  4690
FALCON 9 DEB            
1 55444U 23014BF  23059.25640063  .00373144  55637-4  12268-2 0  9990
2 55444  70.0051  10.8320 0005678 179.1926 180.9290 15.90305347  4686
FALCON 9 DEB            
1 55445U 23014BG  23059.34535992  .00562615  13420-3  14267-2 0  9992
2 55445  70.0047  10.3379 0009003 187.8261 172.2809 15.95238454  4707
EBAD TEST MASS          
1 55446U 23014BH  23059.29508567  .00103379  00000+0  45952-3 0  9995
2 55446  70.0098  10.9988 0006508 205.7764 154.3115 15.83871209  4687
APSTAR 6E SPS           
1 55447U 23005C   23059.06611005 -.00000064  00000+0 -15187-1 0  9997
2 55447  28.6720 289.6609 2304295 218.9039 122.0927  7.60506986  2135
STARLINK-5699           
1 55449U 23015A   23059.48057377  .00033018  00000+0  25428-3 0  9996
2 55449  43.0003 231.0749 0001556 278.0488  82.0203 15.71350788  5217
STARLINK-5686           
1 55450U 23015B   23059.48067370  .00015084  00000+0  11828-3 0  9994
2 55450  43.0019 231.0746 0002222 281.4139  78.6479 15.71351571  5212
STARLINK-5656           
1 55451U 23015C   23059.48046768  .00006712  00000+0  54634-4 0  9994
2 55451  43.0015 231.0712 0001981 256.6837 103.3810 15.71337592  4279
STARLINK-5683           
1 55452U 23015D   23059.48025765  .00038642  00000+0  29643-3 0  9997
2 55452  43.0002 231.0718 0001728 273.9488  86.1182 15.71380857  4277
STARLINK-5684           
1 55453U 23015E   23059.48015275  .00045784  00000+0  35083-3 0  9993
2 55453  43.0005 231.0713 0001940 296.5929  63.4740 15.71343664  4276
STARLINK-5636           
1 55454U 23015F   23059.47983733 -.00001917  00000+0 -11180-4 0  9991
2 55454  43.0008 231.0669 0002110 257.1399 102.9233 15.71341375  4277
STARLINK-5680           
1 55455U 23015G   23059.48036432  .00008731  00000+0  70022-4 0  9997
2 55455  42.9998 231.0704 0001896 276.2307  83.8344 15.71332856  4279
STARLINK-5058           
1 55456U 23015H   23059.47994014  .00019332  00000+0  15054-3 0  9998
2 55456  43.0017 231.0664 0002098 267.1108  92.9520 15.71352853  4278
STARLINK-5682           
1 55457U 23015J   23059.48004577  .00023438  00000+0  18172-3 0  9992
2 55457  43.0011 231.0678 0002006 278.6562  81.4079 15.71349370  4270
STARLINK-5020           
1 55458U 23015K   23059.47941407  .00076102  00000+0  57835-3 0  9999
2 55458  43.0010 231.0630 0002358 263.8406  96.2193 15.71359576  4271
STARLINK-5669           
1 55459U 23015L   23059.47962630  .00023599  00000+0  18290-3 0  9995
2 55459  42.9995 231.0637 0001573 304.8853  55.1867 15.71354218  4279
STARLINK-5678           
1 55460U 23015M   23059.47952236  .00019376  00000+0  15089-3 0  9999
2 55460  42.9997 231.0642 0001759 251.3110 108.7567 15.71350579  4275
STARLINK-5646           
1 55461U 23015N   23059.47972831  .00011673  00000+0  92356-4 0  9998
2 55461  43.0016 231.0665 0002543 242.5192 117.5417 15.71350030  4273
STARLINK-5673           
1 55462U 23015P   23059.47910002  .00012641  00000+0  99740-4 0  9991
2 55462  43.0032 231.0630 0002447 272.4943  87.5645 15.71344314  4270
STARLINK-5677           
1 55463U 23015Q   23059.47931066  .00021370  00000+0  16599-3 0  9994
2 55463  43.0001 231.0626 0001902 255.7430 104.3226 15.71354454  4271
STARLINK-5676           
1 55464U 23015R   23059.47878742  .00027059  00000+0  20911-3 0  9999
2 55464  42.9995 231.0555 0001345 284.5388  75.5331 15.71356384  4276
STARLINK-5674           
1 55465U 23015S   23059.47899550  .00016178  00000+0  12663-3 0  9995
2 55465  43.0008 231.0592 0001963 292.3167  67.7492 15.71344091  4276
STARLINK-5628           
1 55466U 23015T   23059.47836325  .00044644  00000+0  34216-3 0  9994
2 55466  43.0029 231.0563 0002771 285.2760  74.7802 15.71346124  4278
STARLINK-5679           
1 55467U 23015U   23059.47920302  .00053885  00000+0  41147-3 0  9992
2 55467  43.0009 231.0624 0001752 251.3276 108.7402 15.71368417  4272
STARLINK-5672           
1 55468U 23015V   23059.47868253  .00019860  00000+0  15457-3 0  9999
2 55468  43.0001 231.0584 0001628 265.7894  94.2787 15.71349382  4272
STARLINK-5681           
1 55469U 23015W   23059.47890082  .00025660  00000+0  19868-3 0  9990
2 55469  42.9994 231.0580 0001871 276.8923  83.1732 15.71335229  4276
STARLINK-5708           
1 55470U 23015X   23059.47857262  .00032836  00000+0  25280-3 0  9993
2 55470  43.0009 231.0564 0002031 256.0765 103.9877 15.71359940  4279
STARLINK-5711           
1 55471U 23015Y   23059.47847125  .00057739  00000+0  44054-3 0  9990
2 55471  43.0000 231.0570 0001796 293.4351  66.6328 15.71363708  4274
STARLINK-5705           
1 55472U 23015Z   23059.47806357  .00028000  00000+0  21654-3 0  9993
2 55472  43.0008 231.0522 0004492 351.7620   8.3173 15.71313878  4277
STARLINK-5687           
1 55473U 23015AA  23059.47825714  .00062784  00000+0  47852-3 0  9997
2 55473  43.0005 231.0544 0002302 243.0482 117.0151 15.71358832  4279
STARLINK-5689           
1 55474U 23015AB  23059.58334491 -.01223647  00000+0 -15006-1 0  9991
2 55474  43.0002 230.5523 0001678 267.6110 275.4199 15.62320215  1309
STARLINK-5650           
1 55475U 23015AC  23059.47815287  .00016925  00000+0  13224-3 0  9995
2 55475  43.0002 231.0533 0001841 256.6618 103.4045 15.71357120  4274
STARLINK-5596           
1 55476U 23015AD  23059.18906629  .00006982  00000+0  56669-4 0  9998
2 55476  42.9913 231.3764 0002023 255.1318 104.9326 15.71344798  4249
STARLINK-5685           
1 55477U 23015AE  23058.90577252  .00071785  00000+0  54545-3 0  9997
2 55477  43.0014 234.4987 0001950 259.1888 100.8761 15.71385438  4186
STARLINK-5691           
1 55478U 23015AF  23059.54065649  .00038082  00000+0  29384-3 0  9997
2 55478  43.0000 230.6599 0001868 231.6269 128.4431 15.71248132  4285
STARLINK-5688           
1 55479U 23015AG  23058.84231106  .00144656  00000+0  10820-2 0  9992
2 55479  43.0001 234.8846 0003030 260.0232 100.0294 15.71472965  4171
STARLINK-5690           
1 55480U 23015AH  23059.58334491 -.01648239  00000+0 -19643-1 0  9997
2 55480  43.0001 230.5239 0001310 268.0510 286.2790 15.63467144  1302
STARLINK-5694           
1 55481U 23015AJ  23059.58334491 -.01216468  00000+0 -14747-1 0  9993
2 55481  43.0002 230.5471 0001303 261.3365 283.8474 15.62599070  1303
STARLINK-5693           
1 55482U 23015AK  23059.58334491 -.01216805  00000+0 -14401-1 0  9996
2 55482  43.0000 230.5146 0001293 259.8703 298.5126 15.63206755  1300
STARLINK-5692           
1 55483U 23015AL  23059.58334491 -.01216371  00000+0 -14569-1 0  9990
2 55483  43.0002 230.5302 0001204 261.8264 290.0460 15.62904889  1304
STARLINK-5696           
1 55484U 23015AM  23059.58334491 -.01209645  00000+0 -14364-1 0  9990
2 55484  43.0000 230.5201 0001393 269.9873 286.0768 15.63105288  1308
STARLINK-5695           
1 55485U 23015AN  23059.58334491 -.01223508  00000+0 -14758-1 0  9992
2 55485  43.0002 230.5399 0001349 261.6008 286.4548 15.62742357  1302
STARLINK-5704           
1 55486U 23015AP  23059.58334491 -.01015861  00000+0 -12198-1 0  9990
2 55486  43.0000 230.5230 0001674 268.4398 286.4811 15.62787608  1304
STARLINK-5701           
1 55487U 23015AQ  23059.58334491 -.01216193  00000+0 -14702-1 0  9995
2 55487  43.0001 230.5436 0001311 262.9449 283.7094 15.62670012  1301
STARLINK-5706           
1 55488U 23015AR  23059.58334491 -.01223478  00000+0 -14505-1 0  9991
2 55488  42.9999 230.5045 0001463 271.3038 291.1728 15.63177232  1302
STARLINK-5371           
1 55489U 23015AS  23059.58334491 -.01217888  00000+0 -14551-1 0  9991
2 55489  43.0001 230.5272 0001303 262.5479 290.6839 15.62970270  1304
STARLINK-5373           
1 55490U 23015AT  23059.75001157 -.01191640  00000+0 -14149-1 0  9992
2 55490  43.0002 229.5062 0001505 281.9769 141.9289 15.63064556  4136
STARLINK-5364           
1 55491U 23015AU  23058.90203242  .00063261  00000+0  48096-3 0  9992
2 55491  42.9989 234.4616 0002363 277.2081  82.8518 15.71414960  4187
STARLINK-5013           
1 55492U 23015AV  23059.58334491 -.01159574  00000+0 -13619-1 0  9996
2 55492  43.0000 230.5085 0000844 260.2329 300.5802 15.63270821  1304
STARLINK-5362           
1 55493U 23015AW  23059.58334491 -.01216723  00000+0 -14265-1 0  9995
2 55493  43.0004 230.5019 0001280 265.7089 297.7456 15.63443870  1302
STARLINK-5344           
1 55494U 23015AX  23059.58334491 -.01213783  00000+0 -14145-1 0  9996
2 55494  43.0003 230.4949 0001469 267.7774 298.4466 15.63586881  1304
STARLINK-5100           
1 55495U 23015AY  23059.47636401  .00123050  00000+0  92672-3 0  9998
2 55495  43.0004 231.0389 0001911 271.4717  88.5932 15.71387624  4270
STARLINK-5139           
1 55496U 23015AZ  23059.58334491 -.01205186  00000+0 -13865-1 0  9994
2 55496  43.0005 230.4836 0001467 266.0040 304.8558 15.63890342  1303
STARLINK-5363           
1 55497U 23015BA  23059.58334491 -.01224455  00000+0 -14248-1 0  9991
2 55497  43.0002 230.4918 0001171 252.9674 314.4878 15.63651910  1309
STARLINK-5365           
1 55498U 23015BB  23059.58334491 -.01215442  00000+0 -14020-1 0  9996
2 55498  43.0002 230.4823 0001347 269.0443 302.3903 15.63848834  1301
STARLINK-5366           
1 55499U 23015BC  23059.58334491 -.01215848  00000+0 -13959-1 0  9997
2 55499  43.0002 230.4760 0001325 271.2508 302.6242 15.63967564  1306
STARLINK-5141           
1 55500U 23015BD  23059.58334491 -.01024327  00000+0 -11989-1 0  9991
2 55500  43.0001 230.4873 0001070 269.5443 299.6681 15.63461348  1309
STARLINK-5367           
1 55501U 23015BE  23059.58334491 -.01214723  00000+0 -13973-1 0  9998
2 55501  43.0002 230.4786 0001347 262.9119 309.8405 15.63916490  1309
FALCON 9 DEB            
1 55502U 23015BF  23059.54093411  .00380086  62348-4  11358-2 0  9996
2 55502  42.9870 227.9551 0015794 327.8429  32.1482 15.91352828  4313
FALCON 9 DEB            
1 55503U 23015BG  23059.52737798  .00418585  75439-4  11592-2 0  9999
2 55503  42.9827 227.8354 0017676 325.5553  34.4176 15.92735841  4316
FALCON 9 DEB            
1 55504U 23015BH  23058.75721134  .00631106  16786-3  17152-2 0  9994
2 55504  42.9811 232.3639 0018245 333.8112  26.1839 15.93055868  4198
FALCON 9 DEB            
1 55505U 23015BJ  23059.51007824  .00455916  89220-4  12101-2 0  9999
2 55505  42.9761 227.6773 0019798 335.1570  24.8351 15.93453390  4316
ELEKTRO-L 4             
1 55506U 23016A   23059.11459271 -.00000021  00000+0  00000+0 0  9994
2 55506   0.5100 285.7340 0037475  49.7811  24.2757  1.00714769   231
BLOCK DM-SL R/B         
1 55507U 23016B   23058.65824439 -.00000057  00000+0  00000+0 0  9994
2 55507   0.3829 275.9756 0096338  29.6072  53.4921  1.03217677   235
AMAZONAS NEXUS          
1 55508U 23017A   23059.03358040 -.00000536  00000+0  00000+0 0  9991
2 55508  17.1383 347.8377 7613036 184.1774 160.3234  1.03879956   259
FALCON 9 R/B            
1 55509U 23017B   23048.05522156  .00001006  00000+0  23504-2 0  9992
2 55509  24.9411 349.6435 8170614 181.2257 173.4294  1.25162264   126
PROGRESS-MS 22          
1 55560U 23018A   23059.42649794  .00020820  00000+0  37893-3 0  9993
2 55560  51.6397 147.2641 0005146  32.2811  66.5136 15.49451328384927
EOS-7                   
1 55562U 23019A   23059.27385652  .00049815  00000+0  11421-2 0  9992
2 55562  37.1856   0.8008 0007963 134.7342 225.4066 15.41728915  2785
AZAADISAT-2             
1 55563U 23019B   23059.25867687  .00057132  00000+0  12440-2 0  9997
2 55563  37.1847   0.6723 0012282 152.9350 207.2052 15.43178984  2790
JANUS-1                 
1 55564U 23019C   23059.25910868  .00123121  00000+0  25878-2 0  9999
2 55564  37.1859   0.6791 0009316 160.3232 199.7889 15.43967642  2795
SS3 R/B                 
1 55565U 23019D   23059.25636753  .00050376  00000+0  87956-3 0  9995
2 55565  37.1855 359.6966 0039162 138.8060 221.5667 15.48806364  2790
VTM R/B                 
1 55566U 23019E   23059.29581740  .00031336  00000+0  50133-3 0  9997
2 55566  37.9013   1.2483 0050926 163.1411 197.1069 15.50777075  2806
2023-019F               
1 55567U 23019F   23059.27813145  .01113272  00000+0  88627-2 0  9992
2 55567  37.1827 357.9638 0040205 155.9951 204.2700 15.66560421  2817
2023-019G               
1 55568U 23019G   23059.24032681  .00557921  00000+0  56905-2 0  9994
2 55568  37.1907 358.6209 0042041 151.9080 208.3965 15.61386233  2795
STARLINK-5749           
1 55569U 23020A   23059.66667824 -.01044237  00000+0 -99615-2 0  9995
2 55569  42.9986 257.0947 0001452 256.5890  16.8407 15.68542878  2609
STARLINK-5737           
1 55570U 23020B   23059.55432722 -.00133688  00000+0 -10608-2 0  9995
2 55570  42.9986 257.7667 0006892 230.3483 129.6776 15.70674005  2588
STARLINK-5739           
1 55571U 23020C   23059.58334491 -.01208069  00000+0 -11334-1 0  9996
2 55571  42.9982 257.5932 0001334 270.1157 252.7179 15.68899858  1300
STARLINK-5732           
1 55572U 23020D   23059.61773113 -.00613355  00000+0 -53644-2 0  9997
2 55572  42.9992 257.3820 0004365 263.4785  96.5585 15.69792007  2591
STARLINK-5738           
1 55573U 23020E   23059.61785256 -.00682594  00000+0 -59641-2 0  9993
2 55573  42.9979 257.3807 0004972 249.5696 110.4638 15.70006154  2590
STARLINK-5747           
1 55574U 23020F   23059.42633997  .00073858  00000+0  56874-3 0  9998
2 55574  42.9986 258.5247 0008740 241.2020 118.7971 15.71012012  2566
STARLINK-5745           
1 55575U 23020G   23059.61750652 -.00973550  00000+0 -87255-2 0  9994
2 55575  42.9984 257.3778 0004029 229.1600 130.8918 15.69829986  2598
STARLINK-5751           
1 55576U 23020H   23059.60700222  .00086558  00000+0  60596-3 0  9993
2 55576  42.9998 257.2942 0002506 254.3304 105.7288 15.73245700  2597
STARLINK-5752           
1 55577U 23020J   23059.55363859  .00035016  00000+0  27787-3 0  9997
2 55577  42.9981 257.7593 0008675 220.6693 139.3527 15.70566761  2585
STARLINK-5713           
1 55578U 23020K   23059.61692876  .00063554  00000+0  50013-3 0  9995
2 55578  42.9990 257.3746 0008873 242.2780 117.7187 15.70545770  2599
STARLINK-5754           
1 55579U 23020L   23059.61612272 -.00041162  00000+0 -31982-3 0  9995
2 55579  42.9984 257.3673 0007516 220.5460 139.4849 15.70724590  2594
STARLINK-5757           
1 55580U 23020M   23059.66667824  .00079730  00000+0  60700-3 0  9995
2 55580  42.9995 256.8817 0001686 253.5866 106.2527 15.71301869  2608
STARLINK-5753           
1 55581U 23020N   23059.61679240  .00381407  00000+0  27555-2 0  9993
2 55581  42.9987 257.3719 0012288 231.4217 128.5551 15.71498233  2596
STARLINK-5741           
1 55582U 23020P   23057.95362395 -.00168007  00000+0 -12027-2 0  9998
2 55582  43.0012 267.2571 0000958 264.9619  95.1140 15.73245624  2333
STARLINK-5742           
1 55583U 23020Q   23059.61659669 -.00873048  00000+0 -78607-2 0  9991
2 55583  42.9985 257.3704 0002362 250.4951 109.5661 15.69873531  2594
STARLINK-5736           
1 55584U 23020R   23058.85332311 -.00069455  00000+0 -53551-3 0  9990
2 55584  42.9994 261.9688 0002665 256.2048 103.8523 15.71133961  2474
STARLINK-5769           
1 55585U 23020S   23059.66667824  .00046256  00000+0  35431-3 0  9990
2 55585  43.0026 256.9324 0001900 275.9245  66.7267 15.71349350  2598
STARLINK-5767           
1 55586U 23020T   23059.75001157 -.00892836  00000+0 -84472-2 0  9995
2 55586  42.9994 256.5692 0002502 270.9459 124.7181 15.68347731  2616
STARLINK-5727           
1 55587U 23020U   23059.48902094 -.00109700  00000+0 -86257-3 0  9991
2 55587  42.9988 258.1341 0009992 300.6797  59.3086 15.70764166  2575
STARLINK-5728           
1 55588U 23020V   23059.55220104  .00069966  00000+0  55106-3 0  9991
2 55588  42.9992 257.7497 0006882 238.4281 121.5915 15.70512015  2587
STARLINK-5697           
1 55589U 23020W   23059.61594751  .00062860  00000+0  49254-3 0  9994
2 55589  42.9987 257.3659 0008565 231.3720 128.6381 15.70656166  2590
STARLINK-5762           
1 55590U 23020X   23059.61530928  .00867726  00000+0  58616-2 0  9997
2 55590  42.9996 257.3623 0012509 260.4621  99.4834 15.71705411  2596
STARLINK-5760           
1 55591U 23020Y   23059.55229518  .00110560  00000+0  85553-3 0  9999
2 55591  42.9989 257.7493 0008575 220.7389 139.2838 15.70745442  2589
STARLINK-5759           
1 55592U 23020Z   23059.61510688  .00039503  00000+0  30749-3 0  9992
2 55592  42.9999 257.3615 0008521 234.9957 125.0112 15.70981569  2593
STARLINK-5703           
1 55593U 23020AA  23059.61549932  .00885279  00000+0  60932-2 0  9992
2 55593  42.9990 257.3623 0009014 223.2999 136.7161 15.71620692  2590
STARLINK-5750           
1 55594U 23020AB  23059.42424795  .00079226  00000+0  60234-3 0  9994
2 55594  42.9994 258.5103 0009497 250.2255 109.7589 15.71281174  2560
STARLINK-5740           
1 55595U 23020AC  23059.48819014 -.00750804  00000+0 -65774-2 0  9996
2 55595  42.9992 258.1277 0002290 281.3058  78.7552 15.70168654  2579
STARLINK-5729           
1 55596U 23020AD  23058.91540645 -.00129908  00000+0 -10096-2 0  9997
2 55596  43.0001 261.5739 0002376 265.7042  94.3554 15.71189679  2485
STARLINK-5743           
1 55597U 23020AE  23059.58334491  .00111782  00000+0  84703-3 0  9998
2 55597  43.0029 257.4327 0002723 236.4805 354.8230 15.71281438  1302
STARLINK-5756           
1 55598U 23020AF  23059.59100329 -.00004615  00000+0 -26632-4 0  9997
2 55598  43.0007 257.1666 0002888 260.2286  99.8257 15.75284195  2596
STARLINK-5761           
1 55599U 23020AG  23059.58334491  .00050697  00000+0  36015-3 0  9990
2 55599  43.0000 257.0968 0002218 265.9125  97.2932 15.73091948  1305
STARLINK-5755           
1 55600U 23020AH  23059.61414389  .00013290  00000+0  10468-3 0  9994
2 55600  42.9997 257.3527 0001942 267.3895  92.6751 15.71342802  2594
STARLINK-5744           
1 55601U 23020AJ  23059.04247911 -.00313242  00000+0 -25221-2 0  9991
2 55601  43.0000 260.8054 0002769 268.3682  91.6869 15.70912693  2509
STARLINK-5764           
1 55602U 23020AK  23059.66667824 -.00008143  00000+0 -54359-4 0  9996
2 55602  42.9996 256.5447 0001297 238.5083 256.7362 15.73128135  2605
STARLINK-5735           
1 55603U 23020AL  23059.61435401  .00046573  00000+0  35637-3 0  9990
2 55603  42.9995 257.3542 0002288 259.1001 100.9610 15.71370451  2592
STARLINK-5748           
1 55604U 23020AM  23059.67170578 -.00248095  00000+0 -19109-2 0  9998
2 55604  43.0001 256.9226 0001879 253.4571 106.6091 15.71773819  2604
STARLINK-5725           
1 55605U 23020AN  23059.61404073  .00015804  00000+0  12380-3 0  9996
2 55605  42.9995 257.3518 0002261 258.5571 101.5043 15.71341173  2599
STARLINK-5723           
1 55606U 23020AP  23059.58334491  .00284194  37753-4  89694-3 0  9991
2 55606  42.9994 255.8780 0015887  50.1374  80.1021 15.90333017  1303
STARLINK-5700           
1 55607U 23020AQ  23059.61372434  .00059905  00000+0  45686-3 0  9998
2 55607  42.9992 257.3495 0002212 281.1877  78.8742 15.71360747  2599
STARLINK-5726           
1 55608U 23020AR  23059.61351477  .00074820  00000+0  56864-3 0  9996
2 55608  42.9999 257.3479 0002473 268.4557  91.6028 15.71363941  2590
STARLINK-5719           
1 55609U 23020AS  23059.61393587  .00043161  00000+0  33096-3 0  9991
2 55609  42.9995 257.3512 0002118 267.0559  93.0067 15.71348155  2597
STARLINK-5722           
1 55610U 23020AT  23059.61309173  .00025235  00000+0  19559-3 0  9991
2 55610  42.9996 257.3453 0002800 225.7460 134.3178 15.71317834  2596
STARLINK-5730           
1 55611U 23020AU  23059.61319685  .00053616  00000+0  40958-3 0  9992
2 55611  42.9999 257.3456 0002324 268.7269  91.3332 15.71359594  2591
STARLINK-5734           
1 55612U 23020AV  23059.61298751  .00036273  00000+0  27877-3 0  9998
2 55612  42.9996 257.3430 0002068 274.1423  85.9208 15.71361295  2591
STARLINK-5715           
1 55613U 23020AW  23059.61341383  .00010253  00000+0  81688-4 0  9990
2 55613  42.9991 257.3473 0002486 279.8784  80.1803 15.71309342  2593
STARLINK-5714           
1 55614U 23020AX  23059.60446120  .00103743  00000+0  70819-3 0  9995
2 55614  42.9997 257.2768 0004357 293.8322  66.2090 15.73756505  2591
STARLINK-5712           
1 55615U 23020AY  23059.61288201  .00044562  00000+0  34162-3 0  9995
2 55615  42.9999 257.3423 0002842 250.6695 109.3866 15.71340609  2596
STARLINK-5710           
1 55616U 23020AZ  23059.61246394 -.00007747  00000+0 -55764-4 0  9991
2 55616  42.9997 257.3398 0002434 263.4594  96.5996 15.71316196  2598
STARLINK-5721           
1 55617U 23020BA  23059.61267293  .00011175  00000+0  88603-4 0  9999
2 55617  42.9999 257.3415 0002275 260.0052 100.0559 15.71340027  2592
STARLINK-5717           
1 55618U 23020BB  23059.61235747  .00062837  00000+0  47883-3 0  9994
2 55618  42.9999 257.3394 0001884 257.5811 102.4846 15.71364106  2597
STARLINK-5720           
1 55619U 23020BC  23059.61225522  .00094860  00000+0  71825-3 0  9999
2 55619  42.9999 257.3382 0002464 259.2742 100.7848 15.71365621  2598
STARLINK-5718           
1 55620U 23020BD  23059.61204289  .00036145  00000+0  27800-3 0  9994
2 55620  42.9992 257.3370 0002306 261.7059  98.3547 15.71344087  2595
STARLINK-5709           
1 55621U 23020BE  23059.61256749  .00090913  00000+0  68870-3 0  9998
2 55621  42.9993 257.3402 0002284 264.8580  95.2027 15.71370639  2592
STARLINK-5702           
1 55622U 23020BF  23059.61214630  .00031232  00000+0  24068-3 0  9992
2 55622  42.9991 257.3360 0001902 252.9015 107.1644 15.71358692  2594
STARLINK-5698           
1 55623U 23020BG  23059.61193883  .00047731  00000+0  36567-3 0  9997
2 55623  42.9994 257.3357 0001695 238.2520 121.8183 15.71333920  2599
FALCON 9 DEB            
1 55624U 23020BH  23059.60154870  .00429883  81088-4  10709-2 0  9991
2 55624  43.0087 255.4616 0019631  59.0053 301.2749 15.94641828  2610
FALCON 9 DEB            
1 55625U 23020BJ  23059.59503586  .00473623  98751-4  11136-2 0  9993
2 55625  43.0055 255.4051 0016050  56.6296 303.6115 15.95816932  2617
FALCON 9 DEB            
1 55626U 23020BK  23059.01930239  .00627666  17451-3  13873-2 0  9995
2 55626  43.0013 258.8159 0018055  37.5938 322.6197 15.96863973  2525
FALCON 9 DEB            
1 55627U 23020BL  23059.58206767  .00421714  80310-4  93689-3 0  9995
2 55627  42.9991 255.2854 0016787  42.3154 317.9015 15.96826947  2612
STARLINK-5484           
1 55628U 23021A   23059.66667824 -.00973157  00000+0 -53974-2 0  9991
2 55628  69.9999 119.4587 0003523 272.5893 216.7848 15.81709502  2256
STARLINK-5497           
1 55629U 23021B   23059.66667824 -.00973778  00000+0 -54039-2 0  9994
2 55629  70.0000 119.4591 0003501 271.7836 217.2087 15.81699274  2257
STARLINK-5303           
1 55630U 23021C   23059.66667824 -.00990535  00000+0 -54946-2 0  9993
2 55630  69.9998 119.4584 0004940 270.4530 219.3411 15.81728965  2253
STARLINK-5558           
1 55631U 23021D   23059.66667824 -.00973611  00000+0 -53816-2 0  9995
2 55631  69.9999 119.4556 0003517 275.9094 216.1566 15.81783415  2255
STARLINK-5546           
1 55632U 23021E   23059.66667824 -.00973914  00000+0 -53943-2 0  9993
2 55632  69.9999 119.4574 0003514 272.4200 218.1317 15.81740483  2258
STARLINK-5498           
1 55633U 23021F   23059.58334491 -.01017737  00000+0 -56073-2 0  9996
2 55633  70.0000 119.6952 0003791 261.8841 114.6203 15.81960700  1302
STARLINK-5500           
1 55634U 23021G   23059.66667824 -.00973904  00000+0 -53969-2 0  9992
2 55634  69.9999 119.4578 0003513 273.0203 217.1470 15.81729944  2251
STARLINK-5495           
1 55635U 23021H   23059.58334491 -.00976805  00000+0 -53446-2 0  9998
2 55635  70.0001 119.6923 0003688 264.6545 114.4872 15.82006395  1302
STARLINK-5218           
1 55636U 23021J   23059.66667824 -.00995194  00000+0 -55029-2 0  9998
2 55636  69.9997 119.4563 0006281 272.2021 219.4814 15.81785488  2251
STARLINK-5062           
1 55637U 23021K   23059.58334491 -.00996427  00000+0 -54583-2 0  9995
2 55637  69.9996 119.6914 0003686 270.2183 109.2868 15.82031200  1303
STARLINK-5507           
1 55638U 23021L   23059.75001157 -.00979545  00000+0 -54677-2 0  9991
2 55638  69.9996 119.2179 0003510 273.3729 332.2854 15.81588919  2261
STARLINK-5508           
1 55639U 23021M   23059.66667824 -.00973693  00000+0 -53548-2 0  9995
2 55639  69.9999 119.4511 0003502 271.7394 224.0810 15.81892327  2258
STARLINK-5069           
1 55640U 23021N   23059.75001157 -.00979420  00000+0 -54229-2 0  9999
2 55640  69.9996 119.2106 0003525 266.7694 344.9708 15.81761734  2263
STARLINK-5065           
1 55641U 23021P   23059.66667824 -.00974218  00000+0 -53606-2 0  9997
2 55641  69.9997 119.4515 0003511 272.0034 223.4426 15.81881912  2252
STARLINK-5478           
1 55642U 23021Q   23059.58334491 -.01023641  00000+0 -56313-2 0  9994
2 55642  70.0000 119.6936 0003779 262.4686 115.5376 15.82008185  1306
STARLINK-5483           
1 55643U 23021R   23059.66667824 -.00973854  00000+0 -53504-2 0  9991
2 55643  69.9999 119.4502 0003504 270.8228 225.7551 15.81913791  2250
STARLINK-5502           
1 55644U 23021S   23059.58334491 -.01019751  00000+0 -55832-2 0  9998
2 55644  69.9997 119.6905 0005627 269.5182 110.7251 15.82069987  1305
STARLINK-5102           
1 55645U 23021T   23059.66667824 -.00974198  00000+0 -53338-2 0  9990
2 55645  69.9998 119.4470 0003513 273.2613 225.9691 15.81988386  2259
STARLINK-5104           
1 55646U 23021U   23059.66667824 -.00974067  00000+0 -53757-2 0  9991
2 55646  69.9998 119.4540 0003540 264.5350 228.6330 15.81817709  2259
STARLINK-5510           
1 55647U 23021V   23059.66667824 -.00974089  00000+0 -53383-2 0  9991
2 55647  69.9998 119.4478 0003497 272.1030 226.3518 15.81967952  2250
STARLINK-5501           
1 55648U 23021W   23059.66667824 -.00975109  00000+0 -53685-2 0  9991
2 55648  69.9999 119.4519 0003536 266.5800 228.4866 15.81871886  2253
STARLINK-5469           
1 55649U 23021X   23059.75001157 -.00979421  00000+0 -54201-2 0  9999
2 55649  69.9996 119.2100 0003515 270.7100 341.4007 15.81772941  2268
STARLINK-5494           
1 55650U 23021Y   23059.66667824 -.00973994  00000+0 -53538-2 0  9991
2 55650  69.9999 119.4506 0003513 274.1032 222.0902 15.81903523  2254
STARLINK-5506           
1 55651U 23021Z   23059.66667824 -.00973563  00000+0 -53643-2 0  9991
2 55651  69.9997 119.4528 0003520 265.6106 228.6619 15.81851022  2255
STARLINK-5487           
1 55652U 23021AA  23059.66667824 -.00973930  00000+0 -53482-2 0  9991
2 55652  69.9999 119.4497 0003506 272.3586 224.6002 15.81924396  2251
STARLINK-5067           
1 55653U 23021AB  23059.66667824 -.00974006  00000+0 -53352-2 0  9993
2 55653  69.9999 119.4473 0003512 268.9258 229.9156 15.81978113  2254
STARLINK-5070           
1 55654U 23021AC  23059.66667824 -.00974065  00000+0 -53783-2 0  9997
2 55654  69.9998 119.4545 0003567 262.4351 230.3550 15.81806961  2252
STARLINK-5267           
1 55655U 23021AD  23059.66667824 -.00973875  00000+0 -53157-2 0  9991
2 55655  69.9999 119.4442 0003502 271.1619 230.3063 15.82053165  2253
STARLINK-5326           
1 55656U 23021AE  23059.58334491 -.00988385  00000+0 -53698-2 0  9996
2 55656  69.9998 119.6846 0003691 271.3040 113.8092 15.82186432  1308
STARLINK-5328           
1 55657U 23021AF  23059.66667824 -.00974181  00000+0 -53229-2 0  9994
2 55657  69.9998 119.4451 0003507 271.5566 229.1676 15.82031687  2255
STARLINK-5307           
1 55658U 23021AG  23059.66667824 -.00973975  00000+0 -53402-2 0  9998
2 55658  69.9998 119.4483 0003506 270.0157 228.0571 15.81957440  2255
STARLINK-5477           
1 55659U 23021AH  23059.66667824 -.00991455  00000+0 -54156-2 0  9999
2 55659  69.9998 119.4447 0005336 264.4213 236.6585 15.82053671  2253
STARLINK-5467           
1 55660U 23021AJ  23059.75001157 -.00979421  00000+0 -54034-2 0  9996
2 55660  69.9997 119.2073 0003681 256.6434 357.7572 15.81836584  2269
STARLINK-5475           
1 55661U 23021AK  23059.66667824 -.00974199  00000+0 -53119-2 0  9996
2 55661  69.9999 119.4434 0003598 261.1110 241.1018 15.82074974  2252
STARLINK-5479           
1 55662U 23021AL  23059.66667824 -.00974634  00000+0 -53280-2 0  9990
2 55662  69.9998 119.4455 0003567 263.8282 236.5208 15.82021490  2254
STARLINK-5473           
1 55663U 23021AM  23059.66667824 -.00989443  00000+0 -53823-2 0  9998
2 55663  69.9999 119.4410 0005329 264.0020 240.0987 15.82136859  2258
STARLINK-5480           
1 55664U 23021AN  23059.58334491 -.00973480  00000+0 -52661-2 0  9994
2 55664  70.0000 119.6823 0003760 259.8260 127.5256 15.82239626  1309
STARLINK-5474           
1 55665U 23021AP  23059.66667824 -.00973699  00000+0 -53038-2 0  9994
2 55665  69.9999 119.4422 0003525 268.4827 234.4746 15.82096332  2253
STARLINK-5457           
1 55666U 23021AQ  23059.66667824 -.00973305  00000+0 -52991-2 0  9996
2 55666  69.9998 119.4421 0003488 270.7824 232.5603 15.82106122  2253
STARLINK-5456           
1 55667U 23021AR  23059.58334491 -.01010388  00000+0 -54633-2 0  9998
2 55667  69.9999 119.6793 0003755 262.8891 127.0454 15.82342175  1309
STARLINK-5455           
1 55668U 23021AS  23059.58334491 -.00974143  00000+0 -52645-2 0  9997
2 55668  70.0001 119.6813 0003760 261.2414 126.8397 15.82262228  1303
STARLINK-5459           
1 55669U 23021AT  23059.66667824 -.00973743  00000+0 -52989-2 0  9992
2 55669  69.9999 119.4413 0003524 268.1747 235.5445 15.82117125  2256
STARLINK-5423           
1 55670U 23021AU  23059.66667824 -.00973888  00000+0 -52918-2 0  9996
2 55670  69.9999 119.4403 0003498 270.3160 234.5194 15.82149566  2255
STARLINK-5460           
1 55671U 23021AV  23059.66667824 -.00973920  00000+0 -52760-2 0  9999
2 55671  69.9999 119.4375 0003497 271.0281 236.0398 15.82214035  2252
STARLINK-5461           
1 55672U 23021AW  23059.66667824 -.00973843  00000+0 -52783-2 0  9999
2 55672  69.9998 119.4380 0003502 270.7203 235.9848 15.82202829  2251
STARLINK-5463           
1 55673U 23021AX  23059.66667824 -.00973822  00000+0 -52861-2 0  9994
2 55673  69.9998 119.4392 0003509 275.2005 230.3848 15.82170766  2255
STARLINK-5462           
1 55674U 23021AY  23059.66667824 -.00973696  00000+0 -52801-2 0  9998
2 55674  69.9999 119.4385 0003496 270.7541 235.5771 15.82192056  2257
STARLINK-5232           
1 55675U 23021AZ  23059.66667824 -.00973875  00000+0 -52892-2 0  9998
2 55675  69.9998 119.4397 0003503 269.9667 235.2549 15.82159645  2255
STARLINK-5300           
1 55676U 23021BA  23059.66667824 -.00975222  00000+0 -52808-2 0  9994
2 55676  69.9997 119.4372 0003522 271.8414 235.5927 15.82226047  2255
STARLINK-5324           
1 55677U 23021BB  23059.66667824 -.00973910  00000+0 -52708-2 0  9996
2 55677  69.9999 119.4366 0003497 270.6021 237.2233 15.82234790  2256
STARLINK-5314           
1 55678U 23021BC  23059.66667824 -.00973408  00000+0 -52809-2 0  9991
2 55678  69.9999 119.4389 0003527 264.3810 241.5716 15.82181384  2256
FALCON 9 DEB            
1 55679U 23021BD  23059.59465228  .04469693  41967-5  85313-3 0  9996
2 55679  69.9752 118.8693 0029621 143.8175 216.5064 16.30213045  2064
FALCON 9 DEB            
1 55680U 23021BE  23059.52742613  .04453870  42331-5  80578-3 0  9991
2 55680  69.9795 119.0393 0022879 147.8971 212.3654 16.31343337  2056
INMARSAT 6-F2           
1 55683U 23022A   23059.41045072  .00000051  00000+0  48965-3 0  9998
2 55683  26.9589  49.4349 7524474 170.2956 220.4723  1.91671599   147
FALCON 9 R/B            
1 55684U 23022B   23057.83326218  .00008551  00000+0  15593-2 0  9990
2 55684  27.0274  49.7527 7584690 169.7921 227.1476  1.92368465   148
DRUMS TARGET-1          
1 55685U 21102M   23059.61647056  .00020218  00000+0  14309-2 0  9990
2 55685  97.5025 116.2559 0021193  70.6492 289.7069 15.04688189  1554
CHINASAT 26 (ZX 26)     
1 55686U 23023A   23054.65327030 -.00090925  00000+0 -14966-1 0  9993
2 55686  27.8958 327.5208 7292351 179.4456 119.0028  2.27947088    01
CZ-3B R/B               
1 55687U 23023B   23055.75585878  .00001253 -87120-7  10000-3 0  9990
2 55687  27.9224 326.9655 7225668 179.5385 348.6987  2.37970374    39
SOYUZ-MS 23             
1 55688U 23024A   23059.42649794  .00020820  00000+0  37893-3 0  9991
2 55688  51.6397 147.2641 0005146  32.2811  66.5136 15.49451328384928
2023-025A               
1 55690U 23025A   23059.50475417  .00014185  00000+0  59714-3 0  9996
2 55690  97.4720 133.3985 0010912 232.9949 257.1372 15.23425569   648
2023-025B               
1 55691U 23025B   23059.56330477 -.00000078  00000+0  00000+0 0  9996
2 55691  97.6009 133.6426 0065096 268.2512  91.1471 15.17520871   657
2023-025C               
1 55692U 23025C   23059.63860820  .00109207  00000+0  52232-2 0  9995
2 55692  97.6527 133.5274 0093018 212.7644 146.8309 15.14733682   682
2023-025D               
1 55693U 23025D   23059.44205181  .00102168  00000+0  49451-2 0  9996
2 55693  97.2429 133.2165 0095899 212.4822 147.0760 15.14128920   632
2023-025E               
1 55694U 23025E   23059.74357628 -.00000058  00000+0  00000+0 0  9994
2 55694  97.2637 133.3398 0161431 151.7586 326.4831 14.86957916   681
2023-019J               
1 55738U 23019J   23059.18247265  .00579692  00000+0  61049-2 0  9996
2 55738  37.1904 359.0792 0040048 151.6107 208.6851 15.60601374  2461
