STARLINK-4718           
1 53773U 22111A   22280.91667824 -.01210692  00000+0 -13517-1 0  9999
2 53773  53.2174 134.3028 0001583 142.9951 211.6528 15.64881434  4157
STARLINK-4719           
1 53774U 22111B   22280.91667824 -.01204709  00000+0 -13435-1 0  9991
2 53774  53.2175 134.3008 0001356 138.1434 217.3459 15.64898063  4150
STARLINK-4722           
1 53775U 22111C   22280.91667824 -.00102123  00000+0 -73052-3 0  9991
2 53775  53.2142 134.1950 0001241 124.1182 281.9947 15.73249558  4155
STARLINK-4708           
1 53776U 22111D   22280.91667824 -.00000961  00000+0 -24335-5 0  9991
2 53776  53.2138 134.1987 0001436 121.6381 283.1864 15.73187501  4151
STARLINK-4664           
1 53777U 22111E   22280.91667824  .00085651  00000+0  60860-3 0  9990
2 53777  53.2149 134.1940 0001474 116.5576 290.6409 15.73195187  4151
STARLINK-4709           
1 53778U 22111F   22280.91667824  .00038861  00000+0  28023-3 0  9997
2 53778  53.2146 134.1969 0001328 120.4594 285.0029 15.73182813  1304
STARLINK-4706           
1 53779U 22111G   22280.91667824 -.00002690  00000+0 -14734-4 0  9996
2 53779  53.2142 134.1931 0001028 117.9964 289.7242 15.73240455  1304
STARLINK-4678           
1 53780U 22111H   22280.91667824  .00032644  00000+0  23634-3 0  9996
2 53780  53.2151 134.1980 0001400 140.2662 266.3929 15.73176418  1308
STARLINK-4462           
1 53781U 22111J   22280.91667824  .00011663  00000+0  87404-4 0  9991
2 53781  53.2155 134.1924 0001578 141.0607 268.4565 15.73198515  1306
STARLINK-4679           
1 53782U 22111K   22280.91667824  .00014742  00000+0  10922-3 0  9993
2 53782  53.2153 134.1942 0001420 144.9314 263.4862 15.73210725  1301
STARLINK-4536           
1 53783U 22111L   22280.91667824 -.00003939  00000+0 -23654-4 0  9999
2 53783  53.2174 134.1908 0001841 147.4119 263.2918 15.73200108  1309
STARLINK-4687           
1 53784U 22111M   22280.91667824 -.00010327  00000+0 -69227-4 0  9995
2 53784  53.2151 134.1923 0001525 140.3717 268.5643 15.73207184  1301
STARLINK-4638           
1 53785U 22111N   22280.91667824 -.00005590  00000+0 -21071-4 0  9997
2 53785  53.2026 132.5050 0006955 332.3749 167.6043 15.84077880  4177
STARLINK-4631           
1 53786U 22111P   22280.91667824  .00013448  00000+0  10015-3 0  9992
2 53786  53.2142 134.1878 0001317 138.7467 271.4701 15.73183452  1303
STARLINK-4743           
1 53787U 22111Q   22280.91667824 -.00013567  00000+0 -92181-4 0  9992
2 53787  53.2154 134.1838 0001747 142.6359 270.5005 15.73253257  1302
STARLINK-4744           
1 53788U 22111R   22280.91667824 -.00005073  00000+0 -18507-4 0  9996
2 53788  53.2026 132.4906 0006927 331.3495 175.6722 15.84405724  4170
STARLINK-4666           
1 53789U 22111S   22280.91667824 -.00028734  00000+0 -20084-3 0  9998
2 53789  53.2149 134.1810 0001105  72.5348 341.8576 15.73220274  4159
STARLINK-4734           
1 53790U 22111T   22280.91667824  .00086096  00000+0  61294-3 0  9991
2 53790  53.2174 134.1870 0001525 131.8316 280.6821 15.73148135  1307
STARLINK U              
1 53791U 22111U   22280.88678227  .00206850  00000+0  77505-3 0  9991
2 53791  53.2026 132.5908 0007127 332.0193  28.0449 15.86773430  4253
STARLINK-4739           
1 53792U 22111V   22280.91667824 -.00021860  00000+0 -15169-3 0  9993
2 53792  53.2151 134.1826 0001867 139.6462 274.1398 15.73205054  1303
STARLINK-4728           
1 53793U 22111W   22280.91667824 -.00027563  00000+0 -19232-3 0  9995
2 53793  53.2155 134.1798 0001192 100.4331 315.0693 15.73235633  4153
STARLINK-4730           
1 53794U 22111X   22280.91667824 -.00049335  00000+0 -34871-3 0  9993
2 53794  53.2146 134.1788 0001298 126.3724 288.5984 15.73230005  4158
STARLINK-4742           
1 53795U 22111Y   22280.91667824 -.00110435  00000+0 -79093-3 0  9999
2 53795  53.2151 134.1781 0001804 157.4126 258.7214 15.73253240  1307
STARLINK Z              
1 53796U 22111Z   22280.88528089  .00193730  00000+0  72478-3 0  9992
2 53796  53.2020 132.5799 0006566 329.3821  30.6820 15.86845448  5019
STARLINK-4723           
1 53797U 22111AA  22280.91667824  .00028850  00000+0  20939-3 0  9993
2 53797  53.2157 134.1763 0001003 103.6501 313.7095 15.73185966  4150
STARLINK-4712           
1 53798U 22111AB  22280.91667824 -.00023892  00000+0 -16619-3 0  9997
2 53798  53.2142 134.1747 0001087 109.9473 306.7892 15.73215346  4148
STARLINK-4710           
1 53799U 22111AC  22280.91667824  .00049283  00000+0  35342-3 0  9992
2 53799  53.2156 134.1740 0001101 106.4438 312.0595 15.73205451  4143
STARLINK-4720           
1 53800U 22111AD  22280.91667824  .00090895  00000+0  64548-3 0  9990
2 53800  53.2158 134.1752 0001128 102.8173 315.0265 15.73185095  1309
STARLINK-4715           
1 53801U 22111AE  22280.91667824 -.00070908  00000+0 -50464-3 0  9998
2 53801  53.2148 134.1700 0001035 103.9273 315.8410 15.73220438  4148
STARLINK-4726           
1 53802U 22111AF  22280.91667824 -.00014964  00000+0 -10247-3 0  9994
2 53802  53.2153 134.1717 0001144 104.1686 315.0012 15.73183600  4144
STARLINK-4727           
1 53803U 22111AG  22280.91667824  .00050273  00000+0  36090-3 0  9990
2 53803  53.2145 134.1660 0001153 104.3947 316.5746 15.73172333  1301
STARLINK-4729           
1 53804U 22111AH  22280.91667824  .00028092  00000+0  20397-3 0  9998
2 53804  53.2150 134.1683 0001264 113.1793 307.1571 15.73192413  4141
STARLINK-4763           
1 53805U 22111AJ  22280.91667824  .00044655  00000+0  32129-3 0  9998
2 53805  53.2146 134.1648 0001225 111.4050 310.1464 15.73171363  4148
STARLINK-4768           
1 53806U 22111AK  22280.91667824 -.00015333  00000+0 -10504-3 0  9995
2 53806  53.2161 134.1673 0001120 120.2873 301.8595 15.73198193  4141
BLUEWALKER-3            
1 53807U 22111AL  22280.90812049  .00003552  00000+0  18557-3 0  9990
2 53807  53.2033 144.9498 0013251  13.0231 347.1105 15.18412051  4094
FALCON 9 DEB            
1 53808U 22111AM  22280.83160755  .00608866  16605-3  14722-2 0  9993
2 53808  53.2000 132.2185 0008753 294.1092  65.9022 15.95754675  4257
FALCON 9 DEB            
1 53809U 22111AN  22280.85804479  .00284490  40759-4  93593-3 0  9999
2 53809  53.1991 132.3913 0006424 333.1866  26.8828 15.90021891  5301
FALCON 9 DEB            
1 53810U 22111AP  22280.84857304  .00268667  37670-4  86073-3 0  9996
2 53810  53.2002 132.3278 0008967 337.0467  23.0159 15.90520042  4256
FALCON 9 DEB            
1 53811U 22111AQ  22280.88213740  .00280569  00000+0  96814-3 0  9992
2 53811  53.1940 132.5432 0006809 299.9811  60.0539 15.88260225  4257
FALCON 9 DEB            
1 53812U 22111AR  22280.88580447  .00205967  00000+0  76312-3 0  9994
2 53812  53.1969 132.5720 0008474 316.1400  43.8952 15.86989476  4257
CHINASAT 1E (ZX 1E)     
1 53813U 22112A   22280.87881809 -.00000168  00000+0  00000+0 0  9995
2 53813   1.4639 280.1855 0002668 252.0505 241.9975  1.00269428   330
CZ-7A R/B               
1 53814U 22112B   22280.08577227 -.00000020  00000+0  00000+0 0  9992
2 53814  14.2951 196.2965 4813127 196.0332 340.9669  5.72295490   687
STRIX-1                 
1 53815U 22113A   22280.83736317  .00005539  00000+0  44980-3 0  9992
2 53815  97.6609 331.4220 0012322 224.7836 135.2456 14.99966458  3299
ELECTRON KICK STAGE R/B 
1 53817U 22113C   22280.76463752  .00006290  00000+0  50439-3 0  9997
2 53817  97.6585 331.3618 0012791 218.3153 141.7172 15.00391341  3287
STARLINK-4749           
1 53818U 22114A   22280.91667824 -.00236172  00000+0 -17205-2 0  9991
2 53818  53.2166 165.4077 0001306 126.6314 218.5348 15.73273718  3540
STARLINK-4738           
1 53819U 22114B   22280.91667824  .00007056  00000+0  54633-4 0  9995
2 53819  53.2151 165.3990 0001358  83.4368 264.7432 15.73205809  1309
STARLINK-4758           
1 53820U 22114C   22280.91667824 -.00050437  00000+0 -35676-3 0  9995
2 53820  53.2153 165.4051 0001344 115.7791 230.0089 15.73222349  3546
STARLINK-4752           
1 53821U 22114D   22280.91667824 -.00044238  00000+0 -31244-3 0  9995
2 53821  53.2153 165.4008 0001347 104.2799 243.3009 15.73199566  1308
STARLINK-4713           
1 53822U 22114E   22280.56206978  .17043645  12483-4  88184-3 0  9991
2 53822  53.1893 163.7779 0035107  70.8516 296.7032 16.37848764  3538
STARLINK-4748           
1 53823U 22114F   22280.91667824 -.01158434  00000+0 -66514-2 0  9999
2 53823  53.2170 163.9321 0001535  27.3953 316.6714 15.80610556  3568
STARLINK-4757           
1 53824U 22114G   22280.91667824 -.00096387  00000+0 -68877-3 0  9992
2 53824  53.2170 165.4041 0000942  88.1419 261.2511 15.73250395  1301
STARLINK-4751           
1 53825U 22114H   22280.91667824 -.00001912  00000+0 -91986-5 0  9992
2 53825  53.2156 165.3997 0001339  89.7711 259.0140 15.73216980  3541
STARLINK-4756           
1 53826U 22114J   22280.91667824 -.00035013  00000+0 -24556-3 0  9999
2 53826  53.2156 165.3940 0001462 126.8627 224.8420 15.73249404  3544
STARLINK-4764           
1 53827U 22114K   22280.91667824 -.00037227  00000+0 -26183-3 0  9997
2 53827  53.2153 165.3959 0001279  57.3694 292.6042 15.73214722  3548
STARLINK-4760           
1 53828U 22114L   22280.91667824 -.00035605  00000+0 -24992-3 0  9992
2 53828  53.2154 165.3921 0001089 105.6120 246.7379 15.73239991  3547
STARLINK-4759           
1 53829U 22114M   22280.91667824 -.00006499  00000+0 -41898-4 0  9997
2 53829  53.2165 165.3997 0001282  62.2901 288.2583 15.73212887  3546
STARLINK-4761           
1 53830U 22114N   22280.91667824 -.00034055  00000+0 -23892-3 0  9991
2 53830  53.2157 165.3901 0001304 102.7721 250.7450 15.73227778  1303
STARLINK-4649           
1 53831U 22114P   22280.91667824 -.00217199  00000+0 -15847-2 0  9994
2 53831  53.2167 165.3957 0001550 115.7330 235.5227 15.73179878  3547
STARLINK-4747           
1 53832U 22114Q   22280.91667824 -.00029995  00000+0 -20970-3 0  9994
2 53832  53.2153 165.3871 0001018 101.4897 253.2358 15.73240727  1303
STARLINK-4771           
1 53833U 22114R   22280.91667824 -.00018082  00000+0 -12462-3 0  9997
2 53833  53.2150 165.3889 0001147 106.5576 246.3566 15.73214009  3549
STARLINK-4737           
1 53834U 22114S   22280.91667824 -.00120360  00000+0 -86263-3 0  9991
2 53834  53.2156 165.3855 0001376 121.5445 234.3972 15.73276089  3549
STARLINK-4783           
1 53835U 22114T   22280.91667824 -.00092030  00000+0 -65631-3 0  9990
2 53835  53.2149 165.3868 0001131  89.9961 264.1037 15.73277639  3540
STARLINK-4778           
1 53836U 22114U   22280.91667824 -.00088606  00000+0 -63211-3 0  9997
2 53836  53.2167 165.3810 0001158  93.5536 263.5881 15.73254179  3540
STARLINK-4776           
1 53837U 22114V   22280.91667824  .00002613  00000+0  23008-4 0  9991
2 53837  53.2158 165.3879 0001207 106.1261 249.1950 15.73223975  3544
STARLINK-4773           
1 53838U 22114W   22280.91667824 -.00083320  00000+0 -59372-3 0  9990
2 53838  53.2157 165.3826 0001077  97.2442 260.4919 15.73255973  3546
STARLINK-4784           
1 53839U 22114X   22280.91667824 -.00032880  00000+0 -23042-3 0  9991
2 53839  53.2160 165.3861 0001060  86.5750 269.9185 15.73236144  3543
STARLINK-4766           
1 53840U 22114Y   22280.91667824 -.00091519  00000+0 -65358-3 0  9993
2 53840  53.2151 165.3764 0001094 112.0089 247.5243 15.73242838  3548
STARLINK-4750           
1 53841U 22114Z   22280.91667824 -.00043423  00000+0 -30616-3 0  9994
2 53841  53.2156 165.3807 0001142  99.4396 258.8281 15.73231776  1303
STARLINK-4754           
1 53842U 22114AA  22280.91667824 -.00070810  00000+0 -50360-3 0  9993
2 53842  53.2152 165.3743 0001101  93.7823 266.9057 15.73235489  1313
STARLINK-4769           
1 53843U 22114AB  22280.91667824  .00030820  00000+0  22306-3 0  9998
2 53843  53.2167 165.3765 0001058  99.1738 259.6994 15.73214997  1309
STARLINK-4745           
1 53844U 22114AC  22280.91667824 -.00116590  00000+0 -83474-3 0  9993
2 53844  53.2155 165.3733 0001114  96.9672 264.8966 15.73286911  1309
STARLINK-4753           
1 53845U 22114AD  22280.91667824 -.00021434  00000+0 -14856-3 0  9994
2 53845  53.2162 165.3795 0001143  91.7629 268.3443 15.73220069  1315
STARLINK-4746           
1 53846U 22114AE  22280.91667824 -.00075733  00000+0 -53937-3 0  9999
2 53846  53.2161 165.3737 0001138 119.0350 244.0610 15.73229636  1305
STARLINK-4777           
1 53847U 22114AF  22280.91667824 -.00001404  00000+0 -55853-5 0  9995
2 53847  53.2154 165.3733 0001202  98.9707 262.3464 15.73202941  3545
STARLINK-4780           
1 53848U 22114AG  22280.91667824 -.00077307  00000+0 -55079-3 0  9999
2 53848  53.2154 165.3682 0001230 112.0899 252.1500 15.73228907  3548
STARLINK-4770           
1 53849U 22114AH  22280.91667824  .00019153  00000+0  14051-3 0  9998
2 53849  53.2161 165.3751 0001091 101.4738 260.9536 15.73210382  3547
STARLINK-4767           
1 53850U 22114AJ  22280.91667824 -.00081244  00000+0 -57906-3 0  9998
2 53850  53.2153 165.3645 0001148  99.1522 266.9140 15.73240308  3547
STARLINK-4755           
1 53851U 22114AK  22280.91667824 -.00036124  00000+0 -25387-3 0  9994
2 53851  53.2154 165.3698 0001392 112.5946 251.0889 15.73218375  3542
STARLINK-4797           
1 53852U 22114AL  22280.91667824 -.00101836  00000+0 -72812-3 0  9993
2 53852  53.2158 165.3641 0001114 107.0737 260.1719 15.73259839  3547
STARLINK-4794           
1 53853U 22114AM  22280.91667824 -.00290105  00000+0 -21293-2 0  9998
2 53853  53.2171 165.3702 0001197 112.1032 252.7993 15.73258790  3543
STARLINK-4800           
1 53854U 22114AN  22280.91667824 -.00090152  00000+0 -64284-3 0  9997
2 53854  53.2161 165.3632 0001316 107.8715 260.5372 15.73271573  3549
STARLINK-4703           
1 53855U 22114AP  22280.91667824 -.00036147  00000+0 -25406-3 0  9995
2 53855  53.2150 165.3642 0001167 107.2045 258.2807 15.73216764  3541
STARLINK-4795           
1 53856U 22114AQ  22280.91667824 -.00095982  00000+0 -68655-3 0  9991
2 53856  53.2149 165.3525 0001084 115.2811 256.1563 15.73225466  1305
STARLINK-4809           
1 53857U 22114AR  22280.91667824 -.00022561  00000+0 -15682-3 0  9997
2 53857  53.2153 165.3631 0001344 114.2866 252.3920 15.73190598  3547
STARLINK-4798           
1 53858U 22114AS  22280.91667824 -.00082610  00000+0 -58898-3 0  9995
2 53858  53.2158 165.3605 0001368 105.2300 263.8021 15.73238998  3549
STARLINK-4790           
1 53859U 22114AT  22280.91667824 -.00006087  00000+0 -38963-4 0  9992
2 53859  53.2152 165.3601 0001063 109.2770 258.5338 15.73213341  3544
STARLINK-4799           
1 53860U 22114AU  22280.91667824 -.00094419  00000+0 -67400-3 0  9997
2 53860  53.2150 165.3539 0001009 112.5560 258.2433 15.73265901  1302
STARLINK-4781           
1 53861U 22114AV  22280.91667824 -.00042437  00000+0 -29914-3 0  9999
2 53861  53.2151 165.3561 0001228 106.8334 262.7974 15.73225769  3543
STARLINK-4792           
1 53862U 22114AW  22280.91667824 -.00115027  00000+0 -82263-3 0  9992
2 53862  53.2152 165.3531 0000977 108.0094 263.9893 15.73307397  3540
STARLINK-4788           
1 53863U 22114AX  22280.91667824 -.00035131  00000+0 -24691-3 0  9991
2 53863  53.2151 165.3546 0001237  92.2097 278.0379 15.73202877  3546
STARLINK-4779           
1 53864U 22114AY  22280.91667824 -.00050753  00000+0 -35898-3 0  9990
2 53864  53.2150 165.3495 0001091 100.8982 272.2899 15.73226411  3549
STARLINK-4785           
1 53865U 22114AZ  22280.91667824 -.00085406  00000+0 -60854-3 0  9994
2 53865  53.2152 165.3511 0001149 103.1636 269.4406 15.73267486  3546
STARLINK-4762           
1 53866U 22114BA  22280.91667824 -.00058610  00000+0 -41562-3 0  9997
2 53866  53.2149 165.3460 0001285 102.3616 272.5940 15.73226487  1302
STARLINK-4793           
1 53867U 22114BB  22280.91667824 -.00065627  00000+0 -46637-3 0  9992
2 53867  53.2167 165.3486 0001020 110.5377 263.2646 15.73223861  3544
STARLINK-4789           
1 53868U 22114BC  22280.91667824 -.00020548  00000+0 -14227-3 0  9996
2 53868  53.2161 165.3335 0001312 125.8066 257.7716 15.73211888  3542
STARLINK-4810           
1 53869U 22114BD  22280.91667824 -.00067381  00000+0 -47895-3 0  9990
2 53869  53.2154 165.3481 0001195 110.5235 263.8030 15.73228319  3549
STARLINK-4732           
1 53870U 22114BE  22280.91667824 -.00052328  00000+0 -37037-3 0  9994
2 53870  53.2152 165.3449 0000947 105.5165 270.6415 15.73224139  1304
STARLINK-4740           
1 53871U 22114BF  22280.91667824 -.00067592  00000+0 -48054-3 0  9995
2 53871  53.2152 165.3428 0001031 109.6397 267.1495 15.73225361  3544
FALCON 9 DEB            
1 53873U 22114BH  22278.10980133  .05698875  12131-4  72179-3 0  9991
2 53873  53.1982 176.1389 0018345 115.6633 244.6310 16.34552109  3691
CHUANGXIN 16B (CX-16B)  
1 53876U 22102B   22280.85688571  .00008246  00000+0  78383-3 0  9999
2 53876  28.9984  74.8900 0005061   4.0377 356.0259 14.91905964  2709
YUNHAI-1 03             
1 53877U 22115A   22280.82750327  .00000404  00000+0  16409-3 0  9999
2 53877  98.4987 279.2314 0001498  89.2311 270.9059 14.32798621  2424
CZ-2D R/B               
1 53878U 22115B   22280.98739092  .00001257  00000+0  20528-3 0  9997
2 53878  98.5454 280.4634 0123998 350.0855   9.7906 14.67951231  2500
SOYUZ-MS 22             
1 53879U 22116A   22280.63891127  .00013603  00000+0  24760-3 0  9999
2 53879  51.6418 139.4642 0002970 266.2687 189.8450 15.49803426362629
2022-118A               
1 53884U 22118A   22280.83339211  .00006522  00000+0  28017-3 0  9991
2 53884  97.5215 287.3569 0014127 210.9497 273.6968 15.22943159  1964
2022-118B               
1 53885U 22118B   22280.82789529  .00007415  00000+0  31227-3 0  9991
2 53885  97.5212 287.3636 0011153 218.2836 266.1148 15.23600276  1958
STARLINK-5028           
1 53886U 22119A   22280.91667824 -.00205392  00000+0 -14854-2 0  9998
2 53886  53.2205 188.9122 0001424  91.4650  46.7618 15.73349484  1300
STARLINK-5029           
1 53887U 22119B   22280.91667824 -.00133166  00000+0 -95298-3 0  9990
2 53887  53.2201 188.9084 0001176  78.6336  61.2687 15.73358539  1305
STARLINK-5034           
1 53888U 22119C   22280.91667824  .00057035  00000+0  41037-3 0  9991
2 53888  53.2219 188.9111 0003949 272.1767 226.9945 15.73059115  1300
STARLINK-5031           
1 53889U 22119D   22280.91667824 -.00061669  00000+0 -43796-3 0  9996
2 53889  53.2201 188.9124 0001461  55.8177  83.6239 15.73212409  1305
STARLINK-5050           
1 53890U 22119E   22280.91667824  .00102705  15042-4  31482-3 0  9999
2 53890  53.2246 188.2527 0021920  99.5519 358.7449 15.91406559  1303
STARLINK-5041           
1 53891U 22119F   22280.91667824 -.00228171  00000+0 -16647-2 0  9996
2 53891  53.2224 188.9064 0001476  83.6545  57.7222 15.73214405  1302
STARLINK-5046           
1 53892U 22119G   22280.91667824  .00061723  00000+0  43606-3 0  9999
2 53892  53.2244 188.8972 0003261 304.5754 200.9302 15.73457892  1303
STARLINK-5052           
1 53893U 22119H   22280.91667824 -.00005022  00000+0 -31310-4 0  9992
2 53893  53.2188 188.9025 0001582 125.9418  16.8802 15.73248395  1302
STARLINK-5043           
1 53894U 22119J   22280.91667824 -.00250083  00000+0 -18288-2 0  9999
2 53894  53.2222 188.9050 0001295  83.5730  58.4034 15.73226724  1308
STARLINK-5032           
1 53895U 22119K   22280.91667824 -.00095292  00000+0 -68352-3 0  9997
2 53895  53.2214 188.9012 0001345  85.1673  58.4336 15.73156713  1303
STARLINK-5037           
1 53896U 22119L   22280.91667824 -.00044246  00000+0 -31202-3 0  9995
2 53896  53.2204 188.9009 0006797 268.3178 236.4782 15.73195602  1303
STARLINK-5035           
1 53897U 22119M   22280.91667824 -.00046072  00000+0 -32557-3 0  9999
2 53897  53.2199 188.9045 0001485 132.3383  10.0603 15.73205001  1307
STARLINK-5044           
1 53898U 22119N   22280.91667824  .00061966  00000+0  44665-3 0  9990
2 53898  53.2229 188.8964 0001664  41.8314 105.3424 15.72990079  1302
STARLINK-5042           
1 53899U 22119P   22280.91667824  .00011841  00000+0  88699-4 0  9994
2 53899  53.2212 188.8991 0001746 295.4702 210.5513 15.73190719  1306
STARLINK-5045           
1 53900U 22119Q   22280.91667824 -.00178477  00000+0 -13007-2 0  9997
2 53900  53.2239 188.8903 0001741 317.3338 191.2643 15.73085174  1302
STARLINK-5024           
1 53901U 22119R   22280.91667824 -.00181156  00000+0 -13112-2 0  9993
2 53901  53.2226 188.8999 0001054  92.7493  52.6382 15.73255929  1304
STARLINK-5021           
1 53902U 22119S   22280.91667824 -.00078114  00000+0 -55649-3 0  9995
2 53902  53.2209 188.8891 0001100  86.4127  64.3731 15.73235544  1302
STARLINK-5022           
1 53903U 22119T   22280.91667824 -.00134371  00000+0 -96507-3 0  9992
2 53903  53.2210 188.8966 0001147  78.4952  68.5686 15.73279341  1304
STARLINK-4787           
1 53904U 22119U   22280.91667824 -.00145376  00000+0 -10459-2 0  9991
2 53904  53.2195 188.8905 0001018  73.3690  74.9210 15.73278224  1303
STARLINK-5003           
1 53905U 22119V   22280.91667824 -.00187905  00000+0 -13534-2 0  9993
2 53905  53.2186 188.8881 0000832  84.4783  65.4791 15.73391847  1302
STARLINK-5054           
1 53906U 22119W   22280.91667824 -.00122128  00000+0 -87603-3 0  9999
2 53906  53.2207 188.8855 0001870  32.9083 119.0198 15.73261755  1303
STARLINK-5063           
1 53907U 22119X   22280.91667824 -.00118223  00000+0 -85723-3 0  9992
2 53907  53.2245 188.8895 0001700  31.8286 118.4164 15.72996117  1307
STARLINK-5057           
1 53908U 22119Y   22280.91667824 -.00152056  00000+0 -10952-2 0  9996
2 53908  53.2232 188.8852 0001167  95.2064  57.2532 15.73274214  2478
STARLINK-4796           
1 53909U 22119Z   22280.91667824  .00065840  00000+0  47041-3 0  9999
2 53909  53.2210 188.8893 0001496  59.0313  90.4899 15.73172509  1300
STARLINK-5056           
1 53910U 22119AA  22280.91667824 -.00185917  00000+0 -13461-2 0  9999
2 53910  53.2227 188.8799 0000812  92.7301  61.5474 15.73264178  1309
STARLINK-5048           
1 53911U 22119AB  22280.91667824 -.00169568  00000+0 -12221-2 0  9997
2 53911  53.2189 188.8855 0001085  91.5956  59.6986 15.73317753  1300
STARLINK-5059           
1 53912U 22119AC  22280.91667824 -.00082726  00000+0 -58937-3 0  9993
2 53912  53.2208 188.8825 0001393  54.0620  99.6351 15.73256724  1304
STARLINK-5053           
1 53913U 22119AD  22280.91667824 -.00175094  00000+0 -12674-2 0  9992
2 53913  53.2227 188.8784 0001369  88.2167  67.3102 15.73233939  1307
STARLINK-5040           
1 53914U 22119AE  22280.91667824 -.00118870  00000+0 -85344-3 0  9997
2 53914  53.2228 188.8766 0001423  79.9051  76.1925 15.73229902  1305
STARLINK-5017           
1 53915U 22119AF  22280.91667824 -.00225102  00000+0 -16357-2 0  9992
2 53915  53.2228 188.8833 0001128  91.3012  61.7980 15.73300268  1304
STARLINK-5051           
1 53916U 22119AG  22280.91667824 -.00026730  00000+0 -15620-3 0  9992
2 53916  53.2231 188.8248 0001497 119.8213  63.6020 15.77241617  1309
STARLINK-5036           
1 53917U 22119AH  22280.91667824 -.00167936  00000+0 -12144-2 0  9994
2 53917  53.2228 188.8796 0001327  82.4702  72.4483 15.73233760  1301
STARLINK-5012           
1 53918U 22119AJ  22280.91667824 -.00117939  00000+0 -84470-3 0  9995
2 53918  53.2211 188.8741 0001123  89.4712  67.7843 15.73283798  1309
STARLINK-5023           
1 53919U 22119AK  22280.91667824 -.00180595  00000+0 -13005-2 0  9999
2 53919  53.2207 188.8735 0001378  76.4655  81.2281 15.73371382  1306
STARLINK-5025           
1 53920U 22119AL  22280.91667824 -.00065190  00000+0 -46191-3 0  9997
2 53920  53.2201 188.8696 0000882  77.2567  82.8622 15.73289458  1306
STARLINK-5005           
1 53921U 22119AM  22280.91667824  .00392403  76348-4  68856-3 0  9991
2 53921  53.2239 187.9666 0043817  94.4792 143.4196 15.99612412  1309
STARLINK-5002           
1 53922U 22119AN  22280.91667824 -.00106068  00000+0 -75608-3 0  9994
2 53922  53.2213 188.8682 0001278  89.6887  71.0097 15.73347295  1308
STARLINK-5004           
1 53923U 22119AP  22280.91667824 -.00123651  00000+0 -88329-3 0  9996
2 53923  53.2194 188.8718 0001583  80.5934  78.8426 15.73364714  1305
STARLINK-5001           
1 53924U 22119AQ  22280.91667824 -.00170847  00000+0 -12328-2 0  9991
2 53924  53.2232 188.8647 0001140  76.8989  85.7003 15.73293850  1307
STARLINK-5011           
1 53925U 22119AR  22280.91667824 -.00160366  00000+0 -11579-2 0  9994
2 53925  53.2251 188.8717 0001395  66.4969  92.7607 15.73243969  1306
STARLINK-5014           
1 53926U 22119AS  22280.91667824 -.00105511  00000+0 -75448-3 0  9992
2 53926  53.2229 188.8629 0001246  95.5875  67.6220 15.73272109  1308
STARLINK-5008           
1 53927U 22119AT  22280.91667824 -.00205053  00000+0 -14851-2 0  9995
2 53927  53.2226 188.8642 0001087  87.3885  74.6392 15.73315964  1309
STARLINK-5009           
1 53928U 22119AU  22280.91667824 -.00185622  00000+0 -13417-2 0  9992
2 53928  53.2226 188.8609 0001221  93.1207  70.6932 15.73301115  1305
STARLINK-5018           
1 53929U 22119AV  22280.91667824 -.00097840  00000+0 -69907-3 0  9993
2 53929  53.2212 188.8673 0001949  31.1288 130.2950 15.73256222  2470
STARLINK-5010           
1 53930U 22119AW  22280.91667824 -.00086038  00000+0 -61363-3 0  9990
2 53930  53.2224 188.8587 0001206  89.1591  75.8492 15.73248214  1303
STARLINK-5015           
1 53931U 22119AX  22280.91667824 -.00082707  00000+0 -58945-3 0  9992
2 53931  53.2217 188.8563 0001316  52.4081 113.8222 15.73248559  1305
STARLINK-4772           
1 53932U 22119AY  22280.91667824 -.00082153  00000+0 -58391-3 0  9993
2 53932  53.2233 188.8588 0001387  58.2341 107.3269 15.73308984  1300
STARLINK-4782           
1 53933U 22119AZ  22280.91667824 -.00078952  00000+0 -55952-3 0  9996
2 53933  53.2191 188.8599 0001340  97.0557  67.1335 15.73360911  1300
STARLINK-4775           
1 53934U 22119BA  22280.91667824 -.00037552  00000+0 -26344-3 0  9991
2 53934  53.2211 188.8545 0001129  77.6007  89.1061 15.73279203  1307
STARLINK-5000           
1 53935U 22119BB  22280.91667824 -.00090618  00000+0 -64633-3 0  9997
2 53935  53.2231 188.8539 0001291  91.0578  76.8858 15.73267705  1307
STARLINK-4791           
1 53936U 22119BC  22280.91667824 -.00183987  00000+0 -13308-2 0  9992
2 53936  53.2231 188.8536 0001177  87.9042  79.4721 15.73280005  1304
STARLINK-4765           
1 53937U 22119BD  22280.91667824 -.00080904  00000+0 -57631-3 0  9996
2 53937  53.2211 188.8510 0001647  40.9253 127.6394 15.73250212  1309
FALCON 9 DEB            
1 53938U 22119BE  22279.82183005  .01882509  11720-4  10598-2 0  9995
2 53938  53.2263 192.9614 0045613  94.6379 265.9872 16.15876114  2742
FALCON 9 DEB            
1 53939U 22119BF  22280.86782519  .02262310  11829-4  94203-3 0  9996
2 53939  53.2170 187.3755 0035543 103.1173 257.3838 16.20620124  2913
FALCON 9 DEB            
1 53940U 22119BG  22280.85805228  .02292686  11873-4  87089-3 0  9992
2 53940  53.2251 187.3044 0032887  94.8781 265.6016 16.21955827  2917
FALCON 9 DEB            
1 53941U 22119BH  22280.85497856  .02910747  11923-4  93878-3 0  9991
2 53941  53.2257 187.2847 0031225  95.9804 264.4798 16.23983912  2919
2022-118C               
1 53942U 22118C   22280.97627529  .00052710  27111-5  65071-3 0  9992
2 53942  97.5252 287.5241 0271248 319.1826  38.9389 15.27112704  1986
YAOGAN-36 01A           
1 53943U 22120A   22280.89794392  .00014410  00000+0  57354-3 0  9992
2 53943  34.9990 114.0417 0007770  15.4723  86.1507 15.24405532  1730
CZ-2D DEB               
1 53944U 22120B   22279.26866851  .00033046  00000+0  12841-2 0  9999
2 53944  34.9977 124.2795 0009315 351.5437 166.6997 15.25058728  1482
CZ-2D R/B               
1 53945U 22120C   22280.68967495  .00029400  00000+0  11499-2 0  9991
2 53945  34.9966 115.3171 0010775   3.6732  38.5313 15.24848961  1670
YAOGAN-36 01B           
1 53946U 22120D   22280.83782545  .00018516  00000+0  73503-3 0  9991
2 53946  34.9978 114.4374 0007627 357.4735 127.9578 15.24457525  1683
YAOGAN-36 01C           
1 53947U 22120E   22280.25070975  .00019122  00000+0  75906-3 0  9998
2 53947  34.9980 118.0880 0006877  22.2583 134.9409 15.24457643  1630
2022-121A               
1 53948U 22121A   22280.81507256  .00008987  00000+0  44637-3 0  9993
2 53948  97.4551 301.2913 0011720 225.7341 305.7924 15.17842809  1642
2022-121B               
1 53949U 22121B   22280.87076683  .00006704  00000+0  33224-3 0  9990
2 53949  97.4534 301.3467 0010625 229.0688 254.7074 15.18027878  1655
2022-121C               
1 53950U 22121C   22280.86893725  .00005913  00000+0  29121-3 0  9997
2 53950  97.4564 301.3532 0012022 237.1887 246.9700 15.18285958  1651
SELFIESAT               
1 53951U 22057BA  22280.88503688  .00015351  00000+0  86432-3 0  9999
2 53951  97.5266  33.9977 0011413 133.6509 226.5670 15.13268077 20432
2022-122A               
1 53955U 22122A   22279.63944650  .03365122 -39111-5  25034-3 0  9995
2 53955 136.8921 162.7725 0011760 200.8011 180.3550 16.39274042   860
FIREFLY ALPHA R/B       
1 53959U 22122E   22279.65564284  .08028869 -37600-5  10078-2 0  9993
2 53959 136.8757 162.7534 0017432 211.3135 199.2903 16.34402039   804
2022-123A               
1 53960U 22123A   22279.70000000 -.00000096  00000+0  00000+0 0  9996
2 53960   1.8840 167.0250 0034124 184.0550  41.1370  1.03578491    19
2022-123B               
1 53961U 22123B   22279.70000000 -.00000100  00000+0  00000+0 0  9993
2 53961   1.8770 167.0870 0007314 181.1140  41.7480  1.03173477    17
2022-123C               
1 53962U 22123C   22279.34227499 -.00000108  00000+0  00000+0 0  9995
2 53962   1.8563 166.9281 0289372 198.3414 270.2411  1.07582969    19
CREW DRAGON 5           
1 53963U 22124A   22280.63891127  .00013603  00000+0  24760-3 0  9992
2 53963  51.6418 139.4642 0002970 266.2687 189.8450 15.49803426362623
2022-126A               
1 54020U 22126A   22281.00567373 -.00000181  00000+0  00000+0 0  9999
2 54020  55.0013 185.0575 0012650 293.1688  66.8205 14.57849003    74
2022-126B               
1 54021U 22126B   22281.00558793 -.00000182  00000+0  00000+0 0  9997
2 54021  54.9996 185.0592 0014487 293.4368  66.5291 14.58105538    60
2022-126C               
1 54022U 22126C   22280.92414380  .00090927  00000+0  15575-2 0  9992
2 54022  56.1451 185.2853 0342277 312.0668  45.1705 15.05542149    53
2022-127A               
1 54023U 22127A   22281.02174060 -.00007579  00000+0 -23150-2 0  9995
2 54023  98.3142 280.3852 0012155 297.9938  62.0253 14.41651039    48
2022-127B               
1 54024U 22127B   22280.94893256  .00042401  00000+0  56329-2 0  9996
2 54024  98.2943 280.3079 0144241  20.8223 339.8817 14.72561457    27
2022-127C               
1 54025U 22127C   22281.00845403  .00160466  74493-5  16741-2 0  9995
2 54025  98.3361 280.4186 0353300 218.2408 139.3917 15.14236047    46
