2022-176A               
1 54818U 22176A   23018.58620578  .00210859  11971-4  95695-3 0  9994
2 54818  97.2698 159.4558 0296497 110.9057 314.5103 15.40816795  3428
2022-176B               
1 54819U 22176B   23018.40134677  .00414190  60658-4  91700-3 0  9999
2 54819  97.2226 160.3855 0140847  91.3812 270.3597 15.82751585  3488
STARLINK-5382           
1 54820U 22177A   23018.50001157 -.01125601  00000+0 -15176-1 0  9999
2 54820  42.9957 247.8820 0001732 265.1404  74.6357 15.59653749  3484
STARLINK-5385           
1 54821U 22177B   23018.50001157 -.01127338  00000+0 -15186-1 0  9990
2 54821  42.9959 247.8804 0001809 260.7798  79.9843 15.59680150  3485
STARLINK-5101           
1 54822U 22177C   23018.08334491 -.01148230  00000+0 -14742-1 0  9995
2 54822  42.9967 250.3388 0001411 276.8370 247.2980 15.60973651  3412
STARLINK-5106           
1 54823U 22177D   23018.08334491 -.01149078  00000+0 -14851-1 0  9998
2 54823  42.9966 250.3528 0001450 276.1222 242.5534 15.60804963  3412
STARLINK-4643           
1 54824U 22177E   23017.91667824 -.01188833  00000+0 -15135-1 0  9997
2 54824  42.9960 251.3393 0001477 267.5771  34.4241 15.61285647  1302
STARLINK-4801           
1 54825U 22177F   23018.50001157 -.01129596  00000+0 -15140-1 0  9992
2 54825  42.9970 247.8703 0001685 264.3977  80.9663 15.59817272  3480
STARLINK-5107           
1 54826U 22177G   23018.50001157 -.01136877  00000+0 -15366-1 0  9993
2 54826  42.9958 247.8622 0002489 264.9317  82.7288 15.59609386  3482
STARLINK-5383           
1 54827U 22177H   23018.08334491 -.01150244  00000+0 -14730-1 0  9995
2 54827  42.9979 250.3364 0001451 278.8733 247.4544 15.61043995  3411
STARLINK-5381           
1 54828U 22177J   23018.50001157 -.01129793  00000+0 -15042-1 0  9995
2 54828  42.9969 247.8559 0001686 266.1476  84.9743 15.59990510  3485
STARLINK-5380           
1 54829U 22177K   23018.08334491 -.01148731  00000+0 -14808-1 0  9991
2 54829  42.9966 250.3475 0001410 271.4786 249.3663 15.60871260  3410
STARLINK-5394           
1 54830U 22177L   23018.50001157 -.01127743  00000+0 -14952-1 0  9990
2 54830  42.9968 247.8473 0001739 265.8111  88.7523 15.60093486  3489
STARLINK-5395           
1 54831U 22177M   23018.08334491 -.01150944  00000+0 -14758-1 0  9997
2 54831  42.9968 250.3368 0001464 279.3118 245.9567 15.61012385  3412
STARLINK-5393           
1 54832U 22177N   23018.04030202  .00004994  00000+0  41506-4 0  9991
2 54832  42.9997 250.4100 0001928 277.0688  82.9960 15.71357737  3412
STARLINK-5391           
1 54833U 22177P   23018.08334491 -.01148386  00000+0 -14643-1 0  9999
2 54833  42.9953 250.3241 0001415 275.5575 254.1110 15.61150372  3414
STARLINK-5386           
1 54834U 22177Q   23018.08334491 -.01150342  00000+0 -14634-1 0  9995
2 54834  42.9976 250.3176 0001448 277.9452 254.3978 15.61214152  3414
STARLINK-5389           
1 54835U 22177R   23018.08334491 -.01148417  00000+0 -14665-1 0  9990
2 54835  42.9962 250.3278 0001426 271.2201 257.3118 15.61112545  3410
STARLINK-5384           
1 54836U 22177S   23018.08334491 -.01148299  00000+0 -14569-1 0  9992
2 54836  42.9963 250.3129 0001455 276.9826 257.4819 15.61277753  3416
STARLINK-5369           
1 54837U 22177T   23018.08334491 -.01147861  00000+0 -14581-1 0  9991
2 54837  42.9971 250.3171 0001405 274.3150 259.1044 15.61246310  3414
STARLINK-5372           
1 54838U 22177U   23018.08334491 -.01148082  00000+0 -14527-1 0  9998
2 54838  42.9943 250.3046 0001411 271.2569 265.3711 15.61346697  3411
STARLINK-5110           
1 54839U 22177V   23018.08334491 -.01147937  00000+0 -14487-1 0  9992
2 54839  42.9968 250.3039 0001423 274.5614 264.1932 15.61413639  3414
STARLINK-5368           
1 54840U 22177W   23018.00001157 -.01159247  00000+0 -14502-1 0  9991
2 54840  42.9948 250.7929 0001519 274.1177 156.6601 15.61663518  3402
STARLINK-4659           
1 54841U 22177X   23018.08334491 -.01147638  00000+0 -14538-1 0  9990
2 54841  42.9954 250.3076 0001396 275.6149 259.9870 15.61316512  3412
STARLINK-5387           
1 54842U 22177Y   23018.50001157 -.01128134  00000+0 -14767-1 0  9992
2 54842  42.9972 247.8168 0001731 261.9924 104.2799 15.60425116  3487
STARLINK-5304           
1 54843U 22177Z   23018.08334491 -.01150625  00000+0 -14544-1 0  9999
2 54843  42.9950 250.3029 0001446 279.7290 257.9198 15.61379103  3412
STARLINK-5388           
1 54844U 22177AA  23018.50001157 -.00587680  00000+0 -67859-2 0  9999
2 54844  42.9959 247.7946 0001774 264.2633 110.0577 15.62905206  3481
STARLINK-5082           
1 54845U 22177AB  23018.50001157 -.01126086  00000+0 -14755-1 0  9996
2 54845  42.9957 247.8170 0001845 268.3719  96.8227 15.60393290  3484
STARLINK-5360           
1 54846U 22177AC  23018.58334491 -.01154828  00000+0 -15247-1 0  9997
2 54846  42.9942 247.3156 0001423 268.1171 207.9632 15.60269223  3494
STARLINK-5061           
1 54847U 22177AD  23017.91667824 -.00788857  00000+0 -58120-2 0  9995
2 54847  42.9952 250.2094 0001532 276.1113 120.4722 15.74318691  1302
STARLINK-5432           
1 54848U 22177AE  23018.35653147  .00011273  00000+0  89267-4 0  9995
2 54848  42.9994 248.4669 0001970 258.6178 101.4468 15.71362444  3465
STARLINK-5434           
1 54849U 22177AF  23018.25001157 -.01246351  00000+0 -15978-1 0  9998
2 54849  42.9957 249.2917 0001720 272.1319 131.5473 15.61242159  3448
STARLINK-5087           
1 54850U 22177AG  23017.83334491 -.00028857  00000+0 -21722-3 0  9997
2 54850  42.9987 251.6246 0001925 246.2892  31.7646 15.71370371  1305
STARLINK-5084           
1 54851U 22177AH  23017.83334491 -.00058244  00000+0 -44320-3 0  9990
2 54851  42.9988 251.6259 0001761 249.5801  27.8684 15.71387134  1308
STARLINK-5418           
1 54852U 22177AJ  23018.35600748  .00008449  00000+0  67817-4 0  9997
2 54852  42.9996 248.4620 0001961 261.2014  98.8631 15.71353468  3465
STARLINK-5427           
1 54853U 22177AK  23018.35621339  .00020738  00000+0  16114-3 0  9995
2 54853  42.9996 248.4667 0002006 266.0002  94.0637 15.71363363  3467
STARLINK-5419           
1 54854U 22177AL  23018.35579066  .00011408  00000+0  90256-4 0  9999
2 54854  42.9987 248.4615 0001785 253.2005 106.8667 15.71372086  3462
STARLINK-5416           
1 54855U 22177AM  23018.35590301  .00011507  00000+0  91035-4 0  9991
2 54855  42.9995 248.4647 0001180 302.5308  57.5446 15.71364919  3463
STARLINK-5086           
1 54856U 22177AN  23017.83334491 -.00050258  00000+0 -38151-3 0  9997
2 54856  42.9993 251.6047 0001812 253.1042  32.0763 15.71391947  1302
STARLINK-5078           
1 54857U 22177AP  23017.83334491 -.00047068  00000+0 -35708-3 0  9998
2 54857  42.9993 251.6198 0001975 241.3519  37.8832 15.71381922  1300
STARLINK-5407           
1 54858U 22177AQ  23017.83334491 -.00028514  00000+0 -21466-3 0  9990
2 54858  42.9992 251.6122 0002105 256.2011  26.0333 15.71361678  1307
STARLINK-5409           
1 54859U 22177AR  23018.03735849  .00009958  00000+0  79258-4 0  9998
2 54859  42.9989 250.3745 0001748 262.5012  97.5657 15.71365380  3414
STARLINK-5406           
1 54860U 22177AS  23017.83334491 -.00056311  00000+0 -42843-3 0  9991
2 54860  42.9995 251.6022 0001849 269.4358  16.3596 15.71378337  1309
STARLINK-5400           
1 54861U 22177AT  23017.97433936  .00018431  00000+0  14370-3 0  9994
2 54861  42.9991 250.7622 0001536 256.6699 103.3997 15.71352058  3408
STARLINK-5403           
1 54862U 22177AU  23018.00001157 -.00009253  00000+0 -67225-4 0  9998
2 54862  43.0002 250.6113 0001857 269.8488 237.5360 15.71341590  3409
STARLINK-5405           
1 54863U 22177AV  23017.83334491 -.00053710  00000+0 -40802-3 0  9997
2 54863  42.9990 251.6088 0001795 248.4982  35.4849 15.71397766  1309
STARLINK-5359           
1 54864U 22177AW  23018.00001157 -.00043592  00000+0 -33000-3 0  9997
2 54864  42.9997 250.5943 0001881 258.5764 252.3780 15.71405212  3280
STARLINK-5411           
1 54865U 22177AX  23018.03767371  .00007041  00000+0  57081-4 0  9991
2 54865  42.9992 250.3759 0001938 258.7541 101.3109 15.71362310  3286
STARLINK-5398           
1 54866U 22177AY  23018.03661889  .00007077  00000+0  57336-4 0  9991
2 54866  43.0002 250.3650 0001364 275.8828  84.1884 15.71367983  3416
STARLINK-5396           
1 54867U 22177AZ  23018.00001157 -.00042717  00000+0 -32372-3 0  9999
2 54867  42.9995 250.5967 0001761 274.4824 235.8808 15.71372696  3284
STARLINK-5379           
1 54868U 22177BA  23018.03642748  .00004033  00000+0  34209-4 0  9999
2 54868  42.9990 250.3641 0002179 262.2646  97.7974 15.71340330  3287
STARLINK-5402           
1 54869U 22177BB  23018.35452371  .00010993  00000+0  87052-4 0  9992
2 54869  42.9983 248.4520 0002012 259.1409 100.9232 15.71386857  3336
STARLINK-5401           
1 54870U 22177BC  23018.35432548  .00026732  00000+0  20630-3 0  9994
2 54870  42.9984 248.4478 0001747 255.4066 104.6608 15.71394405  3339
STARLINK-5397           
1 54871U 22177BD  23018.00001157 -.00115531  00000+0 -88681-3 0  9993
2 54871  42.9996 250.5932 0001871 266.1689 245.3921 15.71433936  3288
STARLINK-5390           
1 54872U 22177BE  23018.00001157 -.00012666  00000+0 -93275-4 0  9995
2 54872  43.0038 250.8398 0002007 267.7368 149.9235 15.71356237  3274
STARLINK-5091           
1 54873U 22177BF  23018.35409573  .00011293  00000+0  89310-4 0  9996
2 54873  43.0000 248.4498 0002869 253.4389 106.6163 15.71390784  3465
SHIYAN 10-02 (SY-10 02) 
1 54878U 22178A   22363.79780338  .00077813 -29724-6  44292-2 0  9993
2 54878  50.9483 118.8361 7526050 225.2073  62.4530  2.01137286    41
CZ-3B R/B               
1 54879U 22178B   23017.33911641  .00009892  00000+0  16608-2 0  9994
2 54879  51.2507 114.4133 7525605 229.1367  36.5814  1.99377472   402
EROS C3                 
1 54880U 22179A   23018.45479804  .00000262  00000+0  00000+0 0  9999
2 54880 139.3594 332.7407 0009888  41.7206  87.8155 15.24806715  2926
2023-001A               
1 55009U 23001A   23017.96018223  .00006419  00000+0  37828-3 0  9999
2 55009  97.5018  79.8183 0010383 175.5330 184.5995 15.11884318  2324
2023-001B               
1 55010U 23001B   23018.15787332  .00010611  00000+0  61965-3 0  9995
2 55010  97.5042  80.0191 0010847 176.3034 183.8279 15.12050135  2354
2023-001C               
1 55011U 23001C   23017.95901593  .00010221  00000+0  59667-3 0  9993
2 55011  97.5070  79.8295 0011237 178.7111 181.4150 15.12067101  2323
2023-001D               
1 55012U 23001D   23018.15649419  .00007690  00000+0  44890-3 0  9991
2 55012  97.5089  80.0301 0012032 176.8346 183.2963 15.12147323  2359
2023-001E               
1 55013U 23001E   23018.15525798  .00013654  00000+0  78866-3 0  9992
2 55013  97.5002  80.0131 0010608 165.3629 194.7911 15.12382055  2353
2023-001F               
1 55014U 23001F   23017.95649278  .00014396  00000+0  83057-3 0  9992
2 55014  97.5041  79.8277 0011462 173.2410 186.8977 15.12404167  2329
2023-001G               
1 55015U 23001G   23018.15505480  .00007792  00000+0  45268-3 0  9996
2 55015  97.5075  80.0298 0011973 173.0738 187.0660 15.12316980  2352
2023-001H               
1 55016U 23001H   23017.95690636  .00006028  00000+0  35202-3 0  9990
2 55016  97.5005  79.8204 0011688 171.4235 188.7197 15.12226894  2320
2023-001J               
1 55017U 23001J   23018.15425285  .00012605  00000+0  72657-3 0  9993
2 55017  97.4983  80.0130 0011129 167.8462 192.3039 15.12472124  2356
2023-001K               
1 55018U 23001K   23018.15425832  .00012073  00000+0  69639-3 0  9997
2 55018  97.5022  80.0202 0011471 167.4453 192.7065 15.12453077  2357
2023-001L               
1 55019U 23001L   23018.15420322  .00012152  00000+0  70080-3 0  9997
2 55019  97.5053  80.0262 0011712 170.1177 190.0286 15.12458969  2351
2023-001M               
1 55020U 23001M   23017.95547131  .00008163  00000+0  47257-3 0  9991
2 55020  97.5022  79.8248 0011775 165.7358 194.4207 15.12431177  2329
2023-001N               
1 55021U 23001N   23018.15409013  .00007358  00000+0  42689-3 0  9990
2 55021  97.5018  80.0187 0011829 161.4878 198.6785 15.12386387  2353
2023-001P               
1 55022U 23001P   23018.08714407  .00006234  00000+0  36112-3 0  9995
2 55022  97.5023  79.9551 0012081 159.4462 200.7258 15.12503337  2344
2023-001Q               
1 55023U 23001Q   23017.95541881  .00008938  00000+0  51719-3 0  9998
2 55023  97.5053  79.8330 0011846 163.6557 196.5058 15.12417766  2320
2023-001R               
1 55024U 23001R   23018.15325372  .00007145  00000+0  41317-3 0  9999
2 55024  97.5045  80.0262 0011902 168.1943 191.9569 15.12514127  2350
2023-001S               
1 55025U 23001S   23017.95446841  .00008961  00000+0  51670-3 0  9992
2 55025  97.5054  79.8341 0012125 166.3441 193.8120 15.12543378  2327
2023-001T               
1 55026U 23001T   23017.95468713  .00008569  00000+0  49471-3 0  9995
2 55026  97.5016  79.8227 0012621 158.9074 201.2679 15.12505105  2328
2023-001U               
1 55027U 23001U   23018.41764106  .00011478  00000+0  66090-3 0  9992
2 55027  97.5010  80.2786 0012129 163.2369 196.9265 15.12524176  2395
2023-001V               
1 55028U 23001V   23017.95407506  .00008586  00000+0  49459-3 0  9995
2 55028  97.5027  79.8254 0012982 158.2007 201.9779 15.12580909  2324
2023-001W               
1 55029U 23001W   23018.41749706  .00011808  00000+0  67936-3 0  9990
2 55029  97.5049  80.2908 0012326 161.2762 198.8925 15.12542112  2393
2023-001X               
1 55030U 23001X   23017.95416678  .00008634  00000+0  49766-3 0  9993
2 55030  97.5012  79.8234 0012475 161.7937 198.3743 15.12562178  2325
2023-001Y               
1 55031U 23001Y   23018.41721577  .00011161  00000+0  64191-3 0  9991
2 55031  97.5057  80.2918 0012353 163.7208 196.4422 15.12570545  2395
2023-001Z               
1 55032U 23001Z   23018.41664794  .00009171  00000+0  52717-3 0  9998
2 55032  97.5020  80.2800 0013421 157.1892 202.9938 15.12631004  2392
2023-001AA              
1 55033U 23001AA  23018.01983767  .00007060  00000+0  40727-3 0  9992
2 55033  97.5000  79.8874 0012566 162.9970 197.1685 15.12600230  2331
2023-001AB              
1 55034U 23001AB  23018.41694145  .00007556  00000+0  43618-3 0  9998
2 55034  97.5034  80.2879 0013027 159.9318 200.2428 15.12547753  2392
2023-001AC              
1 55035U 23001AC  23018.41000787  .00011683  00000+0  65699-3 0  9991
2 55035  97.5011  80.2870 0015853 163.3068 196.8688 15.13324834  2391
2023-001AD              
1 55036U 23001AD  23018.14633809  .00023644  00000+0  13197-2 0  9994
2 55036  97.5036  80.0317 0014604 166.6093 193.5529 15.13448811  2356
2023-001AE              
1 55037U 23001AE  23018.14189638  .00015867  00000+0  87831-3 0  9996
2 55037  97.5057  80.0439 0016456 160.5667 199.6195 15.13807947  2357
2023-001AF              
1 55038U 23001AF  23017.74367477  .00016238  00000+0  89437-3 0  9998
2 55038  97.5072  79.6580 0017447 164.6091 195.5675 15.13964798  2292
MARIO                   
1 55123U 98067UQ  23018.18511826  .00110002  00000+0  16971-2 0  9991
2 55123  51.6426 351.2925 0001433 349.8905  10.2057 15.53286590  3134
NUTSAT                  
1 55124U 98067UR  23018.31064132  .00161319  00000+0  23930-2 0  9990
2 55124  51.6419 350.6312 0000548   5.1763 354.9234 15.54150245  3144
LORIS                   
1 55125U 98067US  23018.31655591  .00090926  00000+0  14312-2 0  9995
2 55125  51.6423 350.6701 0002328 333.7419  26.3453 15.52822334  3166
ORCASAT                 
1 55126U 98067UT  23018.31817420  .00082805  00000+0  13184-2 0  9990
2 55126  51.6430 350.6808 0002470 330.8237  29.2615 15.52546502  3169
DANTESAT                
1 55127U 98067UU  23018.33348719  .00919051  00000+0  59026-2 0  9990
2 55127  51.6387 349.2781 0010453 146.9535 213.2119 15.73383037  3149
TJREVERB                
1 55128U 98067UV  23017.48326315  .00073287  00000+0  11755-2 0  9993
2 55128  51.6420 354.8547 0003356 301.4951  58.5710 15.52392718  3021
SPORT                   
1 55129U 98067UW  23018.32562322  .00048958  00000+0  81435-3 0  9998
2 55129  51.6423 350.7300 0001878 289.9643  70.1144 15.51554133  3157
PETITSAT                
1 55130U 98067UX  23018.32338678  .00146661  00000+0  23022-2 0  9992
2 55130  51.6419 350.7151 0001381 251.6872 108.3968 15.52647847  3106
SHIJIAN-23 (SJ-23)      
1 55131U 23002A   23017.90000000 -.00000276  00000+0  00000+0 0  9998
2 55131   0.5130  93.4850 0010548 240.3310 257.6220  0.99499305   198
CZ-7A R/B               
1 55132U 23002B   23017.76985963  .00174115  98630-6  27704-2 0  9992
2 55132  16.4699  95.3027 7193142 185.6346 156.1974  2.44445459   216
2023-003A               
1 55133U 23003A   23018.10797655  .00028329  00000+0  14133-2 0  9996
2 55133  97.2711 107.8539 0006958 225.2053 256.9402 15.17456407  1342
2023-003B               
1 55134U 23003B   23018.15191624  .00011929  00000+0  53799-3 0  9996
2 55134  97.2713 107.9327 0012098 259.6706 188.5727 15.21099604  1346
2023-003C               
1 55135U 23003C   23018.48741153  .00010675  00000+0  47921-3 0  9998
2 55135  97.2734 108.2624 0012079 262.5091 228.0964 15.21287762  1418
2023-003D               
1 55136U 23003D   23018.48660794  .00017668  00000+0  78594-3 0  9999
2 55136  97.2709 108.2602 0011805 264.6484 226.0671 15.21485118  1409
2023-003E               
1 55137U 23003E   23018.53076725  .00010757  00000+0  48099-3 0  9990
2 55137  97.2682 108.2994 0012297 264.4374 107.7184 15.21417607  1419
ONEWEB-0532             
1 55140U 23004A   23018.00001157  .00010489  00000+0  10570-2 0  9998
2 55140  86.5125 282.3335 0011098 184.1042  24.6770 14.90999172  1311
ONEWEB-0533             
1 55141U 23004B   23018.50001157  .00020827  00000+0  20925-2 0  9996
2 55141  86.5120 282.1096 0011918 183.2757 191.9307 14.91109813  1380
ONEWEB-0541             
1 55142U 23004C   23018.08334491  .00056500  00000+0  57044-2 0  9999
2 55142  86.5135 282.2987 0009863 182.4058 107.1158 14.90761747  1324
ONEWEB-0543             
1 55143U 23004D   23018.50001157  .00019923  00000+0  20229-2 0  9990
2 55143  86.5146 282.1175 0009739 181.4364 180.5873 14.90707258  1388
ONEWEB-0544             
1 55144U 23004E   23018.50001157  .00021251  00000+0  21055-2 0  9996
2 55144  86.5117 282.1101 0013426 190.1537 199.8607 14.91651209  1386
ONEWEB-0560             
1 55145U 23004F   23018.50001157  .00021558  00000+0  21343-2 0  9997
2 55145  86.5134 282.1087 0013461 190.6157 200.2054 14.91680991  1384
ONEWEB-0565             
1 55146U 23004G   23018.08334491  .00056342  00000+0  55227-2 0  9998
2 55146  86.5116 282.2920 0013578 197.4745 124.3974 14.91914334  1321
ONEWEB-0567             
1 55147U 23004H   23018.41668981 -.00037589  00000+0 -37403-2 0  9990
2 55147  86.5108 282.1449 0013531 194.4735 114.7282 14.91900278  1375
ONEWEB-0569             
1 55148U 23004J   23018.08334491  .00056380  00000+0  56259-2 0  9998
2 55148  86.5119 282.2925 0011944 185.7444 116.5336 14.91216074  1312
ONEWEB-0570             
1 55149U 23004K   23018.50001157  .00020399  00000+0  20391-2 0  9995
2 55149  86.5118 282.1090 0012377 184.4351 195.3466 14.91310509  1382
ONEWEB-0571             
1 55150U 23004L   23018.08334491  .00056315  00000+0  55435-2 0  9994
2 55150  86.5140 282.2924 0013456 194.1950 122.9060 14.91746348  1322
ONEWEB-0572             
1 55151U 23004M   23018.25001157 -.00031628  00000+0 -32007-2 0  9996
2 55151  86.5128 282.2246 0011734 184.2849 290.6395 14.91215786  1354
ONEWEB-0573             
1 55152U 23004N   23017.91667824  .00038896  00000+0  38852-2 0  9994
2 55152  86.5129 282.3718 0012137 186.6406 302.1288 14.91264587  1302
ONEWEB-0588             
1 55153U 23004P   23018.50001157  .00019549  00000+0  19908-2 0  9997
2 55153  86.5147 282.1188 0009248 182.5905 176.0517 14.90592940  1387
ONEWEB-0598             
1 55154U 23004Q   23018.08334491  .00056496  00000+0  57070-2 0  9995
2 55154  86.5106 282.2958 0009786 182.9354 105.9807 14.90741267  1323
ONEWEB-0599             
1 55155U 23004R   23018.08334491  .00056333  00000+0  56145-2 0  9998
2 55155  86.5131 282.2976 0012123 186.3497 117.3340 14.91262738  1328
ONEWEB-0614             
1 55156U 23004S   23018.50001157  .00020287  00000+0  20533-2 0  9997
2 55156  86.5122 282.1138 0010133 179.7718 185.8237 14.90831101  1385
ONEWEB-0616             
1 55157U 23004T   23018.50001157  .00020600  00000+0  20726-2 0  9991
2 55157  86.5116 282.1102 0011480 181.7246 190.8121 14.91057370  1382
ONEWEB-0617             
1 55158U 23004U   23018.25001157 -.00007815  00000+0 -80579-3 0  9992
2 55158  86.5139 282.2274 0008743 185.2156 269.1870 14.90468618  1354
ONEWEB-0618             
1 55159U 23004V   23018.50001157  .00020689  00000+0  20778-2 0  9997
2 55159  86.5131 282.1146 0011626 181.8681 192.4145 14.91128104  1383
ONEWEB-0619             
1 55160U 23004W   23018.50001157  .00020298  00000+0  20246-2 0  9995
2 55160  86.5123 282.1103 0012719 184.6988 197.5817 14.91393959  1388
ONEWEB-0620             
1 55161U 23004X   23018.50001157  .00019591  00000+0  19902-2 0  9997
2 55161  86.5100 282.1117 0009618 181.8907 179.4962 14.90688002  1388
ONEWEB-0621             
1 55162U 23004Y   23018.50001157 -.00735181  00000+0 -95783-1 0  9990
2 55162  86.5528 282.1381 0008141 185.0629 110.4954 14.83378915  1380
ONEWEB-0622             
1 55163U 23004Z   23018.08334491  .00056657  00000+0  57585-2 0  9995
2 55163  86.5141 282.3010 0008783 186.0201  96.0448 14.90500598  1325
ONEWEB-0623             
1 55164U 23004AA  23018.08334491  .00056219  00000+0  55389-2 0  9990
2 55164  86.5110 282.2926 0013435 193.9514 122.3359 14.91711817  1324
ONEWEB-0624             
1 55165U 23004AB  23018.50001157  .00020683  00000+0  20365-2 0  9990
2 55165  86.5138 282.1075 0013497 194.3186 202.9216 14.91901747  1383
ONEWEB-0625             
1 55166U 23004AC  23018.25001157 -.00008295  00000+0 -84022-3 0  9991
2 55166  86.5117 282.2201 0011626 183.5982 289.8267 14.91152365  1350
ONEWEB-0626             
1 55167U 23004AD  23018.50001157  .00021107  00000+0  20767-2 0  9990
2 55167  86.5114 282.1081 0013653 195.1950 202.9430 14.91928145  1387
ONEWEB-0627             
1 55168U 23004AE  23018.08334491  .00056251  00000+0  55352-2 0  9990
2 55168  86.5107 282.2920 0013470 194.6697 122.8916 14.91761236  1321
ONEWEB-0628             
1 55169U 23004AF  23018.50001157  .00020658  00000+0  20375-2 0  9997
2 55169  86.5141 282.1084 0013575 193.6129 201.8127 14.91832550  1381
ONEWEB-0629             
1 55170U 23004AG  23018.08334491  .00056329  00000+0  55139-2 0  9992
2 55170  86.5123 282.2908 0013731 198.7215 124.7975 14.91967605  1323
ONEWEB-0631             
1 55171U 23004AH  23018.50001157  .00021069  00000+0  20836-2 0  9999
2 55171  86.5136 282.1084 0013515 191.2512 200.7887 14.91725039  1386
ONEWEB-0709             
1 55172U 23004AJ  23018.08334491  .00056471  00000+0  57178-2 0  9997
2 55172  86.5099 282.2950 0009352 184.5031 101.5900 14.90650201  1328
ONEWEB-0710             
1 55173U 23004AK  23018.50001157  .00020584  00000+0  20400-2 0  9999
2 55173  86.5124 282.1094 0013348 189.8168 199.7634 14.91643075  1386
ONEWEB-0711             
1 55174U 23004AL  23018.58334491  .00069237  00000+0  70237-2 0  9999
2 55174  86.5101 282.0761 0009102 183.2297 260.4439 14.90506269  1400
ONEWEB-0713             
1 55175U 23004AM  23018.08334491  .00056663  00000+0  57674-2 0  9994
2 55175  86.5109 282.2979 0008302 185.3397  95.1475 14.90445567  1324
ONEWEB-0715             
1 55176U 23004AN  23018.50001157  .00019950  00000+0  20336-2 0  9995
2 55176  86.5146 282.1184 0009149 182.8065 174.7645 14.90554086  1383
ONEWEB-0716             
1 55177U 23004AP  23018.08334491  .00112097  00000+0  11072-1 0  9991
2 55177  86.5132 282.2967 0012430 186.5201 118.8840 14.91312257  1322
ONEWEB-0717             
1 55178U 23004AQ  23018.50001157  .00020208  00000+0  20518-2 0  9997
2 55178  86.5104 282.1124 0009620 182.8635 179.3355 14.90707409  1388
ONEWEB-0719             
1 55179U 23004AR  23018.50001157  .00020547  00000+0  20677-2 0  9990
2 55179  86.5118 282.1108 0011352 181.5955 190.5230 14.91049698  1389
1998-067UY              
1 55181U 98067UY  23018.13363451  .00080358  00000+0  12942-2 0  9993
2 55181  51.6417 351.6973 0003387 227.5193 132.5510 15.52238276  1830
HSKSAT                  
1 55182U 98067UZ  23018.32675981  .00076505  00000+0  12436-2 0  9996
2 55182  51.6418 350.7371 0002982 213.9192 146.1608 15.52003046  1870
1998-067VA              
1 55183U 98067VA  23017.36136408  .00050739  00000+0  83855-3 0  9991
2 55183  51.6423 355.5401 0004742 312.4051  47.6537 15.51710791  1720
2023-005A               
1 55239U 23005A   23017.52699101  .00000055  00000+0  00000+0 0  9998
2 55239  28.5044 357.9478 1014532 103.9243 268.7494 12.37545113   743
2023-005B               
1 55240U 23005B   23018.26942625  .00002138 -67385-5  00000+0 0  9994
2 55240  28.5075 345.1182 0193066 172.8273 322.1732 15.80443900   873
2023-006A               
1 55242U 23006A   23017.84521626  .00015908  00000+0  80152-3 0  9997
2 55242  43.2001 181.0962 0010010 306.8278 196.1940 15.16921224   691
2023-006B               
1 55243U 23006B   23018.17964880  .00010493  00000+0  53460-3 0  9994
2 55243  43.1999 179.2463 0009770 309.4041 220.6717 15.16828350   747
2023-006C               
1 55244U 23006C   23018.18167420  .00008266  00000+0  43172-3 0  9995
2 55244  43.1995 179.2613 0007148 299.5424 230.5857 15.16192853   693
2023-006D               
1 55245U 23006D   23017.84680095  .00038033  00000+0  19169-2 0  9999
2 55245  43.1998 181.1068 0007580 299.2442 204.1919 15.16517624   659
2023-007A               
1 55248U 23007A   23018.14879019 -.00000071  00000+0  00000+0 0  9996
2 55248  97.3789  92.5599 0008871 224.0745 220.6953 15.24105988   466
2023-007B               
1 55249U 23007B   23018.46277013  .00018755  00000+0  76446-3 0  9996
2 55249  97.3805  92.8686 0008165 234.1934 136.3571 15.24474145   502
2023-007C               
1 55250U 23007C   23018.20939046 -.00000071  00000+0  00000+0 0  9993
2 55250  97.3777  92.6146 0006998 244.1710 178.9698 15.24667677   467
2023-007D               
1 55251U 23007D   23018.20952068 -.00000071  00000+0  00000+0 0  9993
2 55251  97.3822  92.6230 0008065 240.9862 183.6978 15.24758104   462
2023-007E               
1 55252U 23007E   23018.34066113  .00030640  00000+0  12315-2 0  9995
2 55252  97.3753  92.7493 0007078 245.5669 179.4992 15.24850802   486
2023-007F               
1 55253U 23007F   23018.21122156 -.00000071  00000+0  00000+0 0  9993
2 55253  97.3786  92.6226 0007726 250.8463 185.4064 15.24912746   468
2023-007G               
1 55254U 23007G   23018.21112231 -.00000071  00000+0  00000+0 0  9997
2 55254  97.3822  92.6232 0007067 252.9246 183.3247 15.24986731   462
2023-007H               
1 55255U 23007H   23018.21268233 -.00000071  00000+0  00000+0 0  9992
2 55255  97.3781  92.6185 0007216 267.8430 180.4780 15.25341608   469
2023-007J               
1 55256U 23007J   23018.27523841 -.00000071  00000+0  00000+0 0  9998
2 55256  97.3662  92.6827 0007972 281.2329 150.1264 15.24842382   473
2023-007K               
1 55257U 23007K   23018.21035341 -.00000071  00000+0  00000+0 0  9996
2 55257  97.3767  92.6224 0007601 267.4580 168.8237 15.25353530   463
2023-007L               
1 55258U 23007L   23018.27492704 -.00000071  00000+0  00000+0 0  9993
2 55258  97.3795  92.6851 0006670 273.1978 158.4805 15.25467211   470
2023-007M               
1 55259U 23007M   23018.27428900 -.00000072  00000+0  00000+0 0  9992
2 55259  97.3742  92.6850 0008496 279.5035 152.1219 15.25760267   471
2023-007N               
1 55260U 23007N   23018.33736132 -.00000072  00000+0  00000+0 0  9990
2 55260  97.3774  92.7490 0008419 298.5593 126.4214 15.26382526   483
2023-007P               
1 55261U 23007P   23018.27272951 -.00000072  00000+0  00000+0 0  9998
2 55261  97.3754  92.6867 0009229 308.9154 122.7391 15.26520395   470
