GOES 18                 
1 51850U 22021A   22089.91299701 -.00000202  00000+0  00000+0 0  9998
2 51850   0.0387 307.4990 0000223 198.4891 281.5658  1.00273911   377
ATLAS 5 CENTAUR R/B     
1 51851U 22021B   22089.71384430 -.00000159  00000+0  00000+0 0  9992
2 51851   9.6268 331.3831 4765863 183.3412 171.4878  1.85572119   528
STARLINK-3542           
1 51852U 22022A   22090.25001157 -.00710921  00000+0 -92307-2 0  9997
2 51852  53.2172   7.6829 0001467  46.8894 218.7359 15.60527010  5616
STARLINK-3539           
1 51853U 22022B   22090.25001157 -.00710762  00000+0 -92739-2 0  9990
2 51853  53.2172   7.6834 0001565  42.7789 218.3749 15.60399127  5569
STARLINK-3541           
1 51854U 22022C   22090.25001157 -.00710838  00000+0 -91844-2 0  9991
2 51854  53.2172   7.6825 0001330  56.9745 213.0840 15.60654779  5616
STARLINK-3545           
1 51855U 22022D   22089.91667824 -.00714020  00000+0 -89581-2 0  9994
2 51855  53.2176   9.3023 0001452  54.2348 150.1092 15.61421847  3724
STARLINK-3568           
1 51856U 22022E   22089.91667824 -.00714011  00000+0 -90027-2 0  9992
2 51856  53.2176   9.3026 0001440  53.9925 146.1487 15.61294001  3725
STARLINK-3571           
1 51857U 22022F   22089.91667824 -.00714168  00000+0 -88714-2 0  9996
2 51857  53.2176   9.3011 0001401  58.0654 154.5693 15.61677536  3722
STARLINK-3563           
1 51858U 22022G   22089.91667824 -.00714110  00000+0 -89150-2 0  9999
2 51858  53.2176   9.3016 0001382  59.7058 148.8028 15.61549713  3725
STARLINK-3560           
1 51859U 22022H   22090.25001157 -.00006711  00000+0 -43493-4 0  9993
2 51859  53.2191   7.3631 0001149  89.6149  10.7710 15.73172143  5615
STARLINK-3559           
1 51860U 22022J   22090.25001157 -.00028979  00000+0 -20265-3 0  9996
2 51860  53.2180   7.3649 0001116  77.4630  21.5729 15.73214225  5560
STARLINK-3562           
1 51861U 22022K   22090.25001157 -.00041504  00000+0 -29247-3 0  9995
2 51861  53.2190   7.3607 0001089  87.7534  13.8441 15.73223698  5561
STARLINK-3508           
1 51862U 22022L   22089.91667824 -.00054163  00000+0 -38374-3 0  9992
2 51862  53.2177   9.0115 0001259  99.4282 271.4011 15.73214786  3728
STARLINK-3555           
1 51863U 22022M   22090.25001157 -.00012810  00000+0 -86994-4 0  9998
2 51863  53.2190   7.3581 0001231  84.4585  18.4378 15.73199871  5568
STARLINK-3548           
1 51864U 22022N   22090.25001157 -.00002434  00000+0 -12947-4 0  9997
2 51864  53.2176   7.3589 0000967  77.6925  23.2074 15.73178663  5617
STARLINK-3503           
1 51865U 22022P   22089.91667824 -.00116087  00000+0 -83157-3 0  9998
2 51865  53.2185   9.0033 0001025  98.3230 276.9562 15.73273247  3729
STARLINK-3553           
1 51866U 22022Q   22090.25001157 -.00004199  00000+0 -25545-4 0  9997
2 51866  53.2190   7.3586 0000936  79.5133  22.8224 15.73176500  5564
STARLINK-3590           
1 51867U 22022R   22089.91667824 -.00104812  00000+0 -74917-3 0  9997
2 51867  53.2194   9.0028 0001104  99.6578 276.2582 15.73279310  3724
STARLINK-3578           
1 51868U 22022S   22090.25001157  .00006998  00000+0  54231-4 0  9990
2 51868  53.2188   7.3563 0000968  81.9690  21.5549 15.73202169  5565
STARLINK-3588           
1 51869U 22022T   22090.25001157 -.00066192  00000+0 -46986-3 0  9992
2 51869  53.2170   7.3506 0000879  90.7651  15.9308 15.73253324  5569
STARLINK-3591           
1 51870U 22022U   22089.91667824  .00004691  00000+0  37812-4 0  9997
2 51870  53.2192   9.0004 0001134  93.6134 282.8471 15.73204097  3725
STARLINK-3567           
1 51871U 22022V   22090.25001157 -.00035896  00000+0 -25196-3 0  9992
2 51871  53.2172   7.3496 0000969  74.5554  32.7747 15.73244694  5614
STARLINK-3554           
1 51872U 22022W   22090.25001157 -.00043059  00000+0 -30360-3 0  9992
2 51872  53.2190   7.3515 0000982  65.7646  40.2544 15.73227966  5562
STARLINK-3582           
1 51873U 22022X   22089.91667824 -.00141321  00000+0 -10163-2 0  9992
2 51873  53.2189   8.9932 0001025  93.1984 287.2124 15.73273997  3728
STARLINK-3574           
1 51874U 22022Y   22090.25001157  .00080036  00000+0  57020-3 0  9990
2 51874  53.2189   7.3472 0001216  76.5067  31.5167 15.73161489  5563
STARLINK-3585           
1 51875U 22022Z   22090.25001157  .00003047  00000+0  26131-4 0  9998
2 51875  53.2174   7.3431 0001206  76.1480  34.3827 15.73189596  5560
STARLINK-3583           
1 51876U 22022AA  22090.25001157  .00008129  00000+0  62368-4 0  9997
2 51876  53.2191   7.3462 0001064  79.1328  29.6028 15.73165236  5565
STARLINK-3556           
1 51877U 22022AB  22090.25001157 -.00041418  00000+0 -29188-3 0  9990
2 51877  53.2172   7.3407 0001106  64.7343  47.0356 15.73221521  5566
STARLINK-3575           
1 51878U 22022AC  22089.91667824 -.00048552  00000+0 -34268-3 0  9992
2 51878  53.2193   8.9921 0000854  99.6959 281.2165 15.73257767  3724
STARLINK-3572           
1 51879U 22022AD  22090.25001157 -.00053872  00000+0 -38196-3 0  9998
2 51879  53.2174   7.3383 0000990  75.3868  37.8033 15.73196106  5562
STARLINK-3566           
1 51880U 22022AE  22089.91667824 -.00139551  00000+0 -10027-2 0  9991
2 51880  53.2194   8.9890 0001029 102.2169 280.1022 15.73287986  3728
STARLINK-3504           
1 51881U 22022AF  22090.25001157 -.00051315  00000+0 -36316-3 0  9993
2 51881  53.2172   7.3353 0001242  73.6048  40.7644 15.73217584  5613
STARLINK-3570           
1 51882U 22022AG  22090.25001157 -.00026983  00000+0 -18831-3 0  9999
2 51882  53.2191   7.3387 0001022  62.8471  49.6168 15.73218783  5619
STARLINK-3576           
1 51883U 22022AH  22090.25001157 -.00016081  00000+0 -11039-3 0  9991
2 51883  53.2171   7.3327 0001195  77.7644  37.9147 15.73197408  5561
STARLINK-3577           
1 51884U 22022AJ  22090.25001157 -.00036579  00000+0 -25702-3 0  9998
2 51884  53.2171   7.3362 0001073  74.4100  39.3446 15.73229919  5647
STARLINK-3584           
1 51885U 22022AK  22090.25001157 -.00037248  00000+0 -26193-3 0  9998
2 51885  53.2173   7.3306 0000946  71.2489  45.6697 15.73220509  5566
STARLINK-3565           
1 51886U 22022AL  22090.25001157 -.00018980  00000+0 -13099-3 0  9992
2 51886  53.2190   7.3338 0001333  60.1157  54.8500 15.73222744  5569
STARLINK-3551           
1 51887U 22022AM  22090.25001157 -.00066285  00000+0 -47148-3 0  9996
2 51887  53.2173   7.3266 0000934  83.0168  34.6617 15.73206554  5569
STARLINK-3536           
1 51888U 22022AN  22090.25001157 -.00073843  00000+0 -52571-3 0  9991
2 51888  53.2170   7.3312 0001087  74.4602  41.8422 15.73228462  5562
STARLINK-3547           
1 51889U 22022AP  22090.25001157  .00036975  00000+0  26722-3 0  9994
2 51889  53.2171   7.3220 0001170  81.6863  37.8099 15.73154641  5566
STARLINK-3519           
1 51890U 22022AQ  22089.91667824 -.00038184  00000+0 -26834-3 0  9996
2 51890  53.2193   8.9747 0001224  74.2768 314.9429 15.73247036  3728
STARLINK-3549           
1 51891U 22022AR  22090.25001157 -.00000989  00000+0 -26296-5 0  9993
2 51891  53.2173   7.3211 0000982  59.8778  60.1932 15.73224691  5617
STARLINK-3587           
1 51892U 22022AS  22090.25001157 -.00071827  00000+0 -51121-3 0  9996
2 51892  53.2172   7.3261 0000892  57.4070  61.5774 15.73224755  5565
STARLINK-3579           
1 51893U 22022AT  22090.25001157  .00017584  00000+0  12949-3 0  9990
2 51893  53.2175   7.3219 0001244  71.4257  49.9505 15.73191151  5629
STARLINK-3595           
1 51894U 22022AU  22089.91667824  .00023851  00000+0  17403-3 0  9995
2 51894  53.2181   8.9703 0001235  97.8445 293.9390 15.73178698  3726
STARLINK-3594           
1 51895U 22022AV  22090.25001157 -.00018858  00000+0 -13027-3 0  9997
2 51895  53.2174   7.3193 0001015  69.7162  53.0046 15.73197540  5569
STARLINK-3593           
1 51896U 22022AW  22089.91667824  .00011694  00000+0  87555-4 0  9995
2 51896  53.2194   8.9676 0001008  75.6204 317.5424 15.73216671  3721
STARLINK-3598           
1 51897U 22022AX  22090.25001157 -.00006666  00000+0 -43142-4 0  9995
2 51897  53.2173   7.3179 0000942  78.1960  45.1672 15.73190887  5566
STARLINK-3597           
1 51898U 22022AY  22090.25001157 -.00033288  00000+0 -23348-3 0  9991
2 51898  53.2170   7.3157 0001035  69.0684  54.8609 15.73222727  5618
FALCON 9 DEB            
1 51899U 22022AZ  22090.19972240  .00498147  11817-3  97913-3 0  9993
2 51899  53.2280   4.3093 0002681 345.0093  15.0859 15.99555467  4406
FALCON 9 DEB            
1 51900U 22022BA  22090.18573361  .00530388  13625-3  94908-3 0  9990
2 51900  53.2228   4.2026 0002769 278.2316  81.8402 16.01183183  4409
FALCON 9 DEB            
1 51901U 22022BB  22090.16560626  .00487278  11708-3  83077-3 0  9993
2 51901  53.2214   4.0541 0005646 322.0635  37.9999 16.01989387  4407
FALCON 9 DEB            
1 51902U 22022BC  22089.97566837  .00481784  11473-3  81684-3 0  9998
2 51902  53.2172   4.9959 0005971 300.9325  59.1120 16.02080640  4378
2022-023A               
1 51946U 22023A   22090.14070538  .00004703  00000+0  20147-3 0  9995
2 51946  63.4527 106.7260 0019006 311.8130 108.2718 15.24026146  3954
2022-023B               
1 51947U 22023B   22090.21743038 -.00057579  00000+0 -23849-2 0  9998
2 51947  63.4508 106.4194 0019736 311.4026 189.3262 15.23611903  3962
2022-023C               
1 51948U 22023C   22090.21072071  .00261155  00000+0  10411-1 0  9996
2 51948  63.4430 106.4776 0018966 304.1503 126.6724 15.23666774  3969
2022-023D               
1 51949U 22023D   22089.80413194 -.00494086  00000+0 -22036-1 0  9994
2 51949  63.4500 107.9029 0016850 309.4102  39.5034 15.23221365  3899
2022-023E               
1 51950U 22023E   22090.21585367 -.00000235  00000+0  00000+0 0  9998
2 51950  63.4481 106.5000 0017565 314.1966 118.5173 15.22433096  3963
2022-023F               
1 51951U 22023F   22089.89232692  .00001284  00000+0  65732-4 0  9993
2 51951  63.4438 107.6235 0017178 303.0609 139.8029 15.22023897  3914
2022-023G               
1 51952U 22023G   22090.13964310  .00006107  00000+0  25023-3 0  9999
2 51952  63.4394 106.6821 0017844 305.3187 114.8242 15.25167675  3952
2022-023H               
1 51953U 22023H   22090.14437739  .00002162  00000+0  16109-3 0  9993
2 51953  63.6393 110.8895 0115110 247.3185 111.5722 15.00971450  3897
NOOR-2                  
1 51954U 22024A   22090.09154462  .00006894  00000+0  32188-3 0  9999
2 51954  58.2887  52.9245 0013227 286.2004 200.6187 15.20835478  3479
QASED R/B               
1 51955U 22024B   22089.60120218  .00004330  00000+0  20484-3 0  9996
2 51955  58.2916  54.8357 0010290 297.0063  62.9947 15.21257909  3392
STARLINK-3700           
1 51956U 22025A   22090.25001157 -.00025545  00000+0 -17805-3 0  9997
2 51956  53.2180  32.4530 0001118  95.4105 165.7105 15.73212614  4684
STARLINK-3694           
1 51957U 22025B   22090.25001157 -.00034797  00000+0 -24422-3 0  9990
2 51957  53.2197  32.4455 0001101 111.1566 153.0808 15.73230830  4701
STARLINK-3692           
1 51958U 22025C   22090.25001157 -.00011373  00000+0 -76740-4 0  9997
2 51958  53.2178  32.4519 0001152 113.1521 148.5699 15.73196264  4687
STARLINK-3704           
1 51959U 22025D   22090.25001157 -.00015993  00000+0 -10979-3 0  9991
2 51959  53.2198  32.4469 0001285 105.6609 157.9740 15.73191175  4681
STARLINK-3691           
1 51960U 22025E   22090.25001157 -.00027726  00000+0 -19371-3 0  9995
2 51960  53.2181  32.4453 0001201 108.9373 155.9676 15.73208978  4686
STARLINK-3689           
1 51961U 22025F   22090.25001157 -.00014837  00000+0 -10135-3 0  9994
2 51961  53.2176  32.4496 0001275 105.2773 157.0814 15.73229845  4709
STARLINK-3697           
1 51962U 22025G   22090.25001157 -.00043764  00000+0 -30878-3 0  9992
2 51962  53.2196  32.4432 0001264 116.4572 149.7499 15.73218543  4701
STARLINK-3675           
1 51963U 22025H   22090.25001157  .00012149  00000+0  90866-4 0  9998
2 51963  53.2177  32.4483 0001067 113.3813 149.6338 15.73196150  4689
STARLINK-3690           
1 51964U 22025J   22090.25001157 -.00038235  00000+0 -26887-3 0  9996
2 51964  53.2180  32.4388 0001072  92.0085 176.0875 15.73233363  4686
STARLINK-3696           
1 51965U 22025K   22090.25001157  .00007417  00000+0  57172-4 0  9995
2 51965  53.2177  32.4436 0001119 118.8174 146.7413 15.73216741  4688
STARLINK-3699           
1 51966U 22025L   22090.25001157 -.00030507  00000+0 -21363-3 0  9996
2 51966  53.2182  32.4363 0001266  98.3325 171.0550 15.73211535  4686
STARLINK-3695           
1 51967U 22025M   22090.25001157 -.00010727  00000+0 -72099-4 0  9992
2 51967  53.2180  32.4412 0001376 113.4087 153.4146 15.73202286  4707
STARLINK-3681           
1 51968U 22025N   22090.25001157 -.00018638  00000+0 -12861-3 0  9992
2 51968  53.2184  32.4337 0001064  94.4601 176.2322 15.73212672  4699
STARLINK-3680           
1 51969U 22025P   22090.25001157  .00015212  00000+0  11260-3 0  9998
2 51969  53.2181  32.4399 0001044  91.0802 176.3864 15.73200276  4700
STARLINK-3677           
1 51970U 22025Q   22090.25001157 -.00028076  00000+0 -19620-3 0  9992
2 51970  53.2184  32.4317 0001226  85.7467 186.2191 15.73211379  4680
STARLINK-3669           
1 51971U 22025R   22090.25001157 -.00058637  00000+0 -41614-3 0  9997
2 51971  53.2180  32.4376 0001171 105.0235 163.7967 15.73208664  4707
STARLINK-3671           
1 51972U 22025S   22090.25001157  .00040271  00000+0  29017-3 0  9994
2 51972  53.2186  32.4289 0001123  94.8909 178.3447 15.73184435  4699
STARLINK-3679           
1 51973U 22025T   22090.25001157 -.00030623  00000+0 -21443-3 0  9992
2 51973  53.2182  32.4321 0001284  86.3111 184.9854 15.73215041  4684
STARLINK-3672           
1 51974U 22025U   22089.91667824 -.00455806  00000+0 -32939-2 0  9998
2 51974  53.2177  33.3758 0001230 114.1846  55.4179 15.74086261  3603
STARLINK-3674           
1 51975U 22025V   22089.91667824 -.00015671  00000+0 -10736-3 0  9993
2 51975  53.2184  34.0734 0001274 102.4030  83.1443 15.73218164  3595
STARLINK-3663           
1 51976U 22025W   22089.91667824 -.00081767  00000+0 -58234-3 0  9998
2 51976  53.2180  34.0759 0001364  92.2686  92.6503 15.73260042  3596
STARLINK-3660           
1 51977U 22025X   22089.91667824 -.00455711  00000+0 -32935-2 0  9992
2 51977  53.2177  33.3767 0001137  90.5255  78.4440 15.74084520  3605
STARLINK-3666           
1 51978U 22025Y   22090.25001157 -.00022735  00000+0 -15796-3 0  9996
2 51978  53.2193  32.4216 0001059  89.0940 187.9549 15.73207859  4686
STARLINK-3656           
1 51979U 22025Z   22090.25001157 -.00035177  00000+0 -24696-3 0  9990
2 51979  53.2190  32.4299 0001199  90.2747 182.3463 15.73229121  4702
STARLINK-3649           
1 51980U 22025AA  22089.91667824  .00053232  00000+0  38145-3 0  9996
2 51980  53.2192  34.0663 0001109 103.0199  86.3286 15.73190773  3596
STARLINK-3635           
1 51981U 22025AB  22090.16667824 -.00033636  00000+0 -23590-3 0  9992
2 51981  53.2188  32.8372 0001233  96.0472  66.8149 15.73229600  4671
STARLINK-3650           
1 51982U 22025AC  22090.16667824 -.00005464  00000+0 -34549-4 0  9998
2 51982  53.2192  32.8298 0000982  87.6696  79.0765 15.73194754  4679
STARLINK-3655           
1 51983U 22025AD  22090.16667824 -.00081135  00000+0 -57794-3 0  9994
2 51983  53.2192  32.8351 0001180  86.9545  77.2035 15.73253448  4694
STARLINK-3664           
1 51984U 22025AE  22090.16667824 -.00031052  00000+0 -21747-3 0  9997
2 51984  53.2193  32.8259 0000940  87.9380  80.6752 15.73219988  4677
STARLINK-3651           
1 51985U 22025AF  22090.16667824 -.00084395  00000+0 -60209-3 0  9992
2 51985  53.2190  32.8312 0001249  93.1727  72.2986 15.73233276  4663
STARLINK-3645           
1 51986U 22025AG  22090.16667824 -.00044746  00000+0 -31584-3 0  9993
2 51986  53.2194  32.8236 0001115 105.7103  64.2037 15.73219331  4667
STARLINK-3644           
1 51987U 22025AH  22089.91667824  .00043125  00000+0  31035-3 0  9994
2 51987  53.2191  34.0635 0001258 116.7490  73.9250 15.73181736  3593
STARLINK-3640           
1 51988U 22025AJ  22090.16667824 -.00068113  00000+0 -48414-3 0  9999
2 51988  53.2194  32.8224 0001042 110.2789  60.2907 15.73233633  4681
STARLINK-3642           
1 51989U 22025AK  22090.16667824 -.00077971  00000+0 -55567-3 0  9999
2 51989  53.2190  32.8268 0001027  84.5528  83.4825 15.73226811  4678
STARLINK-3657           
1 51990U 22025AL  22090.16667824 -.00034587  00000+0 -24273-3 0  9997
2 51990  53.2184  32.8200 0001182  93.8201  77.9865 15.73229022  4671
STARLINK-3652           
1 51991U 22025AM  22090.16667824 -.00079250  00000+0 -56441-3 0  9996
2 51991  53.2190  32.8240 0001122  89.7641  79.5292 15.73248484  4663
STARLINK-3643           
1 51992U 22025AN  22090.16667824 -.00005844  00000+0 -37229-4 0  9999
2 51992  53.2183  32.8160 0001292 101.7152  72.0213 15.73214979  4682
STARLINK-3648           
1 51993U 22025AP  22090.16667824 -.00086035  00000+0 -61392-3 0  9998
2 51993  53.2189  32.8200 0001207  85.9970  85.2038 15.73236161  4689
STARLINK-3647           
1 51994U 22025AQ  22090.25001157 -.00038175  00000+0 -26872-3 0  9996
2 51994  53.2189  32.4032 0001150  96.2734 190.3703 15.73208732  4702
STARLINK-3636           
1 51995U 22025AR  22090.16667824 -.00041253  00000+0 -29071-3 0  9991
2 51995  53.2180  32.8185 0001231  95.0734  77.3845 15.73219568  4669
STARLINK-3538           
1 51996U 22025AS  22090.16667824 -.00021127  00000+0 -14644-3 0  9990
2 51996  53.2188  32.8135 0001096  88.4613  86.5595 15.73209243  4678
STARLINK-3589           
1 51997U 22025AT  22090.16667824 -.00026403  00000+0 -18410-3 0  9998
2 51997  53.2191  32.8168 0001160  99.2465  73.8510 15.73225270  4669
STARLINK-3618           
1 51998U 22025AU  22090.16667824 -.00067033  00000+0 -47546-3 0  9995
2 51998  53.2180  32.8113 0001071  95.5423  80.7697 15.73276304  4669
STARLINK-3667           
1 51999U 22025AV  22090.16667824 -.00073143  00000+0 -52013-3 0  9990
2 51999  53.2193  32.8116 0001132  89.5890  86.0739 15.73251409  4661
STARLINK-3653           
1 52000U 22025AW  22090.16667824 -.00045094  00000+0 -31811-3 0  9991
2 52000  53.2182  32.8088 0001345 104.1245  73.4584 15.73235846  4682
STARLINK-3659           
1 52001U 22025AX  22090.16667824 -.00073978  00000+0 -52634-3 0  9990
2 52001  53.2192  32.8090 0001149  97.0483  79.9000 15.73243960  4683
STARLINK-3668           
1 52002U 22025AY  22090.16667824 -.00067402  00000+0 -47843-3 0  9992
2 52002  53.2178  32.8077 0001104 102.6345  75.5865 15.73261061  4665
STARLINK-3654           
1 52003U 22025AZ  22090.16667824 -.00072892  00000+0 -51865-3 0  9991
2 52003  53.2195  32.8054 0001026  85.9824  92.8690 15.73236463  4664
FALCON 9 DEB            
1 52004U 22025BA  22090.09880011  .00375046  67580-4  89900-3 0  9996
2 52004  53.2285  31.2641 0005047 290.2467  69.8021 15.96003507  3590
FALCON 9 DEB            
1 52005U 22025BB  22090.09001542  .00392277  74111-4  87829-3 0  9992
2 52005  53.2241  31.1976 0006094 261.9023  98.1316 15.97228074  3590
FALCON 9 DEB            
1 52006U 22025BC  22090.07365157  .00355695  63419-4  74709-3 0  9991
2 52006  53.2221  31.0763 0008905 288.4935  71.5128 15.98345214  3594
FALCON 9 DEB            
1 52007U 22025BD  22090.07125971  .00365853  66496-4  76967-3 0  9993
2 52007  53.2194  31.0569 0009757 273.7769  86.2146 15.98296376  3593
2022-026A               
1 52008U 22026A   22089.87736539  .00014381  00000+0  66246-3 0  9999
2 52008  97.4875  90.9155 0048093 218.2880 141.4936 15.19346368  2319
SPACEBEE-121            
1 52009U 22026B   22089.53616090  .00010906  00000+0  60107-3 0  9991
2 52009  97.5029  90.4721 0028340 182.7370 177.3711 15.13822686  2245
SPACEBEE-114            
1 52010U 22026C   22090.19776140  .00014045  00000+0  77399-3 0  9999
2 52010  97.5042  91.1237 0027650 182.9155 177.1920 15.13778344  2351
SPACEBEE-126            
1 52011U 22026D   22089.99984077  .00012532  00000+0  69190-3 0  9995
2 52011  97.5029  90.9263 0028087 181.0061 179.1119 15.13729185  2311
SPACEBEE-118            
1 52012U 22026E   22089.53631140  .00011788  00000+0  64982-3 0  9992
2 52012  97.5042  90.4741 0026994 186.4770 173.6117 15.13824850  2259
SPACEBEE-120            
1 52013U 22026F   22088.54468736  .00010893  00000+0  60037-3 0  9995
2 52013  97.5024  89.4950 0028944 183.7427 176.3592 15.13806233  2090
SPACEBEE-122            
1 52014U 22026G   22089.27179777  .00011578  00000+0  63790-3 0  9991
2 52014  97.5027  90.2118 0028051 184.8759 175.2204 15.13824720  2201
SPACEBEE-119            
1 52015U 22026H   22089.27174728  .00010501  00000+0  57901-3 0  9995
2 52015  97.5039  90.2128 0028393 183.6600 176.4428 15.13815575  2206
2022-026J               
1 52016U 22026J   22089.99881003  .00012564  00000+0  69143-3 0  9998
2 52016  97.5028  90.9281 0028271 181.3197 178.7964 15.13840038  2317
2022-026K               
1 52017U 22026K   22089.93298583  .00008923  00000+0  49330-3 0  9998
2 52017  97.5030  90.8622 0028116 181.6422 178.4722 15.13775919  2304
2022-026L               
1 52018U 22026L   22088.94092652  .00015221  00000+0  83574-3 0  9995
2 52018  97.5046  89.8880 0028138 185.3716 174.7218 15.13879528  2150
SPACEBEENZ-11           
1 52019U 22026M   22089.53580892  .00015813  00000+0  86743-3 0  9998
2 52019  97.5040  90.4734 0028353 182.9773 177.1295 15.13898169  2206
2022-026N               
1 52020U 22026N   22089.99881850  .00012704  00000+0  69917-3 0  9998
2 52020  97.5032  90.9283 0028167 181.3947 178.7211 15.13838482  2265
SPACEBEE-125            
1 52021U 22026P   22090.06480845  .00015512  00000+0  85080-3 0  9997
2 52021  97.5027  90.9933 0029773 179.6358 180.4900 15.13870502  2198
SPACEBEE-117            
1 52022U 22026Q   22089.53605478  .00011070  00000+0  60990-3 0  9997
2 52022  97.5045  90.4737 0028210 183.0268 177.0797 15.13834639  2119
SPACEBEE-116            
1 52023U 22026R   22090.06483598  .00013239  00000+0  72805-3 0  9992
2 52023  97.5042  90.9947 0028297 181.2016 178.9152 15.13850816  2199
SPACEBEE-113            
1 52024U 22026S   22089.99855198  .00014420  00000+0  79070-3 0  9996
2 52024  97.5038  90.9292 0030200 178.7706 181.3605 15.13885117  2184
SPACEBEE-112            
1 52025U 22026T   22089.46981360  .00011582  00000+0  63739-3 0  9991
2 52025  97.5040  90.4089 0028217 183.2485 176.8567 15.13861703  2100
2022-026U               
1 52026U 22026U   22089.53580840  .00012985  00000+0  71345-3 0  9998
2 52026  97.5043  90.4736 0028260 182.9609 177.1459 15.13888035  2027
2022-026V               
1 52027U 22026V   22089.99876892  .00013137  00000+0  72246-3 0  9995
2 52027  97.5030  90.9280 0028206 181.2253 178.8914 15.13855303  2093
YAOGAN-34 02            
1 52084U 22027A   22090.23598540 -.00000057  00000+0  54741-4 0  9998
2 52084  63.3978 193.9321 0012981 265.1004  94.8541 13.46729495  1882
CZ-4C R/B               
1 52085U 22027B   22089.75203022 -.00000146  00000+0 -60760-4 0  9990
2 52085  63.3984 194.0376 0102214  42.4125 318.4758 13.65321473  1847
SOYUZ-MS 21             
1 52086U 22028A   22089.52009259  .00011727  00000+0  21569-3 0  9991
2 52086  51.6456   6.2189 0003938 325.9692  41.6994 15.49657097332986
STARLINK-3537           
1 52088U 22029A   22089.91667824  .00217445  28335-4  71074-3 0  9992
2 52088  53.2158  85.3110 0009028 324.1326 156.3842 15.90183302  2594
STARLINK-3722           
1 52089U 22029B   22090.25001157 -.00062298  00000+0 -44230-3 0  9997
2 52089  53.2164  84.4439 0001260  63.5844 125.1939 15.73223721  3150
STARLINK-3712           
1 52090U 22029C   22089.91667824  .00089495  00000+0  63418-3 0  9994
2 52090  53.2166  86.0888 0001139  54.8827  46.6631 15.73241590  2631
STARLINK-3713           
1 52091U 22029D   22089.91667824 -.00013634  00000+0 -92850-4 0  9992
2 52091  53.2164  86.0905 0001187  74.0730  26.3163 15.73208909  2597
STARLINK-3716           
1 52092U 22029E   22090.25001157 -.00043887  00000+0 -30977-3 0  9997
2 52092  53.2166  84.4421 0001081  58.2190 131.6903 15.73211027  3152
STARLINK-3673           
1 52093U 22029F   22090.16667824 -.00102294  00000+0 -73154-3 0  9999
2 52093  53.2166  84.8474 0001302  48.7955  31.7029 15.73256624  3144
STARLINK-3714           
1 52094U 22029G   22090.16667824 -.00067468  00000+0 -47930-3 0  9996
2 52094  53.2167  84.8516 0001458  64.8050  14.0050 15.73240779  3142
STARLINK-3701           
1 52095U 22029H   22089.91667824 -.00011112  00000+0 -74847-4 0  9991
2 52095  53.2164  86.0808 0000983  62.9110  42.0725 15.73205611  2635
STARLINK-3717           
1 52096U 22029J   22090.16667824 -.00873769  00000+0 -63492-2 0  9997
2 52096  53.2176  84.4420 0001258  56.6603 225.0737 15.75105836  3147
STARLINK-3676           
1 52097U 22029K   22090.16667824  .00160961  20496-4  53248-3 0  9994
2 52097  53.2157  84.0616 0008558 325.5402 137.7897 15.90060946  3151
STARLINK-3665           
1 52098U 22029L   22090.16667824 -.00074856  00000+0 -53252-3 0  9993
2 52098  53.2165  84.8464 0001420  69.5744  11.5379 15.73250625  3144
STARLINK-3662           
1 52099U 22029M   22090.16667824  .00160793  20505-4  52643-3 0  9998
2 52099  53.2154  84.0484 0008533 330.3177 139.2040 15.90265551  3155
STARLINK-3702           
1 52100U 22029N   22089.91667824 -.00048515  00000+0 -34249-3 0  9996
2 52100  53.2165  86.0797 0001142  71.6279  33.8923 15.73252011  2602
STARLINK-3703           
1 52101U 22029P   22089.91667824 -.00017861  00000+0 -12300-3 0  9991
2 52101  53.2163  86.0734 0000993  73.2780  35.0789 15.73222415  2597
STARLINK-3709           
1 52102U 22029Q   22090.16667824 -.00073064  00000+0 -52024-3 0  9995
2 52102  53.2165  84.8423 0001097  58.6723  24.2349 15.73220756  3141
STARLINK-3705           
1 52103U 22029R   22090.16667824 -.00106262  00000+0 -76023-3 0  9998
2 52103  53.2164  84.8350 0001162  68.4864  17.7870 15.73263596  3143
STARLINK-3693           
1 52104U 22029S   22090.16667824  .00157415  19995-4  53992-3 0  9991
2 52104  53.2157  84.1101 0007748 312.5221 127.4128 15.89368676  3157
STARLINK-3706           
1 52105U 22029T   22089.91667824 -.00003433  00000+0 -20066-4 0  9994
2 52105  53.2163  86.0685 0001052  58.6462  51.9001 15.73190702  2606
STARLINK-3670           
1 52106U 22029U   22090.16667824 -.00098615  00000+0 -70525-3 0  9994
2 52106  53.2166  84.8364 0000890  56.6003  29.0982 15.73241727  3146
STARLINK-3658           
1 52107U 22029V   22089.91667824 -.00041166  00000+0 -29011-3 0  9999
2 52107  53.2163  86.0655 0001340  67.7123  44.1983 15.73217161  2635
STARLINK-3698           
1 52108U 22029W   22090.25001157 -.00080713  00000+0 -57561-3 0  9992
2 52108  53.2165  84.4220 0001370  62.2819 136.8272 15.73223337  3153
STARLINK-3731           
1 52109U 22029X   22090.09481000  .04607147  42667-1  56348-2 0  9990
2 52109  53.2197  84.2647 0010293 161.7998 314.8155 16.11270788  3138
STARLINK-3687           
1 52110U 22029Y   22090.16667824 -.00047451  00000+0 -33503-3 0  9996
2 52110  53.2165  84.8315 0001130  64.5894  23.3127 15.73238644  3142
STARLINK-3708           
1 52111U 22029Z   22089.91667824 -.00013457  00000+0 -91616-4 0  9997
2 52111  53.2162  86.0608 0001234  65.0879  49.0865 15.73201231  2609
STARLINK-3734           
1 52112U 22029AA  22090.16667824 -.00111620  00000+0 -80052-3 0  9999
2 52112  53.2167  84.8291 0001360  73.4896  15.6319 15.73227328  3149
STARLINK-3736           
1 52113U 22029AB  22089.91667824 -.00020784  00000+0 -14399-3 0  9992
2 52113  53.2163  86.0584 0001046  67.2980  47.9738 15.73208421  2630
STARLINK-3737           
1 52114U 22029AC  22090.16667824 -.00125535  00000+0 -90043-3 0  9992
2 52114  53.2164  84.8264 0001169  60.7308  29.5306 15.73277766  3143
STARLINK-3685           
1 52115U 22029AD  22090.16667824 -.00112751  00000+0 -80696-3 0  9992
2 52115  53.2163  84.8201 0001221  63.9699  29.1329 15.73280270  3146
STARLINK-3735           
1 52116U 22029AE  22090.16667824 -.00058163  00000+0 -41202-3 0  9999
2 52116  53.2164  84.8240 0001168  63.8113  27.5884 15.73248048  3146
STARLINK-3738           
1 52117U 22029AF  22089.91667824  .00020689  00000+0  15147-3 0  9990
2 52117  53.2162  86.0534 0001106  69.2916  48.2926 15.73199244  2608
STARLINK-3743           
1 52118U 22029AG  22089.91667824 -.00004888  00000+0 -30396-4 0  9990
2 52118  53.2162  86.0575 0001364  68.3365  47.4837 15.73225531  2597
STARLINK-3558           
1 52119U 22029AH  22090.16667824 -.00079479  00000+0 -56574-3 0  9993
2 52119  53.2163  84.8154 0001203  70.8943  24.4845 15.73261466  3143
STARLINK-3534           
1 52120U 22029AJ  22090.16667824 -.00052245  00000+0 -37017-3 0  9998
2 52120  53.2164  84.8192 0001033  61.3608  32.4017 15.73199048  3159
STARLINK-3678           
1 52121U 22029AK  22090.25001157 -.00054976  00000+0 -38936-3 0  9994
2 52121  53.2163  84.4007 0001271  69.7077 139.1168 15.73229187  3156
STARLINK-3726           
1 52122U 22029AL  22090.16667824 -.00071422  00000+0 -50776-3 0  9995
2 52122  53.2164  84.8168 0001164  63.4830  31.3470 15.73247819  3149
STARLINK-3725           
1 52123U 22029AM  22089.91667824  .00027577  00000+0  20036-3 0  9993
2 52123  53.2161  86.0460 0001092  66.2625  54.8136 15.73187918  2634
STARLINK-3684           
1 52124U 22029AN  22090.25001157 -.00020250  00000+0 -14027-3 0  9990
2 52124  53.2164  84.4023 0001158  61.5109 146.7532 15.73191169  3155
STARLINK-3727           
1 52125U 22029AP  22089.91667824  .00069014  00000+0  49233-3 0  9997
2 52125  53.2160  86.0450 0001140  69.0739  52.4497 15.73189678  2634
STARLINK-3732           
1 52126U 22029AQ  22090.16667824 -.00067319  00000+0 -47855-3 0  9993
2 52126  53.2164  84.8118 0000975  61.2087  35.9485 15.73226440  3140
STARLINK-3715           
1 52127U 22029AR  22090.16667824 -.00064931  00000+0 -46093-3 0  9994
2 52127  53.2163  84.8063 0001096  59.0860  40.3381 15.73244071  3143
STARLINK-3719           
1 52128U 22029AS  22090.25001157  .00146777  19109-4  44698-3 0  9997
2 52128  53.2149  83.5318 0008051 325.5043 306.3368 15.91719947  3160
STARLINK-3661           
1 52129U 22029AT  22090.16667824 -.00030711  00000+0 -21503-3 0  9994
2 52129  53.2162  84.8042 0001080  55.2692  45.3205 15.73218829  3147
STARLINK-3710           
1 52130U 22029AU  22090.16667824  .00165929  21142-4  53782-3 0  9993
2 52130  53.2154  84.0345 0008790 327.3179 148.4639 15.90445443  3156
STARLINK-3711           
1 52131U 22029AV  22089.91667824 -.00014471  00000+0 -98857-4 0  9990
2 52131  53.2159  86.0387 0001048  68.4389  55.9849 15.73202736  2594
STARLINK-3718           
1 52132U 22029AW  22090.16667824 -.00113361  00000+0 -81244-3 0  9999
2 52132  53.2162  84.8057 0001167  65.6887  34.3756 15.73251014  3146
STARLINK-3707           
1 52133U 22029AX  22089.91667824 -.00017301  00000+0 -11894-3 0  9992
2 52133  53.2159  86.0362 0001215  72.4823  53.0670 15.73232897  2630
STARLINK-3721           
1 52134U 22029AY  22089.91667824 -.00012607  00000+0 -85517-4 0  9991
2 52134  53.2161  86.0380 0001163  73.6002  51.4201 15.73207520  2635
STARLINK-3729           
1 52135U 22029AZ  22089.91667824 -.00008332  00000+0 -54992-4 0  9995
2 52135  53.2159  86.0323 0001227  68.9474  58.3869 15.73206814  2632
STARLINK-3720           
1 52136U 22029BA  22089.91667824  .00007724  00000+0  59358-4 0  9999
2 52136  53.2161  86.0355 0001236  65.0963  61.0666 15.73215713  2591
STARLINK-3733           
1 52137U 22029BB  22089.91667824 -.00009423  00000+0 -62777-4 0  9999
2 52137  53.2159  86.0311 0001261  62.9912  64.8716 15.73207479  2631
STARLINK-3723           
1 52138U 22029BC  22090.16667824 -.00070538  00000+0 -50225-3 0  9998
2 52138  53.2162  84.7984 0001114  66.2854  37.1733 15.73206816  3138
STARLINK-3730           
1 52139U 22029BD  22090.16667824 -.00873751  00000+0 -63728-2 0  9998
2 52139  53.2176  84.4374 0001211  60.7063 221.8996 15.75021370  3149
STARLINK-3682           
1 52140U 22029BE  22090.16667824 -.00042178  00000+0 -29718-3 0  9993
2 52140  53.2162  84.7935 0001452  67.8348  37.9081 15.73232745  3131
FALCON 9 DEB            
1 52141U 22029BF  22090.21122564  .00308434  46444-4  96877-3 0  9992
2 52141  53.2132  83.8157 0010084 311.7795  48.2371 15.90857025  1928
FALCON 9 DEB            
1 52142U 22029BG  22090.20881591  .00293037  43056-4  90729-3 0  9992
2 52142  53.2132  83.8012 0010427 328.6200  31.4204 15.91140001  1927
FALCON 9 DEB            
1 52143U 22029BH  22090.20066150  .00312496  48130-4  90968-3 0  9993
2 52143  53.2138  83.7513 0005611 324.0761  35.9890 15.92386168  1927
FALCON 9 DEB            
1 52144U 22029BJ  22090.19773876  .00329700  52709-4  93241-3 0  9992
2 52144  53.2149  83.7357 0006127 347.0255  13.0615 15.92922547  1921
MERIDIAN 10             
1 52145U 22030A   22085.07388968 -.00000242  00000+0  52658-1 0  9995
2 52145  62.8217 321.6680 7250937 270.1111 345.4291  1.98449783    64
FREGAT R/B              
1 52146U 22030B   22088.58205185 -.00001751  00000+0 -12189-1 0  9996
2 52146  62.8240 321.1178 7295629 269.5933  14.6766  2.00128833   177
IHI-SAT                 
1 52147U 98067TJ  22087.83954693  .00030737  00000+0  53354-3 0  9997
2 52147  51.6432  14.5154 0003860  13.9725 346.1370 15.50570101   780
KITSUNE                 
1 52148U 98067TK  22087.84051673  .00023398  00000+0  41361-3 0  9995
2 52148  51.6433  14.5219 0002908 353.3283   6.7667 15.50213321   726
2022-031A               
1 52150U 22031A   22090.26790786  .00001242  00000+0  13280-3 0  9994
2 52150  97.7948 263.6825 0012410 255.8786 104.1053 14.90486527   279
2022-031B               
1 52151U 22031B   22090.26771311  .00000705  00000+0  77586-4 0  9991
2 52151  97.7838 263.6811 0011256 261.3625  98.6318 14.90645427   271
CZ-6A R/B               
1 52152U 22031C   22089.92532664  .00006652  00000+0  57125-3 0  9992
2 52152  97.7792 263.3356 0029169   5.2445 354.9073 14.97460467   226
2022-032A               
1 52153U 22032A   22090.22073041 -.00000057  00000+0  00000+0 0  9998
2 52153  97.7993 140.3762 0013852 281.1305  78.8378 14.91290239   162
2022-032B               
1 52154U 22032B   22090.17257191  .03014564  25773-5  26045-3 0  9994
2 52154  97.6266 140.3995 0365414 319.3222  38.1127 15.61017043   168
2022-032C               
1 52155U 22032C   22089.81791730 -.00000057  00000+0  00000+0 0  9995
2 52155  97.8016 139.9806 0015035 290.2326  69.7224 14.91761966   106
2022-032D               
1 52156U 22032D   22090.28744427 -.00000057  00000+0  00000+0 0  9990
2 52156  97.7904 140.4445 0014916 288.8553  71.0965 14.91770060   181
