YAOGAN-34 03            
1 54249U 22154A   22347.64092377 -.00000090  00000+0  00000+0 0  9992
2 54249  63.4086 312.8872 0008922 272.0071  87.9938 13.45255827  3856
CZ-4C R/B               
1 54250U 22154B   22347.61005169 -.00000088  00000+0  88958-5 0  9995
2 54250  63.4115 310.0719 0123013  44.1886 316.8872 13.68845051  3919
2022-155A               
1 54251U 22155A   22347.78024063  .00007054  00000+0  44201-3 0  9999
2 54251  97.5357  92.0772 0014428 188.7477 322.5262 15.09576573  4153
2022-155B               
1 54252U 22155B   22347.83649951  .00007005  00000+0  43899-3 0  9993
2 54252  97.5415  92.1535 0014384 189.1477 267.5023 15.09575093  4163
2022-155C               
1 54253U 22155C   22347.78454517  .00007037  00000+0  44394-3 0  9996
2 54253  97.5388  92.0830 0013843 185.5061 325.6361 15.09337584  4148
2022-155D               
1 54254U 22155D   22347.78114247  .00007010  00000+0  43989-3 0  9990
2 54254  97.5384  92.0863 0014364 188.1176 323.1180 15.09525344  4152
2022-155E               
1 54255U 22155E   22347.84794769  .00006976  00000+0  43729-3 0  9993
2 54255  97.5386  92.1543 0013493 190.2881 328.9789 15.09579310  4161
SLS R/B                 
1 54258U 22156B   22320.38000000 -.00015394  00000+0  00000+0 0  9991
2 54258  30.5010  10.5910 9639665  20.8820   1.0790  0.10372534    41
EUTELSAT 10B            
1 54259U 22157A   22347.63101023 -.00000173  00000+0  33303-1 0  9990
2 54259  18.0468 294.5941 7870251 184.1688 159.0292  1.11012561   257
FALCON 9 R/B            
1 54260U 22157B   22347.47946354  .00003124  00000+0  14830-2 0  9991
2 54260  22.4719 294.2886 8185158 184.9727 151.8453  1.25051460   255
EOS-6 (OCEANSAT-3)      
1 54361U 22158A   22347.81798645  .00000306  00000+0  98381-4 0  9994
2 54361  98.3546  82.3481 0011974 175.8080 184.3225 14.45829309  2533
2022-158B               
1 54362U 22158B   22347.82060814  .00004728  00000+0  24229-3 0  9997
2 54362  97.4625  82.9019 0023866 185.2757 327.8525 15.16814706  2647
THYBOLT-1               
1 54363U 22158C   22347.84732209  .00014252  00000+0  67332-3 0  9999
2 54363  97.4497  82.8186 0011610 193.7669 262.3080 15.19466234  2651
THYBOLT-2               
1 54364U 22158D   22347.84781969  .00014031  00000+0  66292-3 0  9996
2 54364  97.4495  82.8203 0011318 194.3372 264.9225 15.19469895  2658
INS-2B                  
1 54365U 22158E   22347.77923591  .00013604  00000+0  63863-3 0  9994
2 54365  97.4445  82.7396 0011310 204.6962 254.5221 15.19698669  2641
ANAND                   
1 54366U 22158F   22347.77701060  .00011513  00000+0  53877-3 0  9991
2 54366  97.4429  82.7350 0010212 204.3857 254.9024 15.19858582  2641
ASTROCAST-0304          
1 54367U 22158G   22347.78321443  .00004067  00000+0  19100-3 0  9993
2 54367  97.4468  82.7700 0008347 202.2030 315.7035 15.20156065  2636
ASTROCAST-0303          
1 54368U 22158H   22347.78218730  .00005481  00000+0  25554-3 0  9999
2 54368  97.4489  82.7782 0008142 211.2790 306.5162 15.20255890  2642
ASTROCAST-0302          
1 54369U 22158J   22347.77028484  .00013602  00000+0  62478-3 0  9994
2 54369  97.4492  82.7702 0008168 216.9837 244.4885 15.20479691  2640
ASTROCAST-0301          
1 54370U 22158K   22347.77823172  .00009774  00000+0  44808-3 0  9995
2 54370  97.4481  82.7827 0008389 225.0031 291.0053 15.20630248  2642
DRAGON CRS-26           
1 54371U 22159A   22347.56373546  .00009671  00000+0  17770-3 0  9993
2 54371  51.6421 167.9862 0004317 158.2212 272.3334 15.49920917373000
2022-160A               
1 54372U 22160A   22347.78135900  .00010169  00000+0  42953-3 0  9995
2 54372  34.9971 125.5426 0005465   7.2467 135.5197 15.22477501  2486
2022-160B               
1 54373U 22160B   22347.83906188  .00022350  00000+0  90593-3 0  9994
2 54373  34.9984 125.1047 0007918  38.7807  89.4678 15.23728308  2495
2022-160C               
1 54374U 22160C   22347.78436986  .00008040  00000+0  34138-3 0  9996
2 54374  34.9972 125.5670 0005886   7.4213 136.2408 15.22341232  2448
2022-160D               
1 54375U 22160D   22347.77246404  .00024925  00000+0  99966-3 0  9990
2 54375  34.9987 125.4778 0008055  46.7485  93.3574 15.24064891  2487
2022-160E               
1 54376U 22160E   22347.78497793  .00011166  00000+0  47141-3 0  9992
2 54376  34.9976 125.5707 0007752  33.8283 109.9472 15.22466822  2484
COSMOS 2564 [GLONASS-M] 
1 54377U 22161A   22343.65354395  .00000039  00000+0  00000+0 0  9992
2 54377  64.7808 235.5579 0027267 231.6187 268.4265  2.13730857   233
FREGAT R/B              
1 54378U 22161B   22332.88538517  .00000006  00000+0  00000+0 0  9990
2 54378  64.7543 235.8312 0069964  61.3586  78.3433  2.10629160    00
SHENZHOU-15             
1 54379U 22162A   22347.34823405  .00021681  00000+0  26699-3 0  9990
2 54379  41.4747 208.1191 0004178  90.6520  78.4117 15.59697973 92775
COSMOS 2565             
1 54381U 22163A   22347.62584143 -.00000034  00000+0  29997-4 0  9993
2 54381  67.1534 342.0793 0006904 268.4852  91.5442 13.96672486  1807
SL-4 R/B                
1 54382U 22163B   22347.90923511  .00112506  68434-5  57524-3 0  9995
2 54382  67.1320 336.1107 0454634  80.2131 285.0018 15.05154032  1961
2022-163C               
1 54383U 22163C   22347.90881232  .00000018  00000+0  66917-4 0  9999
2 54383  67.1419 341.3669 0010923 321.5823  38.4482 13.97182232  1530
1998-067UL              
1 54534U 98067UL  22340.86252666  .00085099  00000+0  14432-2 0  9999
2 54534  51.6411 201.1483 0007784 141.2081 329.2667 15.50741142   750
1998-067UM              
1 54535U 98067UM  22347.75641949  .00047884  00000+0  80037-3 0  9996
2 54535  51.6432 166.9364 0006743 165.2646 305.4648 15.51407217  1824
1998-067UN              
1 54536U 98067UN  22347.75688183  .00037079  00000+0  62611-3 0  9991
2 54536  51.6426 166.9411 0007012 163.5965 307.3233 15.51236535  1785
1998-067UP              
1 54537U 98067UP  22347.80369696  .00041464  00000+0  69597-3 0  9996
2 54537  51.6425 166.7067 0007529 166.1234 208.8796 15.51348368  1834
2022-164A               
1 54588U 22164A   22347.74518555  .00001123  00000+0  33730-3 0  9998
2 54588  98.3564  15.0167 0008531 257.6326 102.3884 14.44525781   978
KZ-11 R/B               
1 54589U 22164B   22347.86567567 -.00000667  21091-5  00000+0 0  9991
2 54589  98.3637  15.8956 0380943  82.8638 281.5733 15.07591723  1038
2022-165A               
1 54640U 22165A   22347.41923201  .00028582  00000+0  60417-2 0  9999
2 54640  98.1138 285.8369 0005801 339.9323 136.2493 14.59225992   688
2022-165B               
1 54641U 22165B   22347.80119435  .00000536  00000+0  10745-3 0  9998
2 54641  98.0287 286.0665 0033504 286.9850  72.7701 14.65348974   737
ONEWEB-0527             
1 54642U 22166A   22347.91667824  .00052641  00000+0  52722-2 0  9996
2 54642  86.5170 156.1498 0006970 217.3185   0.9300 14.91122390  1480
ONEWEB-0528             
1 54643U 22166B   22347.58334491 -.00057460  00000+0 -58471-2 0  9994
2 54643  86.5181 156.2985 0007016 219.2282  10.4990 14.91160914  1302
ONEWEB-0539             
1 54644U 22166C   22347.58334491 -.00057157  00000+0 -57751-2 0  9998
2 54644  86.5163 156.2955 0008371 216.8644  17.3867 14.91435361  1300
ONEWEB-0540             
1 54645U 22166D   22347.58334491 -.00058068  00000+0 -59259-2 0  9996
2 54645  86.5147 156.2968 0006826 223.0465   4.9085 14.91050665  1305
ONEWEB-0542             
1 54646U 22166E   22347.91667824  .00052146  00000+0  50668-2 0  9997
2 54646  86.5169 156.1456 0011688 226.9830  12.0646 14.92303725  1482
ONEWEB-0545             
1 54647U 22166F   22347.58334491 -.00057324  00000+0 -58410-2 0  9990
2 54647  86.5150 156.2969 0006927 221.1990   7.6453 14.91107506  1302
ONEWEB-0580             
1 54648U 22166G   22347.91667824  .00052642  00000+0  51494-2 0  9998
2 54648  86.5157 156.1475 0011037 222.4700  11.9905 14.92039622  1485
ONEWEB-0582             
1 54649U 22166H   22347.58334491 -.00057326  00000+0 -57671-2 0  9992
2 54649  86.5163 156.2938 0009159 217.3712  19.7472 14.91603806  1302
ONEWEB-0583             
1 54650U 22166J   22347.58334491 -.00057004  00000+0 -57115-2 0  9990
2 54650  86.5168 156.2957 0009823 217.3123  22.2872 14.91758894  1305
ONEWEB-0584             
1 54651U 22166K   22347.58334491 -.00056221  00000+0 -56422-2 0  9991
2 54651  86.5162 156.2940 0009489 217.7617  20.6886 14.91692464  1309
ONEWEB-0585             
1 54652U 22166L   22347.58334491 -.00057168  00000+0 -57802-2 0  9996
2 54652  86.5170 156.2973 0008243 216.8503  16.9439 14.91408127  1309
ONEWEB-0586             
1 54653U 22166M   22347.58334491 -.00057354  00000+0 -58755-2 0  9992
2 54653  86.5187 156.3003 0006414 228.1323 357.1999 14.90895528  1302
ONEWEB-0587             
1 54654U 22166N   22347.58334491 -.00057054  00000+0 -57472-2 0  9995
2 54654  86.5175 156.2990 0008936 216.8611  19.3899 14.91552178  1307
ONEWEB-0589             
1 54655U 22166P   22347.58334491 -.00056670  00000+0 -55987-2 0  9998
2 54655  86.5161 156.2952 0011595 227.6551  20.9502 14.92302390  1308
ONEWEB-0590             
1 54656U 22166Q   22347.58334491 -.00056994  00000+0 -56426-2 0  9997
2 54656  86.5154 156.2955 0011369 226.3361  20.9595 14.92222611  1307
ONEWEB-0591             
1 54657U 22166R   22347.58334491 -.00056640  00000+0 -56104-2 0  9999
2 54657  86.5185 156.2941 0011314 225.8688  20.9902 14.92200948  1304
ONEWEB-0592             
1 54658U 22166S   22347.58334491 -.00057404  00000+0 -58758-2 0  9996
2 54658  86.5148 156.2975 0006474 226.8253 359.0742 14.90928697  1305
ONEWEB-0593             
1 54659U 22166T   22347.58334491 -.00057324  00000+0 -57624-2 0  9999
2 54659  86.5175 156.2987 0009254 217.6065  19.9277 14.91633957  1305
ONEWEB-0594             
1 54660U 22166U   22347.58334491 -.00056823  00000+0 -56589-2 0  9993
2 54660  86.5169 156.2953 0010792 221.9404  21.5756 14.91991719  1301
ONEWEB-0595             
1 54661U 22166V   22347.58334491 -.00057026  00000+0 -57288-2 0  9997
2 54661  86.5177 156.2987 0009363 217.6979  20.2419 14.91656881  1309
ONEWEB-0596             
1 54662U 22166W   22347.58334491 -.00057497  00000+0 -57991-2 0  9991
2 54662  86.5162 156.2947 0008720 216.5727  18.8776 14.91505445  1303
ONEWEB-0597             
1 54663U 22166X   22347.58334491 -.00056758  00000+0 -56304-2 0  9998
2 54663  86.5153 156.2954 0011249 224.6285  21.3493 14.92142856  1300
ONEWEB-0600             
1 54664U 22166Y   22347.58334491 -.00056657  00000+0 -55993-2 0  9990
2 54664  86.5158 156.2953 0011519 227.4517  20.9044 14.92289588  1305
ONEWEB-0601             
1 54665U 22166Z   22347.58334491 -.00056731  00000+0 -56303-2 0  9990
2 54665  86.5183 156.2942 0011200 224.1642  21.4876 14.92125188  1306
ONEWEB-0602             
1 54666U 22166AA  22347.58334491 -.00056802  00000+0 -56448-2 0  9990
2 54666  86.5180 156.2940 0011069 223.2662  21.6202 14.92074387  1306
ONEWEB-0603             
1 54667U 22166AB  22347.58334491 -.00056575  00000+0 -58013-2 0  9998
2 54667  86.5157 156.2985 0006352 229.8303 354.7849 14.90853121  1309
ONEWEB-0604             
1 54668U 22166AC  22347.58334491 -.00056590  00000+0 -57847-2 0  9990
2 54668  86.5191 156.3009 0006582 225.2916   1.3935 14.90977675  1303
ONEWEB-0605             
1 54669U 22166AD  22347.91667824  .00053195  00000+0  53747-2 0  9998
2 54669  86.5171 156.1513 0006222 229.7749 342.1638 14.90770577  1481
ONEWEB-0606             
1 54670U 22166AE  22347.58334491 -.00056459  00000+0 -57556-2 0  9994
2 54670  86.5190 156.2999 0006876 222.0777   6.3626 14.91084159  1307
ONEWEB-0607             
1 54671U 22166AF  22347.58334491 -.00056581  00000+0 -57760-2 0  9998
2 54671  86.5149 156.2968 0006747 223.8609   3.6989 14.91030428  1300
ONEWEB-0608             
1 54672U 22166AG  22347.58334491 -.00056859  00000+0 -56568-2 0  9992
2 54672  86.5163 156.2962 0010910 222.4967  21.6180 14.92031131  1306
ONEWEB-0610             
1 54673U 22166AH  22347.58334491 -.00056519  00000+0 -57564-2 0  9993
2 54673  86.5153 156.2973 0006958 220.8199   8.2374 14.91120978  1307
ONEWEB-0611             
1 54674U 22166AJ  22347.58334491 -.00056125  00000+0 -56296-2 0  9998
2 54674  86.5177 156.2982 0009597 217.5886  21.2217 14.91712303  1302
ONEWEB-0612             
1 54675U 22166AK  22347.58334491 -.00057232  00000+0 -58546-2 0  9999
2 54675  86.5190 156.3006 0006511 226.1142   0.1560 14.90951839  1305
ONEWEB-0615             
1 54676U 22166AL  22347.58334491 -.00056847  00000+0 -57367-2 0  9991
2 54676  86.5176 156.2993 0008580 216.3946  18.6160 14.91481194  1308
ONEWEB-0655             
1 54677U 22166AM  22347.58334491 -.00057326  00000+0 -57887-2 0  9992
2 54677  86.5161 156.2953 0008491 216.6449  18.0309 14.91459260  1309
ONEWEB-0659             
1 54678U 22166AN  22347.58334491 -.00056678  00000+0 -57114-2 0  9995
2 54678  86.5163 156.2942 0008835 216.3720  19.5354 14.91535959  1307
ONEWEB-0685             
1 54679U 22166AP  22347.91667824  .00053496  00000+0  53985-2 0  9997
2 54679  86.5186 156.1522 0006269 227.8163 344.9513 14.90818180  1483
ONEWEB-0712             
1 54680U 22166AQ  22347.91667824  .00052707  00000+0  51605-2 0  9990
2 54680  86.5178 156.1461 0010898 221.7650  11.9970 14.92003171  1481
ONEWEB-0714             
1 54681U 22166AR  22347.58334491 -.00055691  00000+0 -55064-2 0  9995
2 54681  86.5182 156.2935 0011426 226.9161  20.9763 14.92267309  1302
2022-167A               
1 54682U 22167A   22347.62864766  .00009901  00000+0  63474-3 0  9991
2 54682  97.5383 122.5527 0013116 250.3344 109.6471 15.08647864   668
2022-167B               
1 54683U 22167B   22347.60297627  .00031793  00000+0  36255-3 0  9997
2 54683  97.5875 122.7838 0204729 310.2819  48.0683 15.40715061   647
CAS-5A                  
1 54684U 22167C   22347.62830271  .00007953  00000+0  50917-3 0  9990
2 54684  97.5390 122.5527 0013461 250.9409 109.0363 15.08758632   658
2022-167D               
1 54685U 22167D   22347.56014915  .00005197  00000+0  32864-3 0  9992
2 54685  97.5441 122.4890 0011993 262.6273  97.3593 15.09394542   645
2022-167E               
1 54686U 22167E   22347.62645158  .00005734  00000+0  36218-3 0  9993
2 54686  97.5420 122.5572 0012063 264.8485  95.1370 15.09393095   651
2022-167F               
1 54687U 22167F   22347.62632295  .00007099  00000+0  44666-3 0  9994
2 54687  97.5386 122.5553 0012729 265.4814  94.4960 15.09444019   654
2022-167G               
1 54688U 22167G   22347.89132086  .00009554  00000+0  59835-3 0  9999
2 54688  97.5351 122.8157 0013159 264.1371  95.8349 15.09512387   696
2022-167H               
1 54689U 22167H   22347.62608747  .00005469  00000+0  34434-3 0  9992
2 54689  97.5462 122.5585 0013237 266.4156  93.5563 15.09518133   659
2022-167J               
1 54690U 22167J   22347.62565953  .00006045  00000+0  37857-3 0  9998
2 54690  97.5354 122.5554 0013391 269.0945  90.8748 15.09668537   652
2022-167K               
1 54691U 22167K   22347.62589054  .00003565  00000+0  22548-3 0  9992
2 54691  97.5415 122.5570 0013905 266.1569  93.8095 15.09580138   658
2022-167L               
1 54692U 22167L   22347.62563621  .00005285  00000+0  33141-3 0  9997
2 54692  97.5438 122.5573 0014246 267.3757  92.5847 15.09673500   655
2022-167M               
1 54693U 22167M   22347.89393975  .00011127  00000+0  71232-3 0  9995
2 54693  97.5416 122.8117 0013407 246.2396 113.7422 15.08661973   668
2022-167N               
1 54694U 22167N   22347.62532960  .00004517  00000+0  28299-3 0  9996
2 54694  97.5383 122.5560 0014485 269.3028  90.6554 15.09776930   655
2022-167P               
1 54695U 22167P   22347.62532133  .00005661  00000+0  35354-3 0  9990
2 54695  97.5402 122.5565 0014717 271.5538  88.4033 15.09783549   653
FALCON 9 R/B            
1 54698U 22168C   22345.32368031  .00002049 -64822-5  00000+0 0  9995
2 54698  29.0000  41.2312 0098300  59.8200  27.0300 16.15592824    07
2022-169A               
1 54699U 22169A   22347.72595742 -.00000136  00000+0  00000+0 0  9991
2 54699  59.9950 152.5700 0006650 247.2023 112.8270 14.29221418   194
2022-169B               
1 54700U 22169B   22347.46278652 -.00000136  00000+0  00000+0 0  9993
2 54700  59.9930 153.4400 0005873 213.9424 232.1706 14.28664313   153
2022-169C               
1 54701U 22169C   22347.84508877 -.00000160  00000+0  00000+0 0  9998
2 54701  59.9545 152.0014 0093826  41.6915 319.1228 14.49492459   213
2022-169D               
1 54702U 22169D   22347.72605620 -.00000136  00000+0  00000+0 0  9993
2 54702  59.9975 152.5711 0006426 238.1847 121.8550 14.29121211   205
SZ-14 MODULE            
1 54704U 22060G   22347.82636016  .00020397  00000+0  24488-3 0  9999
2 54704  41.4851 205.1624 0007289 127.1406 233.0100 15.60374671  1215
2022-170A               
1 54741U 22170A   22347.93307356 -.00000277  00000+0  00000+0 0  9992
2 54741   6.0010 219.9625 7275882 176.9320  54.0652  2.29163068    00
2022-170B               
1 54742U 22170B   22347.93558167 -.00000278  00000+0  00000+0 0  9992
2 54742   5.9441 219.8278 7283841 177.1664  55.9830  2.28577727    06
2022-170C               
1 54743U 22170C   22347.98773556 -.00000281  00000+0  00000+0 0  9993
2 54743   6.0495 219.0017 7282825 178.0806  98.6879  2.28082701    00
2022-170D               
1 54744U 22170D   22347.96578535 -.00000280  00000+0  00000+0 0  9991
2 54744   6.0388 219.0619 7282050 178.0435  80.5772  2.27824329    09
2022-170E               
1 54745U 22170E   22347.96853071 -.00000281  00000+0  00000+0 0  9994
2 54745   6.0528 219.0137 7282997 178.1132  82.6839  2.27460541    05
