STARLINK-5749           
1 55569U 23020A   23073.58334491 -.01186080  00000+0 -37843-1 0  9990
2 55569  42.9976 175.5802 0001408 276.7254  63.9156 15.34819539  1305
STARLINK-5737           
1 55570U 23020B   23073.58334491 -.01183619  00000+0 -37937-1 0  9991
2 55570  42.9978 175.5925 0001380 275.7210  60.7283 15.34671611  1308
STARLINK-5739           
1 55571U 23020C   23073.58334491 -.01184361  00000+0 -37403-1 0  9995
2 55571  42.9974 175.5623 0001401 278.8284  69.2598 15.35133277  1304
STARLINK-5732           
1 55572U 23020D   23073.58334491 -.01187533  00000+0 -37317-1 0  9994
2 55572  42.9979 175.5508 0001411 271.2143  82.5135 15.35295675  1300
STARLINK-5738           
1 55573U 23020E   23073.58334491 -.01184739  00000+0 -37359-1 0  9996
2 55573  42.9975 175.5569 0001405 277.8843  72.3919 15.35180623  1309
STARLINK-5747           
1 55574U 23020F   23073.58334491 -.01186351  00000+0 -35853-1 0  9996
2 55574  42.9976 175.4879 0001423 278.5300 101.0359 15.36497189  1307
STARLINK-5745           
1 55575U 23020G   23073.58334491 -.01188509  00000+0 -36357-1 0  9994
2 55575  42.9974 175.5081 0001422 269.3110 101.1505 15.36128909  1303
STARLINK-5751           
1 55576U 23020H   23073.33302239  .00004195  00000+0  35406-4 0  9995
2 55576  42.9995 174.4417 0000620 217.2963 142.7862 15.71361902  4755
STARLINK-5752           
1 55577U 23020J   23073.58334491 -.00884364  00000+0 -18859-1 0  9994
2 55577  42.9974 174.8139 0001410 277.3337  17.9752 15.46512738  1304
STARLINK-5713           
1 55578U 23020K   23073.58334491 -.01190511  00000+0 -35649-1 0  9996
2 55578  42.9975 175.4687 0001450 276.0255 111.1032 15.36790359  1304
STARLINK-5754           
1 55579U 23020L   23073.58334491 -.01184136  00000+0 -35031-1 0  9998
2 55579  42.9974 175.4405 0001388 277.3424 120.9458 15.37146121  1307
STARLINK-5757           
1 55580U 23020M   23073.33251694  .00010251  00000+0  81496-4 0  9998
2 55580  42.9997 174.4407 0001905 271.6779  88.3871 15.71361898  4756
STARLINK-5753           
1 55581U 23020N   23073.58334491 -.01188062  00000+0 -35619-1 0  9995
2 55581  42.9974 175.4727 0001440 279.2139 105.9243 15.36746851  1300
STARLINK-5741           
1 55582U 23020P   23073.33524828 -.00258992  00000+0 -20879-2 0  9996
2 55582  43.0094 174.4890 0009096 305.2326  54.7690 15.70656252  4751
STARLINK-5742           
1 55583U 23020Q   23073.58334491 -.01185141  00000+0 -35267-1 0  9991
2 55583  42.9971 175.4576 0001398 275.5882 115.9033 15.36968894  1308
STARLINK-5736           
1 55584U 23020R   23073.58334491 -.01186152  00000+0 -35206-1 0  9998
2 55584  42.9976 175.4523 0001407 276.7525 117.3709 15.37050577  1301
STARLINK-5769           
1 55585U 23020S   23073.27216714 -.00061782  00000+0 -47677-3 0  9999
2 55585  43.0000 174.8611 0002791 231.2852 128.7767 15.71071688  4744
STARLINK-5767           
1 55586U 23020T   23073.58334491 -.01184799  00000+0 -34969-1 0  9990
2 55586  42.9974 175.4365 0001378 270.5866 130.1777 15.37219228  1300
STARLINK-5727           
1 55587U 23020U   23073.58334491 -.00885833  00000+0 -18792-1 0  9993
2 55587  42.9976 174.8010 0001402 274.8655  26.2012 15.46666662  1309
STARLINK-5728           
1 55588U 23020V   23073.58334491 -.01186025  00000+0 -34564-1 0  9997
2 55588  42.9977 175.4126 0001393 274.3020 136.5941 15.37609869  1308
STARLINK-5697           
1 55589U 23020W   23073.58334491 -.01186382  00000+0 -34932-1 0  9993
2 55589  42.9972 175.4292 0001425 278.5698 124.7157 15.37296108  1307
STARLINK-5762           
1 55590U 23020X   23073.58334491 -.01194554  00000+0 -34581-1 0  9995
2 55590  42.9982 175.3972 0001372 271.6397 145.2647 15.37835020  1309
STARLINK-5760           
1 55591U 23020Y   23073.58334491 -.01186204  00000+0 -34643-1 0  9998
2 55591  42.9975 175.4162 0001435 283.0362 125.5469 15.37544916  1307
STARLINK-5759           
1 55592U 23020Z   23073.58334491 -.01194034  00000+0 -34535-1 0  9999
2 55592  42.9981 175.3910 0001361 274.7142 145.1564 15.37861110  1308
STARLINK-5703           
1 55593U 23020AA  23073.58334491 -.01185129  00000+0 -34502-1 0  9999
2 55593  42.9974 175.4068 0001382 274.2615 138.3905 15.37639412  1300
STARLINK-5750           
1 55594U 23020AB  23073.58334491 -.01193395  00000+0 -34240-1 0  9993
2 55594  42.9980 175.3788 0001384 277.8941 146.9982 15.38104212  1305
STARLINK-5740           
1 55595U 23020AC  23073.58334491 -.01193243  00000+0 -33024-1 0  9995
2 55595  42.9977 175.3455 0001360 279.1850 158.9174 15.39196178  1300
STARLINK-5729           
1 55596U 23020AD  23073.58334491 -.01193570  00000+0 -34194-1 0  9998
2 55596  42.9980 175.3742 0001385 281.4701 145.3912 15.38149987  1307
STARLINK-5743           
1 55597U 23020AE  23072.31845731  .00021203  00000+0  16459-3 0  9999
2 55597  42.9982 180.6116 0000499 272.5122  87.5689 15.71374146  4593
STARLINK-5756           
1 55598U 23020AF  23073.31127080  .00002484  00000+0  22376-4 0  9997
2 55598  42.9992 174.2720 0001793 295.2128  64.8553 15.71360721  4751
STARLINK-5761           
1 55599U 23020AG  23073.56147153  .00006934  00000+0  56262-4 0  9993
2 55599  42.9982 172.7030 0000958 237.5133 122.5642 15.71360337  4793
STARLINK-5755           
1 55600U 23020AH  23073.34351085  .00003907  00000+0  33221-4 0  9990
2 55600  42.9992 174.5309 0002153 277.2735  82.7888 15.71361550  4757
STARLINK-5744           
1 55601U 23020AJ  23073.58334491 -.01193707  00000+0 -33061-1 0  9999
2 55601  42.9980 175.3346 0001361 281.8290 161.0911 15.39175258  1300
STARLINK-5764           
1 55602U 23020AK  23073.55813301  .00007974  00000+0  64166-4 0  9999
2 55602  42.9998 172.6772 0001594 256.0028 104.0662 15.71367297  4792
STARLINK-5735           
1 55603U 23020AL  23073.34373202 -.00000117  00000+0  25593-5 0  9993
2 55603  43.0010 174.5308 0001627 280.9491  79.1194 15.71345325  4759
STARLINK-5748           
1 55604U 23020AM  23073.33747336  .00004527  00000+0  37936-4 0  9997
2 55604  43.0011 174.4873 0006524 299.3463  60.6753 15.71363712  4757
STARLINK-5725           
1 55605U 23020AN  23073.34341278 -.00000802  00000+0 -26628-5 0  9995
2 55605  42.9999 174.5324 0002422 314.1554  45.9114 15.71350050  4751
STARLINK-5700           
1 55607U 23020AQ  23073.53376898  .00001235  00000+0  12850-4 0  9994
2 55607  42.9979 173.3758 0001573 274.8153  85.2535 15.71373337  4782
STARLINK-5726           
1 55608U 23020AR  23073.34287758  .00003986  00000+0  33823-4 0  9998
2 55608  42.9998 174.5258 0003042 267.7520  92.3000 15.71365471  4757
STARLINK-5719           
1 55609U 23020AS  23073.34330301  .00005458  00000+0  45021-4 0  9991
2 55609  42.9973 174.5214 0002459 211.2603 148.8119 15.71365989  4752
STARLINK-5722           
1 55610U 23020AT  23073.27889563  .00006745  00000+0  54810-4 0  9990
2 55610  42.9989 174.9059 0002506 278.5513  81.5071 15.71369319  4741
STARLINK-5730           
1 55611U 23020AU  23073.59680754 -.00000536  00000+0 -63979-6 0  9999
2 55611  42.9966 172.9842 0001987 268.1206  91.9434 15.71360013  4796
STARLINK-5734           
1 55612U 23020AV  23073.34235495  .00009616  00000+0  76677-4 0  9994
2 55612  42.9973 174.5176 0001530 238.5367 121.5351 15.71359985  4756
STARLINK-5715           
1 55613U 23020AW  23073.59701437  .00005760  00000+0  47298-4 0  9999
2 55613  42.9986 172.9902 0001600 247.4197 112.6501 15.71375729  4794
STARLINK-5714           
1 55614U 23020AX  23073.58334491  .00149204  00000+0  89669-3 0  9990
2 55614  42.9980 172.4367 0000436  42.0838 138.0804 15.76530019  1308
STARLINK-5712           
1 55615U 23020AY  23073.34225014  .00001531  00000+0  15119-4 0  9995
2 55615  42.9967 174.5164 0001890 270.7816  89.2836 15.71357290  4750
STARLINK-5710           
1 55616U 23020AZ  23073.34183036  .00001676  00000+0  16228-4 0  9995
2 55616  42.9991 174.5140 0002235 255.9402 104.1218 15.71356216  4750
STARLINK-5721           
1 55617U 23020BA  23073.27847766  .00018837  00000+0  14666-3 0  9995
2 55617  42.9986 174.9009 0001876 265.7452  94.3202 15.71372524  4749
STARLINK-5717           
1 55618U 23020BB  23073.34172537  .00001973  00000+0  18487-4 0  9990
2 55618  43.0009 174.5169 0001767 273.7757  86.2908 15.71358323  4752
STARLINK-5720           
1 55619U 23020BC  23073.34161773  .00006679  00000+0  54317-4 0  9991
2 55619  43.0002 174.5145 0002214 252.7227 107.3399 15.71366457  4753
STARLINK-5718           
1 55620U 23020BD  23072.45165207  .00016648  00000+0  13004-3 0  9994
2 55620  42.9987 179.8829 0003103 292.5433  67.5106 15.71372765  4618
STARLINK-5709           
1 55621U 23020BE  23073.34193021  .00003337  00000+0  28880-4 0  9999
2 55621  43.0021 174.5191 0002449 302.7889  57.2742 15.71360690  4756
STARLINK-5702           
1 55622U 23020BF  23073.34151161  .00003580  00000+0  30723-4 0  9998
2 55622  43.0000 174.5139 0002270 261.2161  98.8450 15.71365117  4756
STARLINK-5698           
1 55623U 23020BG  23073.27786581 -.00028700  00000+0 -21764-3 0  9998
2 55623  43.0003 174.8972 0001505 297.0722  62.9992 15.71195055  4742
FALCON 9 DEB            
1 55624U 23020BH  23073.28985274  .02946265  89828-5  10297-2 0  9994
2 55624  43.0018 168.6835 0001801 117.4858 242.6212 16.24268123  4818
FALCON 9 DEB            
1 55625U 23020BJ  23073.20509317  .03255416  90740-5  77225-3 0  9999
2 55625  42.9900 168.8732 0000902  99.2467 260.8524 16.28657309  4808
STARLINK-5484           
1 55628U 23021A   23073.58334491 -.01244648  00000+0 -14807-1 0  9997
2 55628  70.0007  80.2204 0003659 272.6564  96.6015 15.63731358  1306
STARLINK-5497           
1 55629U 23021B   23073.58334491 -.01255799  00000+0 -14966-1 0  9993
2 55629  70.0016  80.2188 0003666 274.0550  94.3779 15.63712428  1306
STARLINK-5303           
1 55630U 23021C   23073.58334491 -.01252045  00000+0 -14887-1 0  9998
2 55630  70.0011  80.2179 0003643 274.0274  96.0518 15.63762114  1308
STARLINK-5558           
1 55631U 23021D   23073.58334491 -.01254812  00000+0 -14830-1 0  9991
2 55631  70.0015  80.2112 0003674 274.8184 100.1732 15.63920569  1307
STARLINK-5546           
1 55632U 23021E   23073.58334491 -.01244318  00000+0 -14757-1 0  9990
2 55632  70.0012  80.2150 0003638 272.9945  98.7271 15.63809569  1307
STARLINK-5498           
1 55633U 23021F   23073.58334491 -.01248483  00000+0 -14796-1 0  9991
2 55633  70.0012  80.2140 0003582 274.5741  97.9672 15.63837531  1303
STARLINK-5500           
1 55634U 23021G   23073.58334491 -.01255257  00000+0 -14913-1 0  9990
2 55634  70.0013  80.2159 0003644 273.0051  97.8949 15.63790107  1305
STARLINK-5495           
1 55635U 23021H   23073.44832691  .00001874  00000+0  17346-4 0  9998
2 55635  70.0022  80.5572 0003208 268.6781  91.4048 15.69932064  4729
STARLINK-5218           
1 55636U 23021J   23073.58334491 -.01255917  00000+0 -14860-1 0  9996
2 55636  70.0013  80.2121 0003635 273.0357 101.1399 15.63894816  1305
STARLINK-5062           
1 55637U 23021K   23073.44822185  .00008142  00000+0  69377-4 0  9993
2 55637  70.0046  80.5610 0003689 274.1486  85.9288 15.69935437  4728
STARLINK-5507           
1 55638U 23021L   23073.58334491 -.01248103  00000+0 -14775-1 0  9992
2 55638  70.0014  80.2131 0003626 272.3823 100.9762 15.63864271  1302
STARLINK-5508           
1 55639U 23021M   23073.44769524  .00001122  00000+0  11099-4 0  9991
2 55639  70.0018  80.5542 0003364 264.8475  95.2337 15.69925729  4729
STARLINK-5069           
1 55640U 23021N   23073.44727326  .00004973  00000+0  43085-4 0  9994
2 55640  70.0005  80.5539 0003493 266.0181  94.0615 15.69932553  4723
STARLINK-5065           
1 55641U 23021P   23073.44780019  .00002345  00000+0  21258-4 0  9992
2 55641  70.0007  80.5547 0003509 259.8361 100.2439 15.69930223  4729
STARLINK-5478           
1 55642U 23021Q   23073.44864503  .00026588  00000+0  22196-3 0  9990
2 55642  70.0014  80.5579 0003448 276.4671  83.6132 15.69948329  4724
STARLINK-5483           
1 55643U 23021R   23073.44748762  .00008538  00000+0  72661-4 0  9997
2 55643  70.0028  80.5568 0003377 279.8301  80.2514 15.69937110  4729
STARLINK-5502           
1 55644U 23021S   23073.44800982  .00004701  00000+0  40821-4 0  9992
2 55644  70.0021  80.5545 0003379 261.8425  98.2387 15.69934908  4727
STARLINK-5102           
1 55645U 23021T   23073.44674698  .00012888  00000+0  10871-3 0  9992
2 55645  70.0021  80.5512 0003705 266.5859  93.4913 15.69940080  4728
STARLINK-5104           
1 55646U 23021U   23073.44843276  .00006636  00000+0  56883-4 0  9991
2 55646  70.0025  80.5590 0003264 272.6739  87.4083 15.69938346  4727
STARLINK-5510           
1 55647U 23021V   23073.44695845  .00003042  00000+0  27054-4 0  9995
2 55647  70.0002  80.5524 0003395 267.7894  92.2913 15.69927301  4727
STARLINK-5501           
1 55648U 23021W   23073.44790696  .00003799  00000+0  33342-4 0  9992
2 55648  70.0012  80.5541 0003247 277.4019  82.6808 15.69931439  4724
STARLINK-5469           
1 55649U 23021X   23073.44716829  .00004549  00000+0  39567-4 0  9998
2 55649  70.0009  80.5529 0003268 285.0044  75.0790 15.69934056  4727
STARLINK-5494           
1 55650U 23021Y   23073.44759097  .00001999  00000+0  18385-4 0  9995
2 55650  70.0012  80.5550 0003161 258.0765 102.0076 15.69929187  4726
STARLINK-5506           
1 55651U 23021Z   23073.44811785  .00003216  00000+0  28493-4 0  9994
2 55651  70.0022  80.5573 0003306 271.6627  88.4190 15.69931915  4728
STARLINK-5487           
1 55652U 23021AA  23073.44737858  .00005094  00000+0  44087-4 0  9996
2 55652  70.0008  80.5549 0003514 275.8608  84.2187 15.69935258  4726
STARLINK-5067           
1 55653U 23021AB  23073.44685157  .00006179  00000+0  53081-4 0  9990
2 55653  70.0015  80.5506 0002816 275.5452  84.5423 15.69941559  4723
STARLINK-5070           
1 55654U 23021AC  23073.44853972  .00007318  00000+0  62555-4 0  9995
2 55654  70.0017  80.5588 0003399 260.4133  99.6678 15.69932541  4722
STARLINK-5267           
1 55655U 23021AD  23073.38239708  .00001881  00000+0  17401-4 0  9993
2 55655  70.0005  80.7276 0003328 268.7605  91.3209 15.69932143  4719
STARLINK-5326           
1 55656U 23021AE  23073.44664434  .00004346  00000+0  37887-4 0  9998
2 55656  70.0027  80.5513 0002897 261.8884  98.1984 15.69927497  4721
STARLINK-5328           
1 55657U 23021AF  23073.44632638  .00006669  00000+0  57168-4 0  9994
2 55657  70.0026  80.5495 0003349 281.5434  78.5386 15.69933337  4721
STARLINK-5307           
1 55658U 23021AG  23073.44707244  .00001486  00000+0  14123-4 0  9997
2 55658  70.0031  80.5548 0002272 280.0571  80.0368 15.69917076  4727
STARLINK-5477           
1 55659U 23021AH  23073.44622792 -.00003431  00000+0 -26798-4 0  9997
2 55659  70.0018  80.5477 0002715 264.3645  95.7241 15.69912030  4721
STARLINK-5467           
1 55660U 23021AJ  23073.44653786 -.00000226  00000+0 -11222-6 0  9993
2 55660  70.0006  80.5498 0003267 267.6481  92.4341 15.69930654  4727
STARLINK-5475           
1 55661U 23021AK  23073.44590350  .00002419  00000+0  21871-4 0  9994
2 55661  70.0012  80.5482 0003266 265.4231  94.6592 15.69930376  4729
STARLINK-5479           
1 55662U 23021AL  23073.44642774  .00000198  00000+0  34176-5 0  9998
2 55662  70.0004  80.5494 0003220 274.0477  86.0351 15.69932474  4721
STARLINK-5473           
1 55663U 23021AM  23073.44538565 -.00000668  00000+0 -37941-5 0  9998
2 55663  70.0026  80.5470 0002144 265.2458  94.8493 15.69918414  4727
STARLINK-5480           
1 55664U 23021AN  23073.44600920  .00004954  00000+0  42928-4 0  9994
2 55664  70.0030  80.5501 0003311 270.8024  89.2792 15.69933874  4723
STARLINK-5474           
1 55665U 23021AP  23073.44569258  .00009195  00000+0  78122-4 0  9990
2 55665  70.0011  80.5467 0003503 271.9619  88.1175 15.69934550  4724
STARLINK-5457           
1 55666U 23021AQ  23073.58334491  .00163306  00000+0  64000-3 0  9999
2 55666  69.9929  79.4969 0002911 262.9586 353.2993 15.86368008  1302
STARLINK-5456           
1 55667U 23021AR  23073.44527231  .00001450  00000+0  13823-4 0  9990
2 55667  70.0019  80.5452 0003123 261.3679  98.7163 15.69924799  4723
STARLINK-5455           
1 55668U 23021AS  23073.38208067  .00001365  00000+0  13114-4 0  9995
2 55668  70.0007  80.7269 0003131 262.5434  97.5406 15.69932663  4715
STARLINK-5459           
1 55669U 23021AT  23073.44548091  .00000941  00000+0  95905-5 0  9995
2 55669  70.0006  80.5469 0003572 266.9794  93.0993 15.69928409  4727
STARLINK-5423           
1 55670U 23021AU  23073.44516506  .00002892  00000+0  25803-4 0  9999
2 55670  70.0008  80.5446 0003301 266.3815  93.7003 15.69930144  4722
STARLINK-5460           
1 55671U 23021AV  23073.44453149  .00004286  00000+0  37374-4 0  9998
2 55671  70.0016  80.5414 0003303 268.9937  91.0880 15.69936434  4724
STARLINK-5461           
1 55672U 23021AW  23073.44463823  .00001336  00000+0  12878-4 0  9994
2 55672  70.0003  80.5435 0003358 276.6290  83.4523 15.69929651  4724
STARLINK-5463           
1 55673U 23021AX  23073.44495740  .00003495  00000+0  30816-4 0  9998
2 55673  70.0012  80.5441 0003421 268.8971  91.1833 15.69931317  4724
STARLINK-5462           
1 55674U 23021AY  23073.44474378  .00001729  00000+0  16141-4 0  9996
2 55674  70.0007  80.5432 0003658 266.0061  94.0717 15.69931044  4721
STARLINK-5232           
1 55675U 23021AZ  23073.44506842 -.00000596  00000+0 -31961-5 0  9990
2 55675  70.0017  80.5450 0002715 279.8575  80.2314 15.69919347  4720
STARLINK-5300           
1 55676U 23021BA  23073.44442874  .00008433  00000+0  71790-4 0  9994
2 55676  70.0016  80.5418 0003644 277.2689  82.8092 15.69935870  4724
STARLINK-5324           
1 55677U 23021BB  23073.44432478  .00013226  00000+0  11152-3 0  9995
2 55677  70.0022  80.5420 0003297 264.9520  95.1299 15.69938611  4728
STARLINK-5314           
1 55678U 23021BC  23073.44484621  .00000769  00000+0  81623-5 0  9993
2 55678  69.9989  80.5434 0003463 266.0005  94.0795 15.69934287  4723
INMARSAT 6-F2           
1 55683U 23022A   23073.99966435 -.00000100  00000+0  00000+0 0  9992
2 55683  24.6555  45.9514 7386636 176.0877  30.5182  1.80357430   414
FALCON 9 R/B            
1 55684U 23022B   23072.32708004  .00015173  00000+0  27373-2 0  9995
2 55684  27.1000  45.3596 7581624 177.1208 193.8813  1.92751048   427
DRUMS TARGET-1          
1 55685U 21102M   23073.11295787  .00027012  00000+0  18729-2 0  9990
2 55685  97.5018 129.3690 0020499  28.3146 331.9189 15.05403995  3580
CHINASAT 26 (ZX 26)     
1 55686U 23023A   23073.54159927 -.00000353  00000+0  00000+0 0  9997
2 55686   0.0414  28.3524 0003574  31.2547  72.3636  1.00270705   308
CZ-3B R/B               
1 55687U 23023B   23069.75308738  .00057108 -91208-7  42213-2 0  9995
2 55687  27.9076 321.4012 7211681 188.6842 143.2418  2.39702510   372
SOYUZ-MS 23             
1 55688U 23024A   23072.18799488  .00019339  00000+0  35521-3 0  9994
2 55688  51.6407  84.0968 0005877  78.5186 329.4010 15.49238013386905
HORUS 1                 
1 55690U 23025A   23073.55886670  .00016150  00000+0  67748-3 0  9994
2 55690  97.4700 147.3884 0012479 174.2803 296.9855 15.23497366  2784
CZ-2C R/B               
1 55691U 23025B   23073.60634436  .00014007  00000+0  65499-3 0  9992
2 55691  97.5994 147.7376 0065894 218.4502 141.2020 15.17929151  2788
CZ-2C DEB               
1 55692U 23025C   23073.43353181  .00111877  00000+0  49769-2 0  9993
2 55692  97.6494 147.4348 0088482 166.2548 194.2640 15.17520329  2778
CZ-2C DEB               
1 55693U 23025D   23073.17274375  .00125887  00000+0  55403-2 0  9990
2 55693  97.2439 146.3255 0089289 166.5027 193.5343 15.17762670  2713
2023-025E               
1 55694U 23025E   23073.17394376  .00057016  00000+0  48383-2 0  9992
2 55694  97.2734 145.6619 0158256 107.4806 254.1760 14.88434702  2680
STARLINK-30050          
1 55695U 23026A   23072.42753446  .00024488  00000+0  27024-3 0  9995
2 55695  43.0052 203.0543 0001678 302.5645  57.5058 15.62584251  3305
STARLINK-30038          
1 55696U 23026B   23072.42723323  .00038643  00000+0  42300-3 0  9999
2 55696  43.0041 203.0503 0002451 314.0567  46.0095 15.62595399  3300
STARLINK-30040          
1 55697U 23026C   23072.42689261  .00048645  00000+0  52943-3 0  9999
2 55697  42.9991 203.0449 0004640 308.9440  51.1011 15.62648541  3309
STARLINK-30061          
1 55698U 23026D   23073.32138235  .00023559  00000+0  25864-3 0  9999
2 55698  43.0012 197.7149 0001840 308.4765  51.5934 15.62737137  3449
STARLINK-30055          
1 55699U 23026E   23073.38255734  .00012463  00000+0  13917-3 0  9998
2 55699  43.0012 197.3134 0002196 303.2449  56.8205 15.62715317  3453
STARLINK-30064          
1 55700U 23026F   23072.42386907  .00039031  00000+0  43321-3 0  9994
2 55700  43.0015 203.0225 0005686 308.6236  51.4119 15.62221082  3305
STARLINK-30065          
1 55701U 23026G   23072.35936505  .00051780  00000+0  56472-3 0  9998
2 55701  43.0018 203.3975 0001628 282.9011  77.1671 15.62582696  3298
STARLINK-30042          
1 55702U 23026H   23073.38217560  .00017022  00000+0  19093-3 0  9995
2 55702  43.0042 197.3119 0001837 299.5841  60.4840 15.62369605  3459
STARLINK-30044          
1 55703U 23026J   23072.42264156  .00030959  00000+0  34015-3 0  9998
2 55703  43.0014 203.0128 0002538 245.2557 114.8043 15.62589406  3301
STARLINK-30051          
1 55704U 23026K   23072.42254005  .00026199  00000+0  29154-3 0  9990
2 55704  43.0020 203.0122 0000782 198.6822 161.4014 15.62338204  3302
STARLINK-30057          
1 55705U 23026L   23073.38092067  .00012524  00000+0  14002-3 0  9998
2 55705  42.9974 197.2935 0004450 292.8051  67.2344 15.62672549  3450
STARLINK-30054          
1 55706U 23026M   23071.71840172  .00033474  00000+0  36657-3 0  9999
2 55706  43.0012 207.1913 0002370 321.2499  38.8196 15.62641449  3190
STARLINK-30060          
1 55707U 23026N   23072.42158103  .00060940  00000+0  66736-3 0  9994
2 55707  43.0013 203.0049 0000706 222.3843 137.6967 15.62419167  3309
STARLINK-30058          
1 55708U 23026P   23073.50815671  .00038006  00000+0  41321-3 0  9996
2 55708  43.0008 196.5324 0001375 251.4651 108.6065 15.62777359  3474
STARLINK-30047          
1 55709U 23026Q   23073.37968927  .00236317  00000+0  24734-2 0  9998
2 55709  43.0028 197.2910 0002528   4.0314 356.0571 15.62895689  3451
STARLINK-30046          
1 55710U 23026R   23073.37916825  .00110098  00000+0  11655-2 0  9995
2 55710  42.9952 197.2844 0008326 316.5847  43.4362 15.63018766  3456
STARLINK-30048          
1 55711U 23026S   23072.42011622  .00067022  00000+0  72380-3 0  9993
2 55711  43.0019 202.9953 0001886 325.4909  34.5833 15.62741230  3306
STARLINK-30037          
1 55712U 23026T   23073.44260245  .00063519  00000+0  67727-3 0  9990
2 55712  43.0021 196.9043 0001861 321.5854  38.4878 15.63087078  3464
STARLINK-30063          
1 55713U 23026U   23073.25070075  .00018730  00000+0  21056-3 0  9990
2 55713  43.0018 198.0428 0003034 253.4143 106.6389 15.62250328  3430
STARLINK-30059          
1 55714U 23026V   23071.39691646 -.00014958  00000+0 -16129-3 0  9992
2 55714  42.9989 209.0789 0000034 168.9723 191.1142 15.62203306  3148
STARLINK-30062          
1 55715U 23026W   23073.50169084  .00066443  00000+0  71328-3 0  9990
2 55715  43.0023 196.4929 0002395 320.4015  39.6674 15.62896224  3475
CREW DRAGON 6           
1 55740U 23027A   23072.18799488  .00019339  00000+0  35521-3 0  9996
2 55740  51.6407  84.0968 0005877  78.5186 329.4010 15.49238013386904
STARLINK-5592           
1 55741U 23028A   23073.58334491 -.00907068  00000+0 -46143-2 0  9990
2 55741  70.0001 124.9818 0003631 260.6177 274.8510 15.83378347  2364
STARLINK-5594           
1 55742U 23028B   23073.58334491 -.00897940  00000+0 -45691-2 0  9995
2 55742  70.0002 124.9825 0003505 270.7543 264.0090 15.83352104  2360
STARLINK-5602           
1 55743U 23028C   23073.58334491 -.00905902  00000+0 -46147-2 0  9991
2 55743  69.9997 124.9828 0003541 270.7767 263.6166 15.83347802  1303
STARLINK-5601           
1 55744U 23028D   23073.58334491 -.00903806  00000+0 -45992-2 0  9990
2 55744  69.9999 124.9819 0003560 273.3732 261.7596 15.83364526  1306
STARLINK-5565           
1 55745U 23028E   23073.58334491 -.00902750  00000+0 -45997-2 0  9993
2 55745  70.0004 124.9836 0003481 268.3271 265.7201 15.83336077  1307
STARLINK-5579           
1 55746U 23028F   23073.58334491 -.00902227  00000+0 -45755-2 0  9995
2 55746  69.9999 124.9791 0003552 266.8215 270.7639 15.83432720  1301
STARLINK-5539           
1 55747U 23028G   23073.58334491 -.00904837  00000+0 -45984-2 0  9999
2 55747  70.0004 124.9809 0003469 268.6952 267.4807 15.83395912  1308
STARLINK-5580           
1 55748U 23028H   23073.58334491 -.00897824  00000+0 -45577-2 0  9995
2 55748  70.0001 124.9804 0003518 266.8211 269.6946 15.83401539  1305
STARLINK-5560           
1 55749U 23028J   23073.58334491 -.00901592  00000+0 -45698-2 0  9998
2 55749  70.0002 124.9786 0003520 268.8601 269.0605 15.83443029  1300
STARLINK-5573           
1 55750U 23028K   23073.58334491 -.00906994  00000+0 -46058-2 0  9992
2 55750  70.0002 124.9798 0003545 265.9772 270.9120 15.83416422  1309
STARLINK-5577           
1 55751U 23028L   23073.58334491 -.00904750  00000+0 -46000-2 0  9998
2 55751  70.0004 124.9811 0003475 268.2102 267.6071 15.83386260  1307
STARLINK-5613           
1 55752U 23028M   23073.58334491 -.00905009  00000+0 -45757-2 0  9995
2 55752  70.0002 124.9759 0003525 268.0114 272.0338 15.83503704  2361
STARLINK-5617           
1 55753U 23028N   23073.58334491 -.00896468  00000+0 -45462-2 0  9997
2 55753  70.0001 124.9796 0003526 266.5019 270.7368 15.83419495  1304
STARLINK-5612           
1 55754U 23028P   23073.58334491 -.00904202  00000+0 -45778-2 0  9994
2 55754  70.0002 124.9772 0003506 271.6281 267.3692 15.83473560  1301
STARLINK-5619           
1 55755U 23028Q   23073.58334491 -.00898095  00000+0 -45488-2 0  9995
2 55755  70.0002 124.9783 0003505 269.5483 268.7512 15.83449844  1307
STARLINK-5614           
1 55756U 23028R   23073.58334491 -.00898634  00000+0 -45343-2 0  9995
2 55756  70.0002 124.9750 0003537 266.3374 274.7221 15.83530495  1308
STARLINK-5544           
1 55757U 23028S   23073.58334491 -.00904238  00000+0 -45802-2 0  9994
2 55757  70.0003 124.9776 0003505 270.3727 268.2810 15.83463477  2364
STARLINK-5072           
1 55758U 23028T   23073.58334491 -.00900930  00000+0 -45557-2 0  9997
2 55758  70.0000 124.9766 0003509 266.1784 273.5089 15.83491103  1308
STARLINK-5081           
1 55759U 23028U   23073.58334491 -.00904815  00000+0 -45790-2 0  9993
2 55759  70.0004 124.9768 0003484 268.0122 271.3306 15.83484103  1304
STARLINK-5532           
1 55760U 23028V   23073.58334491 -.00903042  00000+0 -45605-2 0  9991
2 55760  70.0003 124.9752 0003532 265.8841 274.8370 15.83523018  1303
STARLINK-5611           
1 55761U 23028W   23073.58334491 -.00898893  00000+0 -45335-2 0  9999
2 55761  70.0002 124.9746 0003549 264.8551 276.5476 15.83540753  1302
STARLINK-5603           
1 55762U 23028X   23073.58334491 -.00903230  00000+0 -45490-2 0  9994
2 55762  70.0003 124.9728 0003491 268.0565 274.7779 15.83581478  1306
STARLINK-5593           
1 55763U 23028Y   23073.58334491 -.00915685  00000+0 -46317-2 0  9991
2 55763  69.9998 124.9759 0003469 271.0108 269.3681 15.83521245  1301
STARLINK-5499           
1 55764U 23028Z   23073.58334491 -.00898755  00000+0 -45268-2 0  9994
2 55764  70.0002 124.9732 0003509 267.9001 274.5835 15.83568789  1306
STARLINK-5595           
1 55765U 23028AA  23073.58334491 -.00903962  00000+0 -45570-2 0  9998
2 55765  70.0002 124.9736 0003512 272.5830 269.5328 15.83563068  1303
STARLINK-5599           
1 55766U 23028AB  23073.58334491 -.00899789  00000+0 -45218-2 0  9999
2 55766  70.0001 124.9711 0003527 264.3469 279.8836 15.83618438  1309
STARLINK-5606           
1 55767U 23028AC  23073.58334491 -.00902276  00000+0 -45501-2 0  9991
2 55767  70.0002 124.9741 0003489 267.6078 274.1667 15.83551890  1301
STARLINK-5583           
1 55768U 23028AD  23073.58334491 -.00901807  00000+0 -45390-2 0  9997
2 55768  70.0002 124.9721 0003550 265.1770 277.9988 15.83590325  1304
STARLINK-5584           
1 55769U 23028AE  23073.58334491 -.00899646  00000+0 -45253-2 0  9993
2 55769  70.0002 124.9720 0003499 268.5689 274.9608 15.83598870  1301
STARLINK-5557           
1 55770U 23028AF  23073.58334491 -.00905292  00000+0 -45537-2 0  9995
2 55770  70.0002 124.9716 0003500 271.3203 272.5524 15.83612557  1305
STARLINK-5591           
1 55771U 23028AG  23073.58334491 -.00902499  00000+0 -45323-2 0  9995
2 55771  70.0003 124.9705 0003486 267.3459 277.5768 15.83639992  1303
STARLINK-5835           
1 55772U 23028AH  23073.58334491 -.00901136  00000+0 -45166-2 0  9998
2 55772  70.0000 124.9686 0003502 269.0960 277.2246 15.83677608  1308
STARLINK-5833           
1 55773U 23028AJ  23073.58334491 -.00902427  00000+0 -45340-2 0  9997
2 55773  70.0003 124.9708 0003485 268.6894 275.8812 15.83630301  1300
STARLINK-5812           
1 55774U 23028AK  23073.58334491 -.00905082  00000+0 -45442-2 0  9991
2 55774  70.0002 124.9697 0003507 267.4469 277.8380 15.83650941  1301
STARLINK-5809           
1 55775U 23028AL  23073.58334491 -.00902737  00000+0 -45272-2 0  9997
2 55775  70.0002 124.9692 0003484 267.7421 278.2189 15.83669778  1302
STARLINK-5810           
1 55776U 23028AM  23073.58334491 -.00903819  00000+0 -45202-2 0  9993
2 55776  70.0001 124.9663 0003560 265.2605 282.7893 15.83729002  1301
STARLINK-5814           
1 55777U 23028AN  23073.58334491 -.00899644  00000+0 -45065-2 0  9991
2 55777  70.0001 124.9682 0003506 267.6665 279.0212 15.83686147  1301
STARLINK-5816           
1 55778U 23028AP  23073.58334491 -.00902646  00000+0 -45206-2 0  9996
2 55778  70.0002 124.9677 0003492 267.3661 279.6678 15.83697963  1304
STARLINK-5817           
1 55779U 23028AQ  23073.58334491 -.00764975  00000+0 -33335-2 0  9998
2 55779  70.0004 124.9245 0003526 269.8176 312.6264 15.86256370  1309
STARLINK-5819           
1 55780U 23028AR  23073.58334491 -.00901928  00000+0 -45145-2 0  9993
2 55780  70.0001 124.9675 0003484 268.9133 278.4513 15.83707960  1300
STARLINK-5820           
1 55781U 23028AS  23073.58334491 -.00901921  00000+0 -45123-2 0  9993
2 55781  70.0001 124.9671 0003482 269.0579 278.6471 15.83718031  1307
STARLINK-5826           
1 55782U 23028AT  23073.58334491 -.00901902  00000+0 -45078-2 0  9992
2 55782  70.0001 124.9660 0003530 267.0032 281.3798 15.83737836  1309
STARLINK-5825           
1 55783U 23028AU  23073.58334491 -.00913140  00000+0 -45661-2 0  9998
2 55783  69.9999 124.9661 0003530 267.8558 280.8732 15.83755277  1306
STARLINK-5797           
1 55784U 23028AV  23073.58334491 -.00899323  00000+0 -44837-2 0  9999
2 55784  70.0003 124.9640 0003509 268.8217 281.3247 15.83784251  1303
STARLINK-5818           
1 55785U 23028AW  23073.58334491 -.00899168  00000+0 -44890-2 0  9996
2 55785  70.0002 124.9653 0003520 266.9643 282.1295 15.83755335  1305
STARLINK-5823           
1 55786U 23028AX  23073.58334491 -.00904167  00000+0 -45076-2 0  9990
2 55786  70.0003 124.9638 0003496 266.8672 283.6231 15.83797291  1306
STARLINK-5811           
1 55787U 23028AY  23073.58334491 -.00905459  00000+0 -45207-2 0  9992
2 55787  70.0003 124.9652 0003480 268.6511 280.7775 15.83769731  1307
STARLINK-5804           
1 55788U 23028AZ  23073.58334491 -.00904786  00000+0 -45150-2 0  9992
2 55788  70.0001 124.9644 0003521 270.3559 279.4313 15.83778435  1309
STARLINK-5815           
1 55789U 23028BA  23073.58334491 -.00905185  00000+0 -45074-2 0  9992
2 55789  70.0004 124.9624 0003488 268.2419 283.3596 15.83824396  1309
STARLINK-5813           
1 55790U 23028BB  23073.58334491 -.00903881  00000+0 -45026-2 0  9992
2 55790  70.0003 124.9627 0003486 266.3998 284.8672 15.83813363  1305
STARLINK-5807           
1 55791U 23028BC  23073.58334491 -.00903296  00000+0 -45012-2 0  9998
2 55791  70.0001 124.9631 0003502 267.4057 283.4745 15.83804701  1308
FALCON 9 DEB            
1 55793U 23028BE  23072.13425659  .04561736  42202-5  85210-3 0  9999
2 55793  69.9763 128.4915 0024406 150.9817 209.2772 16.30899999  2158
FALCON 9 DEB            
1 55795U 23028BG  23070.71193956  .03095586  41317-5  10134-2 0  9997
2 55795  69.9821 132.7865 0039653 150.6857 209.6603 16.23465669  1924
ONEWEB A                
1 55796U 23029A   23073.58334491 -.00007010  00000+0 -70916-3 0  9995
2 55796  86.5118 197.2328 0009349 192.5854  42.3713 14.91242110  1303
ONEWEB B                
1 55797U 23029B   23073.58334491 -.00007027  00000+0 -71179-3 0  9996
2 55797  86.5072 197.2291 0009167 193.3446  40.6454 14.91191073  1300
ONEWEB C                
1 55798U 23029C   23073.58334491 -.00007103  00000+0 -71706-3 0  9998
2 55798  86.5108 197.2317 0009645 191.1485  45.1793 14.91320845  1307
ONEWEB D                
1 55799U 23029D   23073.58334491 -.00006944  00000+0 -70541-3 0  9997
2 55799  86.5074 197.2301 0008679 194.4405  37.7129 14.91078070  1307
ONEWEB E                
1 55800U 23029E   23073.58334491 -.00007291  00000+0 -73888-3 0  9993
2 55800  86.5119 197.2336 0008869 193.7126  39.8537 14.91166671  1302
ONEWEB F                
1 55801U 23029F   23073.58334491 -.00006909  00000+0 -69797-3 0  9993
2 55801  86.5077 197.2298 0009559 191.7321  44.1578 14.91297516  1302
ONEWEB G                
1 55802U 23029G   23073.58334491 -.00006967  00000+0 -69305-3 0  9993
2 55802  86.5103 197.2312 0012203 195.7644  50.2790 14.91894026  1305
ONEWEB H                
1 55803U 23029H   23073.58334491 -.00007425  00000+0 -75612-3 0  9992
2 55803  86.5081 197.2314 0008375 196.0489  34.4955 14.90974764  1303
ONEWEB J                
1 55804U 23029J   23073.58334491 -.00007328  00000+0 -72274-3 0  9996
2 55804  86.5088 197.2290 0013077 201.6221  49.9657 14.92216224  1308
ONEWEB K                
1 55805U 23029K   23073.58334491 -.00007006  00000+0 -70191-3 0  9996
2 55805  86.5087 197.2281 0011141 192.8499  48.5045 14.91615773  1303
ONEWEB L                
1 55806U 23029L   23073.58334491 -.00007170  00000+0 -72795-3 0  9991
2 55806  86.5117 197.2337 0008764 194.0317  38.4617 14.91095066  1300
ONEWEB M                
1 55807U 23029M   23073.58334491 -.00006981  00000+0 -69524-3 0  9997
2 55807  86.5087 197.2270 0012059 195.7539  49.6354 14.91846185  1307
ONEWEB N                
1 55808U 23029N   23073.58334491 -.00007453  00000+0 -75825-3 0  9994
2 55808  86.5112 197.2333 0008453 195.4841  35.5900 14.91012056  1306
ONEWEB P                
1 55809U 23029P   23073.58334491 -.00008563  00000+0 -85683-3 0  9991
2 55809  86.5102 197.2322 0011265 192.7901  49.1704 14.91644477  1307
ONEWEB Q                
1 55810U 23029Q   23073.58334491 -.00007406  00000+0 -75299-3 0  9990
2 55810  86.5114 197.2333 0008563 194.9420  36.6132 14.91039131  1302
ONEWEB R                
1 55811U 23029R   23073.58334491 -.00006883  00000+0 -68385-3 0  9997
2 55811  86.5093 197.2287 0012411 195.9107  50.9193 14.91942573  1306
ONEWEB S                
1 55812U 23029S   23073.58334491 -.00007050  00000+0 -71394-3 0  9999
2 55812  86.5072 197.2296 0009234 192.9681  41.5380 14.91199328  1303
ONEWEB T                
1 55813U 23029T   23073.58334491 -.00007166  00000+0 -71883-3 0  9991
2 55813  86.5096 197.2304 0010901 192.5112  47.9681 14.91566093  1309
ONEWEB U                
1 55814U 23029U   23073.58334491 -.00006883  00000+0 -68696-3 0  9995
2 55814  86.5089 197.2268 0011763 194.7779  49.2406 14.91766293  1305
ONEWEB V                
1 55815U 23029V   23073.58334491 -.00006951  00000+0 -69424-3 0  9992
2 55815  86.5100 197.2321 0011577 193.9513  49.3508 14.91734242  1303
ONEWEB W                
1 55816U 23029W   23073.58334491 -.00007275  00000+0 -71729-3 0  9994
2 55816  86.5103 197.2270 0013148 201.9808  49.7511 14.92229151  1300
ONEWEB X                
1 55817U 23029X   23073.58334491 -.00007066  00000+0 -69175-3 0  9995
2 55817  86.5086 197.2282 0013419 207.2296  49.3046 14.92513275  1307
ONEWEB Y                
1 55818U 23029Y   23073.58334491 -.00007182  00000+0 -71777-3 0  9996
2 55818  86.5088 197.2271 0011481 193.5255  49.2649 14.91705829  1302
ONEWEB Z                
1 55819U 23029Z   23073.58334491 -.00006932  00000+0 -69339-3 0  9990
2 55819  86.5087 197.2273 0011373 193.2274  49.0908 14.91677020  1309
ONEWEB AA               
1 55820U 23029AA  23073.58334491 -.00006931  00000+0 -69084-3 0  9998
2 55820  86.5101 197.2320 0011840 195.1546  49.5011 14.91814102  1307
ONEWEB AB               
1 55821U 23029AB  23073.58334491 -.00007300  00000+0 -71850-3 0  9994
2 55821  86.5081 197.2288 0013240 203.0545  49.7745 14.92299510  1309
ONEWEB AC               
1 55822U 23029AC  23073.58334491 -.00006969  00000+0 -69456-3 0  9994
2 55822  86.5103 197.2318 0011944 195.3823  49.4805 14.91817011  1305
ONEWEB AD               
1 55823U 23029AD  23073.58334491 -.00007107  00000+0 -69711-3 0  9994
2 55823  86.5107 197.2265 0013296 206.1538  49.2231 14.92441083  1301
ONEWEB AE               
1 55824U 23029AE  23073.58334491 -.00006974  00000+0 -68614-3 0  9997
2 55824  86.5077 197.2285 0013286 203.9850  49.3908 14.92320138  1300
ONEWEB AF               
1 55825U 23029AF  23073.58334491 -.00007293  00000+0 -72007-3 0  9994
2 55825  86.5094 197.2283 0013016 201.0607  49.8284 14.92178950  1303
ONEWEB AG               
1 55826U 23029AG  23073.58334491 -.00006894  00000+0 -67707-3 0  9992
2 55826  86.5111 197.2268 0013263 205.1805  49.3912 14.92396009  1306
ONEWEB AH               
1 55827U 23029AH  23073.58334491 -.00006769  00000+0 -66206-3 0  9997
2 55827  86.5094 197.2270 0013544 207.9110  49.3445 14.92555473  1304
ONEWEB AJ               
1 55828U 23029AJ  23073.58334491 -.00006936  00000+0 -67980-3 0  9994
2 55828  86.5084 197.2282 0013344 206.7130  49.1849 14.92471947  1303
ONEWEB AK               
1 55829U 23029AK  23073.58334491 -.00006989  00000+0 -68847-3 0  9996
2 55829  86.5105 197.2270 0013197 202.7381  49.6791 14.92269442  1301
ONEWEB AL               
1 55830U 23029AL  23073.58334491 -.00006650  00000+0 -66676-3 0  9991
2 55830  86.5088 197.2286 0011001 192.6841  48.2085 14.91593649  1309
ONEWEB AM               
1 55831U 23029AM  23073.58334491 -.00006972  00000+0 -68407-3 0  9993
2 55831  86.5078 197.2282 0013267 205.6805  49.4267 14.92432603  1304
ONEWEB AN               
1 55832U 23029AN  23073.58334491 -.00007381  00000+0 -74611-3 0  9993
2 55832  86.5074 197.2299 0009455 192.1687  43.2314 14.91266949  1303
ONEWEB AP               
1 55833U 23029AP  23073.58334491 -.00007256  00000+0 -71399-3 0  9995
2 55833  86.5111 197.2270 0013259 203.4560  49.6719 14.92312049  1301
ONEWEB AQ               
1 55834U 23029AQ  23073.58334491 -.00007007  00000+0 -70707-3 0  9992
2 55834  86.5093 197.2309 0009688 190.8532  45.7643 14.91339575  1308
ONEWEB AR               
1 55835U 23029AR  23073.58334491 -.00007478  00000+0 -76223-3 0  9994
2 55835  86.5095 197.2323 0008288 196.6940  33.2362 14.90935926  1300
2023-030A               
1 55836U 23030A   23073.48587120 -.00000044  00000+0  00000+0 0  9992
2 55836  98.9979  81.7616 0004919 216.2877 143.7948 14.02944865   644
2023-030B               
1 55837U 23030B   23073.48321242 -.00000044  00000+0  00000+0 0  9994
2 55837  98.9993  81.7672 0001800 260.4402  99.6583 14.03773196   646
2023-030C               
1 55838U 23030C   23073.56858249 -.00000046  00000+0  00000+0 0  9998
2 55838  99.0059  82.0498 0088273  30.9945 329.6400 14.21252633   667
2023-030D               
1 55839U 23030D   23073.62834733 -.00000044  00000+0  00000+0 0  9996
2 55839  98.9978  81.9025 0005318 216.2867 143.7920 14.02945226   658
2023-031A               
1 55841U 23031A   23073.36351383 -.00000107  00000+0  00000+0 0  9996
2 55841   0.2560 344.5071 0054299 197.4044 178.0571  1.01146206    22
2023-031C               
1 55843U 23031C   23072.65121054 -.00000173  00000+0  00000+0 0  9992
2 55843  48.7278 167.1919 7232826   0.0155  75.5018  2.27411725    61
2023-032A               
1 55844U 23032A   23073.61642840  .00025301  00000+0  10596-2 0  9995
2 55844  97.4737 147.3186 0010468 250.9564 249.1930 15.23477893   226
2023-032B               
1 55845U 23032B   23073.60138590  .00081096  00000+0  41439-2 0  9990
2 55845  97.2626 147.3000 0100195 219.2686 140.1250 15.12015448   156
2023-032C               
1 55846U 23032C   23073.40292494  .00009813  00000+0  55096-3 0  9995
2 55846  97.6470 147.2976 0061396 231.4240 128.1642 15.11915651   199
2023-032D               
1 55847U 23032D   23073.40476391  .00079453  00000+0  42326-2 0  9994
2 55847  97.6526 147.0591 0111849 216.7300 142.5609 15.09576851   190
2023-032E               
1 55848U 23032E   23073.42498095  .00048496  00000+0  43378-2 0  9993
2 55848  97.2713 147.0820 0166465 163.4625 197.2260 14.85621258   197
2023-032F               
1 55849U 23032F   23073.42619789  .00045754  00000+0  41753-2 0  9998
2 55849  97.7012 147.0235 0172689 162.4925 198.2733 14.84187871   195
