STARLINK-5775           
1 56503U 23065A   23164.59372269  .00001804  00000+0  17198-4 0  9996
2 56503  42.9998 261.0127 0001503 256.3504 103.7196 15.71355878  5995
STARLINK-5716           
1 56504U 23065B   23164.52995119  .00001772  00000+0  16957-4 0  9991
2 56504  42.9995 261.3945 0001456 256.2108 103.8598 15.71357389  5985
STARLINK-5763           
1 56505U 23065C   23164.52984615  .00002874  00000+0  25348-4 0  9999
2 56505  42.9980 261.3926 0001606 256.6346 103.4342 15.71358583  5984
STARLINK-5340           
1 56506U 23065D   23164.53005570  .00002622  00000+0  23438-4 0  9994
2 56506  43.0002 261.3948 0001541 256.4024 103.6672 15.71353918  5980
STARLINK-5333           
1 56507U 23065E   23164.52415242  .00002559  00000+0  22956-4 0  9998
2 56507  43.0006 261.3528 0001658 254.8515 105.2169 15.71356806  5983
STARLINK-5335           
1 56508U 23065F   23164.52974167  .00002912  00000+0  25643-4 0  9994
2 56508  42.9986 261.3925 0001482 267.0761  92.9937 15.71357189  5984
STARLINK-5334           
1 56509U 23065G   23164.52932207  .00001393  00000+0  14064-4 0  9991
2 56509  42.9996 261.3898 0001490 258.3714 101.6986 15.71353106  5982
STARLINK-5339           
1 56510U 23065H   23164.52953117  .00003539  00000+0  30420-4 0  9994
2 56510  42.9993 261.3913 0001683 270.2979  89.7696 15.71358762  5986
STARLINK-5351           
1 56511U 23065J   23164.59267082  .00002125  00000+0  19646-4 0  9998
2 56511  42.9994 261.0052 0001607 264.0474  96.0211 15.71359129  5999
STARLINK-5349           
1 56512U 23065K   23164.52942347  .00002464  00000+0  22226-4 0  9990
2 56512  42.9990 261.3909 0001789 251.7015 108.3658 15.71360094  5989
STARLINK-5329           
1 56513U 23065L   23164.52889813  .00001308  00000+0  13418-4 0  9998
2 56513  42.9991 261.3863 0001408 264.5956  95.4752 15.71360024  5988
STARLINK-5343           
1 56514U 23065M   23164.55858558  .00078600  00000+0  53106-3 0  9990
2 56514  43.0011 260.7349 0003102 347.5139  12.5652 15.74103857  5996
STARLINK-5348           
1 56515U 23065N   23164.59235578  .00002672  00000+0  23813-4 0  9995
2 56515  42.9985 261.0019 0001538 254.8018 105.2679 15.71359806  5993
STARLINK-5342           
1 56516U 23065P   23164.52900513  .00002838  00000+0  25075-4 0  9993
2 56516  42.9989 261.3878 0001662 278.5087  81.5592 15.71359220  5980
STARLINK-5345           
1 56517U 23065Q   23164.52847835  .00000587  00000+0  79194-5 0  9992
2 56517  42.9994 261.3843 0001546 269.0692  90.9999 15.71358287  5984
STARLINK-5346           
1 56518U 23065R   23164.52869072  .00002280  00000+0  20832-4 0  9996
2 56518  42.9999 261.3849 0001532 275.7843  84.2850 15.71351987  5985
STARLINK-6313           
1 56519U 23065S   23164.52826987  .00001740  00000+0  16714-4 0  9999
2 56519  42.9987 261.3820 0001519 264.9731  95.0963 15.71355822  5980
STARLINK-6344           
1 56520U 23065T   23164.52858305  .00001293  00000+0  13304-4 0  9995
2 56520  42.9997 261.3836 0001400 261.6476  98.4233 15.71357613  5986
STARLINK-6333           
1 56521U 23065U   23164.52805833  .00002855  00000+0  25206-4 0  9993
2 56521  42.9987 261.3800 0001628 263.5135  96.5547 15.71359524  5982
STARLINK-6327           
1 56522U 23065V   23164.52837158  .00000506  00000+0  73037-5 0  9996
2 56522  43.0000 261.3819 0001618 263.4405  96.6278 15.71360522  5981
STARLINK-6328           
1 56523U 23065W   23164.52784741  .00001838  00000+0  17460-4 0  9992
2 56523  43.0001 261.3789 0001666 268.5801  91.4876 15.71357904  5985
STARLINK-6323           
1 56524U 23065X   23164.52816457  .00003269  00000+0  28366-4 0  9990
2 56524  42.9987 261.3810 0001641 269.5619  90.5061 15.71356979  5980
STARLINK-6329           
1 56525U 23065Y   23164.52763810  .00002280  00000+0  20824-4 0  9998
2 56525  42.9986 261.3765 0001662 263.5069  96.5610 15.71357798  5981
STARLINK-6317           
1 56526U 23065Z   23164.52795087  .00001405  00000+0  14154-4 0  9997
2 56526  43.0010 261.3795 0001536 265.5199  94.5493 15.71359934  5982
STARLINK-6335           
1 56527U 23065AA  23164.52753321  .00000963  00000+0  10789-4 0  9991
2 56527  42.9995 261.3746 0001553 268.8646  91.2044 15.71355929  5987
STARLINK-6337           
1 56528U 23065AB  23164.52774262  .00001465  00000+0  14614-4 0  9998
2 56528  42.9987 261.3766 0001720 263.1086  96.9586 15.71357946  5987
STARLINK-6307           
1 56529U 23065AC  23164.52711140  .00002280  00000+0  20824-4 0  9991
2 56529  42.9992 261.3721 0001023 272.8650  87.2101 15.71358214  5980
STARLINK-6318           
1 56530U 23065AD  23164.52742508  .00003509  00000+0  30185-4 0  9991
2 56530  42.9982 261.3737 0001603 257.6098 102.4590 15.71362636  5984
STARLINK-6280           
1 56531U 23065AE  23164.52700640  .00001913  00000+0  18033-4 0  9998
2 56531  42.9998 261.3712 0001542 250.7451 109.3250 15.71354644  5983
STARLINK-6319           
1 56532U 23065AF  23164.52732141  .00002583  00000+0  23132-4 0  9990
2 56532  42.9989 261.3734 0001752 264.9807  95.0861 15.71359595  5982
STARLINK-6310           
1 56533U 23065AG  23164.52689868  .00005300  00000+0  43811-4 0  9994
2 56533  42.9989 261.3726 0001724 260.7867  99.2806 15.71368409  5982
STARLINK-6308           
1 56534U 23065AH  23164.52721680  .00003142  00000+0  27387-4 0  9996
2 56534  42.9982 261.3721 0001487 253.3285 106.7419 15.71360632  5983
STARLINK-6309           
1 56535U 23065AJ  23164.58334491 -.00900144  00000+0 -19402-1 0  9999
2 56535  42.9980 262.6418 0001398 282.7014 104.2044 15.46247662  5195
STARLINK-6312           
1 56536U 23065AK  23164.58334491 -.00897518  00000+0 -19513-1 0  9993
2 56536  42.9982 262.6456 0001360 279.7933 104.9619 15.45992252  5191
STARLINK-6311           
1 56537U 23065AL  23164.58334491 -.00900508  00000+0 -19289-1 0  9998
2 56537  42.9979 262.6373 0001370 275.4310 113.1763 15.46428520  5194
STARLINK-6314           
1 56538U 23065AM  23164.52679611  .00001617  00000+0  15775-4 0  9999
2 56538  42.9992 261.3688 0001303 253.5303 106.5422 15.71356357  5981
STARLINK-6135           
1 56539U 23065AN  23164.58334491 -.00900200  00000+0 -19210-1 0  9993
2 56539  42.9980 262.6343 0001359 274.5674 115.3652 15.46535902  1308
STARLINK-6136           
1 56540U 23065AP  23164.58334491 -.00898299  00000+0 -19785-1 0  9996
2 56540  42.9979 262.6534 0001351 272.8796 108.8941 15.45619738  5196
STARLINK-6249           
1 56541U 23065AQ  23164.58334491 -.00899378  00000+0 -18688-1 0  9997
2 56541  42.9979 262.6213 0001375 279.9823 115.2816 15.47296754  1309
STARLINK-6266           
1 56542U 23065AR  23164.58334491 -.00899736  00000+0 -18955-1 0  9993
2 56542  42.9979 262.6277 0001377 279.9616 112.3008 15.46903132  1307
STARLINK-6228           
1 56543U 23065AS  23164.58334491 -.00896475  00000+0 -18292-1 0  9995
2 56543  42.9977 262.6130 0001352 278.2944 119.9392 15.47807802  1300
STARLINK-6226           
1 56544U 23065AT  23164.58334491 -.00898402  00000+0 -18792-1 0  9993
2 56544  42.9981 262.6247 0001355 279.9858 113.8317 15.47104549  1308
STARLINK-6086           
1 56545U 23065AU  23164.58334491 -.00908468  00000+0 -18328-1 0  9993
2 56545  42.9979 262.6093 0001489 280.5426 119.9597 15.48160686  1304
STARLINK-6187           
1 56546U 23065AV  23164.58334491 -.00900355  00000+0 -18619-1 0  9994
2 56546  42.9979 262.6176 0001373 276.6450 119.8569 15.47436012  1308
STARLINK-6291           
1 56547U 23065AW  23164.58334491 -.00900762  00000+0 -17806-1 0  9994
2 56547  42.9977 262.6031 0001463 274.9455 127.7323 15.48717908  1306
STARLINK-6244           
1 56548U 23065AX  23164.58334491 -.00903256  00000+0 -18274-1 0  9996
2 56548  42.9980 262.6101 0001430 282.2610 117.2703 15.48067670  1308
STARLINK-6263           
1 56549U 23065AY  23164.58334491 -.00866580  00000+0 -17152-1 0  9999
2 56549  42.9978 262.5989 0001099 280.5178 123.8776 15.48998917  1300
STARLINK-6255           
1 56550U 23065AZ  23164.58334491 -.00918609  00000+0 -18381-1 0  9996
2 56550  42.9978 262.6057 0001579 271.3500 130.2842 15.48419914  1300
STARLINK-6199           
1 56551U 23065BA  23164.58334491 -.00190536  00000+0 -35173-2 0  9997
2 56551  42.9978 262.5943 0001421 283.1109 122.9628 15.48965636  1303
STARLINK-5802           
1 56552U 23065BB  23164.58334491 -.00906227  00000+0 -17789-1 0  9992
2 56552  42.9979 262.5998 0001459 281.9974 121.5548 15.48930264  1307
STARLINK-6074           
1 56553U 23065BC  23164.58334491  .00013140  00000+0  24337-3 0  9993
2 56553  42.9979 262.5926 0001395 274.4159 132.5146 15.48896290  1306
STARLINK-6295           
1 56554U 23065BD  23164.58334491 -.00654011  00000+0 -12767-1 0  9996
2 56554  42.9980 262.5975 0001444 281.1235 124.0910 15.49084319  1305
STARLINK-6252           
1 56555U 23065BE  23164.58334491  .00015597  00000+0  28767-3 0  9994
2 56555  42.9976 262.5886 0001400 273.9195 134.6978 15.48895014  1300
STARLINK-5302           
1 56556U 23065BF  23164.58334491  .00016497  00000+0  30388-3 0  9997
2 56556  42.9980 262.5907 0001394 275.0059 132.7678 15.48896089  1303
STARLINK-6265           
1 56557U 23065BG  23164.58334491  .00016404  00000+0  30223-3 0  9994
2 56557  42.9977 262.5863 0001394 271.8026 137.6601 15.48893020  1301
STARLINK-6286           
1 56558U 23065BH  23164.58334491  .00015527  00000+0  28645-3 0  9995
2 56558  42.9977 262.5840 0001369 269.5645 140.7424 15.48891205  1301
FALCON 9 DEB            
1 56559U 23065BJ  23164.55304115  .00565002  15513-3  85578-3 0  9998
2 56559  43.0124 256.2130 0007723 212.8580 147.1820 16.03655939  5623
FALCON 9 DEB            
1 56560U 23065BK  23164.54037494  .00597171  17621-3  85121-3 0  9990
2 56560  43.0055 256.0968 0006105 213.7595 146.2897 16.04679730  5624
FALCON 9 DEB            
1 56561U 23065BL  23164.51774878  .00672072  23056-3  86938-3 0  9992
2 56561  43.0060 255.9021 0004326 187.8785 172.2028 16.06274205  5629
FALCON 9 DEB            
1 56562U 23065BM  23164.52187936  .00634302  20214-3  85790-3 0  9999
2 56562  43.0015 255.9293 0003945 197.8550 162.2192 16.05558487  5625
BEIDOU-3 G4             
1 56564U 23066A   23164.52286637 -.00000110  00000+0  00000+0 0  9999
2 56564   3.0464 289.2892 0006837 187.6502 132.8795  1.00271938   363
CZ-3B R/B               
1 56565U 23066B   23164.33753431  .00096569  99907-7  18597-2 0  9997
2 56565  28.2916 263.2504 7208640 196.6494 113.7544  2.42191008   669
STARLINK-30122          
1 56688U 23067A   23164.58334491 -.02285551  00000+0 -66800-1 0  9994
2 56688  42.9998 316.9519 0000614 321.6917 314.2995 15.38082035  1302
STARLINK-30129          
1 56689U 23067B   23164.58334491 -.02138682  00000+0 -60406-1 0  9993
2 56689  42.9998 316.9407 0001326 257.1618  23.3704 15.38882627  1302
STARLINK-30124          
1 56690U 23067C   23164.58334491 -.02140761  00000+0 -59175-1 0  9997
2 56690  42.9998 316.9264 0000872 273.6427  12.8756 15.39539946  1305
STARLINK-30087          
1 56691U 23067D   23164.58334491 -.02136171  00000+0 -87212-1 0  9991
2 56691  43.0001 317.3021 0000516 272.3004 218.2919 15.27321392  1305
STARLINK-30036          
1 56692U 23067E   23164.58334491 -.02136019  00000+0 -85460-1 0  9996
2 56692  43.0002 317.2744 0000710 271.9702 230.6318 15.27976700  1304
STARLINK-30067          
1 56693U 23067F   23164.58334491 -.02134458  00000+0 -81996-1 0  9992
2 56693  43.0004 317.2190 0000365 250.9700 274.6250 15.29289107  1306
STARLINK-30126          
1 56694U 23067G   23164.58334491 -.02136047  00000+0 -83732-1 0  9999
2 56694  43.0004 317.2455 0001277 271.2008 243.0664 15.28633812  1305
STARLINK-30121          
1 56695U 23067H   23164.58334491 -.02135102  00000+0 -80360-1 0  9995
2 56695  43.0004 317.1926 0000469 219.4211 317.1562 15.29946045  1306
STARLINK-30118          
1 56696U 23067J   23164.56408582  .00288059  40735-4  68901-3 0  9996
2 56696  42.9998 312.1090 0008666 342.4604  17.5973 15.95729793  4913
STARLINK-30130          
1 56697U 23067K   23164.58334491 -.02135561  00000+0 -66611-1 0  9999
2 56697  42.9999 316.9897 0000694 271.2078 348.8322 15.35851337  1301
STARLINK-30068          
1 56698U 23067L   23164.58334491  .00131348  00000+0  77392-3 0  9995
2 56698  43.0005 314.9121 0009978 326.5282  57.8214 15.76970233  1304
STARLINK-30127          
1 56699U 23067M   23164.58334491 -.02137343  00000+0 -78813-1 0  9998
2 56699  43.0004 317.1668 0000798 263.2826 283.9364 15.30602329  1303
STARLINK-30053          
1 56700U 23067N   23164.58334491 -.02133831  00000+0 -77072-1 0  9995
2 56700  43.0003 317.1415 0000597 220.0669 337.4519 15.31256723  1309
STARLINK-30125          
1 56701U 23067P   23164.58334491 -.01886124  00000+0 -67408-1 0  9997
2 56701  43.0001 317.1247 0001041 239.0774 328.5065 15.31730988  1300
STARLINK-30117          
1 56702U 23067Q   23164.58334491  .00059949  00000+0  10994-2 0  9991
2 56702  42.9998 316.8623 0002766 299.4289  13.8978 15.48446748  1307
STARLINK-30132          
1 56703U 23067R   23164.58334491 -.02134541  00000+0 -72437-1 0  9997
2 56703  43.0002 317.0731 0000748 265.3270 321.0382 15.33225615  1304
STARLINK-30066          
1 56704U 23067S   23164.58334491 -.02127981  00000+0 -63938-1 0  9994
2 56704  42.9999 316.9527 0001264 251.6668  23.7294 15.36984524  1304
STARLINK-30080          
1 56705U 23067T   23164.58334491 -.00615529  00000+0 -77713-2 0  9990
2 56705  43.0004 315.3675 0000309 149.0931  51.4272 15.60719765  1307
STARLINK-30079          
1 56706U 23067U   23164.58334491 -.02135389  00000+0 -69484-1 0  9999
2 56706  43.0000 317.0295 0000917 269.2162 334.6708 15.34538607  1302
STARLINK-30070          
1 56707U 23067V   23164.58334491 -.02135872  00000+0 -70978-1 0  9997
2 56707  43.0001 317.0501 0000999 255.4050 339.8907 15.33882513  1302
STARLINK-30071          
1 56708U 23067W   23164.58334491 -.02136245  00000+0 -65227-1 0  9994
2 56708  42.9999 316.9721 0000619 240.3276  27.2758 15.36509191  1304
STARLINK-30085          
1 56709U 23067X   23164.58334491 -.02133779  00000+0 -67982-1 0  9994
2 56709  43.0000 317.0092 0000399 270.6920 341.4420 15.35194905  1309
ONEWEB-0561             
1 56710U 23068A   23164.58334491 -.01189546  00000+0 -40170+0 0  9997
2 56710  87.0089 130.9189 0013810 133.0101 157.6423 14.40298222  1302
ONEWEB-0668             
1 56711U 23068B   23164.58334491 -.00768179  00000+0 -11207+0 0  9991
2 56711  86.7164 130.3387 0017230 133.0477  80.2622 14.78666171  1308
ONEWEB-0676             
1 56712U 23068C   23164.58334491 -.00119824  00000+0 -16879-1 0  9991
2 56712  86.7138 130.3303 0016986 134.3217  59.5061 14.78019757  1309
ONEWEB-0677             
1 56713U 23068D   23164.16395515  .00001068  00000+0  26657-3 0  9995
2 56713  86.8982 130.9734 0011912 128.6622 231.5651 14.50687869  3610
ONEWEB-0678             
1 56714U 23068E   23164.58334491 -.00048327  00000+0 -68671-2 0  9990
2 56714  86.7176 130.3513 0013016 131.9286 345.7247 14.77267398  1307
ONEWEB-0679             
1 56715U 23068F   23164.58334491 -.00916205  00000+0 -13306+0 0  9992
2 56715  86.7153 130.3371 0017402 133.6191  84.7842 14.78893894  1300
ONEWEB-0680             
1 56716U 23068G   23164.58334491 -.00047384  00000+0 -66513-2 0  9997
2 56716  86.7161 130.3331 0016281 134.9302  53.3844 14.77746866  1307
ONEWEB-0681             
1 56717U 23068H   23164.58334491 -.00048146  00000+0 -68173-2 0  9999
2 56717  86.7176 130.3476 0014256 135.6700  11.4472 14.77403617  1300
ONEWEB-0682             
1 56718U 23068J   23164.58334491 -.00047174  00000+0 -67282-2 0  9990
2 56718  86.7182 130.3505 0013733 135.3368   5.6386 14.77094982  1307
ONEWEB-0683             
1 56719U 23068K   23164.58334491 -.00048700  00000+0 -69480-2 0  9999
2 56719  86.7184 130.3522 0013633 134.3453 358.5798 14.77091925  1303
ONEWEB-0684             
1 56720U 23068L   23164.58334491 -.00048356  00000+0 -68985-2 0  9997
2 56720  86.7199 130.3516 0013000 131.9998 348.2509 14.77098658  1305
ONEWEB-0686             
1 56721U 23068M   23164.58334491 -.00524793  00000+0 -76426-1 0  9990
2 56721  86.7141 130.3274 0016938 134.1110  71.5777 14.78185006  1306
ONEWEB-0694             
1 56722U 23068N   23164.58334491 -.00310901  00000+0 -45044-1 0  9997
2 56722  86.7186 130.3429 0016702 133.7345  66.5810 14.77992248  1307
ONEWEB-0696             
1 56723U 23068P   23164.58334491 -.00048459  00000+0 -69323-2 0  9991
2 56723  86.7189 130.3544 0013262 133.0297 350.6023 14.76978773  1305
ONEWEB-0703             
1 56724U 23068Q   23164.58334491 -.00048689  00000+0 -69494-2 0  9996
2 56724  86.7184 130.3498 0013395 133.9633 354.7826 14.77075412  1304
ONEWEB-0721             
1 56725U 23068R   23164.35245351  .00001567  00000+0  19074-3 0  9990
2 56725  86.6768 130.4305 0012780 132.6372 227.5930 14.82700780  3677
IRIDIUM 181             
1 56726U 23068S   23164.18009122  .00001502  00000+0  19353-3 0  9995
2 56726  86.6763 130.5308 0003147 114.0118 246.1433 14.80373135  3646
IRIDIUM 177             
1 56727U 23068T   23164.17444654  .00000076  00000+0  65287-5 0  9992
2 56727  86.6754 130.5241 0002704 108.8677 251.2838 14.80327072  3647
IRIDIUM 174             
1 56728U 23068U   23164.37181226  .00001490  00000+0  19221-3 0  9994
2 56728  86.6806 130.4538 0002724 105.7858 254.3664 14.80328931  3672
IRIDIUM 178             
1 56729U 23068V   23164.16354364  .00001485  00000+0  19196-3 0  9992
2 56729  86.6750 130.5178 0002337 105.2124 254.9356 14.80256237  3643
IRIDIUM 179             
1 56730U 23068W   23164.36054653  .00001498  00000+0  19377-3 0  9999
2 56730  86.6792 130.4425 0002267 106.0926 254.0546 14.80234205  3672
2023-069A               
1 56731U 23069A   23164.55288460  .00006815  00000+0  23047-3 0  9994
2 56731  41.0051 224.7134 0032575 299.3503  60.4065 15.30420350  3558
2023-069B               
1 56732U 23069B   23164.54475762  .00016259  00000+0  52622-3 0  9991
2 56732  41.0047 224.6494 0030666 299.3886  60.3874 15.31216397  3557
2023-069C               
1 56733U 23069C   23164.54372041  .00008020  00000+0  26496-3 0  9995
2 56733  41.0050 224.6416 0030065 299.5785  60.2041 15.31080961  3550
CZ-2C R/B               
1 56734U 23069D   23164.56589503  .00022120  00000+0  40559-3 0  9994
2 56734  41.1970 221.6688 0053799 206.6581 153.1479 15.47140335  3593
CZ-2C DEB               
1 56735U 23069E   23164.52318807  .00041696  00000+0  27786-2 0  9993
2 56735  41.1425 233.0745 0209651 281.8412  75.8954 14.90146678  3465
CZ-2C DEB               
1 56736U 23069F   23164.54820534  .00071651  00000+0  27625-2 0  9997
2 56736  40.8546 227.3527 0118134 330.0825  29.3275 15.19060363  3536
CZ-2C DEB               
1 56737U 23069G   23164.49271448  .00088078  00000+0  30318-2 0  9990
2 56737  41.0961 226.8491 0112636 336.8782  22.6993 15.23119405  3497
2023-069H               
1 56738U 23069H   23164.56429738  .00039683  00000+0  25863-2 0  9993
2 56738  40.9048 232.6183 0202384 281.5703  76.2446 14.91896852  3472
PROGRESS-MS 23          
1 56740U 23071A   23164.50892816  .00012815  00000+0  22628-3 0  9999
2 56740  51.6401 346.7634 0005139  77.4807 282.6757 15.50724885401226
2023-072A               
1 56743U 23072A   23164.55613049  .00003568  00000+0  24086-3 0  9992
2 56743  97.5424 351.4982 0007565 225.8502 134.2105 15.07220842  2882
SNIPE 4                 
1 56744U 23072B   23164.55539732  .00005129  00000+0  34358-3 0  9997
2 56744  97.5509 351.5209 0007601 227.0573 133.0018 15.07307705  2887
SNIPE 2                 
1 56745U 23072C   23164.55372959  .00005109  00000+0  34104-3 0  9991
2 56745  97.5517 351.5249 0007886 231.0328 129.0198 15.07441168  2885
2023-072D               
1 56746U 23072D   23164.55181774  .00006312  00000+0  41839-3 0  9995
2 56746  97.5519 351.5272 0008222 234.9326 125.1131 15.07606613  2881
2023-072E               
1 56747U 23072E   23164.54998896  .00005432  00000+0  35937-3 0  9990
2 56747  97.5520 351.5296 0008773 237.5830 122.4550 15.07738993  2882
2023-072F               
1 56748U 23072F   23164.54946395  .00004887  00000+0  32349-3 0  9995
2 56748  97.5314 351.4806 0008975 238.7423 121.2926 15.07762823  2888
2023-072G               
1 56749U 23072G   23164.54761568  .00005982  00000+0  39325-3 0  9991
2 56749  97.5322 351.4846 0009364 242.0079 118.0202 15.07923201  2880
2023-072H               
1 56750U 23072H   23164.52767753  .00004012  00000+0  21969-3 0  9991
2 56750  97.5383 351.6707 0011275 242.5914 117.4172 15.14753531  2899
AXIOM-2 DEB             
1 56751U 23070B   23155.18545233  .00137659  00000+0  93325-3 0  9998
2 56751  51.4359  32.6116 0064812 169.8500 272.9083 15.71117998   653
ELECTRON KICK STAGE R/B 
1 56752U 23073A   23164.26514034  .00009338  00000+0  60749-3 0  9992
2 56752  32.7359  92.7395 0012002  23.7117 336.4103 15.06901245  2732
TROPICS-03              
1 56753U 23073B   23164.13508573  .00007278  00000+0  47649-3 0  9995
2 56753  32.7361  93.5990 0010430  33.7858 326.3474 15.06649120  2697
TROPICS-07              
1 56754U 23073C   23164.18808478  .00007746  00000+0  49146-3 0  9992
2 56754  32.7364  93.0707 0014989  26.6872 333.4566 15.07762830  2722
ELECTRON R/B            
1 56755U 23073D   23164.18380815  .00004645  00000+0  29432-3 0  9994
2 56755  35.4639  97.4969 0024739 339.9216  20.0528 15.08251166  2725
COSMOS 2569             
1 56756U 23074A   23164.53622449  .00004959  00000+0  24210-3 0  9994
2 56756  97.4385 359.0463 0001554  86.9080 273.2332 15.18728267  2688
ARABSAT-7B (BADR-8)     
1 56757U 23075A   23164.26211603 -.00000083  00000+0 -93057-1 0  9991
2 56757  20.6023 145.3313 7845713 184.0467 197.9346  1.05843304   197
FALCON 9 R/B            
1 56758U 23075B   23164.18101651  .00000022  00000+0  66911-3 0  9996
2 56758  27.8416 145.1665 8176876 184.7239 153.2679  1.20342794   191
IRNSS-1J (NVS-01)       
1 56759U 23076A   23164.54563831 -.00000333  00000+0  00000+0 0  9999
2 56759   4.9469 273.6498 0004305 359.3898 314.5165  1.00272388    86
GSLV R/B                
1 56760U 23076B   23164.21267783  .00091603  48553-6  33282-2 0  9994
2 56760  19.2010 264.1741 7506651 187.9895 143.8686  2.04063603   292
SHENZHOU-16 (SZ-16)     
1 56761U 23077A   23164.45194587  .00012644  00000+0  15560-3 0  9999
2 56761  41.4732 178.5737 0002283 342.2024  17.8735 15.60037257121256
STARLINK-6197           
1 56767U 23078A   23164.58334491 -.00943045  00000+0 -63702-2 0  9990
2 56767  70.0038  15.9603 0003464 266.7252 183.8745 15.77319944  1302
STARLINK-6198           
1 56768U 23078B   23164.58334491 -.00943886  00000+0 -63617-2 0  9999
2 56768  70.0061  15.9601 0003473 267.0773 185.7990 15.77371869  1306
STARLINK-5978           
1 56769U 23078C   23164.58334491 -.00941248  00000+0 -63512-2 0  9994
2 56769  70.0052  15.9601 0003419 268.4273 183.0830 15.77339852  1307
STARLINK-6342           
1 56770U 23078D   23164.58334491 -.00938626  00000+0 -63349-2 0  9990
2 56770  70.0053  15.9615 0003371 268.1169 182.9385 15.77328557  1306
STARLINK-6339           
1 56771U 23078E   23164.58334491 -.00943776  00000+0 -63585-2 0  9995
2 56771  70.0038  15.9571 0003467 268.7446 184.6092 15.77380254  1307
STARLINK-6275           
1 56772U 23078F   23164.58334491 -.00943214  00000+0 -63627-2 0  9990
2 56772  70.0048  15.9600 0003462 267.5617 184.4081 15.77350771  1301
STARLINK-6296           
1 56773U 23078G   23164.58334491 -.00943345  00000+0 -63522-2 0  9990
2 56773  70.0037  15.9563 0003442 266.6165 187.1864 15.77391348  1308
STARLINK-6190           
1 56774U 23078H   23164.58334491 -.00943559  00000+0 -63622-2 0  9999
2 56774  70.0045  15.9589 0003449 266.9057 185.5126 15.77361787  1303
STARLINK-6292           
1 56775U 23078J   23164.58334491 -.00943577  00000+0 -63398-2 0  9990
2 56775  70.0038  15.9537 0003482 267.4726 188.6232 15.77440596  1303
STARLINK-6274           
1 56776U 23078K   23164.58334491 -.00942172  00000+0 -63407-2 0  9992
2 56776  70.0046  15.9569 0003428 268.2626 185.9914 15.77401104  1305
STARLINK-5582           
1 56777U 23078L   23164.58334491 -.00942524  00000+0 -63235-2 0  9993
2 56777  70.0034  15.9517 0003446 268.4522 189.0097 15.77470783  1309
STARLINK-6304           
1 56778U 23078M   23164.58334491 -.00941482  00000+0 -63328-2 0  9999
2 56778  70.0054  15.9568 0003443 268.6472 186.0722 15.77410546  1304
STARLINK-6231           
1 56779U 23078N   23164.58334491 -.00942197  00000+0 -63063-2 0  9990
2 56779  70.0033  15.9488 0003447 268.8710 190.8470 15.77522927  1304
STARLINK-5963           
1 56780U 23078P   23164.58334491 -.00941475  00000+0 -63128-2 0  9992
2 56780  70.0039  15.9518 0003435 266.7367 191.1750 15.77481050  1304
STARLINK-5989           
1 56781U 23078Q   23164.58334491 -.00943188  00000+0 -63023-2 0  9990
2 56781  70.0025  15.9461 0003430 268.2669 193.2776 15.77563368  1308
STARLINK-6352           
1 56782U 23078R   23164.58334491 -.00940064  00000+0 -63198-2 0  9994
2 56782  70.0049  15.9556 0003441 268.0803 187.1067 15.77418994  1309
STARLINK-6357           
1 56783U 23078S   23164.58334491 -.00943549  00000+0 -63366-2 0  9993
2 56783  70.0044  15.9527 0003441 267.0956 189.4522 15.77451672  1302
STARLINK-6354           
1 56784U 23078T   23164.58334491 -.00943220  00000+0 -63400-2 0  9999
2 56784  70.0051  15.9551 0003464 266.5282 189.1121 15.77430750  1305
STARLINK-5931           
1 56785U 23078U   23164.58334491 -.00941935  00000+0 -62989-2 0  9992
2 56785  70.0043  15.9480 0003391 267.6195 193.0162 15.77542965  1303
STARLINK-6341           
1 56786U 23078V   23164.58334491 -.00942916  00000+0 -63290-2 0  9999
2 56786  70.0054  15.9536 0003419 268.3045 188.6946 15.77462080  1300
STARLINK-6326           
1 56787U 23078W   23164.58334491 -.00943048  00000+0 -63153-2 0  9995
2 56787  70.0039  15.9490 0003441 266.3802 192.8794 15.77513615  1306
STARLINK-6336           
1 56788U 23078X   23164.58334491 -.00940999  00000+0 -63061-2 0  9996
2 56788  70.0048  15.9513 0003420 268.8290 189.5255 15.77492422  1305
STARLINK-6325           
1 56789U 23078Y   23164.58334491 -.00940791  00000+0 -62704-2 0  9990
2 56789  70.0044  15.9441 0003460 267.9994 195.8062 15.77613003  1303
STARLINK-6345           
1 56790U 23078Z   23164.58334491 -.00943331  00000+0 -63203-2 0  9990
2 56790  70.0044  15.9505 0003458 266.6610 192.1489 15.77503179  1309
STARLINK-5977           
1 56791U 23078AA  23164.58334491 -.00943218  00000+0 -62965-2 0  9999
2 56791  70.0031  15.9448 0003432 266.9517 195.4845 15.77584681  1302
STARLINK-6046           
1 56792U 23078AB  23164.58334491 -.00943354  00000+0 -63117-2 0  9991
2 56792  70.0030  15.9479 0003422 267.3022 192.8608 15.77534613  1309
STARLINK-6052           
1 56793U 23078AC  23164.58334491 -.00942827  00000+0 -62710-2 0  9994
2 56793  70.0037  15.9406 0003425 268.0769 197.9895 15.77664946  1303
STARLINK-6060           
1 56794U 23078AD  23164.58334491 -.00942286  00000+0 -62927-2 0  9994
2 56794  70.0050  15.9472 0003410 266.8445 195.1442 15.77573946  1300
STARLINK-6061           
1 56795U 23078AE  23164.58334491 -.00943457  00000+0 -62583-2 0  9994
2 56795  70.0037  15.9372 0003459 268.9123 199.8522 15.77726208  1305
STARLINK-6049           
1 56796U 23078AF  23164.58334491 -.00939879  00000+0 -62810-2 0  9991
2 56796  70.0036  15.9470 0003412 266.5470 194.5372 15.77551902  1304
STARLINK-6058           
1 56797U 23078AG  23164.58334491 -.00939811  00000+0 -62548-2 0  9996
2 56797  70.0025  15.9410 0003390 268.5481 196.6141 15.77643554  1308
STARLINK-6068           
1 56798U 23078AH  23164.58334491 -.00942663  00000+0 -62897-2 0  9993
2 56798  70.0037  15.9448 0003413 266.2307 196.6640 15.77594433  1306
STARLINK-5953           
1 56799U 23078AJ  23164.58334491 -.00941353  00000+0 -62291-2 0  9997
2 56799  70.0034  15.9343 0003413 267.6223 203.4022 15.77775600  1308
STARLINK-6036           
1 56800U 23078AK  23164.58334491 -.00942970  00000+0 -62890-2 0  9991
2 56800  70.0039  15.9445 0003426 268.5124 194.8303 15.77604825  1308
STARLINK-6087           
1 56801U 23078AL  23164.58334491 -.00940416  00000+0 -62420-2 0  9994
2 56801  70.0034  15.9383 0003367 268.0513 199.8105 15.77705477  1306
STARLINK-6070           
1 56802U 23078AM  23164.58334491 -.00943159  00000+0 -62816-2 0  9991
2 56802  70.0034  15.9425 0003430 266.4600 198.2326 15.77635982  1305
STARLINK-6029           
1 56803U 23078AN  23164.58334491 -.00937582  00000+0 -62271-2 0  9990
2 56803  70.0033  15.9392 0003395 267.7724 199.1848 15.77683555  1307
STARLINK-6069           
1 56804U 23078AP  23164.58334491 -.00940970  00000+0 -62687-2 0  9997
2 56804  70.0041  15.9433 0003379 268.2239 196.0198 15.77624824  1300
STARLINK-6064           
1 56805U 23078AQ  23164.58334491 -.00943022  00000+0 -62693-2 0  9996
2 56805  70.0031  15.9394 0003416 266.3929 200.1152 15.77676211  1307
STARLINK-6072           
1 56806U 23078AR  23164.58334491 -.00942939  00000+0 -62744-2 0  9990
2 56806  70.0036  15.9415 0003415 266.6048 198.9998 15.77655934  1302
STARLINK-6073           
1 56807U 23078AS  23164.58334491 -.00937642  00000+0 -62047-2 0  9992
2 56807  70.0033  15.9347 0003305 268.2382 202.3104 15.77766552  1309
STARLINK-6042           
1 56808U 23078AT  23164.58334491 -.00942702  00000+0 -62440-2 0  9993
2 56808  70.0031  15.9358 0003394 268.1510 201.9505 15.77758145  1309
STARLINK-6040           
1 56809U 23078AU  23164.58334491 -.00943480  00000+0 -62524-2 0  9991
2 56809  70.0023  15.9350 0003424 267.8331 201.8155 15.77748241  1300
STARLINK-6031           
1 56810U 23078AV  23164.58334491 -.00941102  00000+0 -62496-2 0  9990
2 56810  70.0039  15.9395 0003460 266.5705 200.8318 15.77695225  1302
STARLINK-6063           
1 56811U 23078AW  23164.58334491 -.00940718  00000+0 -62186-2 0  9999
2 56811  70.0029  15.9325 0003429 266.7251 205.1881 15.77796200  1306
STARLINK-6065           
1 56812U 23078AX  23164.58334491 -.00941742  00000+0 -62428-2 0  9997
2 56812  70.0036  15.9370 0003367 267.6816 201.5218 15.77737528  1305
STARLINK-6056           
1 56813U 23078AY  23164.58334491 -.00941297  00000+0 -62199-2 0  9998
2 56813  70.0033  15.9323 0003342 268.0259 204.3352 15.77807932  1307
STARLINK-6059           
1 56814U 23078AZ  23164.58334491 -.00939177  00000+0 -62104-2 0  9999
2 56814  70.0033  15.9340 0003422 267.5796 203.8870 15.77785093  1308
STARLINK-6057           
1 56815U 23078BA  23164.58334491 -.00941706  00000+0 -62175-2 0  9999
2 56815  70.0030  15.9309 0003416 269.0107 204.2597 15.77826307  1302
STARLINK-6067           
1 56816U 23078BB  23164.58334491 -.00942014  00000+0 -62222-2 0  9996
2 56816  70.0039  15.9327 0003359 266.9983 205.8127 15.77818340  1300
STARLINK-5982           
1 56817U 23078BC  23164.58334491 -.00941876  00000+0 -62494-2 0  9993
2 56817  70.0028  15.9365 0003365 267.4049 200.8946 15.77717542  1303
STARLINK-6028           
1 56818U 23078BD  23164.58334491 -.00941050  00000+0 -62098-2 0  9998
2 56818  70.0028  15.9311 0003465 267.5307 206.1835 15.77835971  1307
FALCON 9 DEB            
1 56819U 23078BE  23164.34244023  .03850356  42056-5  69449-3 0  9994
2 56819  69.9882  15.5196 0028071 156.8803 203.3694 16.30923778  2127
FALCON 9 DEB            
1 56820U 23078BF  23164.57899479  .05514687  42954-5  58509-3 0  9990
2 56820  69.9916  14.7364 0016311 164.2201 195.9540 16.36838785  2163
STARLINK-30119          
1 56823U 23079A   23164.58334491 -.00653087  00000+0 -45504-2 0  9998
2 56823  43.0042 159.5739 0001920 265.4793  49.9414 15.75217877  1301
STARLINK-30120          
1 56824U 23079B   23164.58334491 -.00652059  00000+0 -45419-2 0  9992
2 56824  43.0045 159.5734 0001915 271.1373  44.5356 15.75221859  1303
STARLINK-30084          
1 56825U 23079C   23164.58334491 -.00651134  00000+0 -45334-2 0  9992
2 56825  43.0043 159.5729 0002242 269.5563  46.3049 15.75226919  1303
STARLINK-30114          
1 56826U 23079D   23164.58334491 -.00652008  00000+0 -45382-2 0  9997
2 56826  43.0044 159.5717 0002539 267.6470  48.4173 15.75233097  1303
STARLINK-30151          
1 56827U 23079E   23164.58334491 -.00652154  00000+0 -45391-2 0  9990
2 56827  43.0045 159.5720 0002036 270.1013  46.1633 15.75238438  1303
STARLINK-30152          
1 56828U 23079F   23164.58334491 -.00654721  00000+0 -45562-2 0  9993
2 56828  43.0045 159.5716 0002427 277.1755  39.2823 15.75245813  1302
STARLINK-30139          
1 56829U 23079G   23164.58334491  .00279026  00000+0  91155-3 0  9993
2 56829  43.0048 159.1059 0003452 277.2119 225.0999 15.89110516  1301
STARLINK-30134          
1 56830U 23079H   23164.37415301  .00192068  00000+0  68706-3 0  9998
2 56830  43.0051 160.4604 0003397 279.6355  80.4135 15.87507415  2205
STARLINK-30128          
1 56832U 23079K   23164.58334491 -.00204334  00000+0 -80964-3 0  9995
2 56832  43.0051 159.2348 0001601 240.7574 210.5067 15.86226522  1302
STARLINK-30131          
1 56833U 23079L   23164.58334491 -.00669677  00000+0 -38379-2 0  9993
2 56833  43.0055 159.3836 0001998 226.5528 165.2144 15.79602271  1303
STARLINK-30069          
1 56834U 23079M   23164.58334491 -.00651361  00000+0 -45269-2 0  9991
2 56834  43.0046 159.5697 0002619 262.3139  55.0164 15.75264680  1300
STARLINK-30144          
1 56835U 23079N   23164.58334491 -.00654361  00000+0 -45486-2 0  9996
2 56835  43.0050 159.5694 0002160 278.8511  38.6429 15.75272556  1302
STARLINK-30142          
1 56836U 23079P   23164.58334491 -.00652181  00000+0 -45324-2 0  9996
2 56836  43.0051 159.5691 0001604 279.2668  38.4513 15.75276400  1305
STARLINK-30133          
1 56837U 23079Q   23164.58334491 -.00649820  00000+0 -45113-2 0  9999
2 56837  43.0049 159.5679 0002452 263.7239  54.3409 15.75286647  1308
STARLINK-30123          
1 56838U 23079R   23164.58334491 -.00655636  00000+0 -45560-2 0  9998
2 56838  43.0051 159.5687 0002082 275.1733  42.7272 15.75283923  1309
STARLINK-30076          
1 56839U 23079S   23164.58334491 -.00652292  00000+0 -45303-2 0  9999
2 56839  43.0053 159.5678 0001268 278.4823  39.7823 15.75293552  1300
STARLINK-30073          
1 56840U 23079T   23164.58334491  .00198263  00000+0  11230-2 0  9994
2 56840  43.0058 159.5515 0002501 250.4556  74.3079 15.77712264  1307
STARLINK-30078          
1 56841U 23079U   23164.58334491 -.00657008  00000+0 -45619-2 0  9992
2 56841  43.0051 159.5666 0001938 275.6332  43.0456 15.75306869  1302
STARLINK-30135          
1 56842U 23079V   23164.58334491 -.00655536  00000+0 -39709-2 0  9990
2 56842  43.0058 159.3825 0001301 273.5663 118.8131 15.78358791  1308
STARLINK-30137          
1 56843U 23079W   23164.58334491 -.00655914  00000+0 -39725-2 0  9999
2 56843  43.0057 159.3818 0001348 270.6751 121.9542 15.78363231  1303
STARLINK-30136          
1 56844U 23079X   23164.58334491 -.00656086  00000+0 -39727-2 0  9993
2 56844  43.0056 159.3810 0001351 272.5199 120.3006 15.78368323  1301
DRAGON CRS-28           
1 56845U 23080A   23164.50892816  .00012815  00000+0  22628-3 0  9995
2 56845  51.6401 346.7634 0005139  77.4807 282.6757 15.50724885401222
SZ-15 MODULE            
1 56873U 22162C   23164.07594828  .00025814  00000+0  32839-3 0  9998
2 56873  41.4844 180.9738 0006112   7.0812 353.0112 15.58751410  1351
LONGJIANG 3             
1 56874U 23082A   23164.54826926  .00011808  00000+0  49683-3 0  9993
2 56874  49.1316 243.8770 0006840 283.4761  76.5419 15.23693919   679
