STARLINK-5077           
1 55391U 23014A   23056.21113005  .00029487  00000+0  24600-3 0  9996
2 55391  69.9997  20.7378 0003435 263.3684  96.7121 15.69937042  4992
STARLINK-5085           
1 55392U 23014B   23056.20877781  .00041650  00000+0  34593-3 0  9992
2 55392  70.0036  20.7360 0003369 251.8276 108.2553 15.69959490  4052
STARLINK-4786           
1 55393U 23014C   23056.27505408  .00022171  00000+0  18551-3 0  9997
2 55393  69.9998  20.5589 0003017 259.8812 100.2043 15.69946203  5002
STARLINK-5230           
1 55394U 23014D   23056.21165522  .00020794  00000+0  17421-3 0  9995
2 55394  70.0005  20.7413 0002452 259.9530 100.1389 15.69935670  4055
STARLINK-5274           
1 55395U 23014E   23056.21154532  .00031857  00000+0  26528-3 0  9995
2 55395  69.9993  20.7388 0003324 264.9840  95.0976 15.69962562  4996
STARLINK-5283           
1 55396U 23014F   23056.27568487  .00011037  00000+0  93399-4 0  9999
2 55396  69.9996  20.5601 0003197 269.8449  90.2381 15.69934273  5001
STARLINK-5224           
1 55397U 23014G   23056.21144670  .00008962  00000+0  76211-4 0  9995
2 55397  69.9994  20.7374 0003032 269.1534  90.9315 15.69929504  4054
STARLINK-5275           
1 55398U 23014H   23056.21207688  .00017945  00000+0  15060-3 0  9990
2 55398  70.0003  20.7411 0002832 274.4653  85.6219 15.69940267  4052
STARLINK-5276           
1 55399U 23014J   23056.21175897  .00030765  00000+0  25646-3 0  9993
2 55399  69.9991  20.7389 0003372 268.5384  91.5425 15.69945557  4057
STARLINK-5632           
1 55400U 23014K   23056.21228834  .00014545  00000+0  12249-3 0  9999
2 55400  70.0002  20.7414 0002994 259.1042 100.9816 15.69932379  4058
STARLINK-5076           
1 55401U 23014L   23056.21186778  .00022081  00000+0  18486-3 0  9993
2 55401  69.9996  20.7396 0002583 274.1666  85.9234 15.69935222  4999
STARLINK-5071           
1 55402U 23014M   23056.21249793  .00018180  00000+0  15256-3 0  9998
2 55402  69.9999  20.7417 0002965 260.9748  99.1113 15.69937330  4057
STARLINK-5597           
1 55403U 23014N   23056.27589708  .00034905  00000+0  29054-3 0  9992
2 55403  69.9994  20.5616 0003518 271.3911  88.6882 15.69949107  5002
STARLINK-5607           
1 55404U 23014P   23056.21270671  .00044122  00000+0  36630-3 0  9993
2 55404  69.9994  20.7422 0003485 267.1394  92.9403 15.69955499  4996
STARLINK-5623           
1 55405U 23014Q   23056.21238878  .00042756  00000+0  35503-3 0  9996
2 55405  70.0000  20.7410 0003553 263.4241  96.6550 15.69957969  4056
STARLINK-5630           
1 55406U 23014R   23056.21292034  .00009030  00000+0  76786-4 0  9998
2 55406  70.0005  20.7438 0002681 261.0369  99.0523 15.69926260  4998
STARLINK-5019           
1 55407U 23014S   23056.21260488  .00056455  00000+0  46781-3 0  9991
2 55407  69.9996  20.7417 0003760 262.4613  97.6156 15.69938774  4997
STARLINK-5092           
1 55408U 23014T   23056.85018849  .00017144  00000+0  14394-3 0  9991
2 55408  70.0002  18.9519 0002983 262.4166  97.6691 15.69944369  4159
STARLINK-5047           
1 55409U 23014U   23056.21281523  .00022127  00000+0  18522-3 0  9997
2 55409  70.0000  20.7429 0002660 269.4996  90.5895 15.69937300  4053
STARLINK-5633           
1 55410U 23014V   23056.27716163  .00038101  00000+0  31682-3 0  9999
2 55410  69.9987  20.5651 0003651 271.3710  88.7067 15.69951537  5002
STARLINK-5605           
1 55411U 23014W   23056.59542861  .00042818  00000+0  35580-3 0  9998
2 55411  69.9992  19.6690 0003424 262.0585  98.0222 15.69940666  5059
STARLINK-5033           
1 55412U 23014X   23056.21355386  .00022250  00000+0  18625-3 0  9991
2 55412  70.0008  20.7443 0002579 288.5425  71.5490 15.69935972  4995
STARLINK-5060           
1 55413U 23014Y   23056.21323831  .00015144  00000+0  12746-3 0  9994
2 55413  70.0004  20.7425 0002720 275.8243  84.2642 15.69931914  4056
STARLINK-5620           
1 55414U 23014Z   23056.85092708  .00013278  00000+0  11194-3 0  9993
2 55414  69.9997  18.9534 0003110 272.1002  87.9837 15.69942018  5090
STARLINK-5618           
1 55415U 23014AA  23056.21334419  .00010310  00000+0  87416-4 0  9997
2 55415  69.9991  20.7445 0003624 265.8555  94.2227 15.69919760  4999
STARLINK-5624           
1 55416U 23014AB  23056.85113760  .00011619  00000+0  98207-4 0  9995
2 55416  69.9999  18.9539 0003108 254.1001 105.9852 15.69939373  4159
STARLINK-5616           
1 55417U 23014AC  23056.34109168  .00042903  00000+0  35655-3 0  9994
2 55417  69.9994  20.3859 0003506 263.0603  97.0194 15.69936967  5018
STARLINK-5030           
1 55418U 23014AD  23056.15046701  .00031913  00000+0  26601-3 0  9997
2 55418  70.0002  20.9268 0003190 266.5233  93.5598 15.69938532  4982
STARLINK-5629           
1 55419U 23014AE  23056.21386960  .00016003  00000+0  13455-3 0  9995
2 55419  70.0000  20.7458 0002759 270.3815  89.7065 15.69936123  4990
STARLINK-5604           
1 55420U 23014AF  23056.27452621  .00034839  00000+0  28998-3 0  9996
2 55420  70.0050  20.5684 0002799 244.0035 116.0873 15.69953185  5003
STARLINK-5598           
1 55421U 23014AG  23056.34151103  .00028669  00000+0  23915-3 0  9994
2 55421  69.9996  20.3891 0003374 267.9600  92.1209 15.69947468  5015
STARLINK-5006           
1 55422U 23014AH  23056.21471058  .00024308  00000+0  20324-3 0  9992
2 55422  69.9988  20.7478 0003362 262.5643  97.5171 15.69935778  4991
STARLINK-5068           
1 55423U 23014AJ  23056.85145416  .00011843  00000+0  10007-3 0  9996
2 55423  69.9998  18.9563 0003173 271.0506  89.0326 15.69938079  4153
STARLINK-5615           
1 55425U 23014AL  23056.27821827  .00039862  00000+0  33150-3 0  9996
2 55425  69.9996  20.5697 0003307 258.2238 101.8587 15.69939357  5005
STARLINK-5638           
1 55426U 23014AM  23056.21502464  .00031202  00000+0  26003-3 0  9993
2 55426  69.9999  20.7493 0003596 260.7692  99.3097 15.69947600  4991
STARLINK-5073           
1 55427U 23014AN  23056.34203928  .00012684  00000+0  10706-3 0  9997
2 55427  69.9991  20.3904 0003354 260.6343  99.4473 15.69932694  5011
STARLINK-5064           
1 55428U 23014AP  23056.21523350  .00016476  00000+0  13843-3 0  9996
2 55428  69.9997  20.7501 0003270 266.0646  94.0176 15.69941185  4990
STARLINK-5645           
1 55429U 23014AQ  23056.34235560  .00021194  00000+0  17748-3 0  9995
2 55429  70.0008  20.3918 0003127 259.2139 100.8705 15.69939525  5010
STARLINK-5642           
1 55430U 23014AR  23056.91667824 -.01232083  00000+0 -26279-1 0  9993
2 55430  70.0000  19.3724 0003411 264.8968 303.5329 15.47522413  4153
STARLINK-5643           
1 55431U 23014AS  23056.21512979  .00032575  00000+0  27134-3 0  9991
2 55431  69.9998  20.7492 0003182 258.3974 101.6865 15.69950614  4991
STARLINK-5637           
1 55432U 23014AT  23056.91667824 -.01233894  00000+0 -27196-1 0  9995
2 55432  70.0003  19.3776 0003338 268.5253 295.2164 15.46583110  4155
STARLINK-5570           
1 55433U 23014AU  23056.91667824 -.01236767  00000+0 -26163-1 0  9991
2 55433  70.0005  19.3713 0003325 268.3064 302.0810 15.47769293  4157
STARLINK-5621           
1 55434U 23014AV  23056.91667824 -.01232772  00000+0 -27528-1 0  9990
2 55434  70.0005  19.3842 0003376 264.9170 293.2709 15.46203257  4157
STARLINK-5626           
1 55435U 23014AW  23056.91667824 -.01232294  00000+0 -27322-1 0  9992
2 55435  70.0005  19.3812 0003336 265.7626 295.9388 15.46408506  4152
STARLINK-5640           
1 55436U 23014AX  23056.58334491 -.01213372  00000+0 -26427-1 0  9998
2 55436  70.0001  20.2917 0003517 271.2606 229.6838 15.46877598  1306
STARLINK-5080           
1 55437U 23014AY  23056.91667824 -.01232720  00000+0 -27493-1 0  9997
2 55437  70.0005  19.3835 0003320 265.4159 294.2193 15.46239287  4154
STARLINK-5074           
1 55438U 23014AZ  23056.21101699  .00013015  00000+0  10982-3 0  9992
2 55438  70.0030  20.7411 0003440 264.5821  95.4982 15.69927515  4990
STARLINK-5634           
1 55439U 23014BA  23056.58334491 -.01211220  00000+0 -27143-1 0  9997
2 55439  70.0001  20.2975 0003390 271.5037 224.5206 15.46050512  1305
FALCON 9 DEB            
1 55440U 23014BB  23056.54597823  .00229623  22734-4  80559-3 0  9993
2 55440  70.0051  18.6452 0005712 200.9218 159.1755 15.89046595  4252
ION SCV-009             
1 55441U 23014BC  23056.56590691  .00067824  00000+0  52548-3 0  9999
2 55441  70.0096  19.5745 0053254 312.5079  47.1623 15.69556720  4238
FALCON 9 DEB            
1 55442U 23014BD  23056.02286456  .00267742  30172-4  86294-3 0  9996
2 55442  70.0067  20.0232 0009587 188.3291 171.7758 15.90661601  4175
FALCON 9 DEB            
1 55443U 23014BE  23056.32149732  .00346278  49850-4  98163-3 0  9998
2 55443  70.0019  19.0435 0010299 200.3775 159.7023 15.93117325  4229
FALCON 9 DEB            
1 55444U 23014BF  23056.23526417  .00228673  00000+0  80102-3 0  9999
2 55444  70.0069  19.5726 0005139 179.6415 180.4795 15.88489238  4203
FALCON 9 DEB            
1 55445U 23014BG  23056.26954330  .00356549  52146-4  10607-2 0  9991
2 55445  70.0065  19.2906 0008585 192.7139 167.3853 15.92220533  4210
EBAD TEST MASS          
1 55446U 23014BH  23056.01027367  .00066815  00000+0  30750-3 0  9999
2 55446  70.0101  20.4181 0006484 212.6473 147.4329 15.83249725  4165
APSTAR 6E SPS           
1 55447U 23005C   23056.04554602 -.00000065  00000+0 -15187-1 0  9992
2 55447  28.6692 294.1478 2304064 211.6088 132.2928  7.60507131  1907
STARLINK-5699           
1 55449U 23015A   23056.81097382  .00075811  00000+0  57612-3 0  9997
2 55449  43.0006 247.1749 0002194 273.8270  86.2347 15.71362310  3856
STARLINK-5686           
1 55450U 23015B   23056.81107896  .00010068  00000+0  80100-4 0  9993
2 55450  43.0006 247.1755 0001846 259.2992 100.7668 15.71364820  3662
STARLINK-5656           
1 55451U 23015C   23056.81087002  .00013479  00000+0  10604-3 0  9990
2 55451  43.0003 247.1745 0002083 246.5552 113.5097 15.71361445  3853
STARLINK-5683           
1 55452U 23015D   23056.81065908  .00053221  00000+0  40668-3 0  9994
2 55452  43.0002 247.1732 0001975 259.4363 100.6282 15.71356035  3853
STARLINK-5684           
1 55453U 23015E   23056.81055384  .00018093  00000+0  14105-3 0  9997
2 55453  43.0007 247.1725 0001850 266.3426  93.7230 15.71367103  3853
STARLINK-5636           
1 55454U 23015F   23056.81023723  .00004606  00000+0  38546-4 0  9991
2 55454  43.0006 247.1698 0002104 250.5412 109.5229 15.71359727  3852
STARLINK-5680           
1 55455U 23015G   23056.81076363  .00015564  00000+0  12188-3 0  9998
2 55455  43.0002 247.1740 0002110 257.4193 102.6439 15.71361594  3858
STARLINK-5058           
1 55456U 23015H   23056.81034444  .00040806  00000+0  31306-3 0  9993
2 55456  43.0002 247.1707 0002100 261.0820  98.9811 15.71357196  3662
STARLINK-5682           
1 55457U 23015J   23056.81044782  .00015993  00000+0  12510-3 0  9995
2 55457  43.0003 247.1705 0001908 262.5584  97.5067 15.71368001  3856
STARLINK-5020           
1 55458U 23015K   23056.80981817  .00050454  00000+0  38566-3 0  9994
2 55458  43.0004 247.1657 0001966 262.5982  97.4662 15.71367295  3854
STARLINK-5669           
1 55459U 23015L   23056.81002844  .00059700  00000+0  45534-3 0  9996
2 55459  43.0003 247.1674 0002093 262.8120  97.2510 15.71359826  3853
STARLINK-5678           
1 55460U 23015M   23056.80992364  .00016218  00000+0  12682-3 0  9997
2 55460  42.9999 247.1682 0001835 251.3999 108.6670 15.71365625  3854
STARLINK-5646           
1 55461U 23015N   23056.81013302  .00023989  00000+0  18577-3 0  9997
2 55461  42.9999 247.1697 0001580 258.8341 101.2349 15.71365675  3858
STARLINK-5673           
1 55462U 23015P   23056.80950201  .00019435  00000+0  15120-3 0  9997
2 55462  43.0002 247.1650 0002414 248.3527 111.7084 15.71370538  3858
STARLINK-5677           
1 55463U 23015Q   23056.80971273  .00012013  00000+0  94903-4 0  9992
2 55463  43.0001 247.1665 0002292 251.5918 108.4701 15.71359368  3855
STARLINK-5676           
1 55464U 23015R   23056.80918588  .00018571  00000+0  14465-3 0  9992
2 55464  43.0002 247.1622 0002187 254.9398 105.1228 15.71370315  3855
STARLINK-5674           
1 55465U 23015S   23056.80939773  .00015735  00000+0  12317-3 0  9995
2 55465  43.0003 247.1635 0002096 248.3008 111.7636 15.71363100  3664
STARLINK-5628           
1 55466U 23015T   23056.80876534  .00029887  00000+0  23043-3 0  9992
2 55466  43.0005 247.1573 0002176 266.7807  93.2812 15.71365209  3851
STARLINK-5679           
1 55467U 23015U   23056.80960643  .00016890  00000+0  13190-3 0  9990
2 55467  42.9997 247.1644 0001653 269.7296  90.3383 15.71370833  3853
STARLINK-5672           
1 55468U 23015V   23056.80908106  .00018257  00000+0  14227-3 0  9998
2 55468  43.0003 247.1601 0001943 251.5975 108.4682 15.71371218  3853
STARLINK-5681           
1 55469U 23015W   23056.80928751  .00019175  00000+0  14916-3 0  9992
2 55469  43.0004 247.1622 0002064 250.6272 109.4373 15.71382697  3854
STARLINK-5708           
1 55470U 23015X   23056.80897692  .00023772  00000+0  18409-3 0  9992
2 55470  43.0002 247.1594 0001828 257.8568 102.2095 15.71370447  3858
STARLINK-5711           
1 55471U 23015Y   23056.80886758  .00029459  00000+0  22706-3 0  9997
2 55471  43.0007 247.1575 0002731 258.4754 101.5808 15.71378344  3859
STARLINK-5705           
1 55472U 23015Z   23056.80845897 -.00049082  00000+0 -37385-3 0  9992
2 55472  42.9998 247.1560 0005183 275.4589  84.5688 15.71283259  3856
STARLINK-5687           
1 55473U 23015AA  23056.80866162  .00067534  00000+0  51391-3 0  9994
2 55473  43.0002 247.1566 0002131 250.8870 109.1767 15.71371129  3857
STARLINK-5689           
1 55474U 23015AB  23056.91667824 -.01167936  00000+0 -10731-1 0  9992
2 55474  43.0010 246.5096 0001337 272.5305 339.3804 15.69313774  3868
STARLINK-5650           
1 55475U 23015AC  23056.68143319  .00066567  00000+0  50694-3 0  9994
2 55475  43.0007 247.9241 0002157 261.5060  98.5564 15.71357967  3838
STARLINK-5596           
1 55476U 23015AD  23056.58334491 -.00074565  00000+0 -56908-3 0  9990
2 55476  42.9844 247.0999 0002314 275.2213  86.5920 15.71401244  1305
STARLINK-5685           
1 55477U 23015AE  23056.68111555  .00006361  00000+0  51908-4 0  9999
2 55477  43.0004 247.9193 0002422 259.9069 100.1525 15.71359355  3838
STARLINK-5691           
1 55478U 23015AF  23056.68039518  .00045194  00000+0  34640-3 0  9998
2 55478  42.9999 247.9147 0001931 263.0186  97.0462 15.71342157  3835
STARLINK-5688           
1 55479U 23015AG  23056.68127583 -.00279143  00000+0 -22292-2 0  9993
2 55479  42.9999 247.9224 0003225 244.0382 116.0153 15.71004106  3835
STARLINK-5690           
1 55480U 23015AH  23056.80759510  .00054700  00000+0  41612-3 0  9996
2 55480  43.0002 247.1505 0017728 260.4137  99.4727 15.71242390  3662
STARLINK-5694           
1 55481U 23015AJ  23056.80807626 -.00419234  00000+0 -34575-2 0  9997
2 55481  43.0004 247.1530 0002193 274.6133  85.4484 15.70653367  3851
STARLINK-5693           
1 55482U 23015AK  23056.67982704 -.00169149  00000+0 -13371-2 0  9992
2 55482  43.0001 247.9112 0002446 255.7975 104.2621 15.70916548  3641
STARLINK-5692           
1 55483U 23015AL  23056.80758645 -.00386521  00000+0 -31728-2 0  9994
2 55483  43.0007 247.1477 0002786 258.7302 101.3253 15.70666585  3853
STARLINK-5696           
1 55484U 23015AM  23056.80734616 -.00151004  00000+0 -11971-2 0  9991
2 55484  43.0001 247.1477 0002121 265.1653  94.8972 15.70791067  3850
STARLINK-5695           
1 55485U 23015AN  23056.74426947 -.00372361  00000+0 -30433-2 0  9995
2 55485  42.9983 247.5375 0003205 247.5696 112.4832 15.70725849  3659
STARLINK-5704           
1 55486U 23015AP  23056.68016861 -.00299437  00000+0 -24103-2 0  9998
2 55486  43.0003 247.9142 0002363 266.8309  93.2289 15.70881278  3831
STARLINK-5701           
1 55487U 23015AQ  23056.91667824 -.01161604  00000+0 -10591-1 0  9996
2 55487  43.0012 246.5048 0001440 269.4369 344.7391 15.69483238  3865
STARLINK-5706           
1 55488U 23015AR  23056.80665252 -.00261967  00000+0 -20945-2 0  9995
2 55488  42.9998 247.1420 0001492 264.4155  95.6543 15.70935210  3857
STARLINK-5371           
1 55489U 23015AS  23056.80684671  .00684374  00000+0  44981-2 0  9997
2 55489  43.0002 247.1438 0012720 247.2868 112.6656 15.72866422  3856
STARLINK-5373           
1 55490U 23015AT  23056.74284428 -.00181743  00000+0 -14347-2 0  9995
2 55490  43.0004 247.5226 0001491 238.2317 121.8406 15.70992937  3653
STARLINK-5364           
1 55491U 23015AU  23056.80450165  .00035164  00000+0  27038-3 0  9991
2 55491  42.9998 247.1133 0002531 266.5886  93.4693 15.71361059  3858
STARLINK-5013           
1 55492U 23015AV  23056.80678179 -.00164726  00000+0 -13099-2 0  9999
2 55492  43.0003 247.1430 0000929 266.6754  93.4007 15.70767247  3668
STARLINK-5362           
1 55493U 23015AW  23056.80653609 -.00259572  00000+0 -20718-2 0  9991
2 55493  43.0004 247.1399 0001566 242.5385 117.5324 15.70968369  3854
STARLINK-5344           
1 55494U 23015AX  23056.80633014 -.00198287  00000+0 -15696-2 0  9994
2 55494  43.0007 247.1383 0002058 261.6848  98.3786 15.70977002  3856
STARLINK-5100           
1 55495U 23015AY  23056.80677053  .00044619  00000+0  34166-3 0  9997
2 55495  43.0003 247.1412 0001630 243.7942 116.2758 15.71370161  3669
STARLINK-5139           
1 55496U 23015AZ  23056.80596830 -.00196924  00000+0 -15495-2 0  9993
2 55496  43.0007 247.1352 0001553 251.6774 108.3925 15.71116907  3857
STARLINK-5363           
1 55497U 23015BA  23056.74261180 -.00151473  00000+0 -11823-2 0  9995
2 55497  43.0007 247.5201 0001661 247.4928 112.5764 15.71162944  3848
STARLINK-5365           
1 55498U 23015BB  23056.80585528 -.00143461  00000+0 -11201-2 0  9996
2 55498  43.0001 247.1354 0002429 247.1028 112.9584 15.71125957  3857
STARLINK-5366           
1 55499U 23015BC  23056.74205822 -.00033645  00000+0 -25452-3 0  9992
2 55499  43.0005 247.5165 0001935 250.2608 109.8052 15.71320393  3638
STARLINK-5141           
1 55500U 23015BD  23056.80608187 -.00211160  00000+0 -16737-2 0  9998
2 55500  43.0000 247.1382 0001157 221.5504 138.5276 15.70989146  3852
STARLINK-5367           
1 55501U 23015BE  23056.80573210 -.00028837  00000+0 -21792-3 0  9992
2 55501  43.0003 247.1345 0001904 220.7347 139.3378 15.71277673  3859
FALCON 9 DEB            
1 55502U 23015BF  23056.58884704  .00266500  33709-4  89680-3 0  9997
2 55502  42.9876 246.2676 0015997 309.3498  50.5958 15.89083799  3841
FALCON 9 DEB            
1 55503U 23015BG  23056.76614572  .00279107  36694-4  87164-3 0  9990
2 55503  42.9836 244.9999 0018222 308.0733  51.8497 15.90467997  3876
FALCON 9 DEB            
1 55504U 23015BH  23056.56158816  .00264571  34061-4  78836-3 0  9994
2 55504  42.9807 246.0254 0018685 319.9355  40.0141 15.91366572  3847
FALCON 9 DEB            
1 55505U 23015BJ  23056.81282477  .00289948  39275-4  86738-3 0  9991
2 55505  42.9769 244.4623 0020243 318.4003  41.5331 15.91220911  3881
ELEKTRO-L 4             
1 55506U 23016A   23056.85257748 -.00000053  00000+0  00000+0 0  9992
2 55506   0.5139 285.5368 0037452  49.4665 284.6045  1.00714561   209
BLOCK DM-SL R/B         
1 55507U 23016B   23055.75183868 -.00000120  00000+0  00000+0 0  9997
2 55507   0.3917 275.8974 0096331  29.7563  53.4207  1.03219017   207
AMAZONAS NEXUS          
1 55508U 23017A   23055.30622295 -.00000431  00000+0  00000+0 0  9997
2 55508  18.8982 348.7636 7745099 183.0157 165.2403  1.08590625   214
FALCON 9 R/B            
1 55509U 23017B   23048.05522156  .00001006  00000+0  23504-2 0  9992
2 55509  24.9411 349.6435 8170614 181.2257 173.4294  1.25162264   126
PROGRESS-MS 22          
1 55560U 23018A   23056.53869213  .00017279  00000+0  31735-3 0  9995
2 55560  51.6393 161.5584 0005574  27.5318 153.0177 15.49326803384478
EOS-7                   
1 55562U 23019A   23057.02178853  .00028808  00000+0  66818-3 0  9996
2 55562  37.1868  14.9657 0007615 112.0709 330.1634 15.41523919  2438
AZAADISAT-2             
1 55563U 23019B   23056.79982538  .00034334  00000+0  75744-3 0  9992
2 55563  37.1847  16.1735 0011616 129.3190 230.8601 15.42933310  2417
JANUS-1                 
1 55564U 23019C   23056.34842833  .00071305  00000+0  15408-2 0  9996
2 55564  37.1858  19.0449 0008423 131.3247 228.8238 15.43379353  2349
SS3 R/B                 
1 55565U 23019D   23056.35518068  .00029049  00000+0  51428-3 0  9999
2 55565  37.1851  18.1432 0038907 112.6697 247.8185 15.48563086  2341
VTM R/B                 
1 55566U 23019E   23056.33391721  .00018142  00000+0  29400-3 0  9990
2 55566  37.9015  19.9557 0050452 137.6624 222.8061 15.50619520  2349
2023-019F               
1 55567U 23019F   23056.34165469  .00434163  00000+0  43504-2 0  9995
2 55567  37.1847  17.0699 0041751 126.9451 233.5149 15.62207507  1865
2023-019G               
1 55568U 23019G   23056.94720593  .00352202  00000+0  39823-2 0  9999
2 55568  37.2005  13.4382 0041176 125.3632 294.4534 15.59393468  2433
STARLINK-5749           
1 55569U 23020A   23056.63010157  .00017884  00000+0  13945-3 0  9998
2 55569  42.9981 275.3995 0001994 265.0713  94.9927 15.71368430  2125
STARLINK-5737           
1 55570U 23020B   23056.63020643  .00019287  00000+0  15007-3 0  9991
2 55570  42.9994 275.4009 0002166 266.7120  93.3500 15.71372828  2126
STARLINK-5739           
1 55571U 23020C   23056.62999313  .00103725  00000+0  78251-3 0  9991
2 55571  42.9979 275.3978 0002236 267.7113  92.3499 15.71417866  2123
STARLINK-5732           
1 55572U 23020D   23056.69334723  .00053950  00000+0  41212-3 0  9998
2 55572  42.9989 275.0152 0002224 254.4802 105.5820 15.71358389  2131
STARLINK-5738           
1 55573U 23020E   23056.69345187  .00074679  00000+0  56770-3 0  9991
2 55573  42.9982 275.0148 0002205 257.1972 102.8649 15.71359904  2130
STARLINK-5747           
1 55574U 23020F   23055.67600752  .00068396  00000+0  51790-3 0  9997
2 55574  42.9999 281.1470 0002141 251.5197 108.5438 15.71484189  1975
STARLINK-5745           
1 55575U 23020G   23056.69324314  .00051796  00000+0  39583-3 0  9990
2 55575  42.9988 275.0125 0001791 250.3978 109.6696 15.71363544  2135
STARLINK-5751           
1 55576U 23020H   23056.68666362  .00073611  00000+0  51659-3 0  9990
2 55576  42.9995 274.9593 0002522 260.7979  99.2604 15.73246251  2130
STARLINK-5752           
1 55577U 23020J   23056.69313722  .00013732  00000+0  10794-3 0  9994
2 55577  42.9982 275.0116 0001898 259.5410 100.5244 15.71365190  2139
STARLINK-5713           
1 55578U 23020K   23056.62915402  .00078718  00000+0  59758-3 0  9999
2 55578  42.9992 275.3925 0002556 259.1665 100.8915 15.71372827  2124
STARLINK-5754           
1 55579U 23020L   23056.62841694  .00024267  00000+0  18777-3 0  9997
2 55579  42.9992 275.3857 0002658 257.3140 102.7430 15.71377364  2124
STARLINK-5757           
1 55580U 23020M   23056.68158074  .00063032  00000+0  42365-3 0  9991
2 55580  42.9997 274.9194 0003260 278.7861  81.2639 15.74301100  2138
STARLINK-5753           
1 55581U 23020N   23056.62925971  .00065146  00000+0  49572-3 0  9999
2 55581  42.9991 275.3930 0002274 260.2494  99.8117 15.71384426  2122
STARLINK-5741           
1 55582U 23020P   23056.68421983  .00019413  00000+0  13618-3 0  9998
2 55582  42.9991 274.9407 0002509 262.4168  97.6416 15.73814693  2135
STARLINK-5742           
1 55583U 23020Q   23055.67541227  .00055917  00000+0  42650-3 0  9998
2 55583  42.9991 281.1420 0002288 258.9382 101.1228 15.71381411  1971
STARLINK-5736           
1 55584U 23020R   23056.00001157  .00015398  00000+0  12063-3 0  9994
2 55584  43.0000 279.1831 0002238 260.1634 139.5330 15.71358621  1301
STARLINK-5769           
1 55585U 23020S   23056.62026849  .00085361  00000+0  58769-3 0  9998
2 55585  43.0015 275.3212 0002065 274.7839  85.2794 15.73640716  2128
STARLINK-5767           
1 55586U 23020T   23056.69187509  .00049895  00000+0  38176-3 0  9999
2 55586  42.9993 275.0030 0001971 257.3276 102.7371 15.71348007  2137
STARLINK-5727           
1 55587U 23020U   23056.62852529  .00014208  00000+0  11156-3 0  9993
2 55587  42.9993 275.3884 0002139 276.3086  83.7538 15.71365485  2126
STARLINK-5728           
1 55588U 23020V   23056.69156228  .00020307  00000+0  15782-3 0  9990
2 55588  42.9992 275.0013 0003511 290.1392  69.9098 15.71366601  2135
STARLINK-5697           
1 55589U 23020W   23056.69177123  .00061743  00000+0  47071-3 0  9993
2 55589  42.9987 275.0017 0001896 260.9441  99.1212 15.71359197  2133
STARLINK-5762           
1 55590U 23020X   23056.69135112  .00049065  00000+0  37536-3 0  9995
2 55590  42.9996 274.9989 0002572 266.4816  93.5758 15.71355673  2138
STARLINK-5760           
1 55591U 23020Y   23056.69166687  .00045011  00000+0  34485-3 0  9994
2 55591  42.9990 275.0007 0002040 279.9516  80.1121 15.71353727  2136
STARLINK-5759           
1 55592U 23020Z   23056.69114075  .00046028  00000+0  35250-3 0  9999
2 55592  42.9998 274.9973 0002345 261.2290  98.8312 15.71354304  2136
STARLINK-5703           
1 55593U 23020AA  23056.62789349  .00039441  00000+0  30254-3 0  9995
2 55593  42.9992 275.3828 0001968 278.2168  81.8477 15.71374142  2122
STARLINK-5750           
1 55594U 23020AB  23056.69103339  .00065533  00000+0  49926-3 0  9999
2 55594  42.9995 274.9958 0001864 239.5698 120.4986 15.71354701  2133
STARLINK-5740           
1 55595U 23020AC  23056.69124312  .00070372  00000+0  53558-3 0  9997
2 55595  42.9992 274.9971 0002231 248.4906 111.5724 15.71353444  2130
STARLINK-5729           
1 55596U 23020AD  23056.69071955  .00035415  00000+0  27232-3 0  9991
2 55596  42.9998 274.9948 0002186 264.3369  95.7250 15.71358245  2131
STARLINK-5743           
1 55597U 23020AE  23056.68247455 -.00150768  00000+0 -10973-2 0  9995
2 55597  43.0009 274.9287 0003223 253.9035 106.1479 15.72795685  2134
STARLINK-5756           
1 55598U 23020AF  23056.67452682  .00039672  00000+0  25687-3 0  9992
2 55598  42.9999 274.8622 0003135 257.7623 102.2895 15.75326907  2139
STARLINK-5761           
1 55599U 23020AG  23056.91667824  .00450873  00000+0  32751-2 0  9995
2 55599  43.0007 273.2167 0001997 259.6994 107.2094 15.71238039  2168
STARLINK-5755           
1 55600U 23020AH  23056.69029602  .00016421  00000+0  12833-3 0  9996
2 55600  42.9992 274.9912 0002384 245.3346 114.7273 15.71371435  2139
STARLINK-5744           
1 55601U 23020AJ  23056.69061264  .00022824  00000+0  17691-3 0  9998
2 55601  42.9997 274.9922 0003016 273.0208  87.0314 15.71366704  2135
STARLINK-5764           
1 55602U 23020AK  23056.72433737 -.00049070  00000+0 -29213-3 0  9998
2 55602  42.9998 274.3682 0005303 269.4434  90.5828 15.76945342  2141
STARLINK-5735           
1 55603U 23020AL  23056.69050929  .00048153  00000+0  36842-3 0  9998
2 55603  42.9998 274.9903 0001878 245.9415 114.1256 15.71361707  2134
STARLINK-5748           
1 55604U 23020AM  23056.62253515  .00048388  00000+0  35457-3 0  9999
2 55604  43.0008 275.3405 0002629 257.1390 102.9185 15.72379918  2122
STARLINK-5725           
1 55605U 23020AN  23056.62662961  .00010449  00000+0  82987-4 0  9997
2 55605  42.9998 275.3715 0002622 236.6041 123.4576 15.71366440  2128
STARLINK-5723           
1 55606U 23020AP  23056.91667824  .00221530  25735-4  75764-3 0  9999
2 55606  43.0005 272.4031 0017695  31.7900 300.3781 15.88751616  2173
STARLINK-5700           
1 55607U 23020AQ  23056.68987792  .00079304  00000+0  60233-3 0  9991
2 55607  42.9993 274.9870 0001764 248.9600 111.1079 15.71360008  2132
STARLINK-5726           
1 55608U 23020AR  23056.91667824 -.00049527  00000+0 -37616-3 0  9994
2 55608  43.0008 273.6184 0001819 268.3552 297.4475 15.71374428  2161
STARLINK-5719           
1 55609U 23020AS  23056.69008774  .00037391  00000+0  28735-3 0  9999
2 55609  42.9994 274.9871 0002289 254.8103 105.2512 15.71350209  2131
STARLINK-5722           
1 55610U 23020AT  23056.62568332  .00017152  00000+0  13388-3 0  9996
2 55610  42.9997 275.3657 0002901 261.9839  98.0699 15.71370176  2128
STARLINK-5730           
1 55611U 23020AU  23056.62578871  .00028943  00000+0  22313-3 0  9994
2 55611  43.0004 275.3656 0002426 251.2123 108.8482 15.71381921  2129
STARLINK-5734           
1 55612U 23020AV  23056.68914181  .00021451  00000+0  16646-3 0  9998
2 55612  42.9997 274.9806 0001696 256.4838 103.5841 15.71375739  2131
STARLINK-5715           
1 55613U 23020AW  23056.62600178  .00066507  00000+0  50653-3 0  9998
2 55613  42.9994 275.3683 0001797 263.6133  96.4531 15.71356800  2120
STARLINK-5714           
1 55614U 23020AX  23056.68437540  .00084566  00000+0  59777-3 0  9997
2 55614  43.0004 274.9441 0003992 283.8478  76.1946 15.73022671  2131
STARLINK-5712           
1 55615U 23020AY  23056.62547369  .00064312  00000+0  48955-3 0  9996
2 55615  42.9999 275.3644 0002997 261.1069  98.9459 15.71378459  2128
STARLINK-5710           
1 55616U 23020AZ  23056.62505234  .00019399  00000+0  15091-3 0  9992
2 55616  43.0000 275.3609 0002616 258.7588 101.2985 15.71373339  2125
STARLINK-5721           
1 55617U 23020BA  23056.68882736  .00011941  00000+0  94340-4 0  9994
2 55617  43.0003 274.9773 0001882 261.3190  98.7465 15.71363837  2135
STARLINK-5717           
1 55618U 23020BB  23056.68851138  .00064375  00000+0  49038-3 0  9999
2 55618  43.0010 274.9757 0002066 247.5462 112.5187 15.71363555  2132
STARLINK-5720           
1 55619U 23020BC  23056.68840554  .00056726  00000+0  43346-3 0  9997
2 55619  43.0002 274.9757 0002044 233.1307 126.9373 15.71333736  2133
STARLINK-5718           
1 55620U 23020BD  23056.62463129  .00051889  00000+0  39605-3 0  9990
2 55620  43.0002 275.3581 0003009 239.8292 120.2278 15.71389383  2122
STARLINK-5709           
1 55621U 23020BE  23056.68872181  .00043411  00000+0  33233-3 0  9992
2 55621  42.9997 274.9781 0001983 286.5208  73.5442 15.71385430  2139
STARLINK-5702           
1 55622U 23020BF  23056.62474032  .00068937  00000+0  52407-3 0  9994
2 55622  42.9998 275.3588 0002017 279.9893  80.0747 15.71387772  2127
STARLINK-5698           
1 55623U 23020BG  23056.56096459  .00031351  00000+0  24130-3 0  9993
2 55623  43.0003 275.7396 0002896 241.0763 118.9815 15.71384343  2116
FALCON 9 DEB            
1 55624U 23020BH  23056.65520498  .00291504  39980-4  83372-3 0  9994
2 55624  43.0095 273.8143 0022532  38.9485 321.3009 15.91990005  2148
FALCON 9 DEB            
1 55625U 23020BJ  23055.64722120  .00319257  46543-4  90604-3 0  9994
2 55625  43.0061 280.0212 0019658  30.3575 329.8435 15.92234733  1987
FALCON 9 DEB            
1 55626U 23020BK  23056.76591535  .00372246  62288-4  93121-3 0  9991
2 55626  43.0012 272.9033 0020027  24.4436 335.7386 15.94562014  2167
FALCON 9 DEB            
1 55627U 23020BL  23056.76505341  .00341699  53395-4  87175-3 0  9991
2 55627  43.0007 272.8939 0018866  24.3035 335.8728 15.94250984  2169
STARLINK-5484           
1 55628U 23021A   23056.91667824 -.01018281  00000+0 -42605-2 0  9994
2 55628  69.9998 127.3600 0008706 217.3071  69.1495 15.87565546  1815
STARLINK-5497           
1 55629U 23021B   23056.91667824 -.01017419  00000+0 -42594-2 0  9994
2 55629  69.9995 127.3600 0008599 219.2173  66.9640 15.87554261  1816
STARLINK-5303           
1 55630U 23021C   23056.91667824 -.01037697  00000+0 -43479-2 0  9999
2 55630  69.9997 127.3592 0008381 226.4459  60.3434 15.87588878  1816
STARLINK-5558           
1 55631U 23021D   23056.91667824 -.01018918  00000+0 -42489-2 0  9995
2 55631  69.9995 127.3574 0008477 221.3403  67.0798 15.87639603  1814
STARLINK-5546           
1 55632U 23021E   23056.91667824 -.01018210  00000+0 -42553-2 0  9993
2 55632  69.9995 127.3588 0008385 224.4955  62.8382 15.87595942  1813
STARLINK-5498           
1 55633U 23021F   23056.91667824 -.01018169  00000+0 -42528-2 0  9999
2 55633  69.9996 127.3584 0008376 225.5659  62.0302 15.87607041  1812
STARLINK-5500           
1 55634U 23021G   23056.91667824 -.01017739  00000+0 -42554-2 0  9991
2 55634  69.9995 127.3592 0008386 226.3165  60.7372 15.87585094  1818
STARLINK-5495           
1 55635U 23021H   23056.91667824 -.01125759  36068-3 -42028-2 0  9997
2 55635  69.9996 127.3561 0010411 211.9149  77.5815 15.87678462  1810
STARLINK-5218           
1 55636U 23021J   23056.91667824 -.01041036  00000+0 -43511-2 0  9994
2 55636  69.9996 127.3575 0008411 225.1645  62.9773 15.87645522  1813
STARLINK-5062           
1 55637U 23021K   23056.91667824 -.01037933  00000+0 -43232-2 0  9996
2 55637  69.9995 127.3555 0008369 224.3567  65.3936 15.87708530  1814
STARLINK-5507           
1 55638U 23021L   23056.91667824 -.01018263  00000+0 -42494-2 0  9991
2 55638  69.9994 127.3581 0008696 220.8074  67.0628 15.87617758  1818
STARLINK-5508           
1 55639U 23021M   23056.91667824 -.01017170  00000+0 -42173-2 0  9992
2 55639  69.9996 127.3541 0008644 218.4942  72.6039 15.87747006  1815
STARLINK-5069           
1 55640U 23021N   23056.91667824 -.01038898  00000+0 -43064-2 0  9994
2 55640  69.9996 127.3526 0008423 223.3897  68.7922 15.87806096  1811
STARLINK-5065           
1 55641U 23021P   23056.91667824 -.01037093  00000+0 -43100-2 0  9992
2 55641  69.9995 127.3541 0008386 224.0488  66.7757 15.87751280  1818
STARLINK-5478           
1 55642U 23021Q   23056.91667824 -.01016729  00000+0 -42372-2 0  9996
2 55642  69.9996 127.3571 0008381 226.1240  62.5635 15.87649007  1819
STARLINK-5483           
1 55643U 23021R   23056.91667824 -.01017067  00000+0 -42128-2 0  9992
2 55643  69.9995 127.3535 0008553 221.7253  69.9193 15.87768265  1813
STARLINK-5502           
1 55644U 23021S   23056.91667824 -.01019387  00000+0 -42346-2 0  9992
2 55644  69.9995 127.3552 0008539 220.4209  69.8745 15.87716066  1818
STARLINK-5102           
1 55645U 23021T   23056.91667824 -.01038650  00000+0 -42947-2 0  9994
2 55645  69.9995 127.3508 0008267 228.5343  65.0201 15.87858813  1818
STARLINK-5104           
1 55646U 23021U   23056.58334491 -.01083417  33818-3 -39150-2 0  9999
2 55646  69.9997 128.3194 0008946 213.1511 331.0354 15.88356572  1309
STARLINK-5510           
1 55647U 23021V   23056.91667824 -.01017889  00000+0 -42056-2 0  9998
2 55647  69.9995 127.3518 0008455 223.5041  69.4830 15.87822827  1812
STARLINK-5501           
1 55648U 23021W   23056.91667824 -.01017097  00000+0 -42218-2 0  9990
2 55648  69.9995 127.3548 0008585 219.4144  71.1439 15.87725415  1818
STARLINK-5469           
1 55649U 23021X   23056.91667824 -.01039453  00000+0 -43069-2 0  9996
2 55649  69.9995 127.3521 0008337 225.5593  66.8788 15.87817717  1816
STARLINK-5494           
1 55650U 23021Y   23056.91667824 -.01017306  00000+0 -42170-2 0  9993
2 55650  69.9995 127.3538 0008354 225.0574  66.3053 15.87758124  1815
STARLINK-5506           
1 55651U 23021Z   23056.91667824 -.01018118  00000+0 -42316-2 0  9998
2 55651  69.9995 127.3553 0008353 226.7448  63.2119 15.87706714  1817
STARLINK-5487           
1 55652U 23021AA  23056.91667824 -.01017361  00000+0 -42129-2 0  9990
2 55652  69.9996 127.3531 0008344 225.3097  66.6114 15.87779059  1814
STARLINK-5067           
1 55653U 23021AB  23056.91667824 -.01039794  00000+0 -43012-2 0  9997
2 55653  69.9995 127.3511 0008424 223.0217  70.2429 15.87849566  1811
STARLINK-5070           
1 55654U 23021AC  23056.91667824 -.01037099  00000+0 -43265-2 0  9994
2 55654  69.9995 127.3563 0008308 230.8920  58.0164 15.87676621  1817
STARLINK-5267           
1 55655U 23021AD  23056.91667824 -.01040503  00000+0 -42887-2 0  9998
2 55655  69.9996 127.3491 0008332 225.8427  69.3049 15.87925159  1812
STARLINK-5326           
1 55656U 23021AE  23056.91667824 -.01039585  00000+0 -42961-2 0  9990
2 55656  69.9995 127.3505 0008341 226.4523  67.3569 15.87870724  1814
STARLINK-5328           
1 55657U 23021AF  23056.91667824 -.01040366  00000+0 -42925-2 0  9990
2 55657  69.9995 127.3497 0008384 224.5860  70.0329 15.87903311  1819
STARLINK-5307           
1 55658U 23021AG  23056.91667824 -.01038634  00000+0 -43010-2 0  9992
2 55658  69.9995 127.3518 0008312 227.0205  65.6806 15.87828101  1819
STARLINK-5477           
1 55659U 23021AH  23056.91667824 -.01041054  00000+0 -42930-2 0  9993
2 55659  69.9995 127.3493 0008404 224.4831  70.3817 15.87915289  1819
STARLINK-5467           
1 55660U 23021AJ  23056.91667824 -.01040304  00000+0 -42962-2 0  9997
2 55660  69.9994 127.3502 0008506 221.0017  73.0768 15.87881896  1814
STARLINK-5475           
1 55661U 23021AK  23056.91667824 -.01040962  00000+0 -42860-2 0  9995
2 55661  69.9995 127.3484 0008353 224.6969  70.9806 15.87947135  1818
STARLINK-5479           
1 55662U 23021AL  23056.91667824 -.01017993  00000+0 -41954-2 0  9997
2 55662  69.9995 127.3502 0008368 225.3984  68.9602 15.87875727  1819
STARLINK-5473           
1 55663U 23021AM  23056.91667824 -.01039450  00000+0 -42681-2 0  9998
2 55663  69.9994 127.3465 0008343 224.6528  72.3968 15.87998525  1812
STARLINK-5480           
1 55664U 23021AN  23056.91667824 -.01018025  00000+0 -41865-2 0  9997
2 55664  69.9995 127.3488 0008381 226.6962  68.7374 15.87918609  1810
STARLINK-5474           
1 55665U 23021AP  23056.91667824 -.01040648  00000+0 -42801-2 0  9995
2 55665  69.9995 127.3477 0008326 226.0760  70.1317 15.87968542  1813
STARLINK-5457           
1 55666U 23021AQ  23056.91667824 -.01157904  38102-3 -42661-2 0  9992
2 55666  69.9995 127.3475 0008857 212.9172  83.5759 15.87976993  1819
STARLINK-5456           
1 55667U 23021AR  23056.91667824 -.01040874  00000+0 -42721-2 0  9999
2 55667  69.9994 127.3461 0008325 228.3631  68.9383 15.88010811  1814
STARLINK-5455           
1 55668U 23021AS  23056.91667824 -.01041331  00000+0 -42854-2 0  9996
2 55668  69.9996 127.3480 0008337 228.2793  67.6641 15.87958224  1810
STARLINK-5459           
1 55669U 23021AT  23056.91667824 -.01040684  00000+0 -42758-2 0  9990
2 55669  69.9995 127.3470 0008331 226.9827  69.7815 15.87989295  1814
STARLINK-5423           
1 55670U 23021AU  23056.91667824 -.01040945  00000+0 -42696-2 0  9993
2 55670  69.9993 127.3460 0008420 222.4442  75.1162 15.88021811  1814
STARLINK-5460           
1 55671U 23021AV  23056.91667824 -.01164232  38528-3 -42676-2 0  9998
2 55671  69.9992 127.3440 0008392 223.8119  75.3424 15.88088111  1815
STARLINK-5461           
1 55672U 23021AW  23056.91667824 -.01161022  38328-3 -42583-2 0  9998
2 55672  69.9995 127.3443 0008449 223.8328  75.0700 15.88075087  1819
STARLINK-5463           
1 55673U 23021AX  23056.91667824 -.01040559  00000+0 -42637-2 0  9992
2 55673  69.9994 127.3451 0008351 225.3443  72.7559 15.88042763  1816
STARLINK-5462           
1 55674U 23021AY  23056.91667824 -.01160210  38274-3 -42576-2 0  9990
2 55674  69.9994 127.3447 0008461 223.2387  75.3956 15.88063952  1811
STARLINK-5232           
1 55675U 23021AZ  23056.91667824 -.01041072  00000+0 -42679-2 0  9991
2 55675  69.9994 127.3454 0008443 222.0434  75.8035 15.88031964  1811
STARLINK-5300           
1 55676U 23021BA  23056.91667824 -.01161281  38352-3 -42546-2 0  9995
2 55676  69.9993 127.3439 0008442 223.7031  75.7102 15.88097330  1817
STARLINK-5324           
1 55677U 23021BB  23056.91667824 -.01160301  38295-3 -42491-2 0  9993
2 55677  69.9992 127.3434 0008426 222.8808  76.8265 15.88106510  1819
STARLINK-5314           
1 55678U 23021BC  23056.91667824 -.01042956  00000+0 -42724-2 0  9997
2 55678  69.9995 127.3449 0008261 228.4481  69.9097 15.88055511  1815
FALCON 9 DEB            
1 55679U 23021BD  23056.81719079  .01536484  40813-5  94713-3 0  9997
2 55679  69.9808 127.2917 0052347 147.8869 212.5557 16.14415453  1616
FALCON 9 DEB            
1 55680U 23021BE  23056.81364377  .01470967  40996-5  88785-3 0  9993
2 55680  69.9832 127.2814 0045314 150.6485 209.7295 16.15495814  1610
FALCON 9 DEB            
1 55681U 23021BF  23056.80632040  .01786496  41189-5  90770-3 0  9997
2 55681  69.9856 127.2570 0041509 144.2802 216.1208 16.18082251  1616
FALCON 9 DEB            
1 55682U 23021BG  23056.80700497  .01709935  41085-5  89617-3 0  9996
2 55682  69.9857 127.2604 0044813 147.5728 212.8261 16.17339405  1617
INMARSAT 6-F2           
1 55683U 23022A   23056.29441088  .00000085  00000+0  44219-3 0  9993
2 55683  26.9663  50.3509 7528054 168.8465 230.4093  1.91741644    88
FALCON 9 R/B            
1 55684U 23022B   23056.27888081  .00008118  00000+0  15070-2 0  9997
2 55684  27.0216  50.2160 7584854 169.0089 230.7640  1.92339027   116
DRUMS TARGET-1          
1 55685U 21102M   23056.15827508  .00016523  00000+0  11747-2 0  9995
2 55685  97.5003 112.8954 0021139  84.0178 276.3457 15.04561468  1037
CHINASAT 26 (ZX 26)     
1 55686U 23023A   23054.65327030 -.00090925  00000+0 -14966-1 0  9993
2 55686  27.8958 327.5208 7292351 179.4456 119.0028  2.27947088    01
CZ-3B R/B               
1 55687U 23023B   23055.75585878  .00001253 -87120-7  10000-3 0  9990
2 55687  27.9224 326.9655 7225668 179.5385 348.6987  2.37970374    39
SOYUZ-MS 23             
1 55688U 23024A   23056.39121075  .00016339  11072-4  78939-4 0  9994
2 55688  51.6355 162.4492 0026400 347.6113  12.4215 15.85311676   192
SL-4 R/B                
1 55689U 23024B   23056.99871442  .05631250  12417-4  49150-3 0  9997
2 55689  51.6540 158.7292 0011064  61.7400  99.8112 16.38224962   328
2023-025A               
1 55690U 23025A   23056.86567490  .00009289  00000+0  39318-3 0  9992
2 55690  97.4731 130.7720 0010584 244.3815 181.7747 15.23356841   242
2023-025B               
1 55691U 23025B   23056.85980905 -.00000078  00000+0  00000+0 0  9992
2 55691  97.6010 130.9247 0065710 277.5636  81.8149 15.17484495   247
2023-025C               
1 55692U 23025C   23056.73137332  .00052832  00000+0  25815-2 0  9996
2 55692  97.6545 130.6008 0093676 222.5972 136.8341 15.14205419   247
2023-025D               
1 55693U 23025D   23056.48932495  .00061816  00000+0  30540-2 0  9995
2 55693  97.2442 130.4045 0096022 222.2528 255.7690 15.13597410   186
