CREW DRAGON 5           
1 53963U 22124A   22307.53718465  .00017313  00000+0  31368-3 0  9998
2 53963  51.6453   6.2597 0006466  36.1533 105.0603 15.49709774366793
STARLINK-4633           
1 53964U 22125A   22308.50001157 -.01193360  00000+0 -35881-1 0  9993
2 53964  53.2172 307.4740 0001754  36.4975  65.6403 15.36889008  5013
STARLINK-4578           
1 53965U 22125B   22308.50001157 -.01193525  00000+0 -35521-1 0  9998
2 53965  53.2172 307.4588 0001470  50.0858  59.5737 15.37205370  5018
STARLINK-4635           
1 53966U 22125C   22308.16668981 -.01198319  00000+0 -34337-1 0  9995
2 53966  53.2175 309.0074 0001518  44.0211  26.7734 15.38374931  4966
STARLINK-4634           
1 53967U 22125D   22308.16668981 -.01198314  00000+0 -33987-1 0  9991
2 53967  53.2175 308.9931 0001488  46.3543  31.5029 15.38686412  4967
STARLINK-4629           
1 53968U 22125E   22307.91667824 -.01199442  00000+0 -32289-1 0  9996
2 53968  53.2172 310.1285 0001529  50.8439 100.5520 15.40265159  1304
STARLINK-4468           
1 53969U 22125F   22308.50001157 -.01193271  00000+0 -34444-1 0  9993
2 53969  53.2172 307.4140 0001868  35.3123  96.7930 15.38136271  5010
STARLINK-4567           
1 53970U 22125G   22308.58334491 -.01134844  00000+0 -14977-1 0  9993
2 53970  53.2172 305.2617 0001132  56.0523 331.7871 15.60464172  5054
STARLINK-4639           
1 53971U 22125H   22307.91667824 -.01199062  00000+0 -32613-1 0  9999
2 53971  53.2172 310.1410 0001758  39.2192 105.8376 15.39952652  1305
STARLINK-5157           
1 53972U 22125J   22308.16668981 -.01132398  00000+0 -14315-1 0  9991
2 53972  53.2177 307.2806 0001250  79.1853 128.6152 15.61565392  4989
STARLINK-5156           
1 53973U 22125K   22308.58334491 -.01200610  00000+0 -33863-1 0  9996
2 53973  53.2172 306.9796 0001581  45.1433 210.0007 15.38860417  5024
STARLINK-5159           
1 53974U 22125L   22308.16668981 -.00080018  00000+0 -56899-3 0  9998
2 53974  53.2167 306.7858 0002158  23.8711  77.8701 15.73284753  4996
STARLINK-5137           
1 53975U 22125M   22308.50001157 -.01132821  00000+0 -14804-1 0  9992
2 53975  53.2173 305.6640 0001618  34.9442 245.8455 15.60709202  5031
STARLINK-5134           
1 53976U 22125N   22308.58334491 -.00013746  00000+0 -93638-4 0  9999
2 53976  53.2181 304.9829 0002266  23.9147 151.5444 15.73205312  5052
STARLINK-5094           
1 53977U 22125P   22308.16668981 -.01132374  00000+0 -14286-1 0  9997
2 53977  53.2177 307.2764 0001773  36.5417 173.2548 15.61612185  4988
STARLINK-5148           
1 53978U 22125Q   22308.25001157 -.01133772  00000+0 -14366-1 0  9996
2 53978  53.2175 306.8646 0001070  83.3122 238.6677 15.61510042  4993
STARLINK-5123           
1 53979U 22125R   22308.16668981 -.01132502  00000+0 -14266-1 0  9990
2 53979  53.2177 307.2737 0001239  83.1170 128.0215 15.61655910  4983
STARLINK-5133           
1 53980U 22125S   22308.50001157 -.01132811  00000+0 -14672-1 0  9990
2 53980  53.2173 305.6471 0001400  43.4535 245.7618 15.60941721  5030
STARLINK-5149           
1 53981U 22125T   22308.50001157 -.00027724  00000+0 -19356-3 0  9992
2 53981  53.2196 305.3818 0002782  16.6849  54.6088 15.73218172  5042
STARLINK-5120           
1 53982U 22125U   22308.50001157  .00059439  00000+0  42542-3 0  9992
2 53982  53.2163 305.4222 0003651   7.9242  38.7027 15.73167063  5041
STARLINK-5103           
1 53983U 22125V   22308.16668981 -.00093067  00000+0 -66339-3 0  9996
2 53983  53.2164 307.0448 0003370  11.1365 320.2797 15.73283356  4981
STARLINK-5142           
1 53984U 22125W   22308.16668981 -.00107317  00000+0 -76677-3 0  9997
2 53984  53.2173 307.0833 0002982  12.6409 300.9078 15.73290622  4984
STARLINK-5147           
1 53985U 22125X   22308.50001157  .00015419  00000+0  11402-3 0  9996
2 53985  53.2166 305.4362 0003445   6.6353  34.6752 15.73209355  5043
STARLINK-5119           
1 53986U 22125Y   22308.50001157 -.00012369  00000+0 -83768-4 0  9995
2 53986  53.2168 305.1424 0002247  22.2022 166.5216 15.73213705  5042
STARLINK-5112           
1 53987U 22125Z   22308.16668981 -.00075655  00000+0 -53718-3 0  9990
2 53987  53.2173 307.0833 0003310   9.5385 303.4369 15.73290364  4985
STARLINK-5113           
1 53988U 22125AA  22308.16668981 -.00101292  00000+0 -72281-3 0  9994
2 53988  53.2177 307.0803 0003435   6.3556 308.9772 15.73292738  4985
STARLINK-5115           
1 53989U 22125AB  22308.50001157  .00049485  00000+0  35493-3 0  9996
2 53989  53.2168 305.4334 0004254   1.5478  41.5439 15.73191036  5044
STARLINK-5075           
1 53990U 22125AC  22308.16668981 -.00106403  00000+0 -76054-3 0  9998
2 53990  53.2179 307.0771 0003333   9.7489 307.3810 15.73275721  4982
STARLINK-5118           
1 53991U 22125AD  22308.58334491 -.00043924  00000+0 -30971-3 0  9997
2 53991  53.2175 304.3180 0002283  21.1834 121.6323 15.73231183  5068
STARLINK-5108           
1 53992U 22125AE  22307.66667824 -.00093309  00000+0 -66499-3 0  9991
2 53992  53.2176 309.5480 0003356   8.0548 356.6987 15.73288726  4901
STARLINK-5121           
1 53993U 22125AF  22308.25001157 -.00086245  00000+0 -61431-3 0  9991
2 53993  53.2180 306.6662 0002946  12.8534  55.8734 15.73271884  5006
STARLINK-5125           
1 53994U 22125AG  22308.58334491 -.00005200  00000+0 -32597-4 0  9992
2 53994  53.2168 305.0047 0003232   8.5088 153.3894 15.73218404  5053
STARLINK-5097           
1 53995U 22125AH  22308.58334491 -.00004543  00000+0 -27899-4 0  9991
2 53995  53.2162 305.0064 0003728   2.1337 157.9270 15.73223557  5057
STARLINK-5131           
1 53996U 22125AJ  22308.58334491 -.00011777  00000+0 -79520-4 0  9997
2 53996  53.2175 305.0062 0003418   6.6320 155.8544 15.73211104  5053
STARLINK-5130           
1 53997U 22125AK  22308.58334491 -.00027490  00000+0 -19177-3 0  9998
2 53997  53.2161 305.0059 0003239  10.7881 149.8704 15.73228600  5054
STARLINK-5128           
1 53998U 22125AL  22308.25001157 -.00096112  00000+0 -68716-3 0  9993
2 53998  53.2173 306.6521 0003486   7.3116  67.3342 15.73225935  5001
STARLINK-5079           
1 53999U 22125AM  22308.25001157 -.00112046  00000+0 -80159-3 0  9994
2 53999  53.2175 306.6583 0003297   7.9862  64.3116 15.73277540  5001
STARLINK-5088           
1 54000U 22125AN  22308.25001157 -.00114053  00000+0 -81530-3 0  9992
2 54000  53.2177 306.6529 0002954  12.3947  62.8937 15.73305805  5000
STARLINK-5105           
1 54001U 22125AP  22308.58334491 -.00041190  00000+0 -29015-3 0  9990
2 54001  53.2167 305.0012 0003211   9.3758 155.4524 15.73219045  5048
STARLINK-5109           
1 54002U 22125AQ  22308.58334491 -.00028366  00000+0 -19821-3 0  9995
2 54002  53.2185 304.9671 0003151   7.0649 177.3972 15.73209527  5049
STARLINK-5114           
1 54003U 22125AR  22308.25001157 -.00101580  00000+0 -72518-3 0  9992
2 54003  53.2176 306.6549 0003439   7.1968  66.9256 15.73283779  4988
STARLINK-5129           
1 54004U 22125AS  22308.25001157 -.00106710  00000+0 -76278-3 0  9990
2 54004  53.2175 306.6480 0003750   5.0957  72.5639 15.73272869  4989
STARLINK-5135           
1 54005U 22125AT  22308.25001157 -.00084938  00000+0 -60477-3 0  9992
2 54005  53.2169 306.6488 0003376   9.8343  66.6292 15.73271831  4983
STARLINK-5096           
1 54006U 22125AU  22307.66667824 -.00084717  00000+0 -60267-3 0  9998
2 54006  53.2178 309.5291 0003046   8.3107   6.5818 15.73293083  4894
STARLINK-5132           
1 54007U 22125AV  22308.58334491 -.00032883  00000+0 -23048-3 0  9995
2 54007  53.2168 304.9951 0003018  11.2299 156.0345 15.73223061  5043
STARLINK-5145           
1 54008U 22125AW  22308.58334491 -.00016782  00000+0 -11519-3 0  9996
2 54008  53.2157 304.7236 0002300  22.7755 279.2051 15.73235780  5046
STARLINK-5099           
1 54009U 22125AX  22308.50001157 -.00003499  00000+0 -20493-4 0  9992
2 54009  53.2166 305.4053 0003294   7.0798  49.1286 15.73202280  5029
STARLINK-5127           
1 54010U 22125AY  22308.25001157 -.00060412  00000+0 -42815-3 0  9995
2 54010  53.2172 306.3751 0002272  22.7988 192.1233 15.73248572  4993
STARLINK-5124           
1 54011U 22125AZ  22308.25001157 -.00096338  00000+0 -68718-3 0  9992
2 54011  53.2170 306.6446 0002894  14.2540  64.5888 15.73284351  4988
STARLINK-5126           
1 54012U 22125BA  22308.25001157 -.00101878  00000+0 -72757-3 0  9997
2 54012  53.2177 306.6378 0003177   9.5129  73.5248 15.73278181  4989
STARLINK-5098           
1 54013U 22125BB  22308.50001157 -.00017142  00000+0 -11783-3 0  9998
2 54013  53.2168 305.4016 0003540   7.7144  50.8835 15.73212988  5026
STARLINK-5116           
1 54014U 22125BC  22308.50001157 -.00025112  00000+0 -17460-3 0  9993
2 54014  53.2172 305.4026 0003605   8.2020  50.9969 15.73245373  5027
STARLINK-5055           
1 54015U 22125BD  22308.50001157  .00007686  00000+0  59150-4 0  9991
2 54015  53.2167 305.3968 0003467   6.4306  54.5309 15.73195489  5029
FALCON 9 DEB            
1 54016U 22125BE  22308.38439337  .01001824  59233-3  10755-2 0  9994
2 54016  53.2276 301.8235 0008759  47.9362 312.2418 16.09469537  5012
FALCON 9 DEB            
1 54017U 22125BF  22308.23123595  .01348116  13151-2  11012-2 0  9998
2 54017  53.2226 302.2636 0006055  50.4019 309.7553 16.13750014  4998
FALCON 9 DEB            
1 54018U 22125BG  22308.26269919  .01427735  16229-2  98240-3 0  9996
2 54018  53.2201 301.7125 0006900  31.1291 329.0155 16.16232268  5001
FALCON 9 DEB            
1 54019U 22125BH  22308.14098700  .01587670  21693-2  10863-2 0  9992
2 54019  53.2134 302.3732 0005250  27.7887 332.3431 16.16473700  4985
CENTISPACE-1 S5         
1 54020U 22126A   22308.42992796  .00052070  00000+0  11120-1 0  9996
2 54020  54.9952  76.2038 0014208 355.2594   4.8137 14.58312341  4077
CENTISPACE-1 S6         
1 54021U 22126B   22308.49443615  .00001202  00000+0  29755-3 0  9991
2 54021  54.9976  75.9079 0016491 359.5978   0.4958 14.58195455  4072
CZ-11H R/B              
1 54022U 22126C   22308.13188900  .00038682  00000+0  64330-3 0  9996
2 54022  56.1434  71.8268 0338801   8.2549 352.3859 15.07156125  4159
OTB-3-GAZELLE           
1 54023U 22127A   22308.43693446 -.00000043  00000+0  00000+0 0  9998
2 54023  98.3157 307.0835 0012347 211.9267 148.1174 14.41649133  3993
ELECTRON KICK STAGE R/B 
1 54024U 22127B   22308.39775526  .00004824  00000+0  65437-3 0  9993
2 54024  98.2942 308.3432 0139798 294.0968  64.5668 14.72797536  4065
ELECTRON R/B            
1 54025U 22127C   22308.03761869  .00218524  11936-4  19223-2 0  9990
2 54025  98.3323 310.2294 0330340 124.9553 238.3182 15.22169421  4148
GALAXY 33               
1 54026U 22128A   22307.66628529  .00000072  00000+0  00000+0 0  9997
2 54026   0.0175 262.5581 0002615 327.7544 279.4445  1.00269952   501
GALAXY 34               
1 54027U 22128B   22306.29547491  .00000122  00000+0  00000+0 0  9990
2 54027   0.0616  81.4715 0001007 215.2627  63.2794  1.00268298   650
FALCON 9 R/B            
1 54028U 22128C   22307.77488928  .00005776  00000+0  15569-2 0  9993
2 54028  26.8493 175.2284 5936886 208.6113  99.1074  4.12116486  1068
ASO-S                   
1 54029U 22129A   22308.51693433  .00000316  00000+0  91139-4 0  9991
2 54029  98.2688 313.5750 0014769 181.7548 178.3598 14.50865708  3848
CZ-2D R/B               
1 54030U 22129B   22307.89501336  .00000430  00000+0  11054-3 0  9997
2 54030  98.1954 312.8324 0019139  40.3175 319.9437 14.54815200  3768
COSMOS 2559 [GLONASS-K] 
1 54031U 22130A   22308.03458778 -.00000071  00000+0  00000+0 0  9995
2 54031  64.7802   0.8013 0007524 224.2985 101.1480  2.13101411   520
FREGAT R/B              
1 54032U 22130B   22306.40273670 -.00000072  00000+0  00000+0 0  9992
2 54032  64.7795   0.8432 0026321 174.5198 185.5690  2.11046113   474
ANGOSAT 2               
1 54033U 22131A   22307.48211802  .00000127  00000+0  00000+0 0  9992
2 54033   0.0264 272.8326 0001186 208.3395 118.1527  1.00262813   216
BLOCK DM-SL R/B         
1 54034U 22131B   22308.19907417 -.00000033  00000+0  00000+0 0  9993
2 54034   0.1159 288.6687 0083444 169.2221 263.0784  0.97747738   221
HJ-2E                   
1 54035U 22132A   22308.53918487  .00012069  00000+0  50043-3 0  9999
2 54035  97.3943 313.7760 0012987 184.6735 274.9435 15.23951547  3438
2022-132B               
1 54036U 22132B   22308.47255395  .00196890  00000+0  52966-2 0  9995
2 54036  97.3551 313.9306 0030073 235.9234 282.2930 15.36647884  3445
2022-132C               
1 54037U 22132C   22308.50852106  .00026155  00000+0  25040-2 0  9992
2 54037  97.6532 312.9749 0188835  98.4221 263.8555 14.80616475  3332
2022-132D               
1 54038U 22132D   22308.53755907  .00047363  00000+0  22574-2 0  9990
2 54038  97.5907 313.9775 0099656 155.0680 205.5557 15.14582744  3412
CZ-2C R/B               
1 54039U 22132E   22308.37755737  .00006992  00000+0  35864-3 0  9994
2 54039  97.2520 312.7484 0049076 133.3242 227.2099 15.15773128  3397
2022-132F               
1 54040U 22132F   22308.50154828  .00049475  00000+0  26801-2 0  9998
2 54040  97.1603 312.5526 0122695 146.1197 214.8133 15.08113265  3398
2022-132G               
1 54041U 22132G   22308.51328933  .00024303  00000+0  20753-2 0  9993
2 54041  97.1925 312.0518 0150899  94.2856 267.5652 14.89178395  3354
YAOGAN-36 02A           
1 54042U 22133A   22308.34434028 -.00055128  00000+0 -22495-2 0  9995
2 54042  34.9991 157.2993 0005658  95.1321 246.6958 15.23790762  3132
YAOGAN-36 02B           
1 54043U 22133B   22307.70120510  .00011683  00000+0  47737-3 0  9996
2 54043  34.9962 161.3376 0004651 118.8086 295.0070 15.23577676  3045
CZ-2D R/B               
1 54044U 22133C   22308.00694954  .00040031  00000+0  15203-2 0  9990
2 54044  34.9961 159.2354 0006230 101.6333 258.5082 15.25804131  3090
YAOGAN-36 02C           
1 54045U 22133D   22308.34114583  .00016851  00000+0  67530-3 0  9997
2 54045  34.9975 157.2676 0009947 109.7862 234.8401 15.24135841  3136
CZ-2D DEB               
1 54046U 22133E   22308.53518986  .00036655  00000+0  14087-2 0  9996
2 54046  34.9984 155.9675 0005865  91.1836 268.9697 15.25431658  3176
2022-134A               
1 54048U 22134A   22305.78830696  .00000017  00000+0 -68892-2 0  9995
2 54048  21.3729 297.8206 7709122 185.4401 153.5221  1.19670591   224
2022-134B               
1 54049U 22134B   22304.19603096 -.00000062  00000+0 -50207-3 0  9995
2 54049  26.7324 297.8844 8048682 185.0595 152.6429  1.34295976   217
COSMOS 2560             
1 54050U 22135A   22308.47007885  .00313927  00000+0  12985-2 0  9992
2 54050  96.3468  34.9399 0011852 189.0023 299.6661 15.84971688  3097
STARLINK-5195           
1 54051U 22136A   22308.25001157 -.00033892  00000+0 -23759-3 0  9990
2 54051  53.2154  75.4671 0001594  40.7469 318.5134 15.73242055  2816
STARLINK-5189           
1 54052U 22136B   22307.91667824 -.00760674  00000+0 -48871-2 0  9998
2 54052  53.2170  76.7302 0001852  27.2032  78.2947 15.77563012  1301
STARLINK-5176           
1 54053U 22136C   22307.91667824 -.00072310  00000+0 -51268-3 0  9997
2 54053  53.2151  77.1180 0001655  37.8733 233.0307 15.73314029  1305
STARLINK-5163           
1 54054U 22136D   22308.58334491  .00045239  00000+0  32522-3 0  9993
2 54054  53.2148  73.8132 0001715  35.8748  54.7758 15.73184484  2863
STARLINK-5158           
1 54055U 22136E   22307.91667824 -.00050739  00000+0 -35758-3 0  9996
2 54055  53.2150  77.1148 0001689  39.5807 232.4522 15.73308928  1301
STARLINK-5226           
1 54056U 22136F   22307.91667824  .00026000  00000+0  18900-3 0  9999
2 54056  53.2145  77.1127 0001599  31.2765 241.8538 15.73211570  1302
STARLINK-5216           
1 54057U 22136G   22307.91667824 -.00032082  00000+0 -22433-3 0  9995
2 54057  53.2149  77.1113 0001793  28.5133 245.2716 15.73270867  1306
STARLINK-5167           
1 54058U 22136H   22308.58334491  .00052252  00000+0  37447-3 0  9991
2 54058  53.2150  73.8071 0001721  30.8731  62.1245 15.73195080  2864
STARLINK-5173           
1 54059U 22136J   22307.91667824 -.00039745  00000+0 -27905-3 0  9999
2 54059  53.2151  77.1104 0001976  24.3958 249.9847 15.73284785  1303
STARLINK-5169           
1 54060U 22136K   22308.25001157 -.01055863  00000+0 -71923-2 0  9998
2 54060  53.2172  74.6744 0000997 111.0424 270.9351 15.76631297  2823
STARLINK-5209           
1 54061U 22136L   22308.25001157 -.01067419  00000+0 -49172-2 0  9990
2 54061  53.2173  74.9031 0009325  85.1588 191.9372 15.85300125  2821
STARLINK-5170           
1 54062U 22136M   22308.25001157  .00014537  00000+0  10766-3 0  9999
2 54062  53.2151  75.4541 0002257  22.8893 342.3189 15.73234339  2811
STARLINK-5225           
1 54063U 22136N   22308.58334491 -.00037737  00000+0 -26516-3 0  9995
2 54063  53.2151  73.8042 0001953  34.2887  60.5141 15.73241504  2866
STARLINK-5172           
1 54064U 22136P   22307.91667824 -.00035516  00000+0 -24859-3 0  9992
2 54064  53.2140  77.0492 0002213  21.4088 279.7665 15.73299543  1300
STARLINK-5187           
1 54065U 22136Q   22307.91667824 -.00054449  00000+0 -38435-3 0  9994
2 54065  53.2149  77.1022 0001664  28.1434 249.8299 15.73300865  1309
STARLINK-5151           
1 54066U 22136R   22308.58334491 -.00113362  00000+0 -80752-3 0  9999
2 54066  53.2154  73.8043 0001514  45.8783  49.3083 15.73391242  2864
STARLINK-5174           
1 54067U 22136S   22308.58334491  .00001602  00000+0  15797-4 0  9999
2 54067  53.2157  73.8020 0002193  28.3413  68.6777 15.73263725  2861
STARLINK-5222           
1 54068U 22136T   22307.91667824 -.00046221  00000+0 -32575-3 0  9995
2 54068  53.2146  77.1003 0000985  80.7370 197.9161 15.73269894  1303
STARLINK-5223           
1 54069U 22136U   22307.91667824 -.00049684  00000+0 -35001-3 0  9999
2 54069  53.2148  77.0952 0001728  34.2379 247.3024 15.73308577  1307
STARLINK-5181           
1 54070U 22136V   22308.25001157 -.00015195  00000+0 -10381-3 0  9994
2 54070  53.2156  75.4475 0001554  31.3707 337.4374 15.73249947  2811
STARLINK-5168           
1 54071U 22136W   22308.25001157 -.00022896  00000+0 -15880-3 0  9990
2 54071  53.2150  75.4441 0001681  37.8962 332.0944 15.73251227  2812
STARLINK-5144           
1 54072U 22136X   22308.16668981  .00124755  00000+0  87792-3 0  9991
2 54072  53.2156  75.8595 0001752  40.2801 216.9188 15.73259396  2806
STARLINK-5146           
1 54073U 22136Y   22307.91667824 -.00050327  00000+0 -35476-3 0  9996
2 54073  53.2150  77.0918 0001886  29.1443 254.1986 15.73298943  1305
STARLINK-5192           
1 54074U 22136Z   22308.58334491 -.00206879  00000+0 -15052-2 0  9994
2 54074  53.2166  73.7933 0001533  31.5166  68.5101 15.73213325  2860
STARLINK-5212           
1 54075U 22136AA  22308.25001157 -.00014939  00000+0 -10201-3 0  9995
2 54075  53.2158  75.4398 0001720  37.8463 335.1248 15.73243569  2816
STARLINK-5201           
1 54076U 22136AB  22308.58334491  .00164744  00000+0  11543-2 0  9999
2 54076  53.2163  73.7950 0002213  37.2996  62.9289 15.73220426  2863
STARLINK-5171           
1 54077U 22136AC  22308.25001157  .00014231  00000+0  10561-3 0  9999
2 54077  53.2155  75.4358 0001818  30.0419 344.7378 15.73207098  2812
STARLINK-5138           
1 54078U 22136AD  22308.58334491 -.00317181  00000+0 -23390-2 0  9991
2 54078  53.2167  73.7875 0001822 353.6650 109.4109 15.73224690  2867
STARLINK-5175           
1 54079U 22136AE  22308.25001157 -.00034110  00000+0 -23906-3 0  9998
2 54079  53.2158  75.4348 0001783  33.2756 342.1002 15.73250819  2811
STARLINK-5160           
1 54080U 22136AF  22308.58334491 -.00022586  00000+0 -15662-3 0  9990
2 54080  53.2157  73.7907 0001635  31.9013  70.6303 15.73245500  2864
STARLINK-5165           
1 54081U 22136AG  22308.58334491 -.00394033  00000+0 -29275-2 0  9994
2 54081  53.2165  73.7817 0001653  34.3408  71.1069 15.73270440  2865
STARLINK-5210           
1 54082U 22136AH  22308.16668981  .00007375  00000+0  56848-4 0  9999
2 54082  53.2158  75.8463 0001629  29.7708 234.0372 15.73231734  2806
STARLINK-5178           
1 54083U 22136AJ  22307.91667824 -.00035476  00000+0 -24873-3 0  9994
2 54083  53.2153  77.0790 0001793  31.6670 258.2764 15.73261794  1307
STARLINK-5183           
1 54084U 22136AK  22308.58334491 -.00023187  00000+0 -16103-3 0  9993
2 54084  53.2159  73.7827 0002141  30.1805  75.9557 15.73227142  2865
STARLINK-5166           
1 54085U 22136AL  22307.91667824 -.00038946  00000+0 -27353-3 0  9997
2 54085  53.2152  77.0775 0001671  31.0591 259.4923 15.73268865  1308
STARLINK-5211           
1 54086U 22136AM  22307.91667824 -.00037292  00000+0 -26146-3 0  9990
2 54086  53.2154  77.0816 0002199  14.6554 274.0495 15.73285635  1300
STARLINK-5184           
1 54087U 22136AN  22307.91667824 -.00037850  00000+0 -26559-3 0  9999
2 54087  53.2155  77.0770 0002263  22.3219 268.8049 15.73273172  1306
STARLINK-5153           
1 54088U 22136AP  22307.91667824 -.00050636  00000+0 -35734-3 0  9992
2 54088  53.2154  77.0801 0001907  28.3035 261.0348 15.73275389  1306
STARLINK-5143           
1 54089U 22136AQ  22307.91667824 -.00004186  00000+0 -25377-4 0  9995
2 54089  53.2151  77.0739 0001689  36.0280 256.9387 15.73233160  1306
STARLINK-5177           
1 54090U 22136AR  22308.25001157  .00012551  00000+0  93476-4 0  9994
2 54090  53.2155  75.4217 0001690  34.3520 346.9792 15.73258617  2805
STARLINK-5221           
1 54091U 22136AS  22308.25001157 -.00023538  00000+0 -16308-3 0  9992
2 54091  53.2162  75.4192 0001639  38.9881 344.8925 15.73294600  2806
STARLINK-5190           
1 54092U 22136AT  22308.16668981 -.00021693  00000+0 -15025-3 0  9992
2 54092  53.2163  75.8376 0001544  32.8082 235.7415 15.73244388  2784
STARLINK-5213           
1 54093U 22136AU  22308.58334491  .00003406  00000+0  28664-4 0  9999
2 54093  53.2159  73.7687 0001738  34.4174  78.8424 15.73212777  2858
STARLINK-5219           
1 54094U 22136AV  22308.58334491 -.00035352  00000+0 -24797-3 0  9999
2 54094  53.2162  73.7741 0001725  31.7386  79.7314 15.73249866  2852
STARLINK-5193           
1 54095U 22136AW  22308.58334491 -.00031677  00000+0 -22173-3 0  9992
2 54095  53.2160  73.7672 0001724  29.8042  84.6792 15.73239980  2851
STARLINK-5188           
1 54096U 22136AX  22307.91667824 -.00040774  00000+0 -28657-3 0  9999
2 54096  53.2155  77.0707 0001755  28.5695 265.5365 15.73273843  1307
STARLINK-5197           
1 54097U 22136AY  22307.91667824 -.00028002  00000+0 -19481-3 0  9995
2 54097  53.2149  77.0235 0001592  31.5979 284.4706 15.73311678  1303
STARLINK-5217           
1 54098U 22136AZ  22307.91667824 -.00026366  00000+0 -18356-3 0  9997
2 54098  53.2159  77.0666 0001727  33.0034 264.0849 15.73257232  1309
STARLINK-5198           
1 54099U 22136BA  22307.91667824 -.00049788  00000+0 -35106-3 0  9993
2 54099  53.2157  77.0616 0001669  31.2554 267.5843 15.73288666  1302
STARLINK-5185           
1 54100U 22136BB  22307.91667824 -.00012660  00000+0 -85684-4 0  9992
2 54100  53.2156  77.0675 0001711  29.9528 265.9360 15.73260023  1305
STARLINK-5204           
1 54101U 22136BC  22308.58334491  .00054429  00000+0  38992-3 0  9994
2 54101  53.2164  73.7622 0002264  31.4135  86.0791 15.73186349  2855
STARLINK-5179           
1 54102U 22136BD  22307.91667824 -.00032566  00000+0 -22772-3 0  9999
2 54102  53.2153  77.0618 0001688  30.4282 267.8128 15.73279053  1304
STARLINK-5200           
1 54103U 22136BE  22308.25001157 -.00000340  00000+0  19940-5 0  9998
2 54103  53.2153  75.4054 0001536  37.5184 351.5414 15.73237583  2809
STARLINK-5203           
1 54104U 22136BF  22307.91667824 -.00039097  00000+0 -27450-3 0  9995
2 54104  53.2158  77.0579 0001734  29.7875 270.8444 15.73278172  1304
FALCON 9 DEB            
1 54105U 22136BG  22308.52701088  .11445426  12454-4  38512-3 0  9994
2 54105  53.2123  71.3878 0011222  87.9017 272.3318 16.43636133  2416
FALCON 9 DEB            
1 54106U 22136BH  22308.52457809  .08948198  12350-4  61934-3 0  9993
2 54106  53.1998  71.3582 0013982  89.5740 270.6911 16.40010717  2415
FALCON 9 DEB            
1 54107U 22136BJ  22308.26721324  .08570867  12371-4  63018-3 0  9993
2 54107  53.2133  72.5870 0013333  80.5102 279.7453 16.39565479  2378
FALCON 9 DEB            
1 54108U 22136BK  22307.77247510  .06881026  12308-4  68040-3 0  9999
2 54108  53.2130  75.1958 0015722  77.9303 282.3505 16.36935587  2296
COSMOS 2561             
1 54109U 22137A   22307.89449986  .00023113  00000+0  39605-3 0  9990
2 54109  97.0764  27.7532 0008133 212.4649 147.6105 15.51182243  2023
COSMOS 2562             
1 54110U 22137B   22307.88616692  .00027337  00000+0  43690-3 0  9992
2 54110  97.0763  27.7643 0012107 233.9895 126.0237 15.53055396  2021
SL-4 R/B                
1 54111U 22137C   22307.51174225  .13438001  23654-5  10000-3 0  9997
2 54111  97.0490  28.5073 0014578  33.3706  97.9608 16.52419420  2044
ONEWEB-0490             
1 54113U 22138A   22308.58334491  .00063261  00000+0  64084-2 0  9993
2 54113  87.4303 212.7722 0011446 240.4621 172.2197 14.90580543  2773
ONEWEB-0492             
1 54114U 22138B   22308.58334491  .00062098  00000+0  63436-2 0  9991
2 54114  87.4310 212.7748 0012828 243.3802 153.3120 14.90236941  2774
ONEWEB-0495             
1 54115U 22138C   22308.58334491  .00059774  00000+0  62585-2 0  9993
2 54115  87.4319 212.7843 0013067 262.6223  89.2838 14.89253975  2774
ONEWEB-0497             
1 54116U 22138D   22308.58334491  .00061330  00000+0  63031-2 0  9992
2 54116  87.4328 212.7793 0013328 248.5676 137.3031 14.89993275  2778
ONEWEB-0499             
1 54117U 22138E   22308.25001157  .00008448  00000+0  86651-3 0  9992
2 54117  87.4322 212.8826 0012774 245.1105 166.5858 14.90269685  2724
ONEWEB-0500             
1 54118U 22138F   22308.58334491  .00064637  00000+0  64676-2 0  9993
2 54118  87.4311 212.7667 0009241 241.6190 194.1483 14.91083584  2774
ONEWEB-0501             
1 54119U 22138G   22308.58334491  .00060937  00000+0  62983-2 0  9992
2 54119  87.4289 212.7743 0013749 252.6717 122.5142 14.89762615  2772
ONEWEB-0502             
1 54120U 22138H   22308.58334491  .00063833  00000+0  64301-2 0  9998
2 54120  87.4312 212.7691 0010304 238.6572 184.6879 14.90811888  2775
ONEWEB-0503             
1 54121U 22138J   22308.58334491  .00062310  00000+0  63534-2 0  9995
2 54121  87.4300 212.7738 0012524 242.7928 157.5166 14.90313630  2772
ONEWEB-0504             
1 54122U 22138K   22308.50001157  .00009285  00000+0  93578-3 0  9992
2 54122  87.4318 212.8000 0009162 242.4904 101.8593 14.91010486  2769
ONEWEB-0505             
1 54123U 22138L   22308.58334491  .00059874  00000+0  62482-2 0  9999
2 54123  87.4292 212.7754 0013193 258.0533  99.7236 14.89385888  2774
ONEWEB-0506             
1 54124U 22138M   22308.58334491  .00060081  00000+0  62504-2 0  9997
2 54124  87.4311 212.7801 0014709 260.0004 102.9103 14.89495036  2777
ONEWEB-0507             
1 54125U 22138N   22308.58334491  .00065611  00000+0  65223-2 0  9993
2 54125  87.4311 212.7664 0008232 244.1835 203.7449 14.91346308  2777
ONEWEB-0508             
1 54126U 22138P   22308.58334491  .00063171  00000+0  63951-2 0  9999
2 54126  87.4315 212.7726 0011299 240.0189 174.0252 14.90608205  2773
ONEWEB-0509             
1 54127U 22138Q   22308.58334491  .00063552  00000+0  65530-2 0  9998
2 54127  87.4333 212.7810 0013597 251.0015 128.0946 14.89845782  2771
ONEWEB-0510             
1 54128U 22138R   22308.58334491  .00066714  00000+0  65683-2 0  9991
2 54128  87.4306 212.7626 0008162 258.9609 206.3361 14.91726617  2773
ONEWEB-0511             
1 54129U 22138S   22308.58334491  .00063891  00000+0  64290-2 0  9998
2 54129  87.4318 212.7732 0010166 238.9919 186.2961 14.90855614  2775
ONEWEB-0512             
1 54130U 22138T   22308.50001157  .00008040  00000+0  83171-3 0  9997
2 54130  87.4284 212.7996 0013172 250.9146  43.7483 14.89920599  2765
ONEWEB-0513             
1 54131U 22138U   22307.91667824 -.00989255  00000+0 -16314+0 0  9990
2 54131  87.4561 213.0339 0008405 253.7402 293.9688 14.73350769  1302
ONEWEB-0514             
1 54132U 22138V   22308.58334491  .00064149  00000+0  64425-2 0  9999
2 54132  87.4311 212.7673 0009809 239.9718 189.0319 14.90934841  2774
ONEWEB-0515             
1 54133U 22138W   22308.58334491  .00066070  00000+0  65433-2 0  9995
2 54133  87.4288 212.7601 0008416 248.5266 206.8319 14.91493182  2773
ONEWEB-0516             
1 54134U 22138X   22308.58334491  .00063558  00000+0  64098-2 0  9990
2 54134  87.4315 212.7717 0010458 238.2689 183.0382 14.90765801  2772
ONEWEB-0517             
1 54135U 22138Y   22308.58334491  .00062635  00000+0  63649-2 0  9997
2 54135  87.4296 212.7726 0011948 241.5660 165.3560 14.90453552  2770
ONEWEB-0518             
1 54136U 22138Z   22308.58334491  .00061556  00000+0  63143-2 0  9998
2 54136  87.4312 212.7761 0012708 247.0761 142.4937 14.90074487  2777
ONEWEB-0519             
1 54137U 22138AA  22308.58334491  .00064717  00000+0  64704-2 0  9995
2 54137  87.4317 212.7709 0009106 242.1239 195.1777 14.91116657  2773
ONEWEB-0520             
1 54138U 22138AB  22308.58334491  .00062874  00000+0  63756-2 0  9994
2 54138  87.4326 212.7736 0011744 241.1344 169.6434 14.90539633  2779
ONEWEB-0521             
1 54139U 22138AC  22308.58334491  .00059587  00000+0  62579-2 0  9994
2 54139  87.4301 212.7797 0012929 264.8984  81.5228 14.89133539  2774
ONEWEB-0522             
1 54140U 22138AD  22308.58334491  .00060688  00000+0  62786-2 0  9990
2 54140  87.4324 212.7803 0013820 253.3175 120.0664 14.89724489  2778
ONEWEB-0523             
1 54141U 22138AE  22308.58334491  .00066563  00000+0  65615-2 0  9993
2 54141  87.4322 212.7663 0008023 257.5871 205.6041 14.91679355  2772
ONEWEB-0524             
1 54142U 22138AF  22308.58334491  .00066380  00000+0  65495-2 0  9997
2 54142  87.4293 212.7603 0008013 256.4932 204.8269 14.91643254  2771
ONEWEB-0525             
1 54143U 22138AG  22308.58334491  .00062574  00000+0  63675-2 0  9997
2 54143  87.4330 212.7748 0011624 240.8554 163.4172 14.90401106  2773
ONEWEB-0526             
1 54144U 22138AH  22308.58334491  .00060748  00000+0  62891-2 0  9998
2 54144  87.4305 212.7774 0013873 253.8327 118.3017 14.89696276  2774
ONEWEB-0529             
1 54145U 22138AJ  22308.58334491  .00061605  00000+0  63262-2 0  9995
2 54145  87.4294 212.7734 0013284 247.9550 139.3018 14.90025234  2772
ONEWEB-0531             
1 54146U 22138AK  22308.58334491  .00066221  00000+0  65468-2 0  9995
2 54146  87.4330 212.7691 0008147 256.7745 200.9533 14.91564312  2775
ONEWEB-0535             
1 54147U 22138AL  22308.58334491  .00065059  00000+0  64983-2 0  9995
2 54147  87.4314 212.7683 0008934 242.4897 196.6164 14.91154635  2777
ONEWEB-0536             
1 54148U 22138AM  22308.58334491  .00065790  00000+0  65271-2 0  9999
2 54148  87.4325 212.7688 0008001 249.3783 202.1056 14.91426388  2770
GSLV R/B                
1 54149U 22138AN  22308.46745471  .00002488  00000+0  27212-3 0  9990
2 54149  87.3903 212.8099 0023169 233.8780 126.0302 14.87256320  1898
GONETS-M 23             
1 54150U 22139A   22308.44446529  .00000010  00000+0  00000+0 0  9994
2 54150  82.4989  88.9739 0012049 244.0917 115.8918 12.43421242  1575
GONETS-M 24             
1 54151U 22139B   22308.44260594  .00000010  00000+0  00000+0 0  9991
2 54151  82.4949  88.9639 0012284 240.4737 119.5131 12.43605693  1574
GONETS-M 25             
1 54152U 22139C   22308.43895381  .00000010  00000+0  00000+0 0  9999
2 54152  82.4984  88.9671 0013561 233.6521 126.3316 12.43968109  1579
PROGRESS-MS 21          
1 54155U 22140A   22307.53718465  .00017313  00000+0  31368-3 0  9990
2 54155  51.6453   6.2597 0006466  36.1533 105.0603 15.49709774366797
STARLINK A              
1 54157U 22141A   22308.25001157 -.01204966  00000+0 -54246-2 0  9990
2 54157  53.2176 108.4783 0013954 212.9525 192.1467 15.85961444  1162
STARLINK B              
1 54158U 22141B   22308.25001157 -.01205102  00000+0 -54399-2 0  9993
2 54158  53.2176 108.4803 0013713 213.8962 190.2301 15.85915289  1166
STARLINK C              
1 54159U 22141C   22308.25001157 -.01204886  00000+0 -54371-2 0  9992
2 54159  53.2176 108.4796 0013488 214.6694 189.8102 15.85929045  1166
STARLINK D              
1 54160U 22141D   22308.25001157 -.01201003  00000+0 -51988-2 0  9993
2 54160  53.2176 108.4476 0014596 211.0647 208.8500 15.86718475  1161
STARLINK E              
1 54161U 22141E   22308.25001157 -.01204949  00000+0 -54321-2 0  9990
2 54161  53.2176 108.4789 0013671 214.1839 190.6501 15.85942747  1168
STARLINK F              
1 54162U 22141F   22308.25001157 -.01204944  00000+0 -54203-2 0  9995
2 54162  53.2176 108.4776 0013934 213.2153 192.1924 15.85977728  1169
STARLINK G              
1 54163U 22141G   22308.25001157 -.01204194  00000+0 -53955-2 0  9996
2 54163  53.2176 108.4736 0013471 214.8102 192.5085 15.86071404  1162
STARLINK H              
1 54164U 22141H   22308.25001157 -.01204397  00000+0 -53982-2 0  9992
2 54164  53.2176 108.4742 0013748 213.7156 193.2821 15.86055965  1164
STARLINK J              
1 54165U 22141J   22308.25001157 -.01204684  00000+0 -54182-2 0  9995
2 54165  53.2176 108.4769 0013611 214.4094 191.3519 15.85991413  1161
STARLINK K              
1 54166U 22141K   22308.25001157 -.01204382  00000+0 -53875-2 0  9999
2 54166  53.2176 108.4730 0013998 212.9319 194.6996 15.86087263  1166
STARLINK L              
1 54167U 22141L   22307.58334491 -.01296573  47100-3 -46704-2 0  9997
2 54167  53.2174 111.8430 0020091 197.3199 358.1627 15.87705308  1058
STARLINK M              
1 54168U 22141M   22308.25001157 -.01204080  00000+0 -53781-2 0  9992
2 54168  53.2176 108.4717 0013876 212.9630 195.2596 15.86120816  1169
STARLINK N              
1 54169U 22141N   22308.25001157 -.01204552  00000+0 -54026-2 0  9990
2 54169  53.2176 108.4750 0013831 213.5067 193.1847 15.86039703  1169
STARLINK P              
1 54170U 22141P   22307.58334491 -.01297090  47193-3 -46397-2 0  9996
2 54170  53.2174 111.8387 0020237 196.4510   1.0784 15.87840427  1052
STARLINK Q              
1 54171U 22141Q   22308.25001157 -.01204337  00000+0 -54100-2 0  9997
2 54171  53.2176 108.4757 0013323 215.2949 191.0643 15.86024869  1161
STARLINK R              
1 54172U 22141R   22308.50001157  .00420023  00000+0  16420-2 0  9998
2 54172  53.2185 107.2118 0013638 213.2241 184.0242 15.85275071  1206
STARLINK S              
1 54173U 22141S   22308.25001157 -.01204109  00000+0 -53850-2 0  9997
2 54173  53.2176 108.4725 0013561 214.4996 193.3921 15.86106081  1166
STARLINK T              
1 54174U 22141T   22308.50001157 -.00829251  21971-3 -22037-2 0  9993
2 54174  53.2175 107.0755 0036646 197.2805 269.9923 15.92654928  1202
STARLINK U              
1 54175U 22141U   22308.25001157 -.01203802  00000+0 -53710-2 0  9993
2 54175  53.2176 108.4705 0013551 214.3186 194.5192 15.86153020  1163
STARLINK V              
1 54176U 22141V   22308.25001157 -.01203584  00000+0 -53467-2 0  9990
2 54176  53.2176 108.4671 0013816 213.6664 196.7420 15.86231320  1161
STARLINK W              
1 54177U 22141W   22308.25001157 -.01203844  00000+0 -53606-2 0  9995
2 54177  53.2176 108.4691 0013863 213.4960 196.0058 15.86182428  1167
STARLINK X              
1 54178U 22141X   22308.25001157 -.01203248  00000+0 -53440-2 0  9990
2 54178  53.2176 108.4665 0013498 214.5720 196.1714 15.86245713  1166
STARLINK Y              
1 54179U 22141Y   22308.25001157 -.01203691  00000+0 -53544-2 0  9998
2 54179  53.2176 108.4685 0013973 212.6501 197.1465 15.86199075  1391
STARLINK Z              
1 54180U 22141Z   22308.25001157 -.01203183  00000+0 -53178-2 0  9999
2 54180  53.2176 108.4633 0013992 213.2035 199.0505 15.86326775  1391
STARLINK AA             
1 54181U 22141AA  22307.66667824 -.01362034  51558-3 -48975-2 0  9991
2 54181  53.2174 111.4132 0019336 198.7718 117.6489 15.87777868  1303
STARLINK AB             
1 54182U 22141AB  22308.25001157 -.01202701  00000+0 -53003-2 0  9993
2 54182  53.2176 108.4607 0013846 213.5600 199.9460 15.86388794  1391
STARLINK AC             
1 54183U 22141AC  22308.25001157 -.01203096  00000+0 -53231-2 0  9995
2 54183  53.2176 108.4640 0013835 213.4365 198.5183 15.86310402  1392
STARLINK AD             
1 54184U 22141AD  22308.25001157 -.01203144  00000+0 -53095-2 0  9998
2 54184  53.2176 108.4628 0014436 211.1446 201.4228 15.86342168  1390
STARLINK AE             
1 54185U 22141AE  22308.25001157 -.01203047  00000+0 -53282-2 0  9999
2 54185  53.2176 108.4646 0013702 213.6011 198.0426 15.86294673  1399
STARLINK AF             
1 54186U 22141AF  22307.66667824 -.01363645  51747-3 -48620-2 0  9992
2 54186  53.2174 111.4076 0019520 198.3573 120.7268 15.87941360  1305
STARLINK AG             
1 54187U 22141AG  22308.25001157 -.01203006  00000+0 -53346-2 0  9997
2 54187  53.2176 108.4653 0013453 214.5573 196.7926 15.86278020  1393
STARLINK AH             
1 54188U 22141AH  22308.25001157 -.01202693  00000+0 -52942-2 0  9990
2 54188  53.2176 108.4602 0013971 213.0978 200.6612 15.86407544  1398
STARLINK AJ             
1 54189U 22141AJ  22308.25001157 -.01205327  00000+0 -53123-2 0  9990
2 54189  53.2176 108.4621 0014833 217.0257 195.8487 15.86359262  1390
STARLINK AK             
1 54190U 22141AK  22308.25001157 -.01202466  00000+0 -52836-2 0  9993
2 54190  53.2176 108.4589 0014113 212.3093 202.0704 15.86438634  1396
STARLINK AL             
1 54191U 22141AL  22307.66667824 -.01363261  51697-3 -48752-2 0  9992
2 54191  53.2174 111.4094 0019196 198.8185 119.4715 15.87892288  1300
STARLINK AM             
1 54192U 22141AM  22308.25001157 -.01201685  00000+0 -52414-2 0  9999
2 54192  53.2176 108.4531 0014247 211.9279 205.2048 15.86580079  1391
STARLINK AN             
1 54193U 22141AN  22308.25001157 -.01202173  00000+0 -52761-2 0  9998
2 54193  53.2176 108.4576 0013881 213.1133 201.8917 15.86469471  1396
STARLINK AP             
1 54194U 22141AP  22308.25001157 -.01202206  00000+0 -52642-2 0  9994
2 54194  53.2176 108.4564 0014278 211.9105 203.6900 15.86501864  1395
STARLINK AQ             
1 54195U 22141AQ  22307.91667824  .00624553  15730-3  23107-2 0  9990
2 54195  53.2162 110.1452 0019945 200.0269 109.3174 15.87272301  1334
STARLINK AR             
1 54196U 22141AR  22308.50001157 -.01229257  00000+0 -54681-2 0  9994
2 54196  53.2177 107.1940 0012180 220.0134 184.6705 15.85882094  1437
STARLINK AS             
1 54197U 22141AS  22308.25001157 -.01202090  00000+0 -52700-2 0  9993
2 54197  53.2176 108.4570 0014035 212.4042 202.8939 15.86485883  1397
STARLINK AT             
1 54198U 22141AT  22308.25001157 -.01201772  00000+0 -52514-2 0  9993
2 54198  53.2176 108.4546 0014044 212.5419 203.9478 15.86550477  1392
STARLINK AU             
1 54199U 22141AU  22308.25001157 -.01201779  00000+0 -52633-2 0  9993
2 54199  53.2176 108.4559 0013656 213.9074 201.9854 15.86518314  1397
STARLINK AV             
1 54200U 22141AV  22308.25001157 -.01201618  00000+0 -52371-2 0  9997
2 54200  53.2176 108.4526 0014200 212.2474 205.1700 15.86596884  1390
STARLINK AW             
1 54201U 22141AW  22308.50001157 -.01228659  00000+0 -54449-2 0  9998
2 54201  53.2176 107.1908 0011918 221.0599 185.1448 15.85964847  1438
STARLINK AX             
1 54202U 22141AX  22308.25001157 -.01201222  00000+0 -52272-2 0  9990
2 54202  53.2176 108.4514 0014141 211.9085 206.0958 15.86629309  1391
STARLINK AY             
1 54203U 22141AY  22308.25001157 -.01201652  00000+0 -52462-2 0  9999
2 54203  53.2176 108.4541 0014074 212.2975 204.4809 15.86567039  1397
STARLINK AZ             
1 54204U 22141AZ  22308.25001157 -.01201214  00000+0 -52134-2 0  9990
2 54204  53.2176 108.4494 0014405 211.6364 207.3418 15.86673015  1398
STARLINK BA             
1 54205U 22141BA  22308.25001157 -.01201547  00000+0 -52221-2 0  9997
2 54205  53.2176 108.4508 0014440 211.7609 206.5549 15.86644720  1394
STARLINK BB             
1 54206U 22141BB  22308.50001157 -.00952865  27561-3 -29965-2 0  9995
2 54206  53.2175 107.1020 0023441 194.6900 254.4233 15.90195863  1434
STARLINK BC             
1 54207U 22141BC  22308.25001157 -.01200950  00000+0 -52181-2 0  9991
2 54207  53.2176 108.4502 0014074 211.9868 206.6115 15.86661346  1395
STARLINK BD             
1 54208U 22141BD  22308.25001157 -.01201052  00000+0 -52075-2 0  9998
2 54208  53.2176 108.4487 0014575 210.7111 208.6060 15.86686661  1390
STARLINK BE             
1 54209U 22141BE  22308.25001157 -.01200661  00000+0 -52086-2 0  9996
2 54209  53.2176 108.4482 0013706 213.9463 205.6289 15.86704828  1392
FALCON 9 DEB            
1 54210U 22141BF  22307.71439051  .00973867  11379-4  10331-2 0  9991
2 54210  53.2049 110.8927 0062572 180.5395 179.5582 16.05345744  1083
FALCON 9 DEB            
1 54211U 22141BG  22307.71216735  .00901414  11400-4  94626-3 0  9998
2 54211  53.2071 110.8791 0057895 183.6406 176.4216 16.06069512  1084
FALCON 9 DEB            
1 54212U 22141BH  22307.70711485  .01104126  11442-4  10609-2 0  9990
2 54212  53.2108 110.8478 0053950 179.0511 181.0636 16.07785936  1086
FALCON 9 DEB            
1 54213U 22141BJ  22307.70682564  .01012063  11437-4  98064-3 0  9990
2 54213  53.2117 110.8473 0055199 180.5954 179.5025 16.07527291  1089
SHIYAN 20C (SY-20C)     
1 54214U 22142A   22308.44403067 -.00000136  00000+0  00000+0 0  9999
2 54214  60.0003 341.9506 0009623 273.8611  86.1322 14.27339942   920
CZ-2D R/B               
1 54215U 22142B   22308.50677167 -.00000139  00000+0  00000+0 0  9994
2 54215  59.9036 341.5377 0025523 204.5454 155.4367 14.33507119   939
CSS (MENGTIAN)          
1 54216U 22143A   22307.63247123  .00015079  00000+0  17442-3 0  9994
2 54216  41.4741  89.2773 0005052 289.2766 192.7039 15.61528630 86573
CZ-5B R/B               
1 54217U 22143B   22307.83202162  .07541702  75736-5  53797-3 0  9992
2 54217  41.4725  86.2946 0049889 204.7631 283.9192 16.33819495   564
2022-145A               
1 54223U 22145A   22308.26084674 -.00001081  00000+0  00000+0 0  9991
2 54223  63.8256  93.3886 6976367 269.9456 335.0294  2.01722032    38
2022-145B               
1 54224U 22145B   22308.31432584 -.00001016  00000+0  00000+0 0  9993
2 54224  63.8983  93.2029 6972330 270.1023  15.4540  2.02039138    36
2022-146A               
1 54225U 22146A   22308.32410506 -.00344372  00000+0 -16340+1 0  9997
2 54225  27.6067 319.5418 8085696 180.2192 149.6307  1.31034510    02
2022-146B               
1 54226U 22146B   22308.29845472 -.00285371  00000+0 -61086+0 0  9997
2 54226  27.5756 319.5552 8102342 180.5514 137.4215  1.31082780    00
