ONEWEB-0410             
1 51622U 22012A   22066.91667824 -.00862491  00000+0 -50164-1 0  9990
2 51622  87.3065 352.8505 0018283 150.8843 245.9129 15.14500521  5120
ONEWEB-0411             
1 51623U 22012B   22066.91667824 -.01019327  00000+0 -77032-1 0  9997
2 51623  87.4101 352.9822 0016725 155.7248 164.1770 15.05055657  5105
ONEWEB-0415             
1 51624U 22012C   22067.25002315 -.00728134  00000+0 -55181-1 0  9997
2 51624  87.4092 352.8645 0017648 154.0870 209.5395 15.04903600  5156
ONEWEB-0416             
1 51625U 22012D   22067.25002315 -.00721437  00000+0 -49082-1 0  9990
2 51625  87.4199 352.8358 0015723 151.9485  96.3357 15.08885002  5177
ONEWEB-0422             
1 51626U 22012E   22066.91667824 -.00904477  00000+0 -55790-1 0  9995
2 51626  87.3505 352.9098 0018309 154.4456 172.7381 15.12535727  3602
ONEWEB-0423             
1 51627U 22012F   22066.91667824 -.00910184  00000+0 -53154-1 0  9990
2 51627  87.3079 352.8579 0019412 148.2956 258.1128 15.14470310  3600
ONEWEB-0425             
1 51628U 22012G   22067.25002315 -.00803951  00000+0 -58183-1 0  9997
2 51628  87.4174 352.8602 0018145 145.3683 316.3654 15.06438080  5165
ONEWEB-0428             
1 51629U 22012H   22066.91667824 -.01051803  00000+0 -80568-1 0  9996
2 51629  87.4071 352.9858 0016042 156.2079 135.9050 15.04651377  3606
ONEWEB-0431             
1 51630U 22012J   22067.25002315 -.01174167  00000+0 -86380-1 0  9991
2 51630  87.4127 352.8586 0017767 146.5846 297.8216 15.06438465  5164
ONEWEB-0434             
1 51631U 22012K   22066.91667824 -.01038036  00000+0 -72524-1 0  9995
2 51631  87.4181 352.9685 0016659 143.1762 343.4451 15.07999514  3609
ONEWEB-0435             
1 51632U 22012L   22066.91667824 -.01001585  00000+0 -74297-1 0  9994
2 51632  87.4132 352.9854 0018204 155.5192 224.8818 15.06135031  3600
ONEWEB-0436             
1 51633U 22012M   22066.91667824 -.00890900  00000+0 -50493-1 0  9993
2 51633  87.3098 352.8494 0017722 141.2729 331.5046 15.15504753  3613
ONEWEB-0438             
1 51634U 22012N   22067.25002315 -.01095081  00000+0 -75721-1 0  9999
2 51634  87.4212 352.8468 0016208 149.7746  74.3929 15.08533825  5162
ONEWEB-0439             
1 51635U 22012P   22067.25002315 -.00768650  00000+0 -54808-1 0  9991
2 51635  87.4181 352.8454 0016452 141.6143   7.4888 15.07324026  5167
ONEWEB-0442             
1 51636U 22012Q   22066.91667824 -.00873290  00000+0 -48778-1 0  9992
2 51636  87.3087 352.8382 0016137 139.8714  11.6977 15.15997143  3614
ONEWEB-0443             
1 51637U 22012R   22067.25002315 -.00791018  00000+0 -45878-1 0  9994
2 51637  87.3060 352.7313 0018148 142.1916 335.7137 15.14798819  5184
ONEWEB-0444             
1 51638U 22012S   22067.25002315 -.01259468  00000+0 -85382-1 0  9998
2 51638  87.4234 352.8382 0015744 155.5236 117.7544 15.09686415  5179
ONEWEB-0445             
1 51639U 22012T   22066.91667824 -.01017682  00000+0 -69711-1 0  9991
2 51639  87.4149 352.9552 0015610 146.1785  31.3279 15.09151228  3603
ONEWEB-0446             
1 51640U 22012U   22066.91667824 -.01047742  00000+0 -70031-1 0  9990
2 51640  87.4224 352.9519 0015307 151.8328  80.1956 15.09662106  3607
ONEWEB-0448             
1 51641U 22012V   22067.25002315 -.00713383  00000+0 -52865-1 0  9992
2 51641  87.4058 352.8602 0018027 150.9503 258.3685 15.05674125  5152
ONEWEB-0449             
1 51642U 22012W   22066.91667824 -.00997691  00000+0 -72588-1 0  9997
2 51642  87.4119 352.9720 0017987 148.9302 273.8222 15.06840982  3605
ONEWEB-0451             
1 51643U 22012X   22067.25002315 -.00765589  00000+0 -44837-1 0  9999
2 51643  87.3056 352.7347 0018784 144.9212 302.8325 15.14356011  5186
ONEWEB-0452             
1 51644U 22012Y   22066.91667824 -.00899819  00000+0 -46849-1 0  9993
2 51644  87.3249 352.8531 0015696 141.2533  74.3647 15.18525656  3613
ONEWEB-0455             
1 51645U 22012Z   22067.25002315 -.01229905  00000+0 -94518-1 0  9990
2 51645  87.4080 352.8683 0016731 155.9984 193.9624 15.04992124  5156
ONEWEB-0456             
1 51646U 22012AA  22066.91667824 -.01004340  00000+0 -66138-1 0  9996
2 51646  87.4240 352.9430 0016692 152.6592 125.0193 15.10517259  3605
ONEWEB-0457             
1 51647U 22012AB  22066.91667824 -.01008652  00000+0 -69686-1 0  9998
2 51647  87.4156 352.9507 0015797 148.9492  46.1826 15.08809187  3606
ONEWEB-0458             
1 51648U 22012AC  22067.25002315 -.00914699  00000+0 -66251-1 0  9996
2 51648  87.4160 352.8552 0016776 142.2727 336.2593 15.06774496  5166
ONEWEB-0461             
1 51649U 22012AD  22067.25002315 -.00808182  00000+0 -51290-1 0  9993
2 51649  87.3486 352.8006 0017211 155.2347 161.9703 15.11675988  5177
ONEWEB-0463             
1 51650U 22012AE  22066.91667824 -.00848514  00000+0 -48788-1 0  9990
2 51650  87.3115 352.8535 0018130 144.4099 303.1909 15.15299171  3615
ONEWEB-0464             
1 51651U 22012AF  22067.25002315 -.00749210  00000+0 -52592-1 0  9998
2 51651  87.4170 352.8435 0015350 146.3633  41.7140 15.07847791  5165
ONEWEB-0468             
1 51652U 22012AG  22067.25002315 -.01211715  00000+0 -91832-1 0  9994
2 51652  87.4071 352.8551 0018161 152.0990 239.7626 15.05431805  5158
ONEWEB-0473             
1 51653U 22012AH  22066.91667824 -.01007916  00000+0 -71210-1 0  9993
2 51653  87.4132 352.9663 0016754 144.6046   3.0647 15.07973090  3609
ONEWEB-0474             
1 51654U 22012AJ  22066.91667824 -.01017951  00000+0 -74798-1 0  9998
2 51654  87.4124 352.9855 0015146 157.8939 176.2699 15.06120315  3608
ONEWEB-0475             
1 51655U 22012AK  22066.91667824 -.00882880  00000+0 -51548-1 0  9997
2 51655  87.3111 352.8675 0018335 152.2718 232.1278 15.14422251  3608
EOS-4                   
1 51656U 22013A   22067.16669279  .00001233  00000+0  74057-4 0  9999
2 51656  97.5537  76.0505 0012371 167.6987 263.7455 15.12717256  3341
INSPIRESAT-1            
1 51657U 22013B   22066.75171770  .00002912  00000+0  16808-3 0  9992
2 51657  97.5611  75.6779 0011614 174.4501 185.6861 15.13087064  3284
INS-2TD                 
1 51658U 22013C   22066.88140019  .00004229  00000+0  24100-3 0  9996
2 51658  97.5600  75.8077 0011158 175.9279 184.2045 15.13291774  3304
PSLV R/B                
1 51659U 22013D   22066.91316666  .00002685  00000+0  14316-3 0  9996
2 51659  97.5730  75.9967 0031930 261.8356  97.9257 15.15641619  3314
PROGRESS-MS 19          
1 51660U 22014A   22066.64287194  .00007451  00000+0  14026-3 0  9996
2 51660  51.6424 119.4700 0005149 225.8000 242.3070 15.49612674329434
CYGNUS NG-17            
1 51712U 22015A   22066.64287194  .00007451  00000+0  14026-3 0  9995
2 51712  51.6424 119.4700 0005149 225.8000 242.3070 15.49612674329432
STARLINK-3528           
1 51714U 22016A   22067.25002315  .00030100  00000+0  21809-3 0  9990
2 51714  53.2196  67.0737 0001364  37.9939 328.7152 15.73202247  3521
STARLINK-3533           
1 51715U 22016B   22066.91667824  .00099626  00000+0  70928-3 0  9999
2 51715  53.2195  68.7162 0001285  52.9159 226.6997 15.73087053  3534
STARLINK-3543           
1 51716U 22016C   22066.91667824  .00097614  00000+0  69466-3 0  9990
2 51716  53.2180  68.7181 0001167  56.4305 221.9105 15.73105783  2945
STARLINK-3445           
1 51717U 22016D   22066.91667824  .00097846  00000+0  69627-3 0  9997
2 51717  53.2197  68.7177 0001239  53.8196 225.2020 15.73106121  3545
STARLINK-3546           
1 51718U 22016E   22066.91667824  .00098088  00000+0  69799-3 0  9997
2 51718  53.2179  68.7115 0001238  45.8609 235.6782 15.73105102  3477
STARLINK-3540           
1 51719U 22016F   22067.25002315  .00023914  00000+0  17438-3 0  9993
2 51719  53.2177  67.0661 0001272  44.9907 324.2342 15.73191445  3521
STARLINK-3526           
1 51720U 22016G   22066.91667824  .00104876  00000+0  74599-3 0  9997
2 51720  53.2180  68.7106 0001113  53.3176 228.8262 15.73086106  3476
STARLINK-3524           
1 51721U 22016H   22066.91667824  .00033442  00000+0  24255-3 0  9992
2 51721  53.2178  68.7124 0001270  48.6886 232.2773 15.73121456  3534
STARLINK-3535           
1 51722U 22016J   22066.91667824  .00099129  00000+0  70533-3 0  9997
2 51722  53.2181  68.7070 0001052  49.2559 234.8193 15.73103040  2948
STARLINK-3531           
1 51723U 22016K   22066.91667824  .00118119  00000+0  67286-3 0  9990
2 51723  53.2208  68.4086 0003613 329.5156 101.4683 15.78113563  3529
STARLINK-3529           
1 51724U 22016L   22067.25002315  .00024505  00000+0  17880-3 0  9997
2 51724  53.2181  67.0574 0001421  53.1905 321.0835 15.73161005  3522
STARLINK-3522           
1 51725U 22016M   22066.91667824  .00118333  00000+0  84011-3 0  9995
2 51725  53.2200  68.7097 0001150  60.7080 222.7158 15.73077505  3548
STARLINK-3527           
1 51726U 22016N   22066.91667824  .00112777  00000+0  80108-3 0  9995
2 51726  53.2183  68.7024 0001206  67.4832 219.1356 15.73086784  3471
STARLINK-3532           
1 51727U 22016P   22067.25002315  .00160276  00000+0  11279-2 0  9991
2 51727  53.2200  67.0598 0001163  45.2995 328.3156 15.73134388  3527
STARLINK-3448           
1 51728U 22016Q   22066.91667824  .00026612  00000+0  19403-3 0  9999
2 51728  53.2184  68.6998 0001068  62.8053 225.1376 15.73126356  3540
STARLINK-3523           
1 51729U 22016R   22066.91667824  .00098279  00000+0  69916-3 0  9992
2 51729  53.2179  68.7029 0001187  49.8858 236.1924 15.73110801  2943
STARLINK-3530           
1 51730U 22016S   22066.91667824  .00102563  00000+0  73003-3 0  9998
2 51730  53.2184  68.6973 0001293  70.7905 218.4059 15.73079758  3478
STARLINK-3514           
1 51731U 22016T   22066.91667824  .00099822  00000+0  71063-3 0  9996
2 51731  53.2181  68.7007 0001428  64.7897 222.5318 15.73087572  3521
STARLINK-3518           
1 51732U 22016U   22066.91667824  .00099151  00000+0  70540-3 0  9991
2 51732  53.2185  68.6963 0001239  67.0126 222.8666 15.73105641  2949
STARLINK-3525           
1 51733U 22016V   22066.91667824  .00100257  00000+0  71192-3 0  9996
2 51733  53.2180  68.6979 0001375  60.9799 227.6042 15.73145311  3479
STARLINK-3450           
1 51734U 22016W   22066.91667824  .00050898  00000+0  36603-3 0  9990
2 51734  53.2186  68.6924 0001274  59.7886 231.9947 15.73125788  3521
STARLINK-3517           
1 51735U 22016X   22066.91667824  .00102039  00000+0  72551-3 0  9998
2 51735  53.2182  68.6944 0000984  70.6340 219.9086 15.73107700  2943
STARLINK-3447           
1 51736U 22016Y   22067.25002315  .00023468  00000+0  17139-3 0  9994
2 51736  53.2185  67.0427 0001533  57.4988 324.4296 15.73168081  3594
STARLINK-3509           
1 51737U 22016Z   22066.91667824  .00098557  00000+0  70046-3 0  9996
2 51737  53.2183  68.6930 0001260  72.5913 218.5488 15.73132200  3479
STARLINK-3515           
1 51738U 22016AA  22066.91667824  .00099238  00000+0  70561-3 0  9996
2 51738  53.2187  68.6877 0001168  62.4323 231.8962 15.73119070  2940
STARLINK-3516           
1 51739U 22016AB  22067.25002315 -.00025853  00000+0 -18011-3 0  9999
2 51739  53.2183  67.0432 0001338  53.6731 327.7154 15.73231145  3588
STARLINK-3500           
1 51740U 22016AC  22066.91667824  .00096807  00000+0  68896-3 0  9996
2 51740  53.2187  68.6837 0001464  71.0445 225.2046 15.73107598  3470
STARLINK-3520           
1 51741U 22016AD  22067.25002315  .00025204  00000+0  18366-3 0  9993
2 51741  53.2183  67.0407 0001480  65.0122 317.5870 15.73174325  3579
STARLINK-3521           
1 51742U 22016AE  22066.91667824  .00098503  00000+0  70082-3 0  9993
2 51742  53.2188  68.6826 0001314  66.1164 230.8038 15.73107522  3546
STARLINK-3512           
1 51743U 22016AF  22067.25002315  .00027324  00000+0  19858-3 0  9997
2 51743  53.2183  67.0383 0001245  65.9716 317.9241 15.73186509  3596
STARLINK-3452           
1 51744U 22016AG  22066.91667824  .00101902  00000+0  72471-3 0  9997
2 51744  53.2188  68.6802 0001103  77.9538 220.1738 15.73102708  3475
STARLINK-3449           
1 51745U 22016AH  22066.91667824  .00104039  00000+0  74000-3 0  9992
2 51745  53.2185  68.6848 0001271  64.8842 230.6886 15.73090696  3542
STARLINK-3502           
1 51746U 22016AJ  22067.25002315  .00132882  00000+0  93859-3 0  9999
2 51746  53.2188  67.0304 0001435  45.7447 342.5600 15.73142970  3570
STARLINK-3446           
1 51747U 22016AK  22066.91667824  .00100472  00000+0  71520-3 0  9995
2 51747  53.2186  68.6810 0001230  75.5794 221.9073 15.73086934  3545
STARLINK-3501           
1 51748U 22016AL  22067.25002315  .00020556  00000+0  15058-3 0  9990
2 51748  53.2188  67.0277 0001481  49.5176 340.1157 15.73191077  3521
STARLINK-3451           
1 51749U 22016AM  22066.91667824  .00100547  00000+0  71582-3 0  9998
2 51749  53.2185  68.6783 0001271  44.9880 253.7628 15.73083725  3528
STARLINK-3505           
1 51750U 22016AN  22067.25002315  .00022312  00000+0  16297-3 0  9991
2 51750  53.2187  67.0252 0001312  61.6873 329.2929 15.73199948  3573
STARLINK-3506           
1 51751U 22016AP  22066.91667824  .00098516  00000+0  70058-3 0  9990
2 51751  53.2186  68.6757 0001161  55.4252 244.6753 15.73118692  2946
STARLINK-3511           
1 51752U 22016AQ  22066.91667824  .00098850  00000+0  70348-3 0  9994
2 51752  53.2192  68.6719 0001312  55.0712 247.5469 15.73099659  2944
STARLINK-3507           
1 51753U 22016AR  22067.25002315  .00139110  00000+0  98185-3 0  9995
2 51753  53.2187  67.0261 0001469  49.8140 340.4069 15.73137967  3522
STARLINK-3457           
1 51754U 22016AS  22066.91667824  .00096584  00000+0  68789-3 0  9994
2 51754  53.2190  68.6688 0001358  57.3048 246.6109 15.73091090  3523
STARLINK-3460           
1 51755U 22016AT  22066.91667824  .00097917  00000+0  69693-3 0  9991
2 51755  53.2187  68.6697 0001167  67.5738 235.6857 15.73100749  2942
STARLINK-3513           
1 51756U 22016AU  22066.91667824  .00101420  00000+0  72199-3 0  9992
2 51756  53.2192  68.6682 0001298  56.2430 248.2852 15.73081554  3478
STARLINK-3459           
1 51757U 22016AV  22067.25002315  .00023899  00000+0  17440-3 0  9990
2 51757  53.2187  67.0187 0001625  59.7570 334.3255 15.73174753  3572
STARLINK-3458           
1 51758U 22016AW  22067.25002315  .00023678  00000+0  17281-3 0  9999
2 51758  53.2191  67.0181 0001590  44.1194 350.6016 15.73177713  3590
STARLINK-3456           
1 51759U 22016AX  22066.91667824  .00095664  00000+0  68047-3 0  9994
2 51759  53.2188  68.6631 0001276  53.6032 252.8949 15.73125037  3546
FALCON 9 DEB            
1 51760U 22016AY  22067.19725478  .00122369  00000+0  57681-3 0  9992
2 51760  53.2304  66.7568 0006081 316.2608  43.7934 15.82229301  2462
FALCON 9 DEB            
1 51761U 22016AZ  22067.19341761  .00137395  00000+0  62895-3 0  9990
2 51761  53.2283  66.7277 0004853 289.4880  70.5620 15.82814042  2466
FALCON 9 DEB            
1 51762U 22016BA  22067.18402825  .00139407  00000+0  60488-3 0  9991
2 51762  53.2256  66.6588 0009569 292.4862  67.5149 15.83893178  2464
FALCON 9 DEB            
1 51763U 22016BB  22067.18153173  .00127678  00000+0  55071-3 0  9990
2 51763  53.2241  66.6384 0009110 274.6565  85.3419 15.84062469  2467
STARLINK-3622           
1 51768U 22017A   22066.91667824 -.00023306  00000+0 -16188-3 0  9990
2 51768  53.2196  92.7662 0001279  37.8327 189.2837 15.73231259  2116
STARLINK-3621           
1 51769U 22017B   22066.91667824 -.00025838  00000+0 -18075-3 0  9990
2 51769  53.2192  92.7630 0001360  52.0696 176.3802 15.73134439  2107
STARLINK-3612           
1 51770U 22017C   22066.91667824  .00089448  00000+0  63749-3 0  9995
2 51770  53.2197  92.7650 0001514  61.0655 166.7581 15.73107267  2108
STARLINK-3614           
1 51771U 22017D   22066.91667824 -.00013097  00000+0 -88842-4 0  9997
2 51771  53.2194  92.7621 0001513  50.9445 178.1066 15.73251004  2101
STARLINK-3623           
1 51772U 22017E   22066.91667824  .00011890  00000+0  89160-4 0  9999
2 51772  53.2198  92.7584 0001320  48.7436 182.2957 15.73160386  2102
STARLINK-3624           
1 51773U 22017F   22066.91667824  .00071865  00000+0  51391-3 0  9992
2 51773  53.2194  92.7606 0001289  53.7656 175.9587 15.73116908  2107
STARLINK-3629           
1 51774U 22017G   22066.91667824  .00035309  00000+0  25522-3 0  9993
2 51774  53.2198  92.7559 0001302  57.3156 175.0033 15.73173783  2112
STARLINK-3620           
1 51775U 22017H   22066.91667824  .00052793  00000+0  37872-3 0  9991
2 51775  53.2194  92.7592 0001220  58.2710 172.1067 15.73168294  2117
STARLINK-3608           
1 51776U 22017J   22066.91667824 -.00007186  00000+0 -46830-4 0  9995
2 51776  53.2200  92.7549 0001555  38.3076 194.6098 15.73197429  2118
STARLINK-3625           
1 51777U 22017K   22066.91667824  .00090455  00000+0  64189-3 0  9991
2 51777  53.2196  92.7573 0001896  64.8064 166.5658 15.73203272  2113
STARLINK-3615           
1 51778U 22017L   22067.25002315 -.00873045  00000+0 -59176-2 0  9993
2 51778  53.2173  90.7882 0001377  46.0779  76.4460 15.76672421  2916
STARLINK-3611           
1 51779U 22017M   22067.25002315  .00023365  00000+0  17047-3 0  9996
2 51779  53.2199  91.1048 0001484  49.3328 273.2025 15.73194679  2903
STARLINK-3617           
1 51780U 22017N   22066.91667824  .00037247  00000+0  26846-3 0  9993
2 51780  53.2202  92.7488 0001507  64.8671 171.1906 15.73214505  2112
STARLINK-3580           
1 51781U 22017P   22066.91667824  .00078349  00000+0  55843-3 0  9991
2 51781  53.2198  92.7519 0001478  60.5652 173.6136 15.73159506  2112
STARLINK-3616           
1 51782U 22017Q   22066.91667824  .00093413  00000+0  66280-3 0  9998
2 51782  53.2203  92.7454 0001716  64.0509 173.7037 15.73192950  2103
STARLINK-3628           
1 51783U 22017R   22066.91667824 -.00017629  00000+0 -12155-3 0  9998
2 51783  53.2199  92.7494 0001303  58.3340 177.1734 15.73182175  2114
STARLINK-3632           
1 51784U 22017S   22066.91667824  .00015851  00000+0  11728-3 0  9997
2 51784  53.2203  92.7436 0001230  41.2408 197.4219 15.73172126  2109
STARLINK-3646           
1 51785U 22017T   22066.91667824 -.00015307  00000+0 -10480-3 0  9990
2 51785  53.2199  92.7467 0001218  41.6540 195.1130 15.73209832  2107
STARLINK-3638           
1 51786U 22017U   22066.91667824  .00074928  00000+0  53504-3 0  9997
2 51786  53.2205  92.7411 0001351  54.0096 185.9687 15.73133923  2108
STARLINK-3619           
1 51787U 22017V   22066.91667824 -.00008362  00000+0 -55267-4 0  9998
2 51787  53.2200  92.7456 0001305  36.2733 201.1440 15.73182158  2104
STARLINK-3641           
1 51788U 22017W   22067.25002315 -.00000004  00000+0  43903-5 0  9994
2 51788  53.2206  91.0888 0001280  45.4002 285.4942 15.73206690  2903
STARLINK-3639           
1 51789U 22017X   22066.91667824  .00023420  00000+0  17111-3 0  9995
2 51789  53.2201  92.7420 0001359  56.5908 182.7377 15.73159675  2107
STARLINK-3631           
1 51790U 22017Y   22067.25002315 -.00085015  00000+0 -60536-3 0  9992
2 51790  53.2184  91.0876 0001131  49.5375 281.9691 15.73280717  2950
STARLINK-3602           
1 51791U 22017Z   22066.91667824  .00085047  00000+0  60534-3 0  9998
2 51791  53.2201  92.7393 0001333  48.7563 191.8381 15.73158434  2109
STARLINK-3626           
1 51792U 22017AA  22067.25002315  .00020066  00000+0  14718-3 0  9998
2 51792  53.2189  91.0852 0001239  36.6876 296.1353 15.73178407  2958
STARLINK-3633           
1 51793U 22017AB  22066.91667824  .00098882  00000+0  70207-3 0  9999
2 51793  53.2201  92.7380 0001318  53.3315 187.9169 15.73154081  2101
STARLINK-3573           
1 51794U 22017AC  22066.91667824  .00058259  00000+0  41580-3 0  9996
2 51794  53.2184  92.7314 0001144  64.5614 180.3178 15.73247474  2119
STARLINK-3586           
1 51795U 22017AD  22066.91667824 -.00023522  00000+0 -16348-3 0  9998
2 51795  53.2201  92.7317 0001150  58.9908 185.4600 15.73224321  2104
STARLINK-3630           
1 51796U 22017AE  22066.91667824  .00085231  00000+0  60464-3 0  9990
2 51796  53.2184  92.7273 0001248  55.2488 191.5102 15.73235315  2107
STARLINK-3627           
1 51797U 22017AF  22067.16667824  .00037575  00000+0  27031-3 0  9990
2 51797  53.2205  91.4984 0001236  56.6246 162.9323 15.73255326  2933
STARLINK-3634           
1 51798U 22017AG  22067.16667824  .00045950  00000+0  32901-3 0  9999
2 51798  53.2188  91.4897 0001219  48.2702 175.8207 15.73272163  2934
STARLINK-3637           
1 51799U 22017AH  22067.16667824  .00017405  00000+0  12773-3 0  9999
2 51799  53.2185  91.4931 0001804  61.3355 160.8540 15.73281291  2881
STARLINK-3600           
1 51800U 22017AJ  22066.91667824 -.00022063  00000+0 -15305-3 0  9996
2 51800  53.2186  92.7233 0001154  62.5450 186.3858 15.73222739  2103
STARLINK-3592           
1 51801U 22017AK  22066.91667824  .00072516  00000+0  51597-3 0  9996
2 51801  53.2203  92.7282 0001775  70.4906 175.6904 15.73230234  2103
STARLINK-3557           
1 51802U 22017AL  22067.16667824 -.00111057  00000+0 -79452-3 0  9991
2 51802  53.2204  91.4845 0001337  65.9060 160.9993 15.73282741  2880
STARLINK-3544           
1 51803U 22017AM  22067.16667824 -.00024340  00000+0 -16955-3 0  9999
2 51803  53.2207  91.4876 0001449  60.2064 164.7858 15.73194055  2886
STARLINK-3601           
1 51804U 22017AN  22066.91667824  .00094846  00000+0  67360-3 0  9994
2 51804  53.2229  92.7002 0001302  44.0971 216.3410 15.73165316  2113
STARLINK-3605           
1 51805U 22017AP  22066.91667824 -.00014365  00000+0 -98041-4 0  9996
2 51805  53.2203  92.7217 0001296  50.2957 199.2526 15.73215039  2103
STARLINK-3581           
1 51806U 22017AQ  22067.16667824 -.00013426  00000+0 -91397-4 0  9999
2 51806  53.2198  91.4793 0001539  58.7169 170.7228 15.73198104  2881
STARLINK-3606           
1 51807U 22017AR  22066.91667824 -.00043520  00000+0 -30695-3 0  9993
2 51807  53.2204  92.7190 0001392  58.9342 191.9170 15.73223880  2103
STARLINK-3609           
1 51808U 22017AS  22067.16667824 -.00000048  00000+0  40612-5 0  9991
2 51808  53.2191  91.4769 0001013  57.5377 172.9637 15.73278054  2885
STARLINK-3607           
1 51809U 22017AT  22067.25002315  .00021956  00000+0  16050-3 0  9997
2 51809  53.2205  91.0695 0001497  59.1047 281.3728 15.73192298  2908
STARLINK-3613           
1 51810U 22017AU  22066.91667824 -.00063223  00000+0 -44820-3 0  9994
2 51810  53.2189  92.7105 0001540  47.8061 207.4826 15.73263207  2114
STARLINK-3569           
1 51811U 22017AV  22067.16667824 -.00061119  00000+0 -43242-3 0  9992
2 51811  53.2187  91.4777 0001357  67.9441 162.0566 15.73296713  2884
STARLINK-3610           
1 51812U 22017AW  22066.91667824  .00113396  00000+0  80102-3 0  9994
2 51812  53.2186  92.7097 0001526  74.5211 181.2176 15.73214124  2123
STARLINK-3552           
1 51813U 22017AX  22067.16667824  .00031317  00000+0  22651-3 0  9990
2 51813  53.2208  91.4749 0000906  63.9900 167.3787 15.73221805  2887
STARLINK-3599           
1 51814U 22017AY  22067.16667824  .00030226  00000+0  21803-3 0  9997
2 51814  53.2192  91.4711 0001085  57.8362 175.8103 15.73304721  2887
STARLINK-3604           
1 51815U 22017AZ  22067.16667824 -.00058176  00000+0 -41184-3 0  9998
2 51815  53.2207  91.4708 0001637  54.8201 178.4775 15.73261875  2889
STARLINK-3603           
1 51816U 22017BA  22067.16667824  .00052178  00000+0  37292-3 0  9998
2 51816  53.2191  91.4696 0001020  59.8301 174.4703 15.73260681  2937
STARLINK-3596           
1 51817U 22017BB  22066.91667824 -.00292894  00000+0 -11091-2 0  9992
2 51817  53.2172  92.2231 0005358 275.8732 225.0195 15.87566509  2118
FALCON 9 DEB            
1 51818U 22017BC  22067.07863325  .00186173  23686-4  61472-3 0  9994
2 51818  53.2301  91.3710 0006056 317.0396  43.0158 15.90075724  1659
FALCON 9 DEB            
1 51819U 22017BD  22067.07585255  .00213788  27866-4  68355-3 0  9992
2 51819  53.2287  91.3515 0003798 299.6623  60.4026 15.90680887  1653
FALCON 9 DEB            
1 51820U 22017BE  22067.06920967  .00227514  30400-4  68345-3 0  9995
2 51820  53.2261  91.3031 0007898 279.5282  80.4854 15.91828723  1658
FALCON 9 DEB            
1 51821U 22017BF  22067.06698782  .00216920  28701-4  64278-3 0  9994
2 51821  53.2242  91.2849 0006691 259.2372 100.7903 15.92121500  1650
L-SAR 01B               
1 51822U 22018A   22067.17266524  .00000939  00000+0  10717-3 0  9990
2 51822  97.8111  75.9886 0001699 102.6788 257.4626 14.88417555  1367
CZ-4C R/B               
1 51823U 22018B   22066.92153237  .00007756  00000+0  28622-3 0  9997
2 51823  97.8614  76.2816 0134319  10.5727 349.8306 15.19920159  1364
2022-019A               
1 51824U 22019A   22067.20222303  .00003038  00000+0  19765-3 0  9999
2 51824  97.5212 143.8184 0019628 236.8435 180.2787 15.08572535  1379
2022-019B               
1 51825U 22019B   22067.13988921  .00002632  00000+0  17071-3 0  9994
2 51825  97.5205 143.7572 0017613 233.2538 213.9796 15.08829632  1354
2022-019C               
1 51826U 22019C   22067.13877279  .00003402  00000+0  21839-3 0  9991
2 51826  97.5195 143.7570 0016899 234.7822 212.4437 15.09023831  1352
2022-019D               
1 51827U 22019D   22067.13966023  .00002538  00000+0  16370-3 0  9991
2 51827  97.5210 143.7618 0015602 234.0491 220.6635 15.09099156  1354
2022-019E               
1 51828U 22019E   22067.13955584  .00003166  00000+0  20300-3 0  9998
2 51828  97.5202 143.7614 0016460 236.0486 218.8417 15.09127116  1356
2022-019F               
1 51829U 22019F   22067.15804008  .00004476  00000+0  28480-3 0  9997
2 51829  97.5250 143.7872 0015731 236.0418 321.2094 15.09200552  1357
2022-019G               
1 51830U 22019G   22067.15875338  .00004613  00000+0  29327-3 0  9997
2 51830  97.5186 143.7749 0016660 235.0695 326.1305 15.09204134  1357
2022-019H               
1 51831U 22019H   22067.15691472  .00003089  00000+0  19750-3 0  9998
2 51831  97.5213 143.7770 0016883 244.3899 308.5550 15.09243513  1359
2022-019J               
1 51832U 22019J   22067.13736345  .00002772  00000+0  17760-3 0  9993
2 51832  97.5199 143.7590 0017236 242.5155 204.7052 15.09254106  1355
2022-019K               
1 51833U 22019K   22067.13553883  .00003893  00000+0  24584-3 0  9995
2 51833  97.5185 143.7595 0014891 239.2683 207.8844 15.09569608  1358
2022-019L               
1 51834U 22019L   22067.13548197  .00003042  00000+0  19294-3 0  9996
2 51834  97.5215 143.7705 0015486 242.3325 204.8464 15.09571894  1350
2022-019M               
1 51835U 22019M   22067.15518027  .00003125  00000+0  19803-3 0  9996
2 51835  97.5212 143.7786 0015522 242.8418 311.5071 15.09578474  1357
2022-019N               
1 51836U 22019N   22067.19513828  .00004655  00000+0  29261-3 0  9993
2 51836  97.5204 143.8232 0015322 242.6608 170.0210 15.09633236  1365
2022-019P               
1 51837U 22019P   22067.13456598  .00004601  00000+0  28798-3 0  9993
2 51837  97.5156 143.7571 0014539 244.2534 204.8377 15.09798699  1356
2022-019Q               
1 51838U 22019Q   22067.26661938  .00003182  00000+0  20023-3 0  9990
2 51838  97.5212 143.8991 0014401 242.1643 205.7917 15.09835443  1374
2022-019R               
1 51839U 22019R   22067.13547686  .00003173  00000+0  19968-3 0  9996
2 51839  97.5195 143.7637 0014308 242.2915 213.4679 15.09839564  1357
2022-019S               
1 51840U 22019S   22067.13446449  .00003132  00000+0  19702-3 0  9994
2 51840  97.5202 143.7632 0014240 240.6578 210.3663 15.09863091  1356
2022-019T               
1 51841U 22019T   22067.13486693  .00003095  00000+0  19441-3 0  9998
2 51841  97.5200 143.7681 0014054 240.0222 215.2283 15.09926159  1359
2022-019U               
1 51842U 22019U   22067.14738352  .00006269  00000+0  25844-3 0  9992
2 51842  97.5672 144.0153 0071650 181.6447  12.7375 15.22074812  1363
2022-019V               
1 51843U 22019V   22067.13306573  .00001979  00000+0  12553-3 0  9994
2 51843  97.5240 143.7717 0014417 247.0495 200.7272 15.09987945  1354
2022-019W               
1 51844U 22019W   22067.13894624  .00003073  00000+0  19725-3 0  9999
2 51844  97.5196 143.7639 0017444 244.4595 206.2331 15.09098108  1253
2022-019X               
1 51845U 22019X   22067.13482034  .00003970  00000+0  24973-3 0  9995
2 51845  97.5206 143.7661 0015175 242.0313 205.1543 15.09691451  1277
2022-019Y               
1 51846U 22019Y   22067.13477473  .00003103  00000+0  19589-3 0  9992
2 51846  97.5188 143.7690 0015022 240.1466 208.3308 15.09731774  1275
STRIX-BETA              
1 51847U 22020A   22067.08761600  .00002538  00000+0  20332-3 0  9996
2 51847  97.7756 120.8627 0012858 267.8826  92.1014 15.01007322  1084
ELECTRON KICK STAGE R/B 
1 51848U 22020B   22066.88154860  .00006777  00000+0  33243-3 0  9992
2 51848  97.0921 119.4141 0060522   6.9968 353.2194 15.16776693  1065
ELECTRON R/B            
1 51849U 22020C   22067.23780823  .01821969  22984-5  12846-2 0  9992
2 51849  97.7249 121.6313 0240895 196.4639 162.8708 15.77200472  1143
2022-021A               
1 51850U 22021A   22063.38462291 -.00000170  00000+0  00000+0 0  9991
2 51850   9.3026 334.2785 4593342 180.0467 178.8216  1.80046017    54
2022-021B               
1 51851U 22022B   22061.16528521 -.00000182  00000+0  00000+0 0  9999
2 51851   9.3750 334.5324 4632108 179.5801 175.9040  1.80759695    01
STARLINK A              
1 51852U 22022A   22066.83334491 -.00881354  00000+0 -47937-2 0  9992
2 51852  53.2174 123.3742 0001120  75.5017  96.1659 15.81509683  1931
STARLINK B              
1 51853U 22022B   22066.83334491 -.00881241  00000+0 -47980-2 0  9996
2 51853  53.2174 123.3751 0001152  68.4592 102.9241 15.81487236  1882
STARLINK C              
1 51854U 22022C   22066.83334491 -.00881514  00000+0 -47897-2 0  9997
2 51854  53.2173 123.3736 0001117  83.3129  88.6443 15.81531807  1932
STARLINK D              
1 51855U 22022D   22066.83334491 -.00881339  00000+0 -47780-2 0  9994
2 51855  53.2173 123.3729 0001168  70.4928 101.9907 15.81578850  1882
STARLINK E              
1 51856U 22022E   22066.83334491 -.00881400  00000+0 -47836-2 0  9996
2 51856  53.2174 123.3732 0001108  78.6838  93.5247 15.81556055  1967
STARLINK F              
1 51857U 22022F   22066.83334491 -.00881424  00000+0 -47682-2 0  9992
2 51857  53.2174 123.3718 0001149  71.2996 101.7213 15.81625095  1934
STARLINK G              
1 51858U 22022G   22066.83334491 -.00881191  00000+0 -47719-2 0  9995
2 51858  53.2174 123.3721 0001191  64.3365 108.4142 15.81601950  1938
STARLINK H              
1 51859U 22022H   22066.83334491 -.00881518  00000+0 -47535-2 0  9995
2 51859  53.2173 123.3702 0001137  79.0981  94.7360 15.81693522  1939
STARLINK J              
1 51860U 22022J   22066.83334491 -.00881325  00000+0 -47626-2 0  9994
2 51860  53.2174 123.3711 0001169  68.0033 105.2974 15.81647315  1885
STARLINK K              
1 51861U 22022K   22066.83334491 -.00881504  00000+0 -47433-2 0  9990
2 51861  53.2173 123.3691 0001149  75.4792  98.8965 15.81738818  1880
STARLINK L              
1 51862U 22022L   22066.83334491 -.00881596  00000+0 -47592-2 0  9998
2 51862  53.2174 123.3705 0001118  80.6415  92.9309 15.81670260  1933
STARLINK M              
1 51863U 22022M   22066.83334491 -.00881511  00000+0 -47333-2 0  9999
2 51863  53.2173 123.3681 0001116  73.8600 101.0511 15.81784232  1880
STARLINK N              
1 51864U 22022N   22066.83334491 -.00881562  00000+0 -47487-2 0  9996
2 51864  53.2174 123.3695 0001111  78.7096  95.3910 15.81716461  1938
STARLINK P              
1 51865U 22022P   22066.83334491 -.00881669  00000+0 -47241-2 0  9993
2 51865  53.2174 123.3671 0001111  85.1869  90.2538 15.81829908  1888
STARLINK Q              
1 51866U 22022Q   22066.83334491 -.00881543  00000+0 -47385-2 0  9994
2 51866  53.2173 123.3684 0001151  75.6670  98.9799 15.81761387  1880
STARLINK R              
1 51867U 22022R   22066.83334491 -.00881752  00000+0 -47197-2 0  9998
2 51867  53.2173 123.3665 0001101  83.8308  91.8848 15.81852025  1881
STARLINK S              
1 51868U 22022S   22066.83334491 -.00881494  00000+0 -47281-2 0  9996
2 51868  53.2173 123.3674 0001173  70.0962 105.0866 15.81806661  1888
STARLINK T              
1 51869U 22022T   22066.83334491 -.00881768  00000+0 -47049-2 0  9993
2 51869  53.2173 123.3649 0001100  81.5269  94.9914 15.81919254  1881
STARLINK U              
1 51870U 22022U   22066.83334491 -.00881595  00000+0 -47135-2 0  9999
2 51870  53.2173 123.3658 0001162  72.1538 103.8156 15.81875246  1932
STARLINK V              
1 51871U 22022V   22066.83334491 -.00881521  00000+0 -46981-2 0  9997
2 51871  53.2174 123.3645 0001173  64.7441 112.0190 15.81942775  1934
STARLINK W              
1 51872U 22022W   22066.83334491 -.00881522  00000+0 -47083-2 0  9993
2 51872  53.2173 123.3652 0001215  61.2630 114.9957 15.81896297  1884
STARLINK X              
1 51873U 22022X   22066.83334491 -.00881489  00000+0 -46826-2 0  9990
2 51873  53.2173 123.3629 0001222  60.5599 116.9656 15.82011667  1882
STARLINK Y              
1 51874U 22022Y   22066.83334491 -.00881497  00000+0 -46926-2 0  9991
2 51874  53.2173 123.3637 0001197  63.8443 113.1562 15.81966786  1882
STARLINK Z              
1 51875U 22022Z   22066.83334491 -.00881747  00000+0 -46744-2 0  9998
2 51875  53.2173 123.3619 0001161  69.1541 108.8995 15.82056325  1883
STARLINK AA             
1 51876U 22022AA  22066.83334491 -.00881545  00000+0 -46882-2 0  9998
2 51876  53.2174 123.3632 0001183  63.3309 113.9516 15.81988133  1888
STARLINK AB             
1 51877U 22022AB  22066.83334491 -.00881538  00000+0 -46629-2 0  9990
2 51877  53.2173 123.3609 0001277  53.2482 125.3073 15.82101968  1885
STARLINK AC             
1 51878U 22022AC  22066.83334491 -.00881789  00000+0 -46798-2 0  9996
2 51878  53.2173 123.3622 0001119  76.5098 101.2934 15.82033307  1887
STARLINK AD             
1 51879U 22022AD  22066.83334491 -.00881716  00000+0 -46542-2 0  9994
2 51879  53.2174 123.3599 0001171  66.0513 113.0121 15.82147298  1880
STARLINK AE             
1 51880U 22022AE  22066.83334491 -.00881864  00000+0 -46699-2 0  9993
2 51880  53.2173 123.3612 0001136  76.0739 102.2177 15.82080103  1881
STARLINK AF             
1 51881U 22022AF  22066.83334491 -.00881661  00000+0 -46439-2 0  9991
2 51881  53.2173 123.3589 0001222  58.5144 121.0551 15.82192344  1938
STARLINK AG             
1 51882U 22022AG  22066.83334491 -.00881560  00000+0 -46582-2 0  9999
2 51882  53.2173 123.3601 0001244  56.3401 122.4754 15.82124267  1939
STARLINK AH             
1 51883U 22022AH  22066.83334491 -.00881846  00000+0 -46351-2 0  9991
2 51883  53.2173 123.3578 0001192  65.3853 114.6835 15.82237741  1885
STARLINK AJ             
1 51884U 22022AJ  22066.83334491 -.00881759  00000+0 -46494-2 0  9993
2 51884  53.2173 123.3591 0001211  62.5301 116.7857 15.82169940  1961
STARLINK AK             
1 51885U 22022AK  22066.83334491 -.00881685  00000+0 -46246-2 0  9997
2 51885  53.2173 123.3567 0001280  55.1536 125.4483 15.82280696  1884
STARLINK AL             
1 51886U 22022AL  22066.83334491 -.00881715  00000+0 -46391-2 0  9993
2 51886  53.2173 123.3581 0001357  50.4462 129.3837 15.82214436  1887
STARLINK AM             
1 51887U 22022AM  22066.83334491 -.00881856  00000+0 -46202-2 0  9991
2 51887  53.2173 123.3564 0001214  63.3093 117.4947 15.82306010  1884
STARLINK AN             
1 51888U 22022AN  22066.83334491 -.00881777  00000+0 -46299-2 0  9990
2 51888  53.2173 123.3571 0001170  67.4991 112.8253 15.82259874  1880
STARLINK AP             
1 51889U 22022AP  22066.83334491 -.00881997  00000+0 -46066-2 0  9997
2 51889  53.2173 123.3549 0001137  71.6088 109.9478 15.82372832  1889
STARLINK AQ             
1 51890U 22022AQ  22066.83334491 -.00881442  00000+0 -46128-2 0  9993
2 51890  53.2173 123.3555 0001431  55.7144 125.3597 15.82326934  1887
STARLINK AR             
1 51891U 22022AR  22066.83334491 -.00881806  00000+0 -46002-2 0  9999
2 51891  53.2173 123.3545 0001308  51.8282 129.9654 15.82395618  1935
STARLINK AS             
1 51892U 22022AS  22066.83334491 -.00881845  00000+0 -46104-2 0  9996
2 51892  53.2173 123.3551 0001298  55.5380 125.7794 15.82349882  1886
STARLINK AT             
1 51893U 22022AT  22066.83334491 -.00881854  00000+0 -45910-2 0  9991
2 51893  53.2173 123.3535 0001236  58.9422 123.3505 15.82439909  1946
STARLINK AU             
1 51894U 22022AU  22066.83334491 -.00881947  00000+0 -45967-2 0  9997
2 51894  53.2173 123.3537 0001150  71.7241 110.3360 15.82416924  1943
STARLINK AV             
1 51895U 22022AV  22066.83334491 -.00881869  00000+0 -45813-2 0  9991
2 51895  53.2173 123.3525 0001284  52.8993 129.8824 15.82484569  1886
STARLINK AW             
1 51896U 22022AW  22066.83334491 -.00881882  00000+0 -45862-2 0  9991
2 51896  53.2173 123.3527 0001232  59.5601 122.9685 15.82462799  1938
STARLINK AX             
1 51897U 22022AX  22066.83334491 -.00882116  00000+0 -45784-2 0  9996
2 51897  53.2173 123.3520 0001157  70.7825 112.2674 15.82505655  1884
STARLINK AY             
1 51898U 22022AY  22066.83334491 -.00881940  00000+0 -45723-2 0  9994
2 51898  53.2173 123.3512 0001241  58.8616 124.4203 15.82528407  1934
FALCON 9 DEB            
1 51899U 22022AZ  22066.86066765  .00174829  00000+0  61775-3 0  9999
2 51899  53.2275 123.1832 0007637 301.1836  58.8442 15.88045558   687
FALCON 9 DEB            
1 51900U 22022BA  22066.60807602  .00176967  00000+0  61701-3 0  9991
2 51900  53.2259 124.4489 0005494 282.9401  77.1012 15.88329453   649
FALCON 9 DEB            
1 51901U 22022BB  22066.60550835  .00184486  23339-4  62811-3 0  9998
2 51901  53.2228 124.4284 0010458 271.6967  88.2862 15.89409098   648
FALCON 9 DEB            
1 51902U 22022BC  22066.60467376  .00185299  23506-4  62077-3 0  9999
2 51902  53.2215 124.4213 0009331 254.4294 105.5704 15.89746403   649
2022-023A               
1 51946U 22023A   22067.07715789  .00017994  00000+0  70353-3 0  9995
2 51946  63.4536 185.9148 0017135 308.7527 224.3451 15.25841820   433
2022-023B               
1 51947U 22023B   22067.07710324  .00019912  00000+0  77884-3 0  9994
2 51947  63.4511 185.9156 0017363 306.7897 225.2648 15.25772978   432
2022-023C               
1 51948U 22023C   22067.07751547  .00018154  00000+0  71619-3 0  9994
2 51948  63.4463 185.9166 0016937 303.5583 228.4631 15.25540957   430
2022-023D               
1 51949U 22023D   22067.07771038  .00017788  00000+0  70471-3 0  9999
2 51949  63.4509 185.9182 0014979 306.9843 225.0663 15.25439852   439
2022-023E               
1 51950U 22023E   22067.07812465  .00017417  00000+0  69514-3 0  9996
2 51950  63.4469 185.9186 0014548 304.3663 227.6226 15.25208571   439
2022-023F               
1 51951U 22023F   22067.07826170  .00017472  00000+0  69872-3 0  9993
2 51951  63.4442 185.9184 0014858 301.4942 230.5210 15.25135910   433
2022-023G               
1 51952U 22023G   22067.07874258  .00005335  00000+0  22176-3 0  9995
2 51952  63.4412 185.9187 0015730 296.4880 236.1904 15.24905043   431
2022-023H               
1 51953U 22023H   22067.02496754  .00002257  00000+0  16750-3 0  9993
2 51953  63.6400 186.9136 0116464 247.0503 111.8276 15.00860053   421
