STARLINK-5492           
1 55331U 23013A   23056.57898961  .00002504  00000+0  22539-4 0  9990
2 55331  43.0004 221.0925 0002194 261.0361  99.0259 15.71354861  5871
STARLINK-5491           
1 55332U 23013B   23056.51997719  .00002516  00000+0  22634-4 0  9995
2 55332  43.0026 220.6138 0001819 259.3809 100.6854 15.71351954  4797
STARLINK-5493           
1 55333U 23013C   23056.57877665  .00020528  00000+0  15948-3 0  9991
2 55333  42.9997 221.0914 0002883 251.7755 108.2799 15.71370626  4797
STARLINK-5652           
1 55334U 23013D   23056.57888413  .00040131  00000+0  30756-3 0  9991
2 55334  43.0002 221.0924 0002420 258.2685 101.7912 15.71387806  4792
STARLINK-5660           
1 55335U 23013E   23056.57858733  .00053023  00000+0  40487-3 0  9990
2 55335  43.0000 221.0896 0002153 278.4571  81.6053 15.71374543  4796
STARLINK-5655           
1 55336U 23013F   23056.58025084  .00005622  00000+0  46277-4 0  9993
2 55336  43.0024 219.2964 0002514 247.1561 112.9041 15.71361875  4813
STARLINK-5667           
1 55337U 23013G   23056.57190798 -.00000974  00000+0 -39666-5 0  9990
2 55337  42.9978 220.1288 0003685 287.1632  72.8832 15.71337368  4804
STARLINK-5658           
1 55338U 23013H   23056.57847181  .00001521  00000+0  15068-4 0  9992
2 55338  43.0006 221.0890 0004097 283.1499  76.8911 15.71335526  4797
STARLINK-5671           
1 55339U 23013J   23056.57805865  .00086242  00000+0  65264-3 0  9991
2 55339  42.9998 221.0868 0002641 278.8611  81.1958 15.71414022  4790
STARLINK-5675           
1 55340U 23013K   23056.51437187  .00017007  00000+0  13277-3 0  9995
2 55340  42.9991 221.4675 0002870 255.4098 104.6451 15.71371370  4785
STARLINK-5670           
1 55341U 23013L   23056.57814676  .00040569  00000+0  31083-3 0  9998
2 55341  42.9992 221.0878 0002629 265.6820  94.3747 15.71389753  4794
STARLINK-5657           
1 55342U 23013M   23056.57782971  .00006709  00000+0  54558-4 0  9992
2 55342  42.9999 221.0839 0003062 251.8651 108.1884 15.71360400  4794
STARLINK-5661           
1 55343U 23013N   23056.57762074  .00041237  00000+0  31585-3 0  9994
2 55343  43.0006 221.0824 0002822 274.1865  85.8680 15.71390246  4794
STARLINK-5662           
1 55344U 23013P   23056.57774388  .00084680  00000+0  64090-3 0  9992
2 55344  43.0005 221.0825 0002237 295.3686  64.6950 15.71418923  4799
STARLINK-5653           
1 55345U 23013Q   23056.51745040  .00003611  00000+0  30979-4 0  9995
2 55345  43.0009 220.5846 0002105 254.9673 105.0962 15.71353801  4798
STARLINK-5631           
1 55346U 23013R   23056.57751054  .00008800  00000+0  70440-4 0  9996
2 55346  43.0004 221.0810 0002604 247.7467 112.3125 15.71369379  4795
STARLINK-5663           
1 55347U 23013S   23056.57709350  .00041830  00000+0  32028-3 0  9998
2 55347  42.9999 221.0782 0002367 263.0397  97.0201 15.71394706  4790
STARLINK-5609           
1 55348U 23013T   23056.57741183  .00050155  00000+0  38293-3 0  9999
2 55348  43.0000 221.0808 0002055 263.7327  96.3307 15.71396756  4795
STARLINK-5666           
1 55349U 23013U   23056.57730595  .00045714  00000+0  34980-3 0  9999
2 55349  42.9992 221.0795 0002288 255.7670 104.2944 15.71377129  4798
STARLINK-5668           
1 55350U 23013V   23056.57720125  .00053436  00000+0  40756-3 0  9997
2 55350  43.0004 221.0782 0002412 269.4501  90.6090 15.71398448  4793
STARLINK-5659           
1 55351U 23013W   23056.51311260  .00016633  00000+0  12995-3 0  9990
2 55351  43.0009 221.4547 0002577 253.4219 106.6366 15.71368444  4789
STARLINK-5547           
1 55352U 23013X   23056.57690345  .00023781  00000+0  18426-3 0  9998
2 55352  43.0003 221.0758 0001801 286.7738  73.2932 15.71356679  4794
STARLINK-5608           
1 55353U 23013Y   23056.51239864  .00019514  00000+0  15196-3 0  9998
2 55353  43.0010 221.4493 0002157 291.1997  68.8640 15.71346416  4788
STARLINK-5649           
1 55354U 23013Z   23056.51321629  .00009785  00000+0  77970-4 0  9998
2 55354  43.0002 221.4595 0003369 270.9339  89.1142 15.71356667  4786
STARLINK-5647           
1 55355U 23013AA  23056.57636514  .00023820  00000+0  18442-3 0  9991
2 55355  43.0010 221.0685 0002279 264.8261  95.2347 15.71373918  4791
STARLINK-5083           
1 55356U 23013AB  23056.57656722  .00006907  00000+0  56047-4 0  9996
2 55356  43.0008 221.0743 0002542 276.4320  83.6259 15.71367446  4794
STARLINK-5651           
1 55357U 23013AC  23056.57625484  .00026128  00000+0  20180-3 0  9993
2 55357  42.9966 221.0694 0001138 269.3488  90.7249 15.71386726  4797
STARLINK-5622           
1 55358U 23013AD  23056.57646167  .00038234  00000+0  29324-3 0  9995
2 55358  43.0003 221.0709 0003061 257.6819 102.3706 15.71386935  4794
STARLINK-5641           
1 55359U 23013AE  23056.51258562  .00003485  00000+0  30019-4 0  9992
2 55359  43.0008 221.4533 0002485 269.2219  90.8364 15.71355126  4789
STARLINK-5664           
1 55360U 23013AF  23056.58334491 -.01222091  00000+0 -14975-1 0  9996
2 55360  43.0000 221.1277 0001504 271.0612  88.9357 15.62338371  1313
STARLINK-5665           
1 55361U 23013AG  23056.57562194  .00032196  00000+0  24768-3 0  9994
2 55361  42.9997 221.0625 0002062 263.0875  96.9759 15.71386831  4799
STARLINK-5574           
1 55362U 23013AH  23056.57572364  .00027104  00000+0  20917-3 0  9990
2 55362  42.9996 221.0667 0002764 266.0121  94.0431 15.71386466  4791
STARLINK-5648           
1 55363U 23013AJ  23056.58334491 -.01211947  00000+0 -15001-1 0  9998
2 55363  43.0003 221.1690 0001456 262.9109  80.4661 15.62059061  1304
STARLINK-5627           
1 55364U 23013AK  23055.87686696  .00069862  00000+0  53196-3 0  9990
2 55364  43.0007 225.2848 0002292 247.6050 112.4575 15.71344136  4687
STARLINK-5639           
1 55365U 23013AL  23056.58334491 -.01212082  00000+0 -14988-1 0  9994
2 55365  43.0001 221.1636 0001508 270.8219  74.6595 15.62083781  1309
STARLINK-5654           
1 55366U 23013AM  23056.57583409  .00046851  00000+0  35809-3 0  9992
2 55366  43.0008 221.0649 0002314 276.4605  83.5999 15.71395275  4794
STARLINK-5635           
1 55367U 23013AN  23056.51153300  .00000065  00000+0  39418-5 0  9999
2 55367  43.0003 221.4431 0002017 274.6621  85.4016 15.71361470  4781
STARLINK-5625           
1 55368U 23013AP  23056.57541429  .00053745  00000+0  40986-3 0  9992
2 55368  43.0006 221.0625 0002181 285.2222  74.8404 15.71400174  4792
STARLINK-5644           
1 55369U 23013AQ  23056.58334491 -.01209875  00000+0 -14957-1 0  9990
2 55369  43.0007 221.1605 0001513 268.4883  78.2207 15.62084861  1301
STARLINK-5027           
1 55370U 23013AR  23056.58334491 -.01211952  00000+0 -14999-1 0  9997
2 55370  42.9996 221.1664 0001510 271.1485  73.4549 15.62062070  1303
STARLINK-5590           
1 55371U 23013AS  23056.58334491 -.01210462  00000+0 -14927-1 0  9994
2 55371  43.0007 221.1541 0001497 268.9465  80.3925 15.62149788  1306
STARLINK-5568           
1 55372U 23013AT  23056.58334491 -.01214651  00000+0 -15008-1 0  9990
2 55372  43.0001 221.1593 0001499 264.8727  82.7120 15.62109847  1301
STARLINK-5581           
1 55373U 23013AU  23056.58334491 -.01212341  00000+0 -14939-1 0  9997
2 55373  43.0009 221.1518 0001501 271.6471  78.5661 15.62173173  1309
STARLINK-5578           
1 55374U 23013AV  23056.58334491 -.01211081  00000+0 -14948-1 0  9998
2 55374  42.9998 221.1574 0001490 269.3728  79.0901 15.62128545  1309
STARLINK-5588           
1 55375U 23013AW  23056.58334491 -.01222328  00000+0 -15058-1 0  9998
2 55375  43.0004 221.1467 0001497 267.3581  84.9535 15.62203560  1302
STARLINK-5586           
1 55376U 23013AX  23056.57436265  .00015618  00000+0  12225-3 0  9994
2 55376  42.9997 221.0554 0001870 295.0568  65.0106 15.71368317  4798
STARLINK-5567           
1 55377U 23013AY  23056.58334491 -.01225636  00000+0 -15060-1 0  9998
2 55377  43.0005 221.1342 0001489 269.7871  87.5946 15.62276711  1309
STARLINK-5572           
1 55378U 23013AZ  23056.58334491 -.01224149  00000+0 -15084-1 0  9993
2 55378  43.0002 221.1499 0001475 264.2503  86.8345 15.62202055  1302
STARLINK-5569           
1 55379U 23013BA  23056.58334491 -.01222111  00000+0 -15028-1 0  9999
2 55379  43.0005 221.1392 0001490 268.3491  86.9359 15.62249285  1308
STARLINK-5571           
1 55380U 23013BB  23056.57404963 -.00011248  00000+0 -82426-4 0  9997
2 55380  43.0010 221.0503 0002067 274.2257  85.8374 15.71356307  4791
STARLINK-5575           
1 55381U 23013BC  23056.58334491 -.01223229  00000+0 -15030-1 0  9996
2 55381  43.0006 221.1372 0001472 269.6075  86.5495 15.62271913  1302
STARLINK-5576           
1 55382U 23013BD  23056.58334491 -.01225259  00000+0 -15084-1 0  9991
2 55382  43.0004 221.1446 0001491 268.8433  84.3409 15.62227553  1305
STARLINK-5531           
1 55383U 23013BE  23056.57362630  .00055455  00000+0  42398-3 0  9993
2 55383  43.0010 221.0462 0004276 295.3619  64.6805 15.71320611  4791
STARLINK-5537           
1 55384U 23013BF  23056.58334491 -.01220828  00000+0 -15024-1 0  9994
2 55384  43.0001 221.1415 0001472 270.7880  83.6245 15.62226488  1303
STARLINK-5556           
1 55385U 23013BG  23056.58334491 -.01222867  00000+0 -14998-1 0  9999
2 55385  43.0009 221.1299 0001496 271.5614  87.5646 15.62317460  1301
STARLINK-5555           
1 55386U 23013BH  23056.58334491 -.01223745  00000+0 -15022-1 0  9995
2 55386  43.0010 221.1319 0001504 270.4561  87.7979 15.62297085  1307
STARLINK-5077           
1 55391U 23014A   23056.21113005  .00029487  00000+0  24600-3 0  9996
2 55391  69.9997  20.7378 0003435 263.3684  96.7121 15.69937042  4992
STARLINK-5085           
1 55392U 23014B   23056.20877781  .00041650  00000+0  34593-3 0  9992
2 55392  70.0036  20.7360 0003369 251.8276 108.2553 15.69959490  4995
STARLINK-4786           
1 55393U 23014C   23056.27505408  .00022171  00000+0  18551-3 0  9997
2 55393  69.9998  20.5589 0003017 259.8812 100.2043 15.69946203  5002
STARLINK-5230           
1 55394U 23014D   23056.21165522  .00020794  00000+0  17421-3 0  9995
2 55394  70.0005  20.7413 0002452 259.9530 100.1389 15.69935670  4998
STARLINK-5274           
1 55395U 23014E   23056.21154532  .00031857  00000+0  26528-3 0  9995
2 55395  69.9993  20.7388 0003324 264.9840  95.0976 15.69962562  4996
STARLINK-5283           
1 55396U 23014F   23056.27568487  .00011037  00000+0  93399-4 0  9999
2 55396  69.9996  20.5601 0003197 269.8449  90.2381 15.69934273  5001
STARLINK-5224           
1 55397U 23014G   23056.21144670  .00008962  00000+0  76211-4 0  9995
2 55397  69.9994  20.7374 0003032 269.1534  90.9315 15.69929504  4997
STARLINK-5275           
1 55398U 23014H   23056.21207688  .00017945  00000+0  15060-3 0  9990
2 55398  70.0003  20.7411 0002832 274.4653  85.6219 15.69940267  4995
STARLINK-5276           
1 55399U 23014J   23056.21175897  .00030765  00000+0  25646-3 0  9993
2 55399  69.9991  20.7389 0003372 268.5384  91.5425 15.69945557  4990
STARLINK-5632           
1 55400U 23014K   23056.21228834  .00014545  00000+0  12249-3 0  9999
2 55400  70.0002  20.7414 0002994 259.1042 100.9816 15.69932379  4991
STARLINK-5076           
1 55401U 23014L   23056.21186778  .00022081  00000+0  18486-3 0  9993
2 55401  69.9996  20.7396 0002583 274.1666  85.9234 15.69935222  4999
STARLINK-5071           
1 55402U 23014M   23056.21249793  .00018180  00000+0  15256-3 0  9998
2 55402  69.9999  20.7417 0002965 260.9748  99.1113 15.69937330  4990
STARLINK-5597           
1 55403U 23014N   23056.27589708  .00034905  00000+0  29054-3 0  9992
2 55403  69.9994  20.5616 0003518 271.3911  88.6882 15.69949107  5002
STARLINK-5607           
1 55404U 23014P   23056.21270671  .00044122  00000+0  36630-3 0  9993
2 55404  69.9994  20.7422 0003485 267.1394  92.9403 15.69955499  4996
STARLINK-5623           
1 55405U 23014Q   23056.21238878  .00042756  00000+0  35503-3 0  9996
2 55405  70.0000  20.7410 0003553 263.4241  96.6550 15.69957969  4999
STARLINK-5630           
1 55406U 23014R   23056.21292034  .00009030  00000+0  76786-4 0  9998
2 55406  70.0005  20.7438 0002681 261.0369  99.0523 15.69926260  4998
STARLINK-5019           
1 55407U 23014S   23056.21260488  .00056455  00000+0  46781-3 0  9991
2 55407  69.9996  20.7417 0003760 262.4613  97.6156 15.69938774  4997
STARLINK-5092           
1 55408U 23014T   23056.34045728  .00026740  00000+0  22323-3 0  9994
2 55408  69.9994  20.3846 0003534 271.8414  88.2377 15.69946453  5018
STARLINK-5047           
1 55409U 23014U   23056.21281523  .00022127  00000+0  18522-3 0  9997
2 55409  70.0000  20.7429 0002660 269.4996  90.5895 15.69937300  4996
STARLINK-5633           
1 55410U 23014V   23056.27716163  .00038101  00000+0  31682-3 0  9999
2 55410  69.9987  20.5651 0003651 271.3710  88.7067 15.69951537  5002
STARLINK-5605           
1 55411U 23014W   23056.59542861  .00042818  00000+0  35580-3 0  9998
2 55411  69.9992  19.6690 0003424 262.0585  98.0222 15.69940666  5059
STARLINK-5033           
1 55412U 23014X   23056.21355386  .00022250  00000+0  18625-3 0  9991
2 55412  70.0008  20.7443 0002579 288.5425  71.5490 15.69935972  4995
STARLINK-5060           
1 55413U 23014Y   23056.21323831  .00015144  00000+0  12746-3 0  9994
2 55413  70.0004  20.7425 0002720 275.8243  84.2642 15.69931914  4999
STARLINK-5620           
1 55414U 23014Z   23056.34119709  .00018883  00000+0  15837-3 0  9993
2 55414  70.0016  20.3875 0002904 282.8587  77.2284 15.69938647  5019
STARLINK-5618           
1 55415U 23014AA  23056.21334419  .00010310  00000+0  87416-4 0  9997
2 55415  69.9991  20.7445 0003624 265.8555  94.2227 15.69919760  4999
STARLINK-5624           
1 55416U 23014AB  23056.34140636  .00018341  00000+0  15390-3 0  9991
2 55416  69.9998  20.3877 0003362 260.8630  99.2185 15.69935162  5016
STARLINK-5616           
1 55417U 23014AC  23056.34109168  .00042903  00000+0  35655-3 0  9994
2 55417  69.9994  20.3859 0003506 263.0603  97.0194 15.69936967  5018
STARLINK-5030           
1 55418U 23014AD  23056.15046701  .00031913  00000+0  26601-3 0  9997
2 55418  70.0002  20.9268 0003190 266.5233  93.5598 15.69938532  4982
STARLINK-5629           
1 55419U 23014AE  23056.21386960  .00016003  00000+0  13455-3 0  9995
2 55419  70.0000  20.7458 0002759 270.3815  89.7065 15.69936123  4990
STARLINK-5604           
1 55420U 23014AF  23056.27452621  .00034839  00000+0  28998-3 0  9996
2 55420  70.0050  20.5684 0002799 244.0035 116.0873 15.69953185  5003
STARLINK-5598           
1 55421U 23014AG  23056.34151103  .00028669  00000+0  23915-3 0  9994
2 55421  69.9996  20.3891 0003374 267.9600  92.1209 15.69947468  5015
STARLINK-5006           
1 55422U 23014AH  23056.21471058  .00024308  00000+0  20324-3 0  9992
2 55422  69.9988  20.7478 0003362 262.5643  97.5171 15.69935778  4991
STARLINK-5068           
1 55423U 23014AJ  23056.34172097  .00024374  00000+0  20371-3 0  9993
2 55423  69.9994  20.3899 0003447 265.4642  94.6160 15.69944513  5014
STARLINK-5615           
1 55425U 23014AL  23056.27821827  .00039862  00000+0  33150-3 0  9996
2 55425  69.9996  20.5697 0003307 258.2238 101.8587 15.69939357  5005
STARLINK-5638           
1 55426U 23014AM  23056.21502464  .00031202  00000+0  26003-3 0  9993
2 55426  69.9999  20.7493 0003596 260.7692  99.3097 15.69947600  4991
STARLINK-5073           
1 55427U 23014AN  23056.34203928  .00012684  00000+0  10706-3 0  9997
2 55427  69.9991  20.3904 0003354 260.6343  99.4473 15.69932694  5011
STARLINK-5064           
1 55428U 23014AP  23056.21523350  .00016476  00000+0  13843-3 0  9996
2 55428  69.9997  20.7501 0003270 266.0646  94.0176 15.69941185  4990
STARLINK-5645           
1 55429U 23014AQ  23056.34235560  .00021194  00000+0  17748-3 0  9995
2 55429  70.0008  20.3918 0003127 259.2139 100.8705 15.69939525  5010
STARLINK-5642           
1 55430U 23014AR  23056.58334491 -.01213837  00000+0 -25105-1 0  9990
2 55430  69.9998  20.2791 0003494 267.7379 243.7524 15.48359991  1306
STARLINK-5643           
1 55431U 23014AS  23056.21512979  .00032575  00000+0  27134-3 0  9991
2 55431  69.9998  20.7492 0003182 258.3974 101.6865 15.69950614  4991
STARLINK-5637           
1 55432U 23014AT  23056.58334491 -.01216018  00000+0 -25995-1 0  9993
2 55432  70.0000  20.2830 0003428 274.4437 233.4864 15.47420899  1304
STARLINK-5570           
1 55433U 23014AU  23056.58334491 -.01212674  00000+0 -24869-1 0  9997
2 55433  70.0003  20.2782 0003318 273.7978 239.3625 15.48600754  1305
STARLINK-5621           
1 55434U 23014AV  23056.58334491 -.01211928  00000+0 -26246-1 0  9990
2 55434  70.0002  20.2890 0003384 269.8907 232.9414 15.47039167  1304
STARLINK-5626           
1 55435U 23014AW  23056.58334491 -.01203379  00000+0 -25862-1 0  9995
2 55435  70.0001  20.2863 0003402 272.0011 234.0984 15.47239700  1307
STARLINK-5640           
1 55436U 23014AX  23056.58334491 -.01213372  00000+0 -26427-1 0  9998
2 55436  70.0001  20.2917 0003517 271.2606 229.6838 15.46877598  1306
STARLINK-5080           
1 55437U 23014AY  23056.58334491 -.01204932  00000+0 -26052-1 0  9995
2 55437  70.0002  20.2883 0003348 271.8229 232.4149 15.47070446  1304
STARLINK-5074           
1 55438U 23014AZ  23056.21101699  .00013015  00000+0  10982-3 0  9992
2 55438  70.0030  20.7411 0003440 264.5821  95.4982 15.69927515  4990
STARLINK-5634           
1 55439U 23014BA  23056.58334491 -.01211220  00000+0 -27143-1 0  9997
2 55439  70.0001  20.2975 0003390 271.5037 224.5206 15.46050512  1305
FALCON 9 DEB            
1 55440U 23014BB  23056.54597823  .00229623  22734-4  80559-3 0  9993
2 55440  70.0051  18.6452 0005712 200.9218 159.1755 15.89046595  4252
ION SCV-009             
1 55441U 23014BC  23056.56590691  .00067824  00000+0  52548-3 0  9999
2 55441  70.0096  19.5745 0053254 312.5079  47.1623 15.69556720  4238
FALCON 9 DEB            
1 55442U 23014BD  23056.02286456  .00267742  30172-4  86294-3 0  9996
2 55442  70.0067  20.0232 0009587 188.3291 171.7758 15.90661601  4175
FALCON 9 DEB            
1 55443U 23014BE  23056.32149732  .00346278  49850-4  98163-3 0  9998
2 55443  70.0019  19.0435 0010299 200.3775 159.7023 15.93117325  4229
FALCON 9 DEB            
1 55444U 23014BF  23056.23526417  .00228673  00000+0  80102-3 0  9999
2 55444  70.0069  19.5726 0005139 179.6415 180.4795 15.88489238  4203
FALCON 9 DEB            
1 55445U 23014BG  23056.26954330  .00356549  52146-4  10607-2 0  9991
2 55445  70.0065  19.2906 0008585 192.7139 167.3853 15.92220533  4210
EBAD TEST MASS          
1 55446U 23014BH  23056.01027367  .00066815  00000+0  30750-3 0  9999
2 55446  70.0101  20.4181 0006484 212.6473 147.4329 15.83249725  4165
APSTAR 6E SPS           
1 55447U 23005C   23056.04554602 -.00000065  00000+0 -15187-1 0  9992
2 55447  28.6692 294.1478 2304064 211.6088 132.2928  7.60507131  1907
STARLINK-5699           
1 55449U 23015A   23056.55672384  .00064659  00000+0  49229-3 0  9992
2 55449  43.0001 248.7091 0002104 263.0107  97.0522 15.71374097  4759
STARLINK-5686           
1 55450U 23015B   23056.55682904  .00013454  00000+0  10580-3 0  9998
2 55450  43.0002 248.7094 0001872 252.8012 107.2651 15.71372855  4754
STARLINK-5656           
1 55451U 23015C   23056.55662085  .00037206  00000+0  28593-3 0  9991
2 55451  43.0003 248.7082 0002164 250.4192 109.6442 15.71352272  3812
STARLINK-5683           
1 55452U 23015D   23056.55640684  .00035542  00000+0  27290-3 0  9997
2 55452  42.9999 248.7066 0002108 250.1654 109.8986 15.71391449  3819
STARLINK-5684           
1 55453U 23015E   23056.55630385  .00044590  00000+0  34151-3 0  9992
2 55453  43.0003 248.7058 0001852 255.7832 104.2830 15.71365303  3810
STARLINK-5636           
1 55454U 23015F   23056.55599090  .00002128  00000+0  19676-4 0  9997
2 55454  43.0000 248.7039 0002067 251.1696 108.8947 15.71352475  3819
STARLINK-5680           
1 55455U 23015G   23056.55651577  .00054628  00000+0  41712-3 0  9994
2 55455  43.0002 248.7077 0002161 269.2397  90.8223 15.71364356  3815
STARLINK-5058           
1 55456U 23015H   23056.55609501  .00061732  00000+0  47015-3 0  9991
2 55456  42.9993 248.7052 0001920 253.7645 106.3011 15.71383305  3815
STARLINK-5682           
1 55457U 23015J   23056.55619905  .00056543  00000+0  43139-3 0  9998
2 55457  42.9998 248.7049 0001669 252.6394 107.4291 15.71372368  3815
STARLINK-5020           
1 55458U 23015K   23056.55557004  .00061532  00000+0  46882-3 0  9992
2 55458  43.0001 248.7000 0001954 260.6333  99.4314 15.71374733  3813
STARLINK-5669           
1 55459U 23015L   23056.55577971  .00056292  00000+0  42960-3 0  9998
2 55459  43.0000 248.7020 0002144 263.8554  96.2069 15.71366179  3814
STARLINK-5678           
1 55460U 23015M   23056.55567500  .00059497  00000+0  45375-3 0  9990
2 55460  42.9996 248.7022 0001860 254.7033 105.3630 15.71363705  3813
STARLINK-5646           
1 55461U 23015N   23056.55588213  .00020642  00000+0  16037-3 0  9998
2 55461  43.0006 248.7031 0001793 264.1654  95.9009 15.71369076  3818
STARLINK-5673           
1 55462U 23015P   23056.55525365  .00048633  00000+0  37193-3 0  9994
2 55462  42.9999 248.6985 0002327 250.4171 109.6445 15.71367693  3811
STARLINK-5677           
1 55463U 23015Q   23056.55546402  .00051160  00000+0  39110-3 0  9990
2 55463  42.9998 248.7000 0002223 252.6782 107.3843 15.71359239  3811
STARLINK-5676           
1 55464U 23015R   23056.55493805  .00056904  00000+0  43421-3 0  9990
2 55464  42.9999 248.6959 0002231 255.6126 104.4495 15.71365693  3811
STARLINK-5674           
1 55465U 23015S   23056.55514867  .00053261  00000+0  40673-3 0  9992
2 55465  43.0000 248.6971 0002119 251.7257 108.3381 15.71370758  3813
STARLINK-5628           
1 55466U 23015T   23056.55451839  .00064277  00000+0  48959-3 0  9996
2 55466  43.0002 248.6922 0002191 274.6172  85.4446 15.71365784  3812
STARLINK-5679           
1 55467U 23015U   23056.55535839  .00034133  00000+0  26253-3 0  9991
2 55467  42.9996 248.6987 0001580 261.7421  98.3268 15.71368107  3816
STARLINK-5672           
1 55468U 23015V   23056.55483387  .00044055  00000+0  33748-3 0  9993
2 55468  43.0002 248.6945 0002056 252.5525 107.5118 15.71364497  3818
STARLINK-5681           
1 55469U 23015W   23056.55504346  .00034176  00000+0  26300-3 0  9992
2 55469  42.9999 248.6963 0002302 254.8018 105.2595 15.71353280  3810
STARLINK-5708           
1 55470U 23015X   23056.55472947  .00043006  00000+0  32958-3 0  9993
2 55470  43.0004 248.6936 0001910 264.8198  95.2452 15.71363763  3812
STARLINK-5711           
1 55471U 23015Y   23056.55462181  .00059454  00000+0  45327-3 0  9991
2 55471  43.0003 248.6928 0002472 263.5453  96.5134 15.71370609  3815
STARLINK-5705           
1 55472U 23015Z   23056.55420332  .00041252  00000+0  31630-3 0  9993
2 55472  42.9999 248.6907 0002041 261.5543  98.5094 15.71367191  3814
STARLINK-5687           
1 55473U 23015AA  23056.55441323  .00060062  00000+0  45782-3 0  9990
2 55473  42.9998 248.6918 0001986 252.6606 107.4044 15.71372481  3817
STARLINK-5689           
1 55474U 23015AB  23056.61746766 -.00676016  00000+0 -57029-2 0  9997
2 55474  43.0001 248.3045 0002370 265.1496  94.9101 15.70847601  3822
STARLINK-5650           
1 55475U 23015AC  23056.55430795  .00075933  00000+0  57700-3 0  9999
2 55475  43.0005 248.6911 0002270 256.2149 103.8466 15.71363540  3816
STARLINK-5596           
1 55476U 23015AD  23056.58334491 -.00074565  00000+0 -56908-3 0  9990
2 55476  42.9844 247.0999 0002314 275.2213  86.5920 15.71401244  1305
STARLINK-5685           
1 55477U 23015AE  23056.55398640  .00046759  00000+0  35726-3 0  9991
2 55477  43.0005 248.6864 0003196 266.7422  93.3081 15.71401542  3814
STARLINK-5691           
1 55478U 23015AF  23056.55327160  .00035850  00000+0  27614-3 0  9998
2 55478  43.0003 248.6830 0001896 269.6839  90.3812 15.71312919  3813
STARLINK-5688           
1 55479U 23015AG  23056.55409831  .00040096  00000+0  30767-3 0  9996
2 55479  42.9996 248.6900 0001734 256.4268 103.6407 15.71360341  3812
STARLINK-5690           
1 55480U 23015AH  23056.23555418  .00064989  00000+0  49449-3 0  9990
2 55480  43.0003 250.6018 0002272 286.2837  73.7781 15.71386925  3761
STARLINK-5694           
1 55481U 23015AJ  23056.55371545 -.00513761  00000+0 -42504-2 0  9996
2 55481  43.0002 248.6864 0002167 268.7121  91.3499 15.70849152  3814
STARLINK-5693           
1 55482U 23015AK  23056.55265745 -.00154808  00000+0 -12098-2 0  9999
2 55482  42.9999 248.6782 0001784 246.1170 113.9511 15.71144552  3814
STARLINK-5692           
1 55483U 23015AL  23056.61680940 -.00323667  00000+0 -26203-2 0  9999
2 55483  43.0002 248.2982 0003072 253.3731 106.6799 15.70811540  3820
STARLINK-5696           
1 55484U 23015AM  23056.55292201 -.00090965  00000+0 -70548-3 0  9996
2 55484  42.9994 248.6802 0001808 262.9947  97.0715 15.71096106  3818
STARLINK-5695           
1 55485U 23015AN  23056.55343719  .00074218  00000+0  56091-3 0  9996
2 55485  42.9998 248.6846 0006186 263.5703  96.4461 15.71480243  3812
STARLINK-5704           
1 55486U 23015AP  23056.55299583 -.00215579  00000+0 -17104-2 0  9996
2 55486  43.0005 248.6812 0002042 253.3005 106.7638 15.70975742  3819
STARLINK-5701           
1 55487U 23015AQ  23056.55356131  .00046393  00000+0  35468-3 0  9998
2 55487  42.9997 248.6845 0006915 260.4445  99.5641 15.71366087  3814
STARLINK-5706           
1 55488U 23015AR  23056.55231448  .00011951  00000+0  94444-4 0  9994
2 55488  42.9995 248.6754 0002320 296.0669  63.9960 15.71356225  3813
STARLINK-5371           
1 55489U 23015AS  23056.55290691  .01195945  00000+0  78025-2 0  9992
2 55489  43.0002 248.6798 0012263 255.1263 104.8247 15.72542632  3819
STARLINK-5373           
1 55490U 23015AT  23056.55210594 -.00007001  00000+0 -50118-4 0  9999
2 55490  43.0004 248.6741 0002465 255.8982 104.1612 15.71287230  3817
STARLINK-5364           
1 55491U 23015AU  23056.23244369  .00074596  00000+0  56653-3 0  9992
2 55491  42.9996 250.5658 0002115 270.1709  89.8917 15.71383203  3762
STARLINK-5013           
1 55492U 23015AV  23056.23461548  .00076210  00000+0  57888-3 0  9999
2 55492  43.0003 250.5942 0002025 262.9749  97.0889 15.71371894  3765
STARLINK-5362           
1 55493U 23015AW  23056.55220764  .00035988  00000+0  27640-3 0  9998
2 55493  43.0003 248.6735 0002039 280.7757  79.2881 15.71380002  3817
STARLINK-5344           
1 55494U 23015AX  23056.55200030 -.00011911  00000+0 -87629-4 0  9999
2 55494  43.0005 248.6728 0001934 263.5280  96.5367 15.71322630  3819
STARLINK-5100           
1 55495U 23015AY  23056.55252366  .00066429  00000+0  50531-3 0  9992
2 55495  43.0000 248.6762 0001313 262.3640  97.7079 15.71387197  3813
STARLINK-5139           
1 55496U 23015AZ  23056.55167981  .00047464  00000+0  36277-3 0  9990
2 55496  43.0005 248.6695 0001920 261.6043  98.4607 15.71391589  3812
STARLINK-5363           
1 55497U 23015BA  23056.55188862  .00058119  00000+0  44282-3 0  9996
2 55497  43.0004 248.6719 0002387 259.2087 100.8512 15.71393425  3812
STARLINK-5365           
1 55498U 23015BB  23056.55157366  .00056333  00000+0  42954-3 0  9992
2 55498  42.9997 248.6699 0002198 255.8571 104.2053 15.71386581  3812
STARLINK-5366           
1 55499U 23015BC  23056.55136403  .00033523  00000+0  25770-3 0  9995
2 55499  43.0005 248.6669 0002175 252.7449 107.3181 15.71387424  4563
STARLINK-5141           
1 55500U 23015BD  23056.55176635  .00054019  00000+0  41347-3 0  9990
2 55500  43.0000 248.6711 0001621 251.6541 108.4150 15.71311691  3813
STARLINK-5367           
1 55501U 23015BE  23056.55146896  .00067348  00000+0  51178-3 0  9999
2 55501  42.9999 248.6687 0002054 252.0254 108.0390 15.71405403  3815
FALCON 9 DEB            
1 55502U 23015BF  23056.58884704  .00266500  33709-4  89680-3 0  9997
2 55502  42.9876 246.2676 0015997 309.3498  50.5958 15.89083799  3841
FALCON 9 DEB            
1 55503U 23015BG  23056.57774921  .00281250  37101-4  88308-3 0  9991
2 55503  42.9837 246.1694 0018237 306.8615  53.0587 15.90361699  3847
FALCON 9 DEB            
1 55504U 23015BH  23056.56158816  .00264571  34061-4  78836-3 0  9994
2 55504  42.9807 246.0254 0018685 319.9355  40.0141 15.91366572  3847
FALCON 9 DEB            
1 55505U 23015BJ  23056.56174465  .00270910  35224-4  81695-3 0  9996
2 55505  42.9772 246.0227 0020438 316.4954  43.4308 15.91070896  3848
ELEKTRO-L 4             
1 55506U 23016A   23056.33095259 -.00000061  00000+0  00000+0 0  9991
2 55506   0.5152 285.5171 0037417  49.4935  95.4655  1.00714496   209
BLOCK DM-SL R/B         
1 55507U 23016B   23055.75183868 -.00000120  00000+0  00000+0 0  9997
2 55507   0.3917 275.8974 0096331  29.7563  53.4207  1.03219017   207
AMAZONAS NEXUS          
1 55508U 23017A   23055.30622295 -.00000431  00000+0  00000+0 0  9997
2 55508  18.8982 348.7636 7745099 183.0157 165.2403  1.08590625   214
FALCON 9 R/B            
1 55509U 23017B   23048.05522156  .00001006  00000+0  23504-2 0  9992
2 55509  24.9411 349.6435 8170614 181.2257 173.4294  1.25162264   126
PROGRESS-MS 22          
1 55560U 23018A   23056.53869213  .00017279  00000+0  31735-3 0  9995
2 55560  51.6393 161.5584 0005574  27.5318 153.0177 15.49326803384478
EOS-7                   
1 55562U 23019A   23056.82792399  .00023341  00000+0  54253-3 0  9997
2 55562  37.1863  16.1860 0007481 103.7783 340.9514 15.41514763  2403
AZAADISAT-2             
1 55563U 23019B   23056.34684129  .00032797  00000+0  72454-3 0  9994
2 55563  37.1846  19.0288 0011546 124.8425 235.3422 15.42903842  2344
JANUS-1                 
1 55564U 23019C   23056.34842833  .00071305  00000+0  15408-2 0  9996
2 55564  37.1858  19.0449 0008423 131.3247 228.8238 15.43379353  2349
SS3 R/B                 
1 55565U 23019D   23056.35518068  .00029049  00000+0  51428-3 0  9999
2 55565  37.1851  18.1432 0038907 112.6697 247.8185 15.48563086  2341
VTM R/B                 
1 55566U 23019E   23056.33391721  .00018142  00000+0  29400-3 0  9990
2 55566  37.9015  19.9557 0050452 137.6624 222.8061 15.50619520  2349
2023-019F               
1 55567U 23019F   23056.34165469  .00434163  00000+0  43504-2 0  9995
2 55567  37.1847  17.0699 0041751 126.9451 233.5149 15.62207507  1865
2023-019G               
1 55568U 23019G   23056.29628558  .00313479  00000+0  36144-2 0  9991
2 55568  37.1924  17.6595 0042634 123.9388 236.5441 15.58930161  2346
STARLINK-5749           
1 55569U 23020A   23055.10459642  .00062552  00000+0  47762-3 0  9991
2 55569  42.9992 284.6016 0002051 255.1852 104.8789 15.71317379  2957
STARLINK-5737           
1 55570U 23020B   23055.67677910  .00025388  00000+0  19663-3 0  9990
2 55570  42.9992 281.1529 0001694 261.5988  98.4688 15.71334308  1971
STARLINK-5739           
1 55571U 23020C   23056.00001157  .00020202  00000+0  15720-3 0  9993
2 55571  42.9990 279.2011 0001919 279.2511 112.7235 15.71343487  1305
STARLINK-5732           
1 55572U 23020D   23055.61279608  .00018550  00000+0  14512-3 0  9999
2 55572  43.0001 281.5329 0002459 245.4697 114.5915 15.71265760  1963
STARLINK-5738           
1 55573U 23020E   23055.61289937  .00057754  00000+0  44064-3 0  9990
2 55573  42.9991 281.5335 0002628 251.5508 108.5074 15.71362368  1965
STARLINK-5747           
1 55574U 23020F   23055.67600752  .00068396  00000+0  51790-3 0  9997
2 55574  42.9999 281.1470 0002141 251.5197 108.5438 15.71484189  1975
STARLINK-5745           
1 55575U 23020G   23055.61268987  .00059634  00000+0  45619-3 0  9990
2 55575  42.9993 281.5308 0002034 260.1684  99.8954 15.71289629  1968
STARLINK-5751           
1 55576U 23020H   23055.67094667  .00068466  00000+0  48128-3 0  9990
2 55576  43.0002 281.1052 0003366 286.7680  73.2819 15.73230150  1977
STARLINK-5752           
1 55577U 23020J   23055.61258067  .00034202  00000+0  26334-3 0  9997
2 55577  42.9991 281.5293 0002034 252.5694 107.4952 15.71340727  1968
STARLINK-5713           
1 55578U 23020K   23055.61216343  .00074056  00000+0  56275-3 0  9997
2 55578  42.9996 281.5277 0002373 248.9550 111.1064 15.71371399  1967
STARLINK-5754           
1 55579U 23020L   23055.61142472  .00051529  00000+0  39353-3 0  9997
2 55579  42.9991 281.5212 0002585 237.6409 122.4208 15.71379400  1961
STARLINK-5757           
1 55580U 23020M   23055.66647626  .00076533  00000+0  51354-3 0  9992
2 55580  42.9998 281.0707 0003715 290.2952  69.7518 15.74270156  1977
STARLINK-5753           
1 55581U 23020N   23055.61225400  .00056352  00000+0  42898-3 0  9990
2 55581  42.9994 281.5288 0002229 269.5340  90.5273 15.71425468  1966
STARLINK-5741           
1 55582U 23020P   23055.66880420  .00079707  00000+0  54789-3 0  9996
2 55582  42.9995 281.0889 0002222 256.9565 103.1055 15.73701802  1973
STARLINK-5742           
1 55583U 23020Q   23055.67541227  .00055917  00000+0  42650-3 0  9998
2 55583  42.9991 281.1420 0002288 258.9382 101.1228 15.71381411  1971
STARLINK-5736           
1 55584U 23020R   23056.00001157  .00015398  00000+0  12063-3 0  9994
2 55584  43.0000 279.1831 0002238 260.1634 139.5330 15.71358621  1301
STARLINK-5769           
1 55585U 23020S   23055.66819325  .00257907  00000+0  17225-2 0  9998
2 55585  42.9998 281.0835 0003320 257.6283 102.4214 15.73779153  1978
STARLINK-5767           
1 55586U 23020T   23055.61132198  .00034748  00000+0  26727-3 0  9994
2 55586  42.9997 281.5221 0002275 259.1148 100.9464 15.71358493  1964
STARLINK-5727           
1 55587U 23020U   23055.67509754  .00019950  00000+0  15525-3 0  9999
2 55587  42.9994 281.1392 0002082 262.7803  97.2828 15.71349221  1973
STARLINK-5728           
1 55588U 23020V   23055.61100706  .00036931  00000+0  28377-3 0  9995
2 55588  43.0000 281.5194 0002936 262.7075  97.3459 15.71356851  1964
STARLINK-5697           
1 55589U 23020W   23055.61122160  .00039520  00000+0  30357-3 0  9992
2 55589  42.9995 281.5205 0002131 272.3485  87.7138 15.71340006  1960
STARLINK-5762           
1 55590U 23020X   23055.61079689  .00054910  00000+0  41905-3 0  9992
2 55590  43.0002 281.5172 0002633 251.5071 108.5510 15.71374098  1967
STARLINK-5760           
1 55591U 23020Y   23055.61111444  .00069568  00000+0  52931-3 0  9995
2 55591  42.9995 281.5194 0002149 290.8920  69.1717 15.71364169  1961
STARLINK-5759           
1 55592U 23020Z   23055.67414795  .00053008  00000+0  40491-3 0  9997
2 55592  43.0002 281.1321 0002744 249.3445 110.7129 15.71364160  1975
STARLINK-5703           
1 55593U 23020AA  23055.61089261  .00065608  00000+0  49865-3 0  9991
2 55593  42.9997 281.5177 0003110 220.0890 139.9748 15.71407463  1961
STARLINK-5750           
1 55594U 23020AB  23055.67404709  .00042002  00000+0  32228-3 0  9994
2 55594  42.9997 281.1311 0001702 256.5460 103.5218 15.71344051  1973
STARLINK-5740           
1 55595U 23020AC  23055.67425457  .00039311  00000+0  30200-3 0  9995
2 55595  42.9995 281.1326 0002631 243.7081 116.3516 15.71337942  1971
STARLINK-5729           
1 55596U 23020AD  23055.67373020  .00059066  00000+0  45100-3 0  9998
2 55596  43.0001 281.1292 0002449 278.2917  81.7673 15.71336851  1979
STARLINK-5743           
1 55597U 23020AE  23055.66676814  .00064575  00000+0  44721-3 0  9994
2 55597  43.0010 281.0725 0002707 265.1038  94.9522 15.73600484  1973
STARLINK-5756           
1 55598U 23020AF  23055.66009721  .00068839  00000+0  44283-3 0  9992
2 55598  43.0010 281.0197 0003585 279.1273  80.9191 15.75278462  1974
STARLINK-5761           
1 55599U 23020AG  23056.58334491  .00072255  00000+0  55092-3 0  9997
2 55599  43.0006 275.2248 0002087 253.3644  25.6161 15.71300868  1306
STARLINK-5755           
1 55600U 23020AH  23055.67330705  .00043166  00000+0  33055-3 0  9997
2 55600  43.0004 281.1258 0002423 241.9544 118.1079 15.71379918  1971
STARLINK-5744           
1 55601U 23020AJ  23055.67361754  .00037213  00000+0  28570-3 0  9998
2 55601  43.0001 281.1278 0003008 264.9003  95.1521 15.71373519  1973
STARLINK-5764           
1 55602U 23020AK  23056.09110259 -.00055512  00000+0 -31713-3 0  9995
2 55602  43.0000 278.2212 0001455 346.5748  13.5084 15.77930998  2048
STARLINK-5735           
1 55603U 23020AL  23055.67352157  .00039101  00000+0  30051-3 0  9992
2 55603  43.0001 281.1267 0001816 269.8091  90.2568 15.71332268  1972
STARLINK-5748           
1 55604U 23020AM  23055.66971563  .00064220  00000+0  46851-3 0  9995
2 55604  43.0002 281.0964 0001967 260.1360  99.9286 15.72386411  1970
STARLINK-5725           
1 55605U 23020AN  23055.67320408  .00037610  00000+0  28870-3 0  9997
2 55605  42.9997 281.1231 0001839 249.0106 111.0565 15.71376190  1970
STARLINK-5723           
1 55606U 23020AP  23056.58334491  .00212097  24240-4  73147-3 0  9994
2 55606  43.0004 274.4634 0017574  29.8893 193.4965 15.88599754  1300
STARLINK-5700           
1 55607U 23020AQ  23055.67289111  .00044209  00000+0  33912-3 0  9999
2 55607  42.9998 281.1220 0001472 285.7833  74.2872 15.71331810  1979
STARLINK-5726           
1 55608U 23020AR  23056.58334491  .00041169  00000+0  31611-3 0  9999
2 55608  43.0007 275.6265 0001901 253.9531 223.9212 15.71334486  1309
STARLINK-5719           
1 55609U 23020AS  23055.67309628  .00034169  00000+0  26265-3 0  9994
2 55609  42.9997 281.1229 0002737 234.6676 125.3936 15.71379583  1970
STARLINK-5722           
1 55610U 23020AT  23055.67225595  .00038578  00000+0  29614-3 0  9995
2 55610  43.0006 281.1182 0002895 247.1682 112.8881 15.71362728  1977
STARLINK-5730           
1 55611U 23020AU  23055.67235970  .00068502  00000+0  52051-3 0  9995
2 55611  43.0008 281.1182 0002462 234.0917 125.9722 15.71400542  1972
STARLINK-5734           
1 55612U 23020AV  23055.67215278  .00013312  00000+0  10478-3 0  9991
2 55612  43.0002 281.1158 0001523 248.1866 111.8839 15.71360011  1975
STARLINK-5715           
1 55613U 23020AW  23055.67257320  .00073317  00000+0  55685-3 0  9996
2 55613  42.9997 281.1195 0001865 265.8863  94.1791 15.71388164  1979
STARLINK-5714           
1 55614U 23020AX  23055.66841036  .00076102  00000+0  54286-3 0  9990
2 55614  43.0004 281.0877 0003871 280.4642  79.5790 15.72848019  1971
STARLINK-5712           
1 55615U 23020AY  23055.67204460  .00073248  00000+0  55655-3 0  9995
2 55615  43.0005 281.1155 0003293 254.7140 105.3364 15.71375149  1971
STARLINK-5710           
1 55616U 23020AZ  23055.67162264  .00069606  00000+0  52904-3 0  9998
2 55616  43.0004 281.1129 0002815 236.1341 123.9259 15.71387352  1976
STARLINK-5721           
1 55617U 23020BA  23055.67183839 -.00006763  00000+0 -48188-4 0  9997
2 55617  43.0005 281.1135 0001937 279.0655  80.9994 15.71341664  1977
STARLINK-5717           
1 55618U 23020BB  23055.67152573  .00054160  00000+0  41403-3 0  9993
2 55618  43.0008 281.1120 0002146 270.1082  89.9539 15.71339606  1971
STARLINK-5720           
1 55619U 23020BC  23055.67142647  .00087602  00000+0  66454-3 0  9995
2 55619  43.0006 281.1108 0001979 247.4789 112.5869 15.71352278  1979
STARLINK-5718           
1 55620U 23020BD  23055.67120568  .00062326  00000+0  47452-3 0  9998
2 55620  42.9999 281.1091 0002847 231.3889 128.6724 15.71385237  1978
STARLINK-5709           
1 55621U 23020BE  23055.67172888  .00043449  00000+0  33255-3 0  9992
2 55621  42.9999 281.1120 0001858 272.4208  87.6447 15.71390455  1978
STARLINK-5702           
1 55622U 23020BF  23055.67131262  .00078726  00000+0  59773-3 0  9993
2 55622  43.0001 281.1099 0002219 290.1982  69.8647 15.71370156  1978
STARLINK-5698           
1 55623U 23020BG  23055.67109764  .00067226  00000+0  51131-3 0  9999
2 55623  43.0003 281.1079 0002892 225.0805 134.9829 15.71382726  1979
FALCON 9 DEB            
1 55624U 23020BH  23055.65122527  .00281926  37664-4  83163-3 0  9996
2 55624  43.0094 280.0542 0023510  32.0709 328.1592 15.91366286  1982
FALCON 9 DEB            
1 55625U 23020BJ  23055.64722120  .00319257  46543-4  90604-3 0  9994
2 55625  43.0061 280.0212 0019658  30.3575 329.8435 15.92234733  1987
FALCON 9 DEB            
1 55626U 23020BK  23056.07681294  .00353860  56617-4  90984-3 0  9991
2 55626  43.0015 277.2033 0020557  20.2059 339.9626 15.94039801  2055
FALCON 9 DEB            
1 55627U 23020BL  23056.07582582  .00315488  46368-4  82493-3 0  9994
2 55627  43.0012 277.1928 0019506  20.0733 340.0906 15.93781023  2057
STARLINK-5484           
1 55628U 23021A   23056.58334491 -.01082327  33720-3 -39281-2 0  9995
2 55628  70.0001 128.3229 0010155 200.9626 340.6231 15.88248563  1303
STARLINK-5497           
1 55629U 23021B   23056.58334491 -.01085523  33901-3 -39422-2 0  9995
2 55629  69.9998 128.3228 0009952 202.5139 338.8082 15.88239773  1301
STARLINK-5303           
1 55630U 23021C   23056.58334491 -.01086264  33950-3 -39423-2 0  9995
2 55630  69.9999 128.3224 0009582 206.2221 335.6922 15.88259451  1305
STARLINK-5558           
1 55631U 23021D   23056.58334491 -.01084370  33862-3 -39224-2 0  9993
2 55631  69.9998 128.3203 0009746 203.7591 339.7017 15.88323305  1306
STARLINK-5546           
1 55632U 23021E   23056.58334491 -.01087171  34010-3 -39416-2 0  9995
2 55632  69.9997 128.3217 0009474 206.3536 336.0715 15.88281810  1306
STARLINK-5498           
1 55633U 23021F   23056.58334491 -.01088753  34106-3 -39452-2 0  9999
2 55633  69.9998 128.3212 0009418 207.2888 335.3849 15.88293884  1305
STARLINK-5500           
1 55634U 23021G   23056.58334491 -.01086354  33959-3 -39410-2 0  9994
2 55634  69.9998 128.3221 0009403 207.8424 334.3154 15.88270770  1309
STARLINK-5495           
1 55635U 23021H   23056.58334491 -.01077836  33498-3 -38809-2 0  9999
2 55635  69.9997 128.3192 0012416 199.7956 344.6887 15.88363155  1300
STARLINK-5218           
1 55636U 23021J   23056.58334491 -.01083209  33791-3 -39205-2 0  9998
2 55636  69.9998 128.3207 0009718 205.0945 338.1093 15.88311773  1305
STARLINK-5062           
1 55637U 23021K   23056.58334491 -.01087055  34035-3 -39215-2 0  9995
2 55637  69.9997 128.3188 0009672 204.4158 340.3159 15.88379427  1309
STARLINK-5507           
1 55638U 23021L   23056.58334491 -.01087360  34028-3 -39363-2 0  9991
2 55638  69.9996 128.3211 0009986 203.9878 338.9474 15.88303779  1307
STARLINK-5508           
1 55639U 23021M   23056.58334491 -.01087823  34097-3 -39123-2 0  9996
2 55639  69.9997 128.3172 0010072 201.5089 344.4976 15.88434179  1309
STARLINK-5069           
1 55640U 23021N   23056.58334491 -.01089646  34218-3 -39114-2 0  9998
2 55640  69.9998 128.3160 0009779 203.8503 343.1962 15.88477902  1309
STARLINK-5065           
1 55641U 23021P   23056.58334491 -.01084732  33914-3 -39048-2 0  9998
2 55641  69.9998 128.3175 0009707 204.1838 341.5704 15.88421387  1304
STARLINK-5478           
1 55642U 23021Q   23056.58334491 -.01082723  33770-3 -39155-2 0  9996
2 55642  69.9998 128.3201 0009428 207.4775 336.2373 15.88333238  1301
STARLINK-5483           
1 55643U 23021R   23056.58334491 -.01087508  34086-3 -39078-2 0  9998
2 55643  69.9997 128.3166 0009853 203.9615 342.5659 15.88455292  1309
STARLINK-5502           
1 55644U 23021S   23056.58334491 -.01084347  33885-3 -39071-2 0  9996
2 55644  69.9997 128.3182 0009873 202.9333 342.3114 15.88399463  1307
STARLINK-5102           
1 55645U 23021T   23056.58334491 -.01088280  34155-3 -38978-2 0  9993
2 55645  69.9997 128.3143 0009340 207.5829 340.7728 15.88529912  1302
STARLINK-5104           
1 55646U 23021U   23056.58334491 -.01083417  33818-3 -39150-2 0  9999
2 55646  69.9997 128.3194 0008946 213.1511 331.0354 15.88356572  1309
STARLINK-5510           
1 55647U 23021V   23056.58334491 -.01089496  34219-3 -39050-2 0  9998
2 55647  69.9997 128.3150 0009643 205.1599 342.6451 15.88510367  1304
STARLINK-5501           
1 55648U 23021W   23056.58334491 -.01087379  34065-3 -39153-2 0  9990
2 55648  69.9996 128.3179 0009964 202.1339 343.3587 15.88412337  1306
STARLINK-5469           
1 55649U 23021X   23056.58334491 -.01088444  34151-3 -39057-2 0  9994
2 55649  69.9998 128.3155 0009576 205.4364 341.8535 15.88488304  1309
STARLINK-5494           
1 55650U 23021Y   23056.58334491 -.01088042  34114-3 -39130-2 0  9991
2 55650  69.9996 128.3169 0009457 206.3023 339.9558 15.88445184  1306
STARLINK-5506           
1 55651U 23021Z   23056.58334491 -.01084450  33888-3 -39107-2 0  9992
2 55651  69.9998 128.3183 0009390 207.5555 337.3604 15.88390978  1308
STARLINK-5487           
1 55652U 23021AA  23056.58334491 -.01088948  34173-3 -39122-2 0  9994
2 55652  69.9997 128.3163 0009430 206.4900 340.3010 15.88466648  1306
STARLINK-5067           
1 55653U 23021AB  23056.58334491 -.01090373  34274-3 -39056-2 0  9998
2 55653  69.9997 128.3146 0009789 203.5548 344.5231 15.88521125  1304
STARLINK-5070           
1 55654U 23021AC  23056.58334491 -.01083198  33801-3 -39153-2 0  9999
2 55654  69.9997 128.3196 0009273 209.6962 334.2321 15.88345721  1307
STARLINK-5267           
1 55655U 23021AD  23056.58334491 -.01087354  34123-3 -38813-2 0  9998
2 55655  69.9997 128.3125 0009561 205.5022 344.3698 15.88594326  1308
STARLINK-5326           
1 55656U 23021AE  23056.58334491 -.01088986  34200-3 -38975-2 0  9996
2 55656  69.9997 128.3140 0009525 206.1511 342.4463 15.88541539  1303
STARLINK-5328           
1 55657U 23021AF  23056.58334491 -.01087182  34106-3 -38845-2 0  9995
2 55657  69.9996 128.3130 0009682 204.6723 344.6971 15.88572501  1305
STARLINK-5307           
1 55658U 23021AG  23056.58334491 -.01088001  34129-3 -39023-2 0  9991
2 55658  69.9997 128.3153 0009489 206.4406 341.0988 15.88499017  1304
STARLINK-5477           
1 55659U 23021AH  23056.58334491 -.01087427  34124-3 -38830-2 0  9993
2 55659  69.9997 128.3127 0009722 204.5862 345.0155 15.88584141  1304
STARLINK-5467           
1 55660U 23021AJ  23056.58334491 -.01088161  34155-3 -38910-2 0  9994
2 55660  69.9997 128.3137 0009992 202.1516 346.7028 15.88551761  1305
STARLINK-5475           
1 55661U 23021AK  23056.58334491 -.01088954  34223-3 -38824-2 0  9995
2 55661  69.9997 128.3118 0009648 204.6687 345.7068 15.88616960  1305
STARLINK-5479           
1 55662U 23021AL  23056.58334491 -.01089421  34232-3 -38951-2 0  9997
2 55662  69.9997 128.3135 0009460 206.5158 342.5974 15.88563128  1309
STARLINK-5473           
1 55663U 23021AM  23056.58334491 -.01091108  34366-3 -38798-2 0  9990
2 55663  69.9996 128.3102 0009627 204.5942 347.0892 15.88670791  1301
STARLINK-5480           
1 55664U 23021AN  23056.58334491 -.01088478  34191-3 -38836-2 0  9996
2 55664  69.9997 128.3122 0009436 207.7121 342.4249 15.88605420  1309
STARLINK-5474           
1 55665U 23021AP  23056.58334491 -.01089882  34284-3 -38818-2 0  9990
2 55665  69.9996 128.3112 0009540 205.6470 345.2325 15.88639139  1308
STARLINK-5457           
1 55666U 23021AQ  23056.58334491 -.01088809  34225-3 -38721-2 0  9997
2 55666  69.9997 128.3110 0010706 196.4019 354.7502 15.88648737  1306
STARLINK-5456           
1 55667U 23021AR  23056.58334491 -.01090428  34330-3 -38760-2 0  9998
2 55667  69.9996 128.3099 0009406 207.5609 344.3616 15.88681560  1308
STARLINK-5455           
1 55668U 23021AS  23056.58334491 -.01088790  34217-3 -38804-2 0  9991
2 55668  69.9998 128.3115 0009446 207.4255 343.2032 15.88627649  1308
STARLINK-5459           
1 55669U 23021AT  23056.58334491 -.01089171  34249-3 -38754-2 0  9995
2 55669  69.9996 128.3105 0009517 206.4517 344.9597 15.88659452  1306
STARLINK-5423           
1 55670U 23021AU  23056.58334491 -.01090606  34344-3 -38732-2 0  9994
2 55670  69.9995 128.3098 0009804 203.0265 349.1418 15.88692655  1301
STARLINK-5460           
1 55671U 23021AV  23056.58334491 -.01091077  34393-3 -38626-2 0  9994
2 55671  69.9995 128.3077 0009751 203.7791 349.9066 15.88757330  1300
STARLINK-5461           
1 55672U 23021AW  23056.58334491 -.01090591  34361-3 -38629-2 0  9993
2 55672  69.9997 128.3082 0009801 204.1552 349.2915 15.88745896  1305
STARLINK-5463           
1 55673U 23021AX  23056.58334491 -.01091025  34375-3 -38712-2 0  9995
2 55673  69.9996 128.3089 0009610 205.1687 347.5136 15.88714125  1307
STARLINK-5462           
1 55674U 23021AY  23056.58334491 -.01090361  34344-3 -38640-2 0  9994
2 55674  69.9996 128.3085 0009846 203.7483 349.4426 15.88735134  1309
STARLINK-5232           
1 55675U 23021AZ  23056.58334491 -.01091359  34391-3 -38737-2 0  9992
2 55675  69.9996 128.3092 0009854 202.7579 349.6846 15.88703187  1303
STARLINK-5300           
1 55676U 23021BA  23056.58334491 -.01089785  34321-3 -38559-2 0  9998
2 55676  69.9996 128.3076 0009793 203.9952 349.9359 15.88767491  1306
STARLINK-5324           
1 55677U 23021BB  23056.58334491 -.01090768  34381-3 -38573-2 0  9994
2 55677  69.9995 128.3071 0009825 203.2873 350.9254 15.88777880  1301
STARLINK-5314           
1 55678U 23021BC  23056.58334491 -.01090482  34347-3 -38680-2 0  9999
2 55678  69.9996 128.3088 0009364 207.2119 345.7158 15.88724740  1308
FALCON 9 DEB            
1 55679U 23021BD  23056.56928544  .01366005  40783-5  88156-3 0  9998
2 55679  69.9811 128.0364 0053790 148.4978 211.9480 16.13651145  1578
FALCON 9 DEB            
1 55680U 23021BE  23056.56590690  .01466117  40912-5  92203-3 0  9994
2 55680  69.9834 128.0259 0046977 151.2954 209.0866 16.14781238  1577
FALCON 9 DEB            
1 55681U 23021BF  23056.55896567  .01728385  41099-5  92765-3 0  9994
2 55681  69.9858 128.0034 0043182 145.3857 215.0188 16.17219572  1570
FALCON 9 DEB            
1 55682U 23021BG  23056.55954124  .01582565  41023-5  87551-3 0  9991
2 55682  69.9863 128.0066 0046295 148.0565 212.3477 16.16496854  1576
INMARSAT 6-F2           
1 55683U 23022A   23056.29441088  .00000085  00000+0  44219-3 0  9993
2 55683  26.9663  50.3509 7528054 168.8465 230.4093  1.91741644    88
FALCON 9 R/B            
1 55684U 23022B   23054.20513770  .00004138  00000+0  82142-3 0  9991
2 55684  27.0097  50.8510 7585176 167.9677 234.9043  1.92284920    75
DRUMS TARGET-1          
1 55685U 21102M   23056.15827508  .00016523  00000+0  11747-2 0  9995
2 55685  97.5003 112.8954 0021139  84.0178 276.3457 15.04561468  1037
CHINASAT 26 (ZX 26)     
1 55686U 23023A   23054.65327030 -.00090925  00000+0 -14966-1 0  9993
2 55686  27.8958 327.5208 7292351 179.4456 119.0028  2.27947088    01
CZ-3B R/B               
1 55687U 23023B   23055.75585878  .00001253 -87120-7  10000-3 0  9990
2 55687  27.9224 326.9655 7225668 179.5385 348.6987  2.37970374    39
SOYUZ-MS 23             
1 55688U 23024A   23056.39121075  .00016339  11072-4  78939-4 0  9994
2 55688  51.6355 162.4492 0026400 347.6113  12.4215 15.85311676   192
SL-4 R/B                
1 55689U 23024B   23056.56425789  .04367076  12270-4  63754-3 0  9993
2 55689  51.6540 161.1687 0014145  59.9320  61.3681 16.33441473   257
2023-025A               
1 55690U 23025A   23056.48130811 -.00024228  00000+0 -10200-2 0  9993
2 55690  97.4722 130.3898 0010463 242.8937 236.7173 15.23329909   180
2023-025B               
1 55691U 23025B   23056.55053030 -.00000078  00000+0  00000+0 0  9999
2 55691  97.6005 130.6136 0065498 278.5406 192.3384 15.17482175   190
2023-025C               
1 55692U 23025C   23056.48897088  .00016225  00000+0  80010-3 0  9994
2 55692  97.6570 130.3587 0093651 223.3691 255.5310 15.14156108   205
2023-025D               
1 55693U 23025D   23056.48932495  .00061816  00000+0  30540-2 0  9995
2 55693  97.2442 130.4045 0096022 222.2528 255.7690 15.13597410   186
