2022-002A               
1 50984U 22002A   22040.45460377  .00010003  00000+0  55149-3 0  9996
2 50984  97.5022 109.7331 0015665 135.5489 224.7003 15.14075138  4068
2022-002B               
1 50985U 22002B   22040.45558123  .00010156  00000+0  56055-3 0  9990
2 50985  97.5064 109.7490 0016016 138.1507 222.0952 15.14026117  4069
UMBRA-02                
1 50986U 22002C   22041.46937872  .00011913  00000+0  68035-3 0  9998
2 50986  97.5035 110.6837 0011416 139.7649 220.4429 15.12814744  4214
FOSSASAT-2E4            
1 50987U 22002D   22040.45543721  .00013411  00000+0  73724-3 0  9999
2 50987  97.5062 109.7487 0015704 138.0205 222.2233 15.14104473  4068
2022-002E               
1 50988U 22002E   22041.14020878  .00004674  00000+0  27121-3 0  9991
2 50988  97.4984 110.3372 0011044 137.8359 222.3723 15.12582508  4165
2022-002F               
1 50989U 22002F   22040.47953013  .00005679  00000+0  32914-3 0  9995
2 50989  97.4999 109.6901 0011105 138.8195 221.3875 15.12530279  4062
2022-002G               
1 50990U 22002G   22040.45559831  .00012033  00000+0  66314-3 0  9998
2 50990  97.5028 109.7338 0015659 134.4755 225.7759 15.14040442  4064
FOSSASAT-2E6            
1 50991U 22002H   22040.45836736  .00010894  00000+0  60361-3 0  9990
2 50991  97.5077 109.7504 0015432 139.9871 220.2501 15.13879443  4067
FLOCK 4X-8              
1 50992U 22002J   22041.46477261  .00003435  00000+0  19862-3 0  9990
2 50992  97.5045 110.6995 0012875 144.5191 215.6899 15.12870645  4212
ION SCV-004             
1 50993U 22002K   22040.80968568  .00001781  00000+0  10596-3 0  9990
2 50993  97.5037 110.0309 0011938 139.6893 220.5225 15.12478911  4117
FLOCK 4X-44             
1 50994U 22002L   22040.47311923  .00004735  00000+0  27249-3 0  9996
2 50994  97.5068 109.7303 0013072 146.6259 213.5798 15.12853265  4066
MDASAT-1A               
1 50995U 22002M   22040.74423940  .00004305  00000+0  25067-3 0  9999
2 50995  97.4985 109.9450 0011118 137.3613 222.8483 15.12494402  4102
FLOCK 4X-2              
1 50996U 22002N   22041.46473392  .00003698  00000+0  21352-3 0  9993
2 50996  97.5058 110.7036 0013094 143.4102 216.8026 15.12877391  4211
FLOCK 4X-20             
1 50997U 22002P   22040.47251976  .00003138  00000+0  18181-3 0  9991
2 50997  97.5056 109.7276 0013003 147.8804 212.3222 15.12870596  4063
2022-002Q               
1 50998U 22002Q   22040.73571510  .00005954  00000+0  34019-3 0  9996
2 50998  97.4977 109.9542 0012723 135.9077 224.3170 15.13008450  4104
2022-002R               
1 50999U 22002R   22041.46316937  .00005968  00000+0  34090-3 0  9992
2 50999  97.4977 110.6689 0012775 133.3772 226.8525 15.13019033  4219
FLOCK 4X-30             
1 51000U 22002S   22040.73642747  .00003068  00000+0  17761-3 0  9991
2 51000  97.5004 109.9622 0013268 138.5734 221.6505 15.12909537  4101
FOSSASAT-2E5            
1 51001U 22002T   22040.45891781  .00012657  00000+0  70056-3 0  9995
2 51001  97.5079 109.7508 0015259 140.5809 219.6536 15.13879254  4062
KEPLER-18 (BLIP-A)      
1 51002U 22002U   22040.47098333  .00005853  00000+0  33454-3 0  9991
2 51002  97.4998 109.7022 0013039 138.8281 221.3936 15.13000049  4063
FLOCK 4X-22             
1 51003U 22002V   22040.73561914  .00003249  00000+0  18761-3 0  9992
2 51003  97.5039 109.9842 0012964 148.3507 211.8506 15.12960785  4109
FLOCK 4X-5              
1 51004U 22002W   22040.47097618  .00005473  00000+0  31323-3 0  9999
2 51004  97.5015 109.7078 0013469 141.2953 218.9246 15.12976222  4068
FLOCK 4X-41             
1 51005U 22002X   22040.73536175  .00005610  00000+0  32096-3 0  9996
2 51005  97.4995 109.9621 0013134 137.2233 223.0023 15.12981374  4105
FLOCK 4X-3              
1 51006U 22002Y   22040.73509048  .00003243  00000+0  18711-3 0  9994
2 51006  97.5055 109.9887 0013642 145.0631 215.1498 15.12984701  4106
FLOCK 4X-18             
1 51007U 22002Z   22041.13182328  .00002599  00000+0  15069-3 0  9994
2 51007  97.5018 110.3589 0013810 139.8413 220.3841 15.12988266  4163
ICEYE-X16               
1 51008U 22002AA  22041.49329184  .00003810  00000+0  22132-3 0  9993
2 51008  97.5022 110.7037 0012180 137.2520 353.2028 15.12644767  4215
FLOCK 4X-37             
1 51009U 22002AB  22040.73486624  .00003463  00000+0  19946-3 0  9996
2 51009  97.5063 109.9919 0013809 144.4095 215.8060 15.12996277  4109
FLOCK 4X-15             
1 51010U 22002AC  22040.46921286  .00005615  00000+0  32017-3 0  9991
2 51010  97.5068 109.7344 0013910 144.2309 215.9856 15.13092445  4069
FLOCK 4X-29             
1 51011U 22002AD  22040.73368660  .00004289  00000+0  24553-3 0  9995
2 51011  97.5007 109.9678 0013776 139.0162 221.2107 15.13088308  4101
FLOCK 4X-27             
1 51012U 22002AE  22041.46103424  .00004087  00000+0  23417-3 0  9996
2 51012  97.5050 110.7055 0013906 144.1092 216.1076 15.13085949  4211
2022-002AF              
1 51013U 22002AF  22040.80978985  .00005588  00000+0  32365-3 0  9995
2 51013  97.4979 110.0096 0010910 138.3523 221.8541 15.12560969  4113
2022-002AG              
1 51014U 22002AG  22041.12828766  .00007334  00000+0  41421-3 0  9997
2 51014  97.5140 110.4119 0014458 140.6755 219.5529 15.13325212  4165
FLOCK 4X-12             
1 51015U 22002AH  22041.46066523  .00005561  00000+0  31700-3 0  9999
2 51015  97.5054 110.7051 0014095 139.5166 220.7116 15.13109366  4210
FLOCK 4X-25             
1 51016U 22002AJ  22041.46079220  .00004522  00000+0  25858-3 0  9991
2 51016  97.5038 110.7015 0013657 146.2409 213.9694 15.13098166  4211
FLOCK 4X-1              
1 51017U 22002AK  22041.12985190  .00003335  00000+0  19162-3 0  9999
2 51017  97.5018 110.3634 0014135 139.7612 220.4668 15.13109131  4161
FLOCK 4X-42             
1 51018U 22002AL  22041.13002966  .00002775  00000+0  16015-3 0  9993
2 51018  97.5003 110.3582 0013787 135.6257 224.6081 15.13088790  4162
2022-002AM              
1 51019U 22002AM  22040.46447565  .00012174  00000+0  68025-3 0  9999
2 51019  97.5143 109.7650 0014299 142.8139 217.4085 15.13563110  4061
FLOCK 4X-16             
1 51020U 22002AN  22040.73246341  .00004306  00000+0  24610-3 0  9990
2 51020  97.5005 109.9691 0013984 137.7294 222.5018 15.13140508  4102
LEMUR-2-RAMONAMAE       
1 51021U 22002AP  22040.48305249  .00006515  00000+0  37889-3 0  9992
2 51021  97.5044 109.7066 0010456 150.1624 210.0205 15.12355401  4061
LEMUR-2-KING-JULIEN     
1 51022U 22002AQ  22041.40951874  .00006925  00000+0  40267-3 0  9996
2 51022  97.5023 110.6080 0010284 145.2450 214.9454 15.12343209  4205
FLOCK 4X-38             
1 51023U 22002AR  22040.13726566  .00007090  00000+0  40255-3 0  9995
2 51023  97.5055 109.4062 0014147 145.6700 214.5448 15.13150915  4010
FLOCK 4X-32             
1 51024U 22002AS  22041.12917470  .00003266  00000+0  18754-3 0  9992
2 51024  97.5059 110.3831 0014265 139.3324 220.8975 15.13147956  4165
GRIZU-263A              
1 51025U 22002AT  22040.46559479  .00009410  00000+0  52894-3 0  9990
2 51025  97.5150 109.7656 0014702 142.3768 217.8495 15.13414738  4064
FLOCK 4X-26             
1 51026U 22002AU  22040.73190881  .00000171  00000+0  13275-4 0  9995
2 51026  97.5021 109.9747 0014463 142.3436 217.8811 15.13174497  4103
FLOCK 4X-43             
1 51027U 22002AV  22041.12837554  .00004577  00000+0  26095-3 0  9992
2 51027  97.5016 110.3648 0014341 138.6050 221.6270 15.13190264  4167
FLOCK 4X-13             
1 51028U 22002AW  22041.12815060  .00003687  00000+0  21087-3 0  9998
2 51028  97.5014 110.3650 0014371 137.0209 223.2147 15.13201638  4160
FLOCK 4X-39             
1 51029U 22002AX  22040.73090537  .00003100  00000+0  17783-3 0  9997
2 51029  97.5014 109.9757 0014279 137.1314 223.1033 15.13220513  4108
2022-002AY              
1 51030U 22002AY  22041.07441599  .00002764  00000+0  16218-3 0  9992
2 51030  97.5024 110.2905 0012901 144.2681 215.9566 15.12507521  4158
2022-002AZ              
1 51031U 22002AZ  22040.46486924  .00006579  00000+0  37133-3 0  9993
2 51031  97.5101 109.7524 0014799 141.8928 218.3352 15.13383381  4066
2022-002BA              
1 51032U 22002BA  22040.72453166  .00016241  00000+0  89711-3 0  9991
2 51032  97.4927 109.9515 0012476 128.7608 231.4740 15.13927717  4102
2022-002BB              
1 51033U 22002BB  22040.72886749  .00008576  00000+0  48178-3 0  9993
2 51033  97.5098 110.0117 0014625 141.2726 218.9556 15.13463689  4101
FLOCK 4X-23             
1 51034U 22002BC  22041.46224756  .00004061  00000+0  23316-3 0  9992
2 51034  97.5071 110.7102 0013910 140.1630 220.0625 15.13015293  4219
FLOCK 4X-17             
1 51035U 22002BD  22040.74883609  .00003491  00000+0  20560-3 0  9995
2 51035  97.5052 109.9700 0010142 145.5296 214.6594 15.12224783  4101
LEMUR-2-ROHOVITHSA      
1 51036U 22002BE  22040.74853818  .00004631  00000+0  27110-3 0  9990
2 51036  97.5055 109.9703 0010561 149.4972 210.6875 15.12268829  4104
FLOCK 4X-10             
1 51037U 22002BF  22041.46551789  .00003442  00000+0  19923-3 0  9995
2 51037  97.5066 110.7040 0013162 141.9345 218.2818 15.12829842  4202
MDASAT-1C               
1 51038U 22002BG  22041.14180728  .00003588  00000+0  20978-3 0  9995
2 51038  97.5069 110.3744 0011261 147.1852 213.0080 15.12461894  4160
FLOCK 4X-36             
1 51039U 22002BH  22040.74514185  .00003072  00000+0  18035-3 0  9998
2 51039  97.5066 109.9797 0011413 147.6376 212.5557 15.12423333  4108
FLOCK 4X-21             
1 51040U 22002BJ  22040.74706839  .00002893  00000+0  17053-3 0  9998
2 51040  97.5035 109.9700 0010446 143.5614 216.6329 15.12326180  4109
FLOCK 4X-31             
1 51041U 22002BK  22040.48265486  .00003134  00000+0  18454-3 0  9993
2 51041  97.5009 109.6899 0010583 139.5607 220.6412 15.12304468  4064
FLOCK 4X-34             
1 51042U 22002BL  22040.74735528  .00006024  00000+0  35104-3 0  9994
2 51042  97.5061 109.9752 0010852 148.3013 211.8874 15.12312360  4101
FLOCK 4X-6              
1 51043U 22002BM  22040.74726459  .00003456  00000+0  20311-3 0  9998
2 51043  97.5045 109.9699 0010520 143.8515 216.3428 15.12306392  4106
IRIS-A                  
1 51044U 22002BN  22040.48251797  .00003413  00000+0  20055-3 0  9996
2 51044  97.4995 109.6852 0010504 139.3593 220.8424 15.12312221  4065
FLOCK 4X-28             
1 51045U 22002BP  22041.40808219  .00005259  00000+0  30641-3 0  9999
2 51045  97.5019 110.6039 0011092 134.5944 225.6193 15.12374441  4207
VZLUSAT-3             
1 51046U 22002BQ  22041.14318140  .00003661  00000+0  21442-3 0  9994
2 51046  97.5053 110.3651 0010756 145.1832 215.0104 15.12383692  4161
FLOCK 4X-9              
1 51047U 22002BR  22041.14271546  .00003183  00000+0  18684-3 0  9996
2 51047  97.5061 110.3665 0011276 146.6743 213.5200 15.12402304  4163
FLOCK 4X-35             
1 51048U 22002BS  22041.14305839  .00002532  00000+0  14949-3 0  9997
2 51048  97.4996 110.3385 0010771 139.7693 220.4337 15.12376051  4162
FLOCK 4X-11             
1 51049U 22002BT  22040.74785815  .00002794  00000+0  16508-3 0  9992
2 51049  97.5007 109.9510 0010430 144.4070 215.7858 15.12272553  4106
MDASAT-18               
1 51050U 22002BU  22041.14533197  .00003405  00000+0  20041-3 0  9990
2 51050  97.5065 110.3670 0010420 147.0898 213.0983 15.12265325  4166
2022-002BV              
1 51051U 22002BV  22040.74811311  .00002380  00000+0  14119-3 0  9993
2 51051  97.5009 109.9498 0010225 141.0703 219.1266 15.12262137  4102
FLOCK 4X-40             
1 51052U 22002BW  22040.74903043  .00003050  00000+0  18013-3 0  9990
2 51052  97.5006 109.9482 0010035 143.1486 217.0436 15.12213607  4107
HYPSO-1                 
1 51053U 22002BX  22041.41263436  .00003042  00000+0  18028-3 0  9998
2 51053  97.4972 110.5841 0009789 144.6023 215.5859 15.12097173  4204
LEMUR-2-MIRIWARI        
1 51054U 22002BY  22040.74965186  .00005988  00000+0  34984-3 0  9995
2 51054  97.5045 109.9659 0009714 147.1973 212.9862 15.12234616  4105
FLOCK 4X-33             
1 51055U 22002BZ  22040.74927899  .00008820  00000+0  51312-3 0  9997
2 51055  97.5052 109.9694 0010316 148.4280 211.7571 15.12241417  4109
FLOCK 4X-24             
1 51056U 22002CA  22040.74938718  .00002753  00000+0  16308-3 0  9995
2 51056  97.5012 109.9507 0010083 139.4155 220.7829 15.12191170  4107
KEPLER-16 (ASTRAEUS)    
1 51057U 22002CB  22040.75055496  .00004240  00000+0  24941-3 0  9995
2 51057  97.5015 109.9500 0009680 142.9078 217.2823 15.12150498  4101
LEMUR-2-DJIRANG         
1 51058U 22002CC  22040.48580708  .00005711  00000+0  33441-3 0  9994
2 51058  97.5028 109.6966 0009593 145.3067 214.8791 15.12172226  4062
KEPLER-17 (KARINA)      
1 51059U 22002CD  22040.48623353  .00004408  00000+0  25930-3 0  9995
2 51059  97.5035 109.6983 0009884 150.5882 209.5906 15.12128944  4063
ETV-A1                  
1 51060U 22002CE  22041.57174932  .00001516  00000+0  92011-4 0  9994
2 51060  97.5043 110.7687 0010844 149.2260 346.9973 15.11982171  4228
BRO-5                   
1 51061U 22002CF  22041.56626403  .00003712  00000+0  21959-3 0  9991
2 51061  97.5073 110.7700 0010385 151.6279 314.2431 15.12023881  4227
2022-002CG              
1 51062U 22002CG  22041.14135714  .00004751  00000+0  27606-3 0  9995
2 51062  97.4995 110.3383 0011084 136.4073 223.8035 15.12519040  4168
2022-002CH              
1 51063U 22002CH  22041.14140378  .00004676  00000+0  27182-3 0  9993
2 51063  97.4994 110.3378 0011058 136.3639 223.8468 15.12516196  4169
FLOCK 4X-4              
1 51064U 22002CJ  22041.14218109  .00003851  00000+0  22497-3 0  9990
2 51064  97.5013 110.3444 0011231 137.1470 223.0638 15.12446591  4164
FLOCK 4X-7              
1 51065U 22002CK  22041.14265034  .00002952  00000+0  17357-3 0  9990
2 51065  97.5047 110.3634 0010879 143.5744 216.6229 15.12402444  4168
FLOCK 4X-14             
1 51066U 22002CL  22040.74538337  .00004180  00000+0  24405-3 0  9992
2 51066  97.5076 109.9829 0011533 148.7724 211.4194 15.12417559  4105
DEWASAT-1               
1 51067U 22002CM  22040.42445774  .00003610  00000+0  21463-3 0  9998
2 51067  97.5007 109.6167 0009238 155.0336 205.1343 15.11864449  4054
2022-002CN              
1 51068U 22002CN  22041.41815988  .00002713  00000+0  16253-3 0  9991
2 51068  97.5038 110.6025 0009640 154.0495 206.1221 15.11794598  4206
2022-002CP              
1 51069U 22002CP  22040.47887714  .00005742  00000+0  33240-3 0  9993
2 51069  97.4980 109.6853 0010963 139.5620 220.6427 15.12567208  4067
ICEYE-X14               
1 51070U 22002CQ  22041.48794992  .00004216  00000+0  24285-3 0  9996
2 51070  97.5020 110.7080 0012780 139.2887 345.3093 15.12885121  4219
CAPELLA-8-WHITNEY       
1 51071U 22002CR  22041.46347710  .00015428  00000+0  86948-3 0  9998
2 51071  97.5036 110.6912 0012347 141.8042 218.4067 15.13222643  4217
CAPELLA-7-WHITNEY       
1 51072U 22002CS  22041.46329143  .00015685  00000+0  88334-3 0  9995
2 51072  97.5028 110.6933 0011650 144.4030 215.7981 15.13251480  4210
2022-002CT              
1 51073U 22002CT  22040.70203768  .00014330  00000+0  76453-3 0  9991
2 51073  97.5169 110.0735 0014534 173.9740 186.1669 15.15167876  4109
DELFI-PQ                
1 51074U 22002CU  22040.70721620  .00007203  00000+0  39189-3 0  9990
2 51074  97.5232 110.0870 0014847 171.0032 189.1469 15.14667031  4109
USA 320                 
1 51075U 22002CV  22040.73237011  .00007589  00000+0  43659-3 0  9994
2 51075  97.5033 109.9811 0011748 197.8393 162.2427 15.12683882  4100
2022-002CW              
1 51076U 22002CW  22041.17537685  .00003469  00000+0  19274-3 0  9993
2 51076  97.5029 110.4626 0015315 165.8753 194.2910 15.14274180  4174
USA 321                 
1 51077U 22002CX  22041.45889771  .00013233  00000+0  75803-3 0  9991
2 51077  97.5043 110.6992 0011433 202.2678 157.8058 15.12681537  4217
USA 322                 
1 51078U 22002CY  22040.53507738  .00003907  00000+0  22668-3 0  9998
2 51078  97.5039 109.7859 0011677 202.1516 157.9212 15.12686040  4075
USA 323                 
1 51079U 22002CZ  22040.46549791  .00006836  00000+0  39367-3 0  9994
2 51079  97.5039 109.7251 0011838 198.0533 162.0279 15.12683569  4065
2022-002DA              
1 51080U 22002DA  22041.43469175  .00005196  00000+0  28449-3 0  9998
2 51080  97.5244 110.8092 0014509 168.0596 192.0983 15.14577388  4210
2022-002DB              
1 51081U 22002DB  22041.43504789  .00005518  00000+0  30202-3 0  9998
2 51081  97.5234 110.8056 0014874 167.8948 192.2645 15.14562428  4219
2022-002DC              
1 51082U 22002DC  22040.46280539  .00009320  00000+0  52188-3 0  9997
2 51082  97.4931 109.6898 0012958 129.1180 231.1206 15.13572126  4067
2022-002DD              
1 51083U 22002DD  22040.41786360  .00004291  00000+0  25165-3 0  9993
2 51083  97.5004 109.6250 0010330 148.4958 211.6893 15.12249857  4056
DODONA                  
1 51084U 22002DE  22041.13125194  .00005075  00000+0  28791-3 0  9995
2 51084  97.5042 110.3705 0008546 132.6328 227.5625 15.13376426  4160
VZLUSAT-2               
1 51085U 22002DF  22041.41503871  .00003011  00000+0  18124-3 0  9996
2 51085  97.5033 110.6033 0015743 148.3414 211.8766 15.11480716  4208
LABSAT                  
1 51086U 22002DG  22041.46359166  .00005402  00000+0  30589-3 0  9993
2 51086  97.4972 110.6768 0008634 127.7379 232.4635 15.13408592  4216
STORK-1                 
1 51087U 22002DH  22041.14529217  .00005321  00000+0  31479-3 0  9994
2 51087  97.5090 110.3611 0014750 147.0875 213.1277 15.11779211  4164
STORK-2                 
1 51088U 22002DJ  22041.46857886  .00006733  00000+0  38414-3 0  9990
2 51088  97.4977 110.6693 0011251 127.8461 232.3790 15.13026258  4218
2022-003A               
1 51094U 22003A   22040.71241858  .00007276  00000+0  32488-3 0  9999
2 51094  44.9791  45.8431 0004281  84.2515 275.8792 15.21982120  4083
2022-003B               
1 51095U 22003B   22040.70589593  .00005408  00000+0  24228-3 0  9998
2 51095  44.9826  45.7961 0002566  65.0475 295.0662 15.22317436  4078
2022-003C               
1 51096U 22003C   22041.22588873  .00005024  00000+0  22409-3 0  9990
2 51096  44.9855  42.9181 0001713  46.7581 313.3407 15.22597234  4157
GEARRS-3                
1 51097U 22003D   22041.42118544  .00005037  00000+0  22405-3 0  9997
2 51097  44.9860  41.8450 0002000  34.4256 325.6753 15.22686672  4182
STORK-3                 
1 51098U 22003E   22041.43801878  .00010726  00000+0  45133-3 0  9992
2 51098  44.9893  41.5939 0002663 348.0432 178.2528 15.23577513  4189
LEMUR-2-KRYWE           
1 51099U 22003F   22041.01248271  .00009750  00000+0  41074-3 0  9994
2 51099  44.9912  43.8686 0003642 344.5544  15.5220 15.23630252  4125
STEAMSAT-2              
1 51100U 22003G   22041.27609207  .00014899  00000+0  61704-3 0  9997
2 51100  44.9903  42.4352 0003157 337.4967  38.1446 15.23848335  4151
LAUNCHERONE R/B         
1 51101U 22003H   22040.47424590  .00011052  00000+0  30693-3 0  9990
2 51101  45.0264  44.2198 0052153   0.2685 359.8221 15.35738654  4074
SHIYAN-13 (SY-13)       
1 51102U 22004A   22041.47381039  .00005013  00000+0  23832-3 0  9990
2 51102  98.6726 105.5827 0652344  75.1326 292.1132 14.19591417  3460
CZ-2D R/B               
1 51103U 22004B   22041.11402033  .00005162  00000+0  24217-3 0  9993
2 51103  98.6727 105.2421 0651752  75.8898 291.3785 14.20027534  3373
STARLINK-3366           
1 51104U 22005A   22041.58335648  .00014614  00000+0  10823-3 0  9993
2 51104  53.2167 162.9453 0002008  32.2222  28.5474 15.73228396  4864
STARLINK-3350           
1 51105U 22005B   22041.58335648  .00019929  00000+0  14602-3 0  9997
2 51105  53.2161 162.9578 0002094  28.0231  25.8552 15.73208598  4864
STARLINK-3176           
1 51106U 22005C   22041.58335648  .00019075  00000+0  13998-3 0  9997
2 51106  53.2181 162.9513 0002207  32.1720  25.5001 15.73205774  4860
STARLINK-3368           
1 51107U 22005D   22041.58335648 -.00084472  00000+0 -60177-3 0  9994
2 51107  53.2178 162.9594 0001874  29.7758  23.4260 15.73264870  4864
STARLINK-3362           
1 51108U 22005E   22041.58335648  .00009754  00000+0  73750-4 0  9995
2 51108  53.2161 162.9579 0001946  27.2499  27.1811 15.73228807  4857
STARLINK-3358           
1 51109U 22005F   22041.51095955 -.00165698  00000+0 -11910-2 0  9993
2 51109  53.2162 162.5735 0001575 354.7919   5.3085 15.73365762  4866
STARLINK-3344           
1 51110U 22005G   22041.58335648  .00016285  00000+0  12000-3 0  9995
2 51110  53.2161 162.9550 0002133  24.2828  31.3502 15.73243173  4869
STARLINK-3173           
1 51111U 22005H   22041.58335648  .00003951  00000+0  32520-4 0  9992
2 51111  53.2160 162.9456 0002266  27.3474  32.8017 15.73232368  4863
STARLINK-3374           
1 51112U 22005J   22041.58335648  .00013501  00000+0  10053-3 0  9991
2 51112  53.2178 162.9528 0002155  27.6150  28.8331 15.73182433  4865
STARLINK-3372           
1 51113U 22005K   22041.58335648  .00002532  00000+0  22427-4 0  9993
2 51113  53.2164 162.9492 0002076  28.8115  29.4286 15.73239434  4867
STARLINK-3375           
1 51114U 22005L   22041.58335648 -.00078031  00000+0 -55508-3 0  9998
2 51114  53.2163 162.9564 0002332  30.9548  24.1365 15.73264740  4864
STARLINK-3397           
1 51115U 22005M   22041.58335648  .00002339  00000+0  21046-4 0  9996
2 51115  53.2162 162.9464 0002164  27.0508  32.4222 15.73245122  4866
STARLINK-3243           
1 51116U 22005N   22041.58335648 -.00079619  00000+0 -56681-3 0  9996
2 51116  53.2165 162.9525 0001943  24.9331  32.1112 15.73256706  4867
STARLINK-3391           
1 51117U 22005P   22041.58335648 -.00080665  00000+0 -57411-3 0  9992
2 51117  53.2182 162.9411 0002098  19.8751  42.1802 15.73267296  4865
STARLINK-3394           
1 51118U 22005Q   22041.58335648 -.00072170  00000+0 -51317-3 0  9994
2 51118  53.2173 162.9498 0002109  17.1137  41.8290 15.73244301  4862
STARLINK-3390           
1 51119U 22005R   22041.58335648  .00002157  00000+0  19764-4 0  9992
2 51119  53.2172 162.9384 0002054  33.4729  29.1957 15.73237094  4863
STARLINK-3398           
1 51120U 22005S   22041.58335648  .00001591  00000+0  15738-4 0  9992
2 51120  53.2162 162.9376 0002087  33.1329  30.7809 15.73240213  4865
STARLINK-3399           
1 51121U 22005T   22041.58335648 -.00094854  00000+0 -67675-3 0  9995
2 51121  53.2183 162.9423 0002154  18.6026  42.8120 15.73276072  4861
STARLINK-3373           
1 51122U 22005U   22041.58335648  .00002983  00000+0  25633-4 0  9995
2 51122  53.2181 162.9393 0002067  31.8216  31.4631 15.73237457  4862
STARLINK-3392           
1 51123U 22005V   22041.58335648  .00014910  00000+0  11040-3 0  9995
2 51123  53.2162 162.9360 0002006  28.3163  36.1777 15.73213035  4837
STARLINK-3389           
1 51124U 22005W   22041.58335648  .00011404  00000+0  85492-4 0  9994
2 51124  53.2182 162.9351 0002301  35.7826  29.4469 15.73219690  4865
STARLINK-3387           
1 51125U 22005X   22041.58335648  .00002109  00000+0  19407-4 0  9990
2 51125  53.2164 162.9306 0001968  29.6450  37.4287 15.73248180  4862
STARLINK-3386           
1 51126U 22005Y   22041.58335648 -.00013394  00000+0 -91003-4 0  9993
2 51126  53.2164 162.9339 0001986  26.8916  38.9693 15.73238078  4867
STARLINK-3370           
1 51127U 22005Z   22041.58335648  .00013553  00000+0  10082-3 0  9996
2 51127  53.2171 162.9292 0002147  25.2724  41.2592 15.73201252  4863
STARLINK-3400           
1 51128U 22005AA  22041.58335648 -.00075544  00000+0 -53712-3 0  9994
2 51128  53.2181 162.9227 0002081  24.0793  46.7833 15.73264672  4866
STARLINK-3396           
1 51129U 22005AB  22041.51721467 -.00300237  00000+0 -15855-2 0  9991
2 51129  53.2208 161.8801 0001743  24.7303 335.3803 15.80672370  4872
STARLINK-3395           
1 51130U 22005AC  22041.58335648 -.00071564  00000+0 -50839-3 0  9992
2 51130  53.2180 162.9289 0001965  23.1379  44.5598 15.73263190  4864
STARLINK-3388           
1 51131U 22005AD  22041.58335648  .00014609  00000+0  10825-3 0  9999
2 51131  53.2173 162.9235 0002101  37.8549  31.6741 15.73216852  4862
STARLINK-3393           
1 51132U 22005AE  22041.58335648 -.00079496  00000+0 -56567-3 0  9990
2 51132  53.2171 162.9282 0002111  26.0651  42.9250 15.73266428  4862
STARLINK-3356           
1 51133U 22005AF  22041.58335648  .00011935  00000+0  89284-4 0  9996
2 51133  53.2171 162.9187 0002077  24.0911  47.3475 15.73213759  4862
STARLINK-3183           
1 51134U 22005AG  22040.93905402 -.00225776  00000+0 -16150-2 0  9998
2 51134  53.2125 165.3979 0005053  22.2529 337.8710 15.73641314  4771
STARLINK-3363           
1 51135U 22005AH  22041.58335648  .00017661  00000+0  12985-3 0  9993
2 51135  53.2190 162.9176 0002108  31.4111  40.6384 15.73224523  4868
STARLINK-3253           
1 51136U 22005AJ  22041.49393010 -.00273553  00000+0 -10501-2 0  9998
2 51136  53.2208 161.7234 0000627  11.3000 348.8040 15.87280416  4870
STARLINK-3180           
1 51137U 22005AK  22041.58335648  .00008119  00000+0  62176-4 0  9991
2 51137  53.2177 162.9134 0002096  25.1000  49.6095 15.73213569  4868
STARLINK-3177           
1 51138U 22005AL  22041.58335648  .00017571  00000+0  12932-3 0  9998
2 51138  53.2176 162.9174 0002102  27.8001  44.9908 15.73205398  4862
STARLINK-3172           
1 51139U 22005AM  22041.25001157  .00077629  00000+0  55351-3 0  9990
2 51139  53.2182 164.5592 0001931  33.1541 313.7824 15.73153484  4817
STARLINK-3175           
1 51140U 22005AN  22041.25001157 -.00000871  00000+0 -17826-5 0  9996
2 51140  53.2174 164.5464 0001770  21.9192 322.9322 15.73204176  4816
STARLINK-3179           
1 51141U 22005AP  22041.58335648  .00004148  00000+0  33928-4 0  9997
2 51141  53.2173 162.9076 0002025  21.9161  55.2444 15.73226394  4869
STARLINK-3369           
1 51142U 22005AQ  22041.50688964  .00023885  00000+0  17388-3 0  9992
2 51142  53.2168 163.2932 0002803 354.0507   6.0479 15.73229501  4884
STARLINK-3184           
1 51143U 22005AR  22041.58335648 -.00070882  00000+0 -50361-3 0  9998
2 51143  53.2172 162.9037 0002000  20.1695  58.8931 15.73255972  4867
STARLINK-3185           
1 51144U 22005AS  22041.58335648  .00019441  00000+0  14256-3 0  9994
2 51144  53.2181 162.9103 0002167  26.1011  50.4723 15.73208253  4861
STARLINK-3365           
1 51145U 22005AT  22041.58335648 -.00021069  00000+0 -14575-3 0  9990
2 51145  53.2171 162.9014 0002213  29.9082  49.7969 15.73247513  4868
STARLINK-3354           
1 51146U 22005AU  22041.58335648 -.00066768  00000+0 -47438-3 0  9990
2 51146  53.2164 162.9131 0001984  20.1572  55.1772 15.73232281  4861
STARLINK-3352           
1 51147U 22005AV  22041.58335648 -.00056368  00000+0 -39902-3 0  9993
2 51147  53.2170 162.9040 0002051  34.7282  43.7560 15.73248303  4863
STARLINK-3359           
1 51148U 22005AW  22041.58335648  .00018325  00000+0  13465-3 0  9999
2 51148  53.2184 162.9025 0001995  33.8226  46.5562 15.73208322  4866
STARLINK-3360           
1 51149U 22005AX  22041.58335648  .00015732  00000+0  11627-3 0  9997
2 51149  53.2171 162.8988 0002034  23.8528  57.0612 15.73205445  4865
STARLINK-3357           
1 51150U 22005AY  22041.58335648  .00002209  00000+0  20130-4 0  9994
2 51150  53.2167 162.9087 0002251  33.3787  44.3760 15.73242142  4865
STARLINK-3361           
1 51151U 22005AZ  22041.58335648  .00008322  00000+0  63578-4 0  9990
2 51151  53.2187 162.8956 0001983  21.9517  60.2767 15.73228407  4869
STARLINK-3364           
1 51152U 22005BA  22041.58335648  .00006631  00000+0  51561-4 0  9991
2 51152  53.2163 162.9003 0002024  23.4369  58.1220 15.73233666  4860
L-SAR 01A               
1 51284U 22007A   22041.55078568  .00008711  00000+0  94460-3 0  9996
2 51284  97.8103  50.7329 0002184 108.8467 251.1616 14.88414075  2315
CZ-4C R/B               
1 51285U 22007B   22040.75542172  .00005544  00000+0  24277-3 0  9995
2 51285  97.8461  50.6498 0123679 341.2447  18.4247 15.15763747  2232
CZ-4C DEB               
1 51286U 22007C   22034.95662599  .00313225  00000+0  54619-1 0  9996
2 51286  97.7966  43.7699 0127917 187.2623 183.8710 14.60977212  1314
ASCENT                  
1 51287U 21118E   22037.20605106 -.00000057  00000+0  00000+0 0  9991
2 51287   0.1323 113.8875 0002651 136.3445 187.7236  1.01234817   200
ELSA-D CLIENT           
1 51288U 21022AQ  22041.06634545  .00002700  00000+0  18359-3 0  9990
2 51288  97.5400 303.5991 0017722 210.0362 149.9851 15.07059785  2370
GASPACS                 
1 51439U 98067TB  22041.13998692  .00055681  00000+0  91166-3 0  9998
2 51439  51.6401 245.6264 0007370 125.3323 234.8357 15.51915688  2302
1998-067TC              
1 51440U 98067TC  22041.26591064  .00094406  00000+0  14984-2 0  9996
2 51440  51.6399 244.9679 0007002 128.3930 231.7690 15.52552283  2384
1998-067TD              
1 51441U 98067TD  22041.27251850  .00025119  00000+0  43130-3 0  9995
2 51441  51.6404 245.0112 0008243 130.3979 229.7731 15.50965007  2372
1998-067TE              
1 51442U 98067TE  22041.27107160  .00024643  00000+0  42102-3 0  9999
2 51442  51.6404 245.0013 0008417 136.3352 223.8304 15.51116243  2335
DAILI                   
1 51443U 98067TF  22041.26673848  .00054702  00000+0  89301-3 0  9991
2 51443  51.6401 244.9730 0009334 121.7061 238.4840 15.51987499  2292
CSG-2                   
1 51444U 22008A   22041.32422289  .00060977  00000+0  75210-2 0  9996
2 51444  97.8910 226.8415 0003283 116.5872 243.6206 14.82578409  1381
STARLINK-3167           
1 51460U 22010E   22041.58335648 -.00936778  27907-3 -22553-2 0  9991
2 51460  53.2174 139.2707 0034775 190.3559  13.0818 15.94609796  2321
STARLINK-3181           
1 51461U 22010F   22041.58335648 -.00939831  27660-3 -24814-2 0  9993
2 51461  53.2174 139.3175 0031247 191.9432 344.0201 15.93130402  2381
STARLINK-3166           
1 51462U 22010G   22041.58335648 -.00939785  27656-3 -24837-2 0  9992
2 51462  53.2174 139.3154 0031037 192.1655 344.6617 15.93124251  2355
STARLINK-3419           
1 51463U 22010H   22041.58335648 -.00937573  27943-3 -22657-2 0  9993
2 51463  53.2174 139.2644 0034083 190.1783  16.1341 15.94586071  2328
STARLINK-3189           
1 51464U 22010J   22041.58335648 -.00939619  27652-3 -24804-2 0  9990
2 51464  53.2174 139.3139 0031111 191.9034 345.5269 15.93141426  2335
STARLINK-3401           
1 51465U 22010K   22041.58335648 -.00939331  27635-3 -24769-2 0  9993
2 51465  53.2174 139.3122 0031553 191.6524 346.5885 15.93136548  2388
STARLINK-3178           
1 51467U 22010M   22041.58335648 -.00938383  27986-3 -22759-2 0  9997
2 51467  53.2174 139.2628 0033067 190.9502  16.1054 15.94583682  2384
STARLINK-3174           
1 51468U 22010N   22041.58335648 -.00937524  27946-3 -22657-2 0  9997
2 51468  53.2174 139.2686 0033765 190.5076  13.7639 15.94605158  2381
STARLINK-3182           
1 51469U 22010P   22041.58335648 -.00940032  27672-3 -24822-2 0  9998
2 51469  53.2174 139.3148 0031134 192.0145 345.0433 15.93134889  2388
STARLINK Q              
1 51470U 22010Q   22041.55017690  .01659576  11906-4  42418-3 0  9996
2 51470  53.2076 138.6927 0036512 183.8687 176.3345 16.25999408  1896
STARLINK-3165           
1 51471U 22010R   22041.58335648 -.00870148  26679-3 -13195-2 0  9998
2 51471  53.2176 138.9964 0029900 191.2991 136.4182 16.02879793  2386
STARLINK-3415           
1 51472U 22010S   22041.58335648 -.00937744  27956-3 -22653-2 0  9993
2 51472  53.2175 139.2667 0033977 190.3635  14.7819 15.94599338  2383
FALCON 9 DEB            
1 51473U 22010T   22040.58976424  .00862516  11531-4  58197-3 0  9994
2 51473  53.2078 144.1048 0064826 183.3431 176.7181 16.11197052  1733
FALCON 9 DEB            
1 51474U 22010U   22040.59245444  .01054400  11495-4  72130-3 0  9995
2 51474  53.2060 144.1225 0070566 180.8536 179.2392 16.10199043  1731
FALCON 9 DEB            
1 51475U 22010V   22040.58561088  .01203868  11566-4  73925-3 0  9996
2 51475  53.2098 144.0785 0060485 179.5920 180.5178 16.12966304  1735
FALCON 9 DEB            
1 51476U 22010W   22040.58660153  .01123094  11545-4  71103-3 0  9995
2 51476  53.2110 144.0861 0064035 180.3362 179.7642 16.12101792  1739
LIGHT-1                 
1 51509U 98067TG  22041.27714574  .00019541  00000+0  34032-3 0  9990
2 51509  51.6439 245.0375 0009401 119.5613 240.6259 15.50719768  1116
GT-1                    
1 51510U 98067TH  22041.53461899  .00045655  00000+0  77487-3 0  9996
2 51510  51.6428 243.7568 0008506 126.3235 233.8560 15.50984642  1176
COSMOS 2553             
1 51511U 22011A   22040.59161248 -.00000223  00000+0 -51536-2 0  9993
2 51511  67.0886 222.3250 0003956 266.9167  93.1324 11.32884187   494
