STARLINK-5195           
1 54051U 22136A   22319.91667824  .00122258  00000+0  21311-2 0  9998
2 54051  53.2166  18.5781 0001696  34.3967 138.7467 15.49850494  1303
STARLINK-5189           
1 54052U 22136B   22319.91667824 -.00050586  00000+0 -35772-3 0  9992
2 54052  53.2167  17.2909 0002832  21.2582  66.9171 15.73223229  1305
STARLINK-5176           
1 54053U 22136C   22319.91667824 -.00305978  00000+0 -55689-2 0  9999
2 54053  53.2166  18.5743 0001678  33.0909 141.9642 15.50021292  1304
STARLINK-5163           
1 54054U 22136D   22320.00001157 -.00416519  00000+0 -76456-2 0  9992
2 54054  53.2172  18.1647 0001687  44.8269 239.6106 15.50184140  4653
STARLINK-5158           
1 54055U 22136E   22319.91667824 -.00323432  00000+0 -58996-2 0  9990
2 54055  53.2167  18.5691 0001634  29.5744 147.8751 15.50023322  1300
STARLINK-5226           
1 54056U 22136F   22319.91667824 -.00024517  00000+0 -42533-3 0  9994
2 54056  53.2171  18.5606 0001502  41.3755 139.6173 15.49886677  1305
STARLINK-5216           
1 54057U 22136G   22319.91667824  .00026697  00000+0  27818-3 0  9993
2 54057  53.2157  18.2367 0002816  58.2515 286.1620 15.64381693  1301
STARLINK-5167           
1 54058U 22136H   22319.91667824 -.00000747  00000+0 -52002-5 0  9999
2 54058  53.2176  18.5470 0001763  35.6481 150.9670 15.49885747  1307
STARLINK-5173           
1 54059U 22136J   22319.91667824 -.00000795  00000+0 -60513-5 0  9999
2 54059  53.2176  18.5514 0001191  74.6016 110.1663 15.49885761  1305
STARLINK-5169           
1 54060U 22136K   22320.00001157  .00050198  00000+0  36003-3 0  9999
2 54060  53.2139  16.5094 0002392  13.4016   2.9035 15.73192861  4675
STARLINK-5209           
1 54061U 22136L   22319.91667824 -.00475352  00000+0 -20298-2 0  9990
2 54061  53.2175  16.0415 0005533 212.3634 130.1562 15.85550193  1309
STARLINK-5170           
1 54062U 22136M   22319.91667824  .00004881  00000+0  93915-4 0  9992
2 54062  53.2174  18.5426 0001416 121.5886  67.3941 15.49881830  1301
STARLINK-5225           
1 54063U 22136N   22319.91667824  .00005104  00000+0  97838-4 0  9990
2 54063  53.2175  18.5394 0001636  41.9277 148.9229 15.49881710  1302
STARLINK-5172           
1 54064U 22136P   22319.91667824 -.00057488  00000+0 -40710-3 0  9991
2 54064  53.2136  17.6643 0003940   9.7304 252.9791 15.73237114  1300
STARLINK-5187           
1 54065U 22136Q   22319.91667824 -.00001104  00000+0 -11501-4 0  9993
2 54065  53.2176  18.5320 0001470  47.6855 146.8488 15.49885923  1309
STARLINK-5151           
1 54066U 22136R   22319.91667824 -.00001009  00000+0 -98259-5 0  9994
2 54066  53.2176  18.5351 0001620  40.7221 151.9690 15.49885877  1302
STARLINK-5174           
1 54067U 22136S   22319.91667824 -.00002056  00000+0 -28200-4 0  9996
2 54067  53.2176  18.5247 0004907 276.8161 281.3408 15.49886409  1300
STARLINK-5222           
1 54068U 22136T   22319.91667824 -.00001316  00000+0 -15238-4 0  9992
2 54068  53.2176  18.5278 0001268 114.8339  81.5076 15.49886015  1304
STARLINK-5223           
1 54069U 22136U   22319.91667824 -.00001547  00000+0 -19312-4 0  9996
2 54069  53.2176  18.5099 0001467  47.6623 157.8527 15.49886140  1303
STARLINK-5181           
1 54070U 22136V   22319.91667824 -.00001302  00000+0 -14983-4 0  9996
2 54070  53.2176  18.5205 0001680  38.2815 161.7394 15.49886023  1306
STARLINK-5168           
1 54071U 22136W   22319.91667824 -.00001463  00000+0 -17820-4 0  9998
2 54071  53.2176  18.5136 0001590  41.7578 161.9700 15.49886101  1305
STARLINK-5144           
1 54072U 22136X   22319.91667824 -.00001380  00000+0 -16358-4 0  9992
2 54072  53.2176  18.5167 0001667  38.7236 163.1631 15.49886062  1305
STARLINK-5146           
1 54073U 22136Y   22319.91667824 -.00062702  00000+0 -44486-3 0  9990
2 54073  53.2148  17.7084 0003475  11.7522 233.0607 15.73232071  1304
STARLINK-5192           
1 54074U 22136Z   22319.91667824 -.00001625  00000+0 -20681-4 0  9990
2 54074  53.2176  18.5057 0001452  48.4350 158.9682 15.49886178  1308
STARLINK-5212           
1 54075U 22136AA  22319.91667824 -.00293461  00000+0 -21503-2 0  9994
2 54075  53.2163  17.7051 0003309   8.6198 236.9000 15.73295506  1308
STARLINK-5201           
1 54076U 22136AB  22319.91667824 -.00001697  00000+0 -21952-4 0  9993
2 54076  53.2176  18.5021 0001462  47.8359 161.3766 15.49886212  1304
STARLINK-5171           
1 54077U 22136AC  22319.91667824 -.00059658  00000+0 -42338-3 0  9994
2 54077  53.2150  17.7042 0003437  10.3593 236.9676 15.73205590  1300
STARLINK-5138           
1 54078U 22136AD  22319.91667824 -.00067621  00000+0 -47981-3 0  9993
2 54078  53.2152  17.7073 0003797   9.2972 237.3590 15.73258108  1307
STARLINK-5175           
1 54079U 22136AE  22319.91667824 -.00057600  00000+0 -40817-3 0  9991
2 54079  53.2154  17.7039 0003485  13.8694 233.9658 15.73225454  1303
STARLINK-5160           
1 54080U 22136AF  22319.91667824 -.00060964  00000+0 -43246-3 0  9999
2 54080  53.2152  17.7071 0003094   6.9010 239.1653 15.73226757  1300
STARLINK-5165           
1 54081U 22136AG  22319.91667824 -.00042150  00000+0 -29711-3 0  9998
2 54081  53.2153  17.6984 0003245  12.5349 236.5195 15.73214181  1300
STARLINK-5210           
1 54082U 22136AH  22319.91667824  .00039063  00000+0  28158-3 0  9990
2 54082  53.2152  17.7025 0003447  15.6675 232.7277 15.73184215  1300
STARLINK-5178           
1 54083U 22136AJ  22319.91667824 -.00011867  00000+0 -80128-4 0  9991
2 54083  53.2149  17.6961 0003241   9.2270 242.1339 15.73221262  1305
STARLINK-5183           
1 54084U 22136AK  22319.91667824 -.00072707  00000+0 -51688-3 0  9990
2 54084  53.2150  17.6993 0003612  10.6442 238.9516 15.73244086  1301
STARLINK-5166           
1 54085U 22136AL  22319.91667824 -.00070794  00000+0 -50337-3 0  9995
2 54085  53.2149  17.6943 0003234   7.9818 244.0457 15.73231629  1302
STARLINK-5211           
1 54086U 22136AM  22319.91667824 -.00060329  00000+0 -42743-3 0  9991
2 54086  53.2152  17.6988 0003955   6.0929 244.1106 15.73245437  1303
STARLINK-5184           
1 54087U 22136AN  22319.91667824 -.00032319  00000+0 -22645-3 0  9999
2 54087  53.2152  17.6943 0003638  12.5399 240.0911 15.73217473  1304
STARLINK-5153           
1 54088U 22136AP  22319.91667824 -.00227469  00000+0 -16529-2 0  9995
2 54088  53.2161  17.6938 0003441  11.1519 239.6914 15.73294826  1304
STARLINK-5143           
1 54089U 22136AQ  22320.00001157  .00067805  00000+0  48408-3 0  9995
2 54089  53.2144  17.2778 0004035   1.3554   5.3056 15.73171089  4655
STARLINK-5177           
1 54090U 22136AR  22320.00001157 -.00010680  00000+0 -71772-4 0  9999
2 54090  53.2154  17.2761 0003034   8.5496 357.5192 15.73187803  4656
STARLINK-5221           
1 54091U 22136AS  22320.00001157  .00034887  00000+0  25198-3 0  9993
2 54091  53.2154  17.2763 0004189   3.2249   5.2050 15.73190291  4654
STARLINK-5190           
1 54092U 22136AT  22319.91667824 -.00060194  00000+0 -42646-3 0  9990
2 54092  53.2157  17.6944 0003669   7.7328 245.4565 15.73247050  1306
STARLINK-5213           
1 54093U 22136AU  22319.91667824 -.00033304  00000+0 -23347-3 0  9991
2 54093  53.2154  17.6845 0003678  11.0429 245.7274 15.73221301  1305
STARLINK-5219           
1 54094U 22136AV  22320.00001157  .00000928  00000+0  11049-4 0  9996
2 54094  53.2155  17.2788 0003252  13.3482 353.8541 15.73210557  4651
STARLINK-5193           
1 54095U 22136AW  22319.91667824 -.00247652  00000+0 -18046-2 0  9995
2 54095  53.2162  17.6800 0004165   3.7200 254.2922 15.73284297  1302
STARLINK-5188           
1 54096U 22136AX  22320.00001157  .00003147  00000+0  26840-4 0  9999
2 54096  53.2172  17.2677 0002851  15.0823 352.7312 15.73202094  4652
STARLINK-5197           
1 54097U 22136AY  22320.00001157  .00010372  00000+0  78295-4 0  9999
2 54097  53.2143  17.2270 0003103   7.0222  22.9617 15.73180191  4652
STARLINK-5217           
1 54098U 22136AZ  22320.00001157  .00010504  00000+0  79249-4 0  9997
2 54098  53.2152  17.2716 0002699  11.9385 358.8960 15.73176195  4652
STARLINK-5198           
1 54099U 22136BA  22320.00001157  .00007423  00000+0  57283-4 0  9998
2 54099  53.2152  17.2664 0003340   5.8423   6.7357 15.73193423  4656
STARLINK-5185           
1 54100U 22136BB  22319.91667824 -.00052628  00000+0 -37226-3 0  9991
2 54100  53.2151  17.6850 0002818  12.5867 244.7564 15.73233899  1300
STARLINK-5204           
1 54101U 22136BC  22320.00001157  .00007979  00000+0  61242-4 0  9998
2 54101  53.2156  17.2674 0003589   8.7917   4.3882 15.73191625  4659
STARLINK-5179           
1 54102U 22136BD  22320.00001157  .00066924  00000+0  47801-3 0  9998
2 54102  53.2147  17.2659 0003168   6.4514   5.5887 15.73169197  4651
STARLINK-5200           
1 54103U 22136BE  22319.91667824 -.00021807  00000+0 -15124-3 0  9992
2 54103  53.2145  17.6737 0003029  17.5990 243.9638 15.73209523  1307
STARLINK-5203           
1 54104U 22136BF  22320.00001157  .00048207  00000+0  34614-3 0  9992
2 54104  53.2152  17.2627 0002999  12.9000   1.5058 15.73182016  4658
COSMOS 2561             
1 54109U 22137A   22319.89150734  .00012881  00000+0  21823-3 0  9996
2 54109  97.0755  39.5553 0009125 169.6546 190.4896 15.51614477  3885
COSMOS 2562             
1 54110U 22137B   22319.54604932  .00015507  00000+0  23176-3 0  9995
2 54110  97.0785  39.2691 0018611 190.5400 169.5468 15.54897677  3837
ONEWEB-0490             
1 54113U 22138A   22319.91667824 -.00981216  00000+0 -13500+0 0  9996
2 54113  87.4459 209.0907 0012165 193.3781  77.9524 14.81436903  1304
ONEWEB-0492             
1 54114U 22138B   22319.91667824 -.00989053  00000+0 -14002+0 0  9992
2 54114  87.4434 209.0979 0013190 199.2824  27.7221 14.80256886  1305
ONEWEB-0495             
1 54115U 22138C   22319.91667824 -.00886690  00000+0 -13297+0 0  9991
2 54115  87.4373 209.1174 0013355 218.5489 250.3860 14.77505816  1300
ONEWEB-0497             
1 54116U 22138D   22319.91667824 -.00994017  00000+0 -14417+0 0  9990
2 54116  87.4416 209.1071 0014338 202.8983 351.6777 14.79242378  1307
ONEWEB-0499             
1 54117U 22138E   22319.91667824 -.00950184  00000+0 -13447+0 0  9990
2 54117  87.4448 209.0999 0013422 196.8045  33.2300 14.80145809  1303
ONEWEB-0500             
1 54118U 22138F   22319.91667824 -.00932801  00000+0 -12339+0 0  9996
2 54118  87.4474 209.0808 0010314 191.5533 139.5251 14.82939371  1305
ONEWEB-0501             
1 54119U 22138G   22319.91667824 -.00938736  00000+0 -13755+0 0  9993
2 54119  87.4393 209.1005 0014003 207.7994 313.5811 14.78641891  1304
ONEWEB-0502             
1 54120U 22138H   22320.00001157 -.00897071  00000+0 -12180+0 0  9995
2 54120  87.4471 209.0600 0011619 191.1368 189.9752 14.81730886  4471
ONEWEB-0503             
1 54121U 22138J   22319.91667824 -.00971075  00000+0 -13669+0 0  9993
2 54121  87.4434 209.0946 0013515 196.8821  40.1390 14.80435114  1307
ONEWEB-0504             
1 54122U 22138K   22319.91667824 -.00979448  00000+0 -13150+0 0  9991
2 54122  87.4476 209.0893 0010573 191.6563 126.4081 14.82466678  1308
ONEWEB-0505             
1 54123U 22138L   22320.00001157 -.00892165  00000+0 -13318+0 0  9991
2 54123  87.4387 209.0778 0013546 214.5609 353.7202 14.77714555  4476
ONEWEB-0506             
1 54124U 22138M   22320.00001157 -.00925517  00000+0 -13635+0 0  9992
2 54124  87.4397 209.0833 0015174 215.4804   9.0626 14.78354788  4476
ONEWEB-0507             
1 54125U 22138N   22319.91667824 -.00924962  00000+0 -12043+0 0  9995
2 54125  87.4485 209.0784 0009872 193.4821 166.3573 14.83574224  1304
ONEWEB-0508             
1 54126U 22138P   22319.91667824 -.00945248  00000+0 -12990+0 0  9997
2 54126  87.4473 209.0928 0012631 194.5586  79.4330 14.81366589  1305
ONEWEB-0509             
1 54127U 22138Q   22319.91667824 -.00950399  00000+0 -13823+0 0  9997
2 54127  87.4390 209.1098 0013965 205.9183 333.0763 14.78991609  1306
ONEWEB-0510             
1 54128U 22138R   22319.91667824 -.00024907  00000+0 -24806-2 0  9991
2 54128  87.2276 208.9273 0009267 208.9298 241.0381 14.91845768  1303
ONEWEB-0511             
1 54129U 22138S   22320.00001157 -.00937500  00000+0 -12714+0 0  9999
2 54129  87.4454 209.0637 0011325 191.0291 195.3274 14.81909583  4471
ONEWEB-0512             
1 54130U 22138T   22319.91667824 -.00986799  00000+0 -14374+0 0  9996
2 54130  87.4395 209.0957 0014153 204.6609 339.3132 14.79041385  1304
ONEWEB-0513             
1 54131U 22138U   22320.00001157 -.01123625  00000+0 -33292+0 0  9992
2 54131  87.4987 209.3413 0009840 206.6989 109.2633 14.46578814  4435
ONEWEB-0514             
1 54132U 22138V   22319.91667824 -.00970908  00000+0 -13106+0 0  9995
2 54132  87.4456 209.0831 0011215 193.3826 117.5221 14.82208272  1305
ONEWEB-0515             
1 54133U 22138W   22320.00001157  .00033222  00000+0  32967-2 0  9995
2 54133  87.2102 208.8891 0009656 199.5633 317.8626 14.91576669  4478
ONEWEB-0516             
1 54134U 22138X   22319.91667824 -.00964707  00000+0 -13121+0 0  9994
2 54134  87.4462 209.0900 0011314 192.2614  98.8627 14.81874238  1305
ONEWEB-0517             
1 54135U 22138Y   22319.91667824 -.00940669  00000+0 -13043+0 0  9999
2 54135  87.4436 209.0916 0012762 196.4942  57.7373 14.80978559  1304
ONEWEB-0518             
1 54136U 22138Z   22320.00001157 -.00903879  00000+0 -12942+0 0  9992
2 54136  87.4442 209.0746 0013828 201.3498  90.3048 14.79504530  4474
ONEWEB-0519             
1 54137U 22138AA  22320.00001157 -.00890488  00000+0 -11736+0 0  9994
2 54137  87.4487 209.0588 0010510 192.4509 228.9625 14.82957922  4477
ONEWEB-0520             
1 54138U 22138AB  22319.91667824 -.00968195  00000+0 -13437+0 0  9993
2 54138  87.4471 209.0960 0013029 195.4797  67.7659 14.81023131  1305
ONEWEB-0521             
1 54139U 22138AC  22319.91667824 -.00971123  00000+0 -14681+0 0  9991
2 54139  87.4364 209.1113 0013278 221.0744 236.5316 14.77436390  1308
ONEWEB-0522             
1 54140U 22138AD  22320.00001157 -.00923137  00000+0 -13434+0 0  9993
2 54140  87.4410 209.0824 0014780 207.2771  46.8565 14.78870087  4470
ONEWEB-0523             
1 54141U 22138AE  22320.00001157  .00032444  00000+0  32053-2 0  9995
2 54141  87.2131 208.9003 0008998 207.3539 325.4568 14.91761197  4489
ONEWEB-0524             
1 54142U 22138AF  22320.00001157  .00032824  00000+0  32451-2 0  9990
2 54142  87.2114 208.8894 0009049 206.5128 323.1608 14.91731113  4486
ONEWEB-0525             
1 54143U 22138AG  22320.00001157 -.00914574  00000+0 -12869+0 0  9992
2 54143  87.4447 209.0723 0012773 195.9825 132.1776 14.80282236  4473
ONEWEB-0526             
1 54144U 22138AH  22319.91667824 -.00987351  00000+0 -14582+0 0  9997
2 54144  87.4386 209.1050 0014673 208.2217 310.4121 14.78454555  1300
ONEWEB-0529             
1 54145U 22138AJ  22319.91667824 -.00941242  00000+0 -13490+0 0  9994
2 54145  87.4428 209.0969 0014327 202.4039 359.3510 14.79575105  1300
ONEWEB-0531             
1 54146U 22138AK  22319.91667824 -.00023405  00000+0 -23407-2 0  9999
2 54146  87.2152 208.9329 0009156 206.9600 228.5473 14.91674737  1308
ONEWEB-0535             
1 54147U 22138AL  22319.91667824 -.00382437  00000+0 -49837-1 0  9997
2 54147  87.4477 209.0831 0010020 190.3677 146.6365 14.82940526  1305
ONEWEB-0536             
1 54148U 22138AM  22319.91667824 -.00022233  00000+0 -22305-2 0  9995
2 54148  87.2208 208.9502 0009289 199.8480 224.0049 14.91543655  1302
GSLV R/B                
1 54149U 22138AN  22319.77084874  .00001299  00000+0  14033-3 0  9995
2 54149  87.3900 209.0862 0024618 191.0253 169.0437 14.87296902  3574
GONETS-M 23             
1 54150U 22139A   22319.88156803  .00000010  00000+0  00000+0 0  9997
2 54150  82.5063  81.8760 0016982 192.3280 167.7389 12.41994704  2994
GONETS-M 24             
1 54151U 22139B   22319.86659155  .00000010  00000+0  00000+0 0  9994
2 54151  82.4980  81.8479 0012653 213.3763 146.6522 12.43606212  2991
GONETS-M 25             
1 54152U 22139C   22319.85961591  .00000010  00000+0  00000+0 0  9994
2 54152  82.5015  81.8529 0014049 207.1429 152.8922 12.43968631  2998
PROGRESS-MS 21          
1 54155U 22140A   22319.46486606  .00010387  00000+0  18953-3 0  9993
2 54155  51.6435 307.1820 0006911  75.9727  60.4125 15.50019835368643
STARLINK-5290           
1 54157U 22141A   22319.91667824 -.01197913  00000+0 -10124-1 0  9993
2 54157  53.2174  50.5182 0001720  25.6902   2.4976 15.71587558  1305
STARLINK-5297           
1 54158U 22141B   22319.91667824 -.01176885  00000+0 -10130-1 0  9996
2 54158  53.2174  50.5224 0006886 271.1984 114.9464 15.71477755  3006
STARLINK-5294           
1 54159U 22141C   22319.91667824 -.01177190  00000+0 -10118-1 0  9993
2 54159  53.2174  50.5210 0006886 271.1551 115.6688 15.71512378  3009
STARLINK-5233           
1 54160U 22141D   22319.91667824 -.00023790  00000+0 -16541-3 0  9998
2 54160  53.2180  50.4628 0002413  17.4615  41.2638 15.73216489  3009
STARLINK-5269           
1 54161U 22141E   22319.91667824 -.01176713  00000+0 -10099-1 0  9994
2 54161  53.2174  50.5196 0006854 271.1289 116.3726 15.71546322  3005
STARLINK-5273           
1 54162U 22141F   22319.91667824 -.01197866  00000+0 -10107-1 0  9997
2 54162  53.2174  50.5167 0001883  22.0196   6.8476 15.71624411  1303
STARLINK-5161           
1 54163U 22141G   22319.91667824 -.00005687  00000+0 -36096-4 0  9994
2 54163  53.2181  50.5141 0002726  11.9787  22.2965 15.73207233  1300
STARLINK-5278           
1 54164U 22141H   22319.91667824 -.00062362  00000+0 -44235-3 0  9991
2 54164  53.2181  50.5150 0002534  18.8719  14.7899 15.73240160  1307
STARLINK-5279           
1 54165U 22141J   22319.91667824 -.01176358  00000+0 -10048-1 0  9997
2 54165  53.2174  50.5154 0006865 271.5854 117.9545 15.71656749  1309
STARLINK-5280           
1 54166U 22141K   22319.91667824 -.00036476  00000+0 -25635-3 0  9993
2 54166  53.2176  50.5106 0002286  14.6048  20.2699 15.73218822  1307
STARLINK-5243           
1 54167U 22141L   22319.91667824 -.01177259  00000+0 -10042-1 0  9994
2 54167  53.2174  50.5140 0006872 270.8919 119.3160 15.71690764  1302
STARLINK-5245           
1 54168U 22141M   22319.91667824 -.00018734  00000+0 -12922-3 0  9997
2 54168  53.2178  50.5093 0002396  16.8293  19.2359 15.73219758  1304
STARLINK-5282           
1 54169U 22141N   22319.91667824 -.00000750  00000+0 -91658-6 0  9993
2 54169  53.2174  50.5088 0002066  25.1760   7.9269 15.73204404  1307
STARLINK-5155           
1 54170U 22141P   22319.91667824 -.00052184  00000+0 -36884-3 0  9990
2 54170  53.2190  50.5095 0002619  20.5161  16.0999 15.73248696  1305
STARLINK-5229           
1 54171U 22141Q   22319.91667824 -.00046488  00000+0 -32784-3 0  9996
2 54171  53.2183  50.5160 0002498  24.8085   7.6736 15.73251873  1304
STARLINK-5117           
1 54172U 22141R   22319.91667824 -.00030065  00000+0 -21033-3 0  9996
2 54172  53.2173  50.5038 0002695  13.6523  24.1883 15.73218909  1300
STARLINK-5242           
1 54173U 22141S   22319.91667824  .00018237  00000+0  13411-3 0  9993
2 54173  53.2172  50.5045 0001999  21.2400  14.2521 15.73192978  1309
STARLINK-5248           
1 54174U 22141T   22319.91667824 -.00746893  00000+0 -55927-2 0  9999
2 54174  53.2173  49.7228 0001321  41.4736  19.8157 15.74068478  3002
STARLINK-5256           
1 54175U 22141U   22319.91667824 -.00084496  00000+0 -60178-3 0  9999
2 54175  53.2179  50.5054 0002728  18.1140  19.1488 15.73267296  3006
STARLINK-5154           
1 54176U 22141V   22319.91667824  .00028890  00000+0  20966-3 0  9995
2 54176  53.2172  50.4944 0002283  18.8240  21.4401 15.73186490  3008
STARLINK-5186           
1 54177U 22141W   22319.91667824 -.00097864  00000+0 -69937-3 0  9996
2 54177  53.2184  50.5050 0002638  23.9994  14.4600 15.73248771  3002
STARLINK-5164           
1 54178U 22141X   22319.91667824 -.00046719  00000+0 -32980-3 0  9998
2 54178  53.2170  50.4971 0002584  12.8428  27.9927 15.73230411  1302
STARLINK-5122           
1 54179U 22141Y   22319.91667824 -.00083362  00000+0 -59467-3 0  9993
2 54179  53.2176  50.5025 0002325  22.7049  16.3671 15.73226132  1305
STARLINK-5228           
1 54180U 22141Z   22319.91667824 -.00064885  00000+0 -46043-3 0  9990
2 54180  53.2169  50.4910 0002408  19.4914  24.3217 15.73247649  1308
STARLINK-5227           
1 54181U 22141AA  22319.91667824 -.00083659  00000+0 -59585-3 0  9996
2 54181  53.2174  50.4961 0002668  14.7479  26.6846 15.73262544  3231
STARLINK-5231           
1 54182U 22141AB  22319.91667824  .00057482  00000+0  41171-3 0  9992
2 54182  53.2170  50.4821 0002196  19.1204  27.1139 15.73168456  3232
STARLINK-5239           
1 54183U 22141AC  22319.91667824 -.00101464  00000+0 -72540-3 0  9999
2 54183  53.2180  50.4946 0002480  15.8649  27.3068 15.73254963  1302
STARLINK-5162           
1 54184U 22141AD  22319.91667824 -.00086898  00000+0 -61975-3 0  9993
2 54184  53.2158  50.4877 0002588  19.3693  25.0533 15.73246935  3234
STARLINK-5235           
1 54185U 22141AE  22319.91667824  .00003419  00000+0  28772-4 0  9999
2 54185  53.2174  50.4897 0002241  24.4674  18.1738 15.73202042  1304
STARLINK-5194           
1 54186U 22141AF  22319.91667824 -.00079707  00000+0 -56781-3 0  9995
2 54186  53.2163  50.4825 0002507  18.1733  29.2250 15.73239328  1304
STARLINK-5240           
1 54187U 22141AG  22319.91667824 -.00033687  00000+0 -23632-3 0  9992
2 54187  53.2177  50.4961 0002319  15.6231  26.4248 15.73219952  3238
STARLINK-5238           
1 54188U 22141AH  22319.91667824 -.00000699  00000+0 -55066-6 0  9999
2 54188  53.2173  50.4804 0002119  26.1937  20.6197 15.73204380  3237
STARLINK-5182           
1 54189U 22141AJ  22319.91667824 -.00020903  00000+0 -14472-3 0  9993
2 54189  53.2173  50.4896 0002907  21.7175  23.2714 15.73217505  1302
STARLINK-5281           
1 54190U 22141AK  22319.91667824  .00007655  00000+0  58918-4 0  9996
2 54190  53.2171  50.4784 0002016  29.1980  18.8096 15.73199400  1301
STARLINK-4619           
1 54191U 22141AL  22319.91667824  .00060044  00000+0  42976-3 0  9994
2 54191  53.2171  50.4836 0002271  17.4865  28.1523 15.73166992  1304
STARLINK-5268           
1 54192U 22141AM  22319.91667824  .00020705  00000+0  15163-3 0  9993
2 54192  53.2172  50.4674 0002337  23.9668  29.4091 15.73191590  1308
STARLINK-5263           
1 54193U 22141AN  22319.91667824 -.00090488  00000+0 -64568-3 0  9994
2 54193  53.2166  50.4801 0002587  19.2023  29.9805 15.73251896  1308
STARLINK-5271           
1 54194U 22141AP  22319.91667824 -.00082420  00000+0 -58693-3 0  9994
2 54194  53.2173  50.4771 0002553  14.4221  35.9760 15.73260903  1309
STARLINK-5258           
1 54195U 22141AQ  22319.91667824 -.00012630  00000+0 -85645-4 0  9999
2 54195  53.2172  50.4774 0002085  27.2018  21.3963 15.73211582  1301
STARLINK-5237           
1 54196U 22141AR  22319.91667824 -.00084123  00000+0 -60004-3 0  9997
2 54196  53.2169  50.4752 0002367  20.4649  31.1233 15.73231818  1305
STARLINK-5234           
1 54197U 22141AS  22319.91667824 -.00094196  00000+0 -67191-3 0  9993
2 54197  53.2178  50.4794 0002427  23.5631  26.1776 15.73277108  1302
STARLINK-5246           
1 54198U 22141AT  22319.91667824  .00043175  00000+0  31075-3 0  9995
2 54198  53.2171  50.4700 0001956  27.4597  24.7312 15.73177332  1301
STARLINK-5244           
1 54199U 22141AU  22319.91667824 -.00035783  00000+0 -25107-3 0  9993
2 54199  53.2176  50.4767 0002726  17.6200  33.3695 15.73244605  1306
STARLINK-5250           
1 54200U 22141AV  22319.91667824  .00022600  00000+0  16487-3 0  9999
2 54200  53.2148  50.4658 0002331  20.4355  33.5326 15.73218916  3235
STARLINK-5199           
1 54201U 22141AW  22319.91667824  .00000882  00000+0  10709-4 0  9990
2 54201  53.2171  50.4648 0002129  23.5556  31.0074 15.73203444  3236
STARLINK-5205           
1 54202U 22141AX  22319.91667824 -.00036396  00000+0 -25566-3 0  9998
2 54202  53.2158  50.4662 0002312  24.4784  30.6293 15.73229127  1305
STARLINK-5247           
1 54203U 22141AY  22319.91667824 -.00014962  00000+0 -10228-3 0  9993
2 54203  53.2160  50.4711 0002352  23.8875  28.8753 15.73216383  1302
STARLINK-5241           
1 54204U 22141AZ  22319.91667824  .00007933  00000+0  60896-4 0  9999
2 54204  53.2163  50.4628 0002516  26.1729  30.7558 15.73198483  3238
STARLINK-5249           
1 54205U 22141BA  22319.91667824 -.00023254  00000+0 -16156-3 0  9995
2 54205  53.2161  50.4654 0002340  21.6556  34.1092 15.73218484  3234
STARLINK-5264           
1 54206U 22141BB  22319.91667824 -.00148197  00000+0 -10660-2 0  9993
2 54206  53.2154  50.0333 0001774  28.1879 237.2997 15.73289402  3235
STARLINK-5262           
1 54207U 22141BC  22319.91667824 -.00000774  00000+0 -10900-5 0  9992
2 54207  53.2173  50.4608 0002006  35.7312  20.6200 15.73204415  1309
STARLINK-5255           
1 54208U 22141BD  22319.91667824 -.00018852  00000+0 -13001-3 0  9992
2 54208  53.2159  50.4612 0002550  21.5389  35.9574 15.73228247  3236
STARLINK-5259           
1 54209U 22141BE  22319.91667824 -.00000922  00000+0 -21411-5 0  9998
2 54209  53.2171  50.4573 0002226  14.4895  43.6498 15.73204548  1305
FALCON 9 DEB            
1 54213U 22141BJ  22314.80763784  .06593424  12197-4  43778-3 0  9999
2 54213  53.2080  73.2843 0016809 229.1244 130.8349 16.39897288  2236
SHIYAN 20C (SY-20C)     
1 54214U 22142A   22319.72194351 -.00000136  00000+0  00000+0 0  9995
2 54214  59.9977 304.8105 0009793 289.5353  70.4617 14.27343810  2536
CZ-2D R/B               
1 54215U 22142B   22319.38735379 -.00000139  00000+0  00000+0 0  9992
2 54215  59.9036 305.2474 0024976 213.9839 145.9615 14.33509996  2494
CSS (MENGTIAN)          
1 54216U 22143A   22319.61069471 -.00000333  00000+0  00000+0 0  9999
2 54216  41.4749  16.4932 0004494 274.9745 242.2265 15.58576683 88444
2022-145A               
1 54223U 22145A   22319.37029134 -.00000642  00000+0  00000+0 0  9997
2 54223  63.8310  92.0514 6984598 269.9084 115.4230  2.01429972   267
2022-145B               
1 54224U 22145B   22319.25583860 -.00000077  00000+0  00000+0 0  9998
2 54224  63.8707  91.9140 6976799 270.0562  53.1695  2.02014892   264
2022-146A               
1 54225U 22146A   22319.41000000 -.00000020  00000+0  00000+0 0  9996
2 54225  24.1520 317.6350 7923791 182.8460 198.0310  1.22495391   150
2022-146B               
1 54226U 22146B   22319.04484549 -.00000731  00000+0 -42186-2 0  9994
2 54226  27.5271 317.5835 8081673 183.5161 160.7193  1.30883253   140
2022-147A               
1 54227U 22147A   22319.94933439  .00003629  00000+0  35474-3 0  9992
2 54227  97.6515 322.3668 0011865 266.4383  93.5481 14.92914312  1678
2022-147B               
1 54228U 22147B   22319.88363703  .00014045  00000+0  13611-2 0  9999
2 54228  97.6558 322.3033 0011441 272.0258  87.9608 14.92759863  1661
ELECTRON R/B            
1 54229U 22147C   22320.00168710  .02232895  22474-5  13168-2 0  9996
2 54229  97.5338 323.4728 0166695 191.6765 168.4027 15.94949863  1777
2022-148A               
1 54230U 22148A   22319.51665574 -.00000067  00000+0  00000+0 0  9999
2 54230   0.0268 259.8297 0006764 353.8633 150.3219  1.00271250   232
2022-148B               
1 54231U 22148B   22319.73880443  .00079695  12594-7  32521-2 0  9995
2 54231  28.3972 215.3569 7219405 185.1464 158.1230  2.39737189   252
CYGNUS NG-18            
1 54232U 22149A   22319.46486606  .00010387  00000+0  18953-3 0  9998
2 54232  51.6435 307.1820 0006911  75.9727  60.4125 15.50019835368649
JPSS-2                  
1 54234U 22150A   22319.79505296 -.00000634  00000+0 -25458-3 0  9999
2 54234  98.6972 256.1260 0023344 224.0976 135.8170 14.24359017   763
YUNHAI 3                
1 54235U 22151A   22319.68398668  .00000191  00000+0  12717-3 0  9992
2 54235  98.8080 324.6720 0030042  58.3786 302.0311 14.12221866   524
CZ-6A R/B               
1 54236U 22151B   22319.88168098  .00000296  00000+0  16572-3 0  9996
2 54236  98.8227 324.9590 0028005 340.7927  19.2190 14.17952230   531
TIANZHOU-5              
1 54237U 22152A   22319.61069471 -.00000333  00000+0  00000+0 0  9992
2 54237  41.4749  16.4932 0004494 274.9745 242.2265 15.58576683 88447
2022-152B               
1 54238U 22152B   22317.59206744 -.00002470  78170-5  00000+0 0  9997
2 54238  41.8191  28.2331 0110906 189.9453 322.0923 16.07382287   233
2022-152C               
1 54239U 22152C   22317.64998368 -.00002463  77916-5  00000+0 0  9993
2 54239  41.7341  27.7199 0089302 198.1293 297.7325 16.10213745   235
2022-152E               
1 54241U 22152E   22317.57205315 -.00002480  78482-5  00000+0 0  9999
2 54241  41.0899  28.3371 0115404 161.7471 312.9570 16.37178695   207
2022-152F               
1 54242U 22152F   22317.63703031  .34469145  72857-5  26005-2 0  9992
2 54242  41.3088  27.8107 0046962 158.9813 322.3362 16.34161841   219
2022-153A               
1 54243U 22153A   22319.28095020 -.00000028  00000+0  00000+0 0  9993
2 54243   8.9163 127.0053 5866494 180.6426  69.9265  1.05569307    30
2022-153B               
1 54244U 22153B   22319.28776238 -.00000027  00000+0  00000+0 0  9990
2 54244   8.7534 126.9991 5826290 180.8119  69.3367  1.04955429    31
FALCON 9 R/B            
1 54248U 22153C   22318.70506289 -.00001311  15937-5  00000+0 0  9995
2 54248  24.4261 126.9092 8165584 180.4906 218.0702  1.29313121    12
YAOGAN-34 03            
1 54249U 22154A   22319.93758032 -.00000090  00000+0  00000+0 0  9990
2 54249  63.4090  24.1491 0003259 265.9886  94.0714 13.44046274   125
CZ-4C R/B               
1 54250U 22154B   22319.92245415 -.00015298  00000+0 -16762-1 0  9998
2 54250  63.4112  24.0946 0121531  44.8397 316.2370 13.68842569   125
