EUTELSAT 10B            
1 54259U 22157A   22347.63101023 -.00000173  00000+0  33303-1 0  9990
2 54259  18.0468 294.5941 7870251 184.1688 159.0292  1.11012561   257
FALCON 9 R/B            
1 54260U 22157B   22347.47946354  .00003124  00000+0  14830-2 0  9991
2 54260  22.4719 294.2886 8185158 184.9727 151.8453  1.25051460   255
EOS-6 (OCEANSAT-3)      
1 54361U 22158A   22350.10248976 -.00001597  00000+0 -44538-3 0  9996
2 54361  98.3544  84.5964 0008660 167.2181 192.9130 14.45007059  2862
2022-158B               
1 54362U 22158B   22351.11291992  .00004669  00000+0  23903-3 0  9999
2 54362  97.4620  86.1415 0024244 173.8791 305.7751 15.16845849  3144
THYBOLT-1               
1 54363U 22158C   22351.13464258  .00014392  00000+0  67798-3 0  9993
2 54363  97.4482  86.0592 0011668 183.1011 243.9487 15.19560546  3152
THYBOLT-2               
1 54364U 22158D   22351.07900524  .00014251  00000+0  67144-3 0  9997
2 54364  97.4483  86.0064 0011376 183.6796 299.7130 15.19562096  3144
INS-2B                  
1 54365U 22158E   22351.14036177  .00013639  00000+0  63857-3 0  9996
2 54365  97.4434  86.0532 0011446 193.1864 283.2692 15.19789734  3153
ANAND                   
1 54366U 22158F   22351.13831201  .00011523  00000+0  53802-3 0  9996
2 54366  97.4419  86.0490 0010478 192.2474 287.0866 15.19935512  3153
ASTROCAST-0304          
1 54367U 22158G   22351.13284904  .00006981  00000+0  32490-3 0  9991
2 54367  97.4462  86.0768 0008460 189.7669 288.0240 15.20217201  3141
ASTROCAST-0303          
1 54368U 22158H   22351.12565447  .00005680  00000+0  26437-3 0  9994
2 54368  97.4486  86.0804 0008357 197.4523 247.4651 15.20296381  3151
ASTROCAST-0302          
1 54369U 22158J   22351.25514697  .00008368  00000+0  38485-3 0  9992
2 54369  97.4473  86.2123 0008339 203.8038 241.5008 15.20568613  3170
ASTROCAST-0301          
1 54370U 22158K   22351.12720234  .00010854  00000+0  49611-3 0  9992
2 54370  97.4477  86.0928 0008647 212.7459 265.1164 15.20702249  3153
DRAGON CRS-26           
1 54371U 22159A   22350.74481481  .00011585  00000+0  21072-3 0  9992
2 54371  51.6429 152.2268 0003674 167.4219  24.7484 15.49990966373498
2022-160A               
1 54372U 22160A   22351.06481502  .00012403  00000+0  52203-3 0  9995
2 54372  34.9965 104.9079 0005311  35.5290 133.8360 15.22567288  2982
2022-160B               
1 54373U 22160B   22351.05651788  .00024179  00000+0  97499-3 0  9999
2 54373  34.9980 104.8451 0008011  67.3092 100.1290 15.23889473  2989
2022-160C               
1 54374U 22160C   22351.06801919  .00009257  00000+0  39200-3 0  9990
2 54374  34.9972 104.9346 0005688  35.5345 134.0044 15.22406814  2942
2022-160D               
1 54375U 22160D   22351.25411715  .00027263  00000+0  10866-2 0  9996
2 54375  34.9989 103.5414 0007899  77.6991 117.7319 15.24259087  3014
2022-160E               
1 54376U 22160E   22351.00007652  .00015118  00000+0  63860-3 0  9990
2 54376  34.9983 105.3678 0007321  66.2824  88.2033 15.22403713  2974
COSMOS 2564 [GLONASS-M] 
1 54377U 22161A   22343.65354395  .00000039  00000+0  00000+0 0  9992
2 54377  64.7779 235.5578 0027076 231.7607 268.2837  2.13730792   236
FREGAT R/B              
1 54378U 22161B   22332.88538517  .00000006  00000+0  00000+0 0  9990
2 54378  64.7543 235.8312 0069964  61.3586  78.3433  2.10629160    00
SHENZHOU-15             
1 54379U 22162A   22350.60165439  .00019438  00000+0  23872-3 0  9996
2 54379  41.4743 188.3516 0004050 124.4806 336.7938 15.59823066 93285
COSMOS 2565             
1 54381U 22163A   22351.13471866  .00000000  00000+0  54041-4 0  9991
2 54381  67.1546 333.5553 0007114 264.5677  95.4548 13.96672650  2292
SL-4 R/B                
1 54382U 22163B   22351.23085483  .00120247  71990-5  61075-3 0  9991
2 54382  67.1318 326.4467 0451424  77.1418 287.9746 15.05941902  2461
2022-163C               
1 54383U 22163C   22351.20165750 -.00000169  00000+0 -66765-4 0  9997
2 54383  67.1445 333.3595 0010814 318.4156  41.6065 13.97181957  1997
1998-067UL              
1 54534U 98067UL  22350.57113505  .00046100  00000+0  76653-3 0  9990
2 54534  51.6403 152.9710 0006393 177.7003 182.4017 15.51572939  2263
1998-067UM              
1 54535U 98067UM  22350.91595418  .00053143  00000+0  87599-3 0  9992
2 54535  51.6433 151.2472 0007241 177.4570 313.1272 15.51748653  2313
1998-067UN              
1 54536U 98067UN  22351.04057007  .00041575  00000+0  69373-3 0  9991
2 54536  51.6434 150.6400 0006838 176.7114 285.6387 15.51517782  2290
1998-067UP              
1 54537U 98067UP  22351.18126856  .00046304  00000+0  76707-3 0  9990
2 54537  51.6429 149.9304 0007364 179.4547 353.2551 15.51668165  2358
2022-164A               
1 54588U 22164A   22351.20853652  .00001182  00000+0  35430-3 0  9998
2 54588  98.3563  18.4200 0008730 246.1872 113.8427 14.44534540  1471
KZ-11 R/B               
1 54589U 22164B   22350.91852177  .00017318  21809-5  19547-3 0  9992
2 54589  98.3690  19.1825 0380608  72.2198 292.0172 15.07756264  1498
2022-165A               
1 54640U 22165A   22350.70370791  .00000288  00000+0  72872-4 0  9998
2 54640  98.1181 289.0408 0000843  96.7968 329.8921 14.57757241  1165
2022-165B               
1 54641U 22165B   22351.14710041  .00000745  00000+0  14573-3 0  9995
2 54641  98.0287 289.3349 0033445 276.1018  83.6381 14.65355032  1226
ONEWEB-0527             
1 54642U 22166A   22350.91667824  .00041257  00000+0  41351-2 0  9997
2 54642  86.5169 154.8231 0007468 204.6846 267.3259 14.91150323  1304
ONEWEB-0528             
1 54643U 22166B   22350.91667824  .00041069  00000+0  41179-2 0  9997
2 54643  86.5182 154.8245 0007422 205.4427 266.0637 14.91134757  1308
ONEWEB-0539             
1 54644U 22166C   22351.25001157  .00029058  00000+0  28974-2 0  9999
2 54644  86.5163 154.6737 0008888 201.2033 266.6228 14.91405649  1983
ONEWEB-0540             
1 54645U 22166D   22350.91667824  .00040917  00000+0  41144-2 0  9992
2 54645  86.5148 154.8212 0007205 208.8264 259.5313 14.91022528  1301
ONEWEB-0542             
1 54646U 22166E   22350.91667824  .00042941  00000+0  41740-2 0  9994
2 54646  86.5172 154.8166 0012128 214.8324 290.6398 14.92332307  1300
ONEWEB-0545             
1 54647U 22166F   22351.25001157  .00028804  00000+0  28965-2 0  9990
2 54647  86.5150 154.6752 0007420 204.7525 253.3342 14.91076848  1989
ONEWEB-0580             
1 54648U 22166G   22350.91667824 -.00052545  00000+0 -52105-2 0  9996
2 54648  86.5158 154.8184 0011568 209.9579 288.1990 14.92132855  1306
ONEWEB-0582             
1 54649U 22166H   22351.25001157  .00029061  00000+0  28852-2 0  9993
2 54649  86.5164 154.6717 0009677 201.9456 270.9702 14.91573991  1981
ONEWEB-0583             
1 54650U 22166J   22351.25001157  .00029230  00000+0  28904-2 0  9991
2 54650  86.5169 154.6733 0010340 201.9719 275.4475 14.91728119  1999
ONEWEB-0584             
1 54651U 22166K   22350.91667824  .00041828  00000+0  41370-2 0  9992
2 54651  86.5164 154.8178 0009888 204.4683 281.9599 14.91663512  1302
ONEWEB-0585             
1 54652U 22166L   22351.25001157  .00029198  00000+0  29134-2 0  9992
2 54652  86.5171 154.6759 0008762 201.1707 265.8338 14.91378445  1989
ONEWEB-0586             
1 54653U 22166M   22351.25001157  .00028472  00000+0  28787-2 0  9990
2 54653  86.5187 154.6807 0006845 210.8583 240.9334 14.90864646  1982
ONEWEB-0587             
1 54654U 22166N   22351.25001157  .00028993  00000+0  28823-2 0  9990
2 54654  86.5175 154.6774 0009456 201.3606 269.9951 14.91521583  1982
ONEWEB-0589             
1 54655U 22166P   22351.25001157  .00029725  00000+0  28982-2 0  9991
2 54655  86.5162 154.6710 0012029 212.2819 281.3271 14.92273557  1985
ONEWEB-0590             
1 54656U 22166Q   22351.25001157  .00115927  00000+0  11196-1 0  9990
2 54656  86.5155 154.6711 0011872 210.3918 280.8180 14.92193415  1980
ONEWEB-0591             
1 54657U 22166R   22350.91667824 -.00054594  00000+0 -54065-2 0  9999
2 54657  86.5187 154.8174 0011586 212.8894 288.1075 14.92196847  1305
ONEWEB-0592             
1 54658U 22166S   22351.25001157  .00028609  00000+0  28898-2 0  9990
2 54658  86.5149 154.6762 0006924 209.7581 243.0591 14.90901932  1987
ONEWEB-0593             
1 54659U 22166T   22351.25001157  .00029296  00000+0  29061-2 0  9997
2 54659  86.5176 154.6770 0009767 202.1649 271.5684 14.91604946  1982
ONEWEB-0594             
1 54660U 22166U   22351.25001157  .00029557  00000+0  29049-2 0  9995
2 54660  86.5170 154.6723 0011270 206.6282 277.7921 14.91962453  1982
ONEWEB-0595             
1 54661U 22166V   22351.25001157  .00029295  00000+0  29044-2 0  9990
2 54661  86.5177 154.6769 0009877 202.2397 272.1786 14.91626510  1988
ONEWEB-0596             
1 54662U 22166W   22351.25001157  .00029083  00000+0  28948-2 0  9998
2 54662  86.5163 154.6724 0009242 201.0136 268.9015 14.91473812  1982
ONEWEB-0597             
1 54663U 22166X   22351.25001157  .00101614  00000+0  98714-2 0  9998
2 54663  86.5154 154.6712 0011654 208.7053 280.1621 14.92041667  1981
ONEWEB-0600             
1 54664U 22166Y   22351.25001157  .00029659  00000+0  28928-2 0  9997
2 54664  86.5160 154.6710 0011954 212.0807 281.1087 14.92260584  1983
ONEWEB-0601             
1 54665U 22166Z   22350.91667824  .00092426  00000+0  89926-2 0  9996
2 54665  86.5185 154.8178 0011486 211.3265 287.6358 14.92033107  1308
ONEWEB-0602             
1 54666U 22166AA  22351.25001157  .00029511  00000+0  28943-2 0  9993
2 54666  86.5182 154.6714 0011537 207.9345 278.8875 14.92045151  1989
ONEWEB-0603             
1 54667U 22166AB  22351.25001157  .00028341  00000+0  28687-2 0  9999
2 54667  86.5157 154.6778 0006788 212.4691 237.9966 14.90819438  1981
ONEWEB-0604             
1 54668U 22166AC  22351.25001157  .00028393  00000+0  28649-2 0  9995
2 54668  86.5191 154.6815 0007051 208.3911 245.7948 14.90944351  1985
ONEWEB-0605             
1 54669U 22166AD  22351.25001157  .00028300  00000+0  28665-2 0  9992
2 54669  86.5169 154.6793 0006749 213.4313 236.2422 14.90792582  1981
ONEWEB-0606             
1 54670U 22166AE  22351.25001157  .00028512  00000+0  28687-2 0  9993
2 54670  86.5191 154.6802 0007368 205.5289 251.8318 14.91056315  1986
ONEWEB-0607             
1 54671U 22166AF  22351.25001157  .00028563  00000+0  28781-2 0  9995
2 54671  86.5149 154.6753 0007225 207.1397 248.6192 14.90997549  1981
ONEWEB-0608             
1 54672U 22166AG  22351.25001157  .00029493  00000+0  28960-2 0  9998
2 54672  86.5165 154.6728 0011389 207.1703 278.3459 14.91998240  1985
ONEWEB-0610             
1 54673U 22166AH  22350.91667824  .00040980  00000+0  41150-2 0  9990
2 54673  86.5155 154.8220 0007364 206.8024 263.4498 14.91076977  1302
ONEWEB-0611             
1 54674U 22166AJ  22351.25001157  .00029159  00000+0  28871-2 0  9990
2 54674  86.5177 154.6763 0010119 202.1896 273.7840 14.91678673  1985
ONEWEB-0612             
1 54675U 22166AK  22351.25001157  .00028370  00000+0  28644-2 0  9993
2 54675  86.5190 154.6812 0006978 209.0420 244.3982 14.90919138  1987
ONEWEB-0615             
1 54676U 22166AL  22351.25001157  .00028934  00000+0  28819-2 0  9994
2 54676  86.5177 154.6779 0009121 200.7993 268.3408 14.91448161  1984
ONEWEB-0655             
1 54677U 22166AM  22351.25001157  .00028990  00000+0  28890-2 0  9996
2 54677  86.5162 154.6733 0009023 201.0587 267.4976 14.91428613  1983
ONEWEB-0659             
1 54678U 22166AN  22351.25001157  .00029098  00000+0  28941-2 0  9994
2 54678  86.5164 154.6723 0009363 201.0351 269.7325 14.91503683  1985
ONEWEB-0685             
1 54679U 22166AP  22351.25001157  .00028326  00000+0  28664-2 0  9990
2 54679  86.5186 154.6807 0006800 211.6432 239.3756 14.90830787  1981
ONEWEB-0712             
1 54680U 22166AQ  22351.25001157  .00029370  00000+0  28819-2 0  9994
2 54680  86.5178 154.6715 0011470 207.6021 278.6516 14.92025523  1986
ONEWEB-0714             
1 54681U 22166AR  22351.25001157  .00053556  00000+0  52124-2 0  9994
2 54681  86.5183 154.6703 0011915 211.3827 281.0253 14.92228640  1981
2022-167A               
1 54682U 22167A   22350.94489540  .00010063  00000+0  64382-3 0  9993
2 54682  97.5367 125.8071 0013256 238.1549 121.8389 15.08713869  1165
2022-167B               
1 54683U 22167B   22350.91499057  .00034436  00000+0  39102-3 0  9997
2 54683  97.5873 126.2233 0203922 298.3424  59.7387 15.40936895  1152
CAS-5A                  
1 54684U 22167C   22350.94432258  .00007974  00000+0  50973-3 0  9997
2 54684  97.5377 125.8078 0013677 239.5392 120.4486 15.08810782  1157
2022-167D               
1 54685U 22167D   22350.94108136  .00005300  00000+0  33470-3 0  9997
2 54685  97.5434 125.8171 0012442 253.1826 106.8034 15.09430331  1155
2022-167E               
1 54686U 22167E   22350.94109724  .00005304  00000+0  33501-3 0  9991
2 54686  97.5401 125.8148 0012235 253.2713 106.7171 15.09427366  1155
2022-167F               
1 54687U 22167F   22350.94084618  .00006896  00000+0  43347-3 0  9992
2 54687  97.5374 125.8132 0012966 253.8135 106.1665 15.09488515  1158
2022-167G               
1 54688U 22167G   22351.27194280  .00011184  00000+0  69808-3 0  9993
2 54688  97.5342 126.1363 0013439 252.3796 107.5966 15.09589147  1205
2022-167H               
1 54689U 22167H   22351.27189040  .00005358  00000+0  33705-3 0  9995
2 54689  97.5455 126.1461 0013398 252.9465 107.0297 15.09556373  1200
2022-167J               
1 54690U 22167J   22350.93970390  .00005432  00000+0  34027-3 0  9996
2 54690  97.5334 125.8102 0013668 257.1267 102.8433 15.09702090  1151
2022-167K               
1 54691U 22167K   22350.94007715  .00002289  00000+0  14594-3 0  9994
2 54691  97.5385 125.8168 0014434 254.6588 105.3028 15.09639136  1158
2022-167L               
1 54692U 22167L   22350.93966417  .00005429  00000+0  33994-3 0  9991
2 54692  97.5428 125.8183 0014403 256.0339 103.9286 15.09709097  1154
2022-167M               
1 54693U 22167M   22351.27646910  .00011471  00000+0  73260-3 0  9997
2 54693  97.5410 126.1344 0013782 236.6760 123.3164 15.08738837  1176
2022-167N               
1 54694U 22167N   22350.93912085  .00005702  00000+0  35575-3 0  9996
2 54694  97.5366 125.8134 0014617 257.2903 102.6689 15.09817223  1154
2022-167P               
1 54695U 22167P   22350.93910744  .00005528  00000+0  34499-3 0  9997
2 54695  97.5390 125.8160 0014925 257.7284 102.2271 15.09819069  1153
FALCON 9 R/B            
1 54698U 22168C   22345.32368031  .00002049 -64822-5  00000+0 0  9995
2 54698  29.0000  41.2312 0098300  59.8200  27.0300 16.15592824    07
2022-169A               
1 54699U 22169A   22351.15385827 -.00000427  00000+0 -11412-3 0  9991
2 54699  59.9946 141.2478 0006747 248.7577 111.2741 14.29217680   689
2022-169B               
1 54700U 22169B   22351.15522526  .00000459  00000+0  23604-3 0  9992
2 54700  59.9938 141.2536 0007131 232.2242 127.7952 14.28664179   687
2022-169C               
1 54701U 22169C   22351.15605988 -.00000286  00000+0 -30971-4 0  9993
2 54701  59.9551 140.6846 0094028  44.4227 316.4320 14.49490680   697
2022-169D               
1 54702U 22169D   22351.15417926  .00000765  00000+0  35422-3 0  9992
2 54702  59.9971 141.2507 0006351 241.1786 118.8590 14.29128663   693
SZ-14 MODULE            
1 54704U 22060G   22350.83440609  .00022993  00000+0  27402-3 0  9998
2 54704  41.4853 186.8705 0007687 152.2818 207.8432 15.60506073  1681
GALAXY 35 (G-35)        
1 54741U 22170A   22350.18729448 -.00000213  00000+0  00000+0 0  9993
2 54741   3.2871 218.7269 5571717 178.9031 316.2064  1.94785585    49
GALAXY 36 (G-36)        
1 54742U 22170B   22350.43859110 -.00000334  00000+0  00000+0 0  9996
2 54742   3.4316 218.5973 5690531 178.9831 147.4403  1.97380797    51
METEOSAT-12             
1 54743U 22170C   22351.10734926 -.00000044  00000+0  00000+0 0  9997
2 54743   5.5348 218.6527 7132934 179.9145 121.0896  2.25111103    65
ARIANE 5 DEB [SYLDA]    
1 54744U 22170D   22350.27978578  .00225186  00000+0  43249-1 0  9997
2 54744   6.0871 217.8493 7283798 180.1783 181.2358  2.28685104    53
ARIANE 5 R/B            
1 54745U 22170E   22350.70750442  .00034354  00000+0  36366-2 0  9992
2 54745   5.8807 219.6241 7285962 178.2913 187.0722  2.29667630    64
2022-171A               
1 54746U 22171A   22351.12757727 -.00000037  00000+0  00000+0 0  9999
2 54746  34.9966 320.3902 0007749 281.4115 183.6883 15.23094891   361
2022-171B               
1 54747U 22171B   22350.71473380 -.00000037  00000+0  00000+0 0  9994
2 54747  34.9966 322.9796 0009459 283.4741  75.5020 15.23283725   265
2022-171C               
1 54748U 22171C   22351.24195145 -.00000037  00000+0  00000+0 0  9994
2 54748  34.9986 319.6627 0009003 293.8032  83.1422 15.23521328   352
2022-171D               
1 54749U 22171D   22350.98781374 -.00000037  00000+0  00000+0 0  9990
2 54749  34.9928 321.2594 0010126 293.6718 127.8830 15.23641264   315
2022-171E               
1 54750U 22171E   22351.28018519 -.00000037  00000+0  00000+0 0  9990
2 54750  34.9932 319.4251 0009046 300.8787 288.9967 15.23849184   341
2022-167Q               
1 54751U 22167Q   22351.13921204  .00007125  00000+0  44649-3 0  9999
2 54751  97.5368 126.0075 0013090 254.9621 105.0171 15.09589407   840
SHIYAN 21               
1 54752U 22172A   22351.15348380  .00082561  00000+0  29441-2 0  9995
2 54752  35.9983 149.2790 0014005 308.2212  33.8749 15.27632838   135
SWOT                    
1 54754U 22173A   22351.31576300  .00137682  00000+0  76186-1 0  9993
2 54754  77.5915 324.9613 0003682  21.9844 338.0349 14.10320703   119
2022-174A               
1 54755U 22174A   22351.39023414  .00000046  00000+0  00000+0 0  9999
2 54755   9.6113 259.9968 1870504 181.8680  49.8354  7.26211601    35
2022-174B               
1 54756U 22174B   22351.39638840  .00000046  00000+0  00000+0 0  9995
2 54756   9.6131 259.9794 1869432 181.9762  65.9297  7.26300522    28
2022-174C               
1 54757U 22174C   22351.33643869  .00000046  00000+0  00000+0 0  9997
2 54757   9.6166 260.1185 1868117 181.6597 268.8491  7.25887814    19
