2022-176A               
1 54818U 22176A   23019.55998569  .00220097  12927-4  98441-3 0  9999
2 54818  97.2700 160.4282 0295545 107.3866 316.7772 15.41250970  3579
2022-176B               
1 54819U 22176B   23019.60222131  .00426547  65057-4  91277-3 0  9991
2 54819  97.2220 161.6505 0138264  86.6347 275.0728 15.83739408  3678
STARLINK-5382           
1 54820U 22177A   23019.58334491 -.01154598  00000+0 -17338-1 0  9997
2 54820  42.9953 241.4730 0001508 261.4503  42.9954 15.56898115  1305
STARLINK-5385           
1 54821U 22177B   23019.58334491 -.01148454  00000+0 -17222-1 0  9994
2 54821  42.9955 241.4712 0001611 261.3915  44.1384 15.56918546  1301
STARLINK-5101           
1 54822U 22177C   23019.58334491 -.01160441  00000+0 -17284-1 0  9993
2 54822  42.9961 241.4517 0001465 260.1381  53.0745 15.57129472  1306
STARLINK-5106           
1 54823U 22177D   23019.58334491 -.01154586  00000+0 -17299-1 0  9993
2 54823  42.9960 241.4680 0001525 258.4040  48.4349 15.56957413  1307
STARLINK-4643           
1 54824U 22177E   23019.58334491 -.01167837  00000+0 -17481-1 0  9990
2 54824  42.9958 241.4637 0003179 331.2794 336.8441 15.56999001  1306
STARLINK-4801           
1 54825U 22177F   23019.58334491 -.01157324  00000+0 -17278-1 0  9995
2 54825  42.9966 241.4599 0001480 259.3106  51.3510 15.57059576  1304
STARLINK-5107           
1 54826U 22177G   23019.58334491 -.01134149  00000+0 -17030-1 0  9992
2 54826  42.9954 241.4518 0002040 259.8366  53.0509 15.56844171  1308
STARLINK-5383           
1 54827U 22177H   23019.58334491 -.01156650  00000+0 -17178-1 0  9997
2 54827  42.9973 241.4485 0001489 261.5276  54.2522 15.57196151  1306
STARLINK-5381           
1 54828U 22177J   23019.58334491 -.01161213  00000+0 -17228-1 0  9995
2 54828  42.9964 241.4437 0001447 262.0452  55.0515 15.57235055  1308
STARLINK-5380           
1 54829U 22177K   23019.58334491 -.01156438  00000+0 -17286-1 0  9993
2 54829  42.9960 241.4617 0001491 264.3769  44.9898 15.57024718  1303
STARLINK-5394           
1 54830U 22177L   23019.58334491 -.01161087  00000+0 -17158-1 0  9999
2 54830  42.9964 241.4341 0001455 271.1392  49.8063 15.57339504  1301
STARLINK-5395           
1 54831U 22177M   23019.58334491 -.01157174  00000+0 -17206-1 0  9996
2 54831  42.9962 241.4492 0001544 262.5371  52.0089 15.57165815  1303
STARLINK-5393           
1 54832U 22177N   23019.31153426  .00004489  00000+0  37652-4 0  9992
2 54832  42.9996 242.7423 0002787 284.2972  75.7587 15.71365461  4591
STARLINK-5391           
1 54833U 22177P   23019.58334491 -.01157443  00000+0 -17120-1 0  9992
2 54833  42.9946 241.4345 0001545 259.3891  60.3138 15.57305186  1300
STARLINK-5386           
1 54834U 22177Q   23019.58334491 -.01157493  00000+0 -17080-1 0  9993
2 54834  42.9969 241.4274 0001561 262.8461  59.8682 15.57368217  1308
STARLINK-5389           
1 54835U 22177R   23019.58334491 -.01155463  00000+0 -17113-1 0  9996
2 54835  42.9956 241.4388 0001522 265.5258  52.8369 15.57266055  1304
STARLINK-5384           
1 54836U 22177S   23019.58334491 -.01157508  00000+0 -17039-1 0  9996
2 54836  42.9956 241.4216 0001519 261.3704  63.8204 15.57432456  1301
STARLINK-5369           
1 54837U 22177T   23019.58334491 -.01159844  00000+0 -17096-1 0  9995
2 54837  42.9964 241.4263 0001550 257.7740  66.1989 15.57402973  1304
STARLINK-5372           
1 54838U 22177U   23019.58334491 -.01160010  00000+0 -17034-1 0  9995
2 54838  42.9936 241.4122 0001520 266.1869  61.5400 15.57503361  1301
STARLINK-5110           
1 54839U 22177V   23019.58334491 -.01154920  00000+0 -16911-1 0  9992
2 54839  42.9961 241.4109 0001528 259.4986  70.7190 15.57566016  1302
STARLINK-5368           
1 54840U 22177W   23019.58334491 -.01155703  00000+0 -16902-1 0  9994
2 54840  42.9941 241.4033 0001518 267.5266  63.9296 15.57599946  1307
STARLINK-4659           
1 54841U 22177X   23019.58334491 -.01159264  00000+0 -17042-1 0  9997
2 54841  42.9948 241.4155 0001515 263.8185  62.7179 15.57472203  1309
STARLINK-5387           
1 54842U 22177Y   23019.58334491 -.01158933  00000+0 -16910-1 0  9993
2 54842  42.9967 241.4004 0001524 261.9566  71.9952 15.57669015  1306
STARLINK-5304           
1 54843U 22177Z   23019.58334491 -.01158846  00000+0 -16996-1 0  9991
2 54843  42.9944 241.4100 0001525 264.2889  64.6250 15.57532912  1309
STARLINK-5388           
1 54844U 22177AA  23019.58334491 -.01039217  00000+0 -13273-1 0  9997
2 54844  42.9952 241.3498 0001532 262.8542  90.6640 15.60850282  1305
STARLINK-5082           
1 54845U 22177AB  23019.58334491 -.01156973  00000+0 -16898-1 0  9993
2 54845  42.9952 241.4008 0001554 264.8631  67.8886 15.57637991  1303
STARLINK-5360           
1 54846U 22177AC  23019.58334491 -.01159347  00000+0 -16893-1 0  9997
2 54846  42.9936 241.3933 0001529 261.5591  73.6701 15.57705881  1308
STARLINK-5061           
1 54847U 22177AD  23019.58334491 -.00031235  00000+0 -23539-3 0  9999
2 54847  42.9960 240.1290 0001763 267.8765 217.6865 15.71378982  3667
STARLINK-5432           
1 54848U 22177AE  23019.30995799  .00001051  00000+0  11470-4 0  9997
2 54848  42.9990 242.7141 0002233 284.4140  75.6480 15.71349312  4592
STARLINK-5434           
1 54849U 22177AF  23019.58334491 -.01157157  00000+0 -16817-1 0  9993
2 54849  42.9950 241.3883 0001525 267.8394  70.4272 15.57769577  3657
STARLINK-5087           
1 54850U 22177AG  23019.30974380 -.00001391  00000+0 -71449-5 0  9995
2 54850  42.9979 242.7162 0003430 256.4600 103.5886 15.71358472  4593
STARLINK-5084           
1 54851U 22177AH  23019.56410379  .00000832  00000+0  97860-5 0  9999
2 54851  42.9985 241.1824 0001188 263.0573  97.0159 15.71360190  4635
STARLINK-5418           
1 54852U 22177AJ  23019.56367204  .00008473  00000+0  67941-4 0  9993
2 54852  43.0019 241.1810 0003593 270.0293  90.0163 15.71373586  4631
STARLINK-5427           
1 54853U 22177AK  23019.30964418 -.00007890  00000+0 -56827-4 0  9991
2 54853  42.9990 242.7141 0001584 275.8839  84.1848 15.71335262  4597
STARLINK-5419           
1 54854U 22177AL  23019.30922504 -.00003140  00000+0 -20521-4 0  9998
2 54854  42.9998 242.7110 0001995 263.5394  96.5247 15.71331776  4594
STARLINK-5416           
1 54855U 22177AM  23018.92795255  .00027184  00000+0  20984-3 0  9991
2 54855  42.9974 245.0113 0002096 274.9702  85.0926 15.71380267  3551
STARLINK-5086           
1 54856U 22177AN  23019.30848688 -.00003575  00000+0 -23817-4 0  9993
2 54856  43.0005 242.7050 0002699 265.4712  94.5847 15.71349700  4597
STARLINK-5078           
1 54857U 22177AP  23019.50022271 -.00002030  00000+0 -12030-4 0  9998
2 54857  42.9998 241.5628 0002816 265.9440  94.1106 15.71349523  4620
STARLINK-5407           
1 54858U 22177AQ  23019.30901806 -.00008579  00000+0 -62098-4 0  9990
2 54858  43.0010 242.7080 0001571 271.7673  88.3015 15.71333934  4592
STARLINK-5409           
1 54859U 22177AR  23019.56284153  .00004880  00000+0  40626-4 0  9990
2 54859  42.9967 241.1739 0001484 262.7199  97.3500 15.71363318  4635
STARLINK-5406           
1 54860U 22177AS  23018.92700346  .00007673  00000+0  61872-4 0  9997
2 54860  42.9998 245.0014 0001965 270.4460  89.6183 15.71368498  3556
STARLINK-5400           
1 54861U 22177AT  23018.92773975  .00008862  00000+0  70855-4 0  9998
2 54861  42.9978 245.0070 0001460 271.0077  89.0624 15.71387788  3555
STARLINK-5403           
1 54862U 22177AU  23019.30880108 -.00008680  00000+0 -62840-4 0  9994
2 54862  42.9974 242.7140 0002037 278.2281  81.8356 15.71342136  4596
STARLINK-5405           
1 54863U 22177AV  23019.30869210 -.00000478  00000+0 -19238-6 0  9998
2 54863  42.9966 242.7089 0002245 263.6718  96.3894 15.71356508  4590
STARLINK-5359           
1 54864U 22177AW  23019.30817235 -.00003226  00000+0 -21159-4 0  9996
2 54864  43.0002 242.7004 0002317 267.8875  92.1727 15.71348763  4594
STARLINK-5411           
1 54865U 22177AX  23019.56316153  .00000554  00000+0  76641-5 0  9994
2 54865  42.9949 241.1729 0000664 187.7136 172.3721 15.71349114  4634
STARLINK-5398           
1 54866U 22177AY  23019.56210227  .00004865  00000+0  40522-4 0  9997
2 54866  42.9978 241.1652 0002085 267.4938  92.5691 15.71358733  4633
STARLINK-5396           
1 54867U 22177AZ  23019.56252646  .00005812  00000+0  47735-4 0  9995
2 54867  42.9972 241.1694 0001621 279.9350  80.1334 15.71357061  4635
STARLINK-5379           
1 54868U 22177BA  23019.30764102 -.00001815  00000+0 -10373-4 0  9992
2 54868  42.9954 242.6969 0003654 272.6571  87.3878 15.71358751  4594
STARLINK-5402           
1 54869U 22177BB  23019.30796086 -.00003307  00000+0 -21780-4 0  9991
2 54869  42.9969 242.7010 0002327 270.4982  89.5619 15.71345963  4595
STARLINK-5401           
1 54870U 22177BC  23019.30774874  .00010832  00000+0  85912-4 0  9990
2 54870  42.9994 242.7003 0003054 265.9046  94.1473 15.71362509  4590
STARLINK-5397           
1 54871U 22177BD  23019.30806327  .00006178  00000+0  50529-4 0  9994
2 54871  42.9953 242.7017 0003414 269.6054  90.4423 15.71353488  4591
STARLINK-5390           
1 54872U 22177BE  23019.32464189  .00018593  00000+0  14490-3 0  9993
2 54872  43.0028 242.8474 0001668 264.2738  95.7939 15.71357667  4597
STARLINK-5091           
1 54873U 22177BF  23019.30753595  .00001355  00000+0  13781-4 0  9995
2 54873  42.9990 242.6965 0002360 274.0248  86.0350 15.71354577  4599
SHIYAN 10-02 (SY-10 02) 
1 54878U 22178A   22363.79780338  .00077813 -29724-6  44292-2 0  9993
2 54878  50.9483 118.8361 7526050 225.2073  62.4530  2.01137286    41
CZ-3B R/B               
1 54879U 22178B   23018.34193346  .00010110  00000+0  16598-2 0  9993
2 54879  51.2580 114.1878 7525884 229.3088  36.3806  1.99394362   425
EROS C3                 
1 54880U 22179A   23019.68594061  .00000261  00000+0  00000+0 0  9997
2 54880 139.3637 339.9189 0007657  52.0327   4.7931 15.24877477  3116
2023-001A               
1 55009U 23001A   23019.41623163  .00006955  00000+0  40929-3 0  9997
2 55009  97.5014  81.2480 0010543 170.5001 189.6431 15.11906605  2544
2023-001B               
1 55010U 23001B   23019.54757874  .00013671  00000+0  79599-3 0  9998
2 55010  97.5038  81.3847 0010964 171.8989 188.2421 15.12089491  2568
2023-001C               
1 55011U 23001C   23019.54723209  .00012978  00000+0  75541-3 0  9996
2 55011  97.5066  81.3904 0011366 173.3960 186.7422 15.12109010  2561
2023-001D               
1 55012U 23001D   23019.41377213  .00008724  00000+0  50832-3 0  9993
2 55012  97.5084  81.2663 0012166 172.7665 187.3744 15.12171142  2544
2023-001E               
1 55013U 23001E   23019.54465254  .00017825  00000+0  10264-2 0  9997
2 55013  97.4998  81.3782 0010661 161.2430 198.9195 15.12433589  2568
2023-001F               
1 55014U 23001F   23019.54434490  .00018737  00000+0  10774-2 0  9995
2 55014  97.5038  81.3887 0011494 168.4159 191.7339 15.12464764  2563
2023-001G               
1 55015U 23001G   23019.54451575  .00011575  00000+0  66965-3 0  9996
2 55015  97.5072  81.3964 0012028 168.6034 191.5472 15.12352234  2560
2023-001H               
1 55016U 23001H   23019.54496384  .00007390  00000+0  43036-3 0  9998
2 55016  97.5000  81.3805 0011813 166.2495 193.9059 15.12251689  2561
2023-001J               
1 55017U 23001J   23019.54356532  .00016963  00000+0  97454-3 0  9998
2 55017  97.4982  81.3776 0011218 163.5067 196.6531 15.12522044  2562
2023-001K               
1 55018U 23001K   23019.54358959  .00015771  00000+0  90690-3 0  9995
2 55018  97.5020  81.3859 0011581 163.0849 197.0770 15.12499625  2563
2023-001L               
1 55019U 23001L   23019.54353111  .00015197  00000+0  87400-3 0  9998
2 55019  97.5048  81.3924 0011817 165.6929 194.4638 15.12502696  2563
FLOCK 4Y-24             
1 55020U 23001M   23019.54330866  .00010730  00000+0  61914-3 0  9992
2 55020  97.5017  81.3856 0011859 161.0032 199.1643 15.12466505  2562
FLOCK 4Y-32             
1 55021U 23001N   23019.54348723  .00011131  00000+0  64292-3 0  9992
2 55021  97.5015  81.3841 0011938 157.6782 202.4970 15.12421262  2568
FLOCK 4Y-22             
1 55022U 23001P   23019.54259855  .00007530  00000+0  43502-3 0  9999
2 55022  97.5021  81.3859 0012179 154.8893 205.2932 15.12526215  2568
FLOCK 4Y-18             
1 55023U 23001Q   23019.54326979  .00011195  00000+0  64600-3 0  9996
2 55023  97.5047  81.3942 0011939 158.7321 201.4408 15.12454152  2568
FLOCK 4Y-14             
1 55024U 23001R   23019.54253511  .00010336  00000+0  59526-3 0  9995
2 55024  97.5039  81.3921 0012070 163.1254 197.0381 15.12546610  2560
FLOCK 4Y-30             
1 55025U 23001S   23019.54218724  .00011449  00000+0  65820-3 0  9993
2 55025  97.5049  81.3956 0012208 161.5312 198.6364 15.12580496  2568
FLOCK 4Y-19             
1 55026U 23001T   23019.54244715  .00010892  00000+0  62698-3 0  9994
2 55026  97.5012  81.3835 0012678 154.1756 206.0110 15.12540418  2569
FLOCK 4Y-25             
1 55027U 23001U   23019.54229599  .00010714  00000+0  61679-3 0  9999
2 55027  97.5005  81.3841 0012186 159.8533 200.3181 15.12546767  2566
FLOCK 4Y-5              
1 55028U 23001V   23019.54175572  .00010901  00000+0  62615-3 0  9990
2 55028  97.5022  81.3863 0013027 153.3385 206.8519 15.12616180  2562
FLOCK 4Y-10             
1 55029U 23001W   23019.54213846  .00011036  00000+0  63486-3 0  9995
2 55029  97.5045  81.3969 0012402 157.8565 202.3204 15.12565279  2564
FLOCK 4Y-29             
1 55030U 23001X   23019.54186687  .00010899  00000+0  62643-3 0  9999
2 55030  97.5008  81.3839 0012546 156.9837 203.1958 15.12597608  2568
FLOCK 4Y-17             
1 55031U 23001Y   23019.54183651  .00010593  00000+0  60910-3 0  9994
2 55031  97.5052  81.3979 0012395 160.3595 199.8115 15.12592821  2563
FLOCK 4Y-7              
1 55032U 23001Z   23019.54122563  .00008846  00000+0  50837-3 0  9995
2 55032  97.5018  81.3856 0013478 153.6872 206.5046 15.12649081  2566
FLOCK 4Y-28             
1 55033U 23001AA  23019.54134946  .00008790  00000+0  50565-3 0  9990
2 55033  97.4995  81.3828 0012647 158.2384 201.9386 15.12627909  2566
2023-001AB              
1 55034U 23001AB  23019.54158468  .00005645  00000+0  32679-3 0  9998
2 55034  97.5034  81.3937 0013164 156.0424 204.1422 15.12557172  2569
FLOCK 4Y-3              
1 55035U 23001AC  23019.53406867  .00011408  00000+0  64121-3 0  9998
2 55035  97.5007  81.3931 0015888 159.9253 200.2607 15.13348214  2569
2023-001AD              
1 55036U 23001AD  23019.53473682  .00031676  00000+0  17605-2 0  9991
2 55036  97.5032  81.3986 0014671 162.3840 197.7903 15.13537222  2565
2023-001AE              
1 55037U 23001AE  23019.59607877  .00021758  00000+0  11999-2 0  9993
2 55037  97.5054  81.4767 0016500 155.9250 204.2756 15.13871103  2574
2023-001AF              
1 55038U 23001AF  23019.59425934  .00020678  00000+0  11350-2 0  9997
2 55038  97.5066  81.4820 0017427 158.7548 201.4411 15.14035677  2574
FLOCK 4Y-1              
1 55039U 23001AG  23019.47455773  .00014527  00000+0  82939-3 0  9997
2 55039  97.5006  81.3184 0013400 155.2302 204.9575 15.12756814  2556
FLOCK 4Y-16             
1 55040U 23001AH  23019.47452704  .00010706  00000+0  61346-3 0  9994
2 55040  97.5058  81.3365 0012795 161.9839 198.1848 15.12708879  2556
2023-001AJ              
1 55041U 23001AJ  23019.47256107  .00007754  00000+0  44357-3 0  9996
2 55041  97.5028  81.3309 0014006 159.3040 200.8761 15.12853577  2555
FLOCK 4Y-33             
1 55042U 23001AK  23019.47472384  .00007705  00000+0  44328-3 0  9998
2 55042  97.5000  81.3182 0013107 156.7805 203.4020 15.12659595  2557
FLOCK 4Y-11             
1 55043U 23001AL  23019.54031117  .00008324  00000+0  47765-3 0  9998
2 55043  97.5049  81.4010 0012762 159.9999 200.1735 15.12734256  2563
2023-001AM              
1 55044U 23001AM  23019.47448307  .00009107  00000+0  52263-3 0  9993
2 55044  97.5071  81.3377 0013218 164.1487 196.0160 15.12696360  2558
2023-001AN              
1 55045U 23001AN  23019.47412760  .00010172  00000+0  58241-3 0  9994
2 55045  97.5029  81.3256 0014027 155.4963 204.6938 15.12736933  2559
2023-001AP              
1 55046U 23001AP  23019.47434384  .00005215  00000+0  30139-3 0  9999
2 55046  97.5037  81.3319 0013300 158.5861 201.5929 15.12653442  2552
2023-001AQ              
1 55047U 23001AQ  23019.47361493  .00009942  00000+0  56854-3 0  9993
2 55047  97.5028  81.3244 0014277 155.9505 204.2395 15.12783923  2555
2023-001AR              
1 55048U 23001AR  23019.47341475  .00009607  00000+0  54946-3 0  9990
2 55048  97.5028  81.3306 0013711 157.8810 202.3015 15.12796452  2556
2023-001AS              
1 55049U 23001AS  23019.60497311  .00012557  00000+0  71435-3 0  9997
2 55049  97.5033  81.4577 0014321 157.1393 203.0478 15.12910155  2572
2023-001AT              
1 55050U 23001AT  23019.60364152  .00031328  00000+0  17551-2 0  9990
2 55050  97.5030  81.4643 0013428 160.0432 200.1327 15.13268634  2579
2023-001AU              
1 55051U 23001AU  23019.60527082  .00004650  00000+0  26814-3 0  9995
2 55051  97.5032  81.4587 0014694 158.0002 202.1862 15.12773473  2572
2023-001AV              
1 55052U 23001AV  23019.60444438  .00013359  00000+0  75853-3 0  9992
2 55052  97.5024  81.4613 0014005 158.8108 201.3705 15.12968052  2571
2023-001AW              
1 55053U 23001AW  23019.47249921  .00004939  00000+0  28425-3 0  9995
2 55053  97.5039  81.3304 0014803 159.3007 200.8826 15.12811729  2558
2023-001AX              
1 55054U 23001AX  23019.60446833  .00006391  00000+0  36615-3 0  9996
2 55054  97.5021  81.4610 0014070 159.5571 200.6226 15.12865788  2573
FLOCK 4Y-4              
1 55055U 23001AY  23019.60371104  .00011428  00000+0  64833-3 0  9995
2 55055  97.5028  81.4561 0014967 157.5296 202.6594 15.13024159  2573
2023-001AZ              
1 55056U 23001AZ  23019.60319792  .00010956  00000+0  62147-3 0  9992
2 55056  97.5024  81.4628 0014160 160.8728 199.3038 15.13050507  2577
FLOCK 4Y-35             
1 55057U 23001BA  23019.47043227  .00010017  00000+0  56764-3 0  9991
2 55057  97.5040  81.3396 0013870 163.1882 196.9812 15.13115465  2557
2023-001BB              
1 55058U 23001BB  23019.40635515  .00009133  00000+0  52118-3 0  9998
2 55058  97.5025  81.2657 0014081 159.7775 200.4016 15.12888869  2547
2023-001BC              
1 55059U 23001BC  23019.60431874  .00017177  00000+0  97227-3 0  9990
2 55059  97.5022  81.4613 0013956 159.0430 201.1376 15.13022929  2578
2023-001BD              
1 55060U 23001BD  23018.74795811  .00004127  00000+0  24600-3 0  9996
2 55060  97.5021  80.6101 0018502 177.7820 182.3496 15.11584331  2441
2023-001BE              
1 55061U 23001BE  23019.60315207  .00004184  00000+0  24044-3 0  9995
2 55061  97.5027  81.4646 0013748 163.3595 196.8090 15.12963999  2574
2023-001BF              
1 55062U 23001BF  23019.60234150  .00012858  00000+0  72610-3 0  9992
2 55062  97.5038  81.4629 0014802 161.4873 198.6900 15.13164898  2570
FLOCK 4Y-20             
1 55063U 23001BG  23019.59969261  .00008507  00000+0  47918-3 0  9998
2 55063  97.5056  81.4753 0015743 163.9416 196.2317 15.13357191  2570
2023-001BH              
1 55064U 23001BH  23019.53503987  .00010851  00000+0  61216-3 0  9994
2 55064  97.5037  81.4051 0014659 164.8367 195.3306 15.13244980  2569
FLOCK 4Y-12             
1 55065U 23001BJ  23019.60076419  .00011564  00000+0  65094-3 0  9998
2 55065  97.5065  81.4754 0015377 162.8268 197.3486 15.13296262  2579
FLOCK 4Y-6              
1 55066U 23001BK  23019.60023873  .00011885  00000+0  66807-3 0  9994
2 55066  97.5047  81.4734 0015296 164.4419 195.7285 15.13341879  2578
2023-001BL              
1 55067U 23001BL  23019.59744931  .00028907  00000+0  15935-2 0  9996
2 55067  97.5078  81.4824 0015849 162.8382 197.3389 15.13834034  2571
FLOCK 4Y-15             
1 55068U 23001BM  23019.59886546  .00012020  00000+0  67286-3 0  9992
2 55068  97.5003  81.4601 0016314 159.0672 201.1231 15.13473831  2575
FLOCK 4Y-9              
1 55069U 23001BN  23019.59894413  .00011343  00000+0  63574-3 0  9998
2 55069  97.5036  81.4726 0015414 166.6060 193.5583 15.13456427  2571
FLOCK 4Y-26             
1 55070U 23001BP  23019.59888813  .00011673  00000+0  65323-3 0  9997
2 55070  97.4998  81.4597 0016021 157.0842 203.1107 15.13497050  2579
FLOCK 4Y-8              
1 55071U 23001BQ  23019.59923685  .00012013  00000+0  67315-3 0  9997
2 55071  97.5013  81.4614 0016138 160.9412 199.2427 15.13438653  2578
2023-001BR              
1 55072U 23001BR  23019.53302669  .00015877  00000+0  88675-3 0  9998
2 55072  97.5059  81.4101 0016018 161.2259 198.9567 15.13493865  2566
2023-001BS              
1 55073U 23001BS  23019.53313965  .00014850  00000+0  81337-3 0  9998
2 55073  97.5034  81.4015 0017969 142.5865 217.6622 15.14175861  2560
FLOCK 4Y-2              
1 55074U 23001BT  23019.53208231  .00012084  00000+0  67483-3 0  9991
2 55074  97.5044  81.4098 0015923 165.6940 194.4746 15.13563532  2565
FLOCK 4Y-36             
1 55075U 23001BU  23019.59828855  .00012690  00000+0  70897-3 0  9994
2 55075  97.5022  81.4647 0016153 163.4869 196.6892 15.13532923  2571
2023-001BV              
1 55076U 23001BV  23019.60202180  .00006370  00000+0  36247-3 0  9993
2 55076  97.5026  81.4604 0015425 161.0347 199.1462 15.13098738  2577
FLOCK 4Y-21             
1 55077U 23001BW  23019.59809132  .00011896  00000+0  66447-3 0  9996
2 55077  97.5050  81.4754 0016245 163.6035 196.5725 15.13555095  2571
FLOCK 4Y-31             
1 55078U 23001BX  23019.59797730  .00012096  00000+0  67544-3 0  9999
2 55078  97.5007  81.4634 0016496 157.8945 202.3001 15.13557631  2575
FLOCK 4Y-13             
1 55079U 23001BY  23019.59804229  .00011425  00000+0  63853-3 0  9996
2 55079  97.5039  81.4723 0016531 162.7240 197.4558 15.13539912  2576
FLOCK 4Y-23             
1 55080U 23001BZ  23019.53161815  .00011615  00000+0  64832-3 0  9998
2 55080  97.5015  81.3998 0016739 160.5686 199.6187 15.13579230  2563
2023-001CA              
1 55081U 23001CA  23019.46584402  .00009357  00000+0  52400-3 0  9990
2 55081  97.5053  81.3449 0016760 160.3308 199.8573 15.13521240  2558
FLOCK 4Y-34             
1 55082U 23001CB  23019.59776232  .00013716  00000+0  76459-3 0  9993
2 55082  97.5021  81.4678 0016565 158.9758 201.2158 15.13588343  2570
FLOCK 4Y-27             
1 55083U 23001CC  23019.53158449  .00012025  00000+0  67099-3 0  9994
2 55083  97.5015  81.4002 0016775 160.7215 199.4654 15.13581775  2567
2023-001CD              
1 55084U 23001CD  23019.33274048  .00009697  00000+0  54145-3 0  9996
2 55084  97.5001  81.2036 0016420 154.4482 205.7564 15.13621975  2536
2023-001CE              
1 55085U 23001CE  23019.53039369  .00017657  00000+0  97757-3 0  9995
2 55085  97.5008  81.4008 0016723 156.9119 203.2868 15.13772710  2562
2023-001CF              
1 55086U 23001CF  23019.53020180  .00017600  00000+0  97387-3 0  9994
2 55086  97.5038  81.4082 0016723 156.4643 203.7357 15.13793688  2560
SPACEBEE-167            
1 55087U 23001CG  23019.52977866  .00020482  00000+0  11299-2 0  9995
2 55087  97.5019  81.4044 0016624 155.8874 204.3140 15.13871154  2569
2023-001CH              
1 55088U 23001CH  23019.52979080  .00017563  00000+0  97043-3 0  9994
2 55088  97.5078  81.4168 0016980 157.0760 203.1233 15.13841117  2561
SPACEBEE-163            
1 55089U 23001CJ  23019.52920209  .00019986  00000+0  11011-2 0  9995
2 55089  97.5015  81.4049 0016480 156.3438 203.8554 15.13924990  2564
2023-001CK              
1 55090U 23001CK  23019.59570621  .00015448  00000+0  85464-3 0  9996
2 55090  97.5041  81.4752 0017332 158.6012 201.5948 15.13819713  2575
SPACEBEE-164            
1 55091U 23001CL  23019.52879613  .00021376  00000+0  11752-2 0  9998
2 55091  97.5017  81.4052 0016970 155.4456 204.7587 15.13979015  2561
SPACEBEE-166            
1 55092U 23001CM  23019.52790136  .00024274  00000+0  13280-2 0  9999
2 55092  97.5019  81.4058 0018841 157.2288 202.9783 15.14097324  2565
2023-001CN              
1 55093U 23001CN  23019.59513699  .00009789  00000+0  54306-3 0  9993
2 55093  97.5014  81.4703 0017139 153.5774 206.6336 15.13838456  2570
SPACEBEE-165            
1 55094U 23001CP  23019.39594233  .00022899  00000+0  12569-2 0  9996
2 55094  97.5016  81.2744 0015671 155.1838 205.0151 15.14040229  2543
SPACEBEE-162            
1 55095U 23001CQ  23019.32983603  .00017854  00000+0  98099-3 0  9991
2 55095  97.5015  81.2105 0017189 155.8284 204.3758 15.14034432  2535
SPACEBEE-161            
1 55096U 23001CR  23019.52797787  .00021844  00000+0  11979-2 0  9995
2 55096  97.5014  81.4059 0017271 155.0969 205.1099 15.14059444  2569
SPACEBEE-160            
1 55097U 23001CS  23019.52778943  .00022385  00000+0  12265-2 0  9999
2 55097  97.5014  81.4059 0017353 155.0640 205.1434 15.14083813  2567
BDSAT-2                 
1 55098U 23001CT  23019.52835781  .00016062  00000+0  88512-3 0  9998
2 55098  97.5070  81.4170 0017559 155.0913 205.1170 15.13948764  2566
SPACEBEE-156            
1 55099U 23001CU  23019.39554090  .00021586  00000+0  11831-2 0  9991
2 55099  97.5017  81.2760 0017232 155.8301 204.3743 15.14082703  2546
SPACEBEE-158            
1 55100U 23001CV  23019.32945877  .00019233  00000+0  10546-2 0  9992
2 55100  97.5012  81.2101 0017681 156.1083 204.0973 15.14083727  2530
SPACEBEE-159            
1 55101U 23001CW  23019.52707610  .00024581  00000+0  13410-2 0  9991
2 55101  97.5015  81.4068 0018114 154.2433 205.9705 15.14206674  2562
SPACEBEE-157            
1 55102U 23001CX  23019.52729918  .00024875  00000+0  13594-2 0  9996
2 55102  97.5013  81.4065 0016798 158.1058 202.0895 15.14163128  2564
2023-001CY              
1 55103U 23001CY  23019.52825615  .00009999  00000+0  55399-3 0  9998
2 55103  97.5050  81.4128 0017801 153.5066 206.7080 15.13871118  2561
MARIO                   
1 55123U 98067UQ  23019.40742467  .00099184  00000+0  15196-2 0  9999
2 55123  51.6418 345.2062 0001206 358.8679   1.2309 15.53529593  3320
NUTSAT                  
1 55124U 98067UR  23019.27507789  .00124214  00000+0  18355-2 0  9994
2 55124  51.6415 345.8226 0000385  28.1885 331.9126 15.54409661  3299
LORIS                   
1 55125U 98067US  23019.28185116  .00071338  00000+0  11210-2 0  9993
2 55125  51.6419 345.8672 0002203 338.1821  21.9075 15.52977401  3316
ORCASAT                 
1 55126U 98067UT  23019.28365134  .00061239  00000+0  97523-3 0  9995
2 55126  51.6427 345.8790 0002398 335.2724  24.8151 15.52672048  3318
DANTESAT                
1 55127U 98067UU  23019.47613371  .00814024  00000+0  48454-2 0  9992
2 55127  51.6396 343.4085 0010966 153.7043 206.4515 15.75056886  3326
TJREVERB                
1 55128U 98067UV  23019.47866835  .00079437  00000+0  12588-2 0  9998
2 55128  51.6420 344.9315 0003079 307.7036  52.3675 15.52695115  3332
SPORT                   
1 55129U 98067UW  23019.48494503  .00044297  00000+0  73525-3 0  9994
2 55129  51.6423 344.9724 0001825 294.9756  65.1044 15.51658172  3336
PETITSAT                
1 55130U 98067UX  23019.41746841  .00127099  00000+0  19814-2 0  9996
2 55130  51.6419 345.2722 0001319 247.2815 112.8036 15.52922358  3275
SHIJIAN-23 (SJ-23)      
1 55131U 23002A   23019.65072708 -.00000293  00000+0  00000+0 0  9995
2 55131   0.5062  95.3193 0031750 239.0014 165.5239  0.99666510   211
CZ-7A R/B               
1 55132U 23002B   23019.39758365  .00221843  11566-5  35262-2 0  9998
2 55132  16.4770  94.5739 7187654 187.0015 150.5984  2.45156803   253
2023-003A               
1 55133U 23003A   23019.62718663  .00027602  00000+0  13741-2 0  9993
2 55133  97.2705 109.3122 0007026 219.7931 276.4307 15.17535143  1571
2023-003B               
1 55134U 23003B   23019.54020623  .00012219  00000+0  55038-3 0  9991
2 55134  97.2711 109.2731 0012203 253.8824 231.7953 15.21134869  1551
2023-003C               
1 55135U 23003C   23019.60195021  .00010800  00000+0  48443-3 0  9990
2 55135  97.2736 109.3392 0012091 257.8404 212.8209 15.21312312  1584
2023-003D               
1 55136U 23003D   23019.60100498  .00017978  00000+0  79869-3 0  9994
2 55136  97.2708 109.3364 0011782 260.3036 210.5189 15.21526436  1574
2023-003E               
1 55137U 23003E   23019.60110615  .00010912  00000+0  48752-3 0  9995
2 55137  97.2684 109.3331 0012305 259.7574 211.0404 15.21441586  1571
ONEWEB-0532             
1 55140U 23004A   23019.58334491  .00017438  00000+0  17559-2 0  9997
2 55140  86.5125 281.6334 0011403 178.1036 243.8699 14.91033337  1305
ONEWEB-0533             
1 55141U 23004B   23019.58334491  .00070248  00000+0  70085-2 0  9999
2 55141  86.5119 281.6297 0012026 178.7514 248.0240 14.91147178  1304
ONEWEB-0541             
1 55142U 23004C   23019.58334491  .00069897  00000+0  70414-2 0  9994
2 55142  86.5135 281.6360 0010188 176.7338 237.7420 14.90775182  1309
ONEWEB-0543             
1 55143U 23004D   23019.58334491  .00069327  00000+0  69976-2 0  9994
2 55143  86.5145 281.6382 0009908 177.8081 234.1878 14.90701689  1309
ONEWEB-0544             
1 55144U 23004E   23019.58334491 -.00005381  00000+0 -53867-3 0  9990
2 55144  86.5117 281.6297 0013543 186.5260 257.1311 14.91667042  1302
ONEWEB-0560             
1 55145U 23004F   23019.58334491  .00071245  00000+0  70112-2 0  9992
2 55145  86.5134 281.6286 0013659 186.7936 257.7890 14.91674835  1306
ONEWEB-0565             
1 55146U 23004G   23019.58334491  .00072524  00000+0  70905-2 0  9994
2 55146  86.5117 281.6277 0013908 191.3761 261.6640 14.91927142  1302
ONEWEB-0567             
1 55147U 23004H   23019.58334491  .00072358  00000+0  70856-2 0  9995
2 55147  86.5108 281.6275 0013796 190.1898 260.7324 14.91865195  1302
ONEWEB-0569             
1 55148U 23004J   23019.58334491  .00071016  00000+0  70695-2 0  9997
2 55148  86.5120 281.6290 0012275 179.9158 249.7660 14.91229385  1304
ONEWEB-0570             
1 55149U 23004K   23019.58334491  .00071083  00000+0  70626-2 0  9996
2 55149  86.5118 281.6289 0012559 180.7596 251.3369 14.91303407  1304
ONEWEB-0571             
1 55150U 23004L   23019.58334491  .00064115  00000+0  63017-2 0  9992
2 55150  86.5140 281.6288 0013800 188.3462 259.0177 14.91762303  1302
ONEWEB-0572             
1 55151U 23004M   23019.58334491  .00070525  00000+0  70303-2 0  9991
2 55151  86.5129 281.6350 0012098 179.1049 248.7774 14.91178055  1300
ONEWEB-0573             
1 55152U 23004N   23019.58334491  .00070838  00000+0  70476-2 0  9990
2 55152  86.5129 281.6344 0012350 180.1673 250.3797 14.91253338  1302
ONEWEB-0588             
1 55153U 23004P   23019.58334491  .00069503  00000+0  70357-2 0  9996
2 55153  86.5147 281.6397 0009417 178.9712 229.2024 14.90587944  1300
ONEWEB-0598             
1 55154U 23004Q   23019.58334491  .00069765  00000+0  70319-2 0  9995
2 55154  86.5106 281.6325 0010102 177.1396 236.6204 14.90754479  1300
ONEWEB-0599             
1 55155U 23004R   23019.58334491  .00071022  00000+0  70616-2 0  9995
2 55155  86.5131 281.6343 0012454 180.5141 250.8234 14.91275703  1307
ONEWEB-0614             
1 55156U 23004S   23019.58334491  .00069623  00000+0  70052-2 0  9994
2 55156  86.5122 281.6341 0010303 176.1652 239.8835 14.90825033  1305
ONEWEB-0616             
1 55157U 23004T   23019.58334491  .00069864  00000+0  69877-2 0  9995
2 55157  86.5116 281.6303 0011657 178.0552 245.8165 14.91051679  1301
ONEWEB-0617             
1 55158U 23004U   23019.58334491  .00069455  00000+0  70542-2 0  9993
2 55158  86.5140 281.6387 0008991 180.5284 223.3970 14.90457827  1307
ONEWEB-0618             
1 55159U 23004V   23019.58334491  .00093035  00000+0  92624-2 0  9990
2 55159  86.5131 281.6348 0011810 178.1294 247.7175 14.91106766  1304
ONEWEB-0619             
1 55160U 23004W   23019.58334491  .00071095  00000+0  70480-2 0  9990
2 55160  86.5123 281.6302 0012911 180.9904 253.9429 14.91389555  1309
ONEWEB-0620             
1 55161U 23004X   23019.58334491  .00069518  00000+0  70202-2 0  9990
2 55161  86.5100 281.6319 0009790 178.2771 233.0104 14.90682864  1303
ONEWEB-0621             
1 55162U 23004Y   23019.58334491 -.00672698  00000+0 -90818-1 0  9996
2 55162  86.5619 281.6702 0008185 181.4935 132.1607 14.81673392  1303
ONEWEB-0622             
1 55163U 23004Z   23019.58334491  .00069541  00000+0  70529-2 0  9990
2 55163  86.5141 281.6387 0009085 180.0886 225.5215 14.90513785  1304
ONEWEB-0623             
1 55164U 23004AA  23019.58334491  .00071602  00000+0  70369-2 0  9994
2 55164  86.5111 281.6284 0013769 187.9604 258.3417 14.91725312  1306
ONEWEB-0624             
1 55165U 23004AB  23019.58334491  .00071906  00000+0  70363-2 0  9996
2 55165  86.5138 281.6272 0013704 190.4287 261.4419 14.91897103  1303
ONEWEB-0625             
1 55166U 23004AC  23019.58334491  .00070439  00000+0  70318-2 0  9997
2 55166  86.5118 281.6304 0011936 178.5829 247.6023 14.91122826  1302
ONEWEB-0626             
1 55167U 23004AD  23019.58334491  .00072601  00000+0  70988-2 0  9994
2 55167  86.5113 281.6274 0013859 191.2936 261.5735 14.91922803  1309
ONEWEB-0627             
1 55168U 23004AE  23019.58334491  .00072100  00000+0  70767-2 0  9994
2 55168  86.5107 281.6277 0013802 188.6431 259.2612 14.91774286  1302
ONEWEB-0628             
1 55169U 23004AF  23019.58334491  .00072184  00000+0  70754-2 0  9993
2 55169  86.5141 281.6282 0013781 189.7515 260.0328 14.91827499  1307
ONEWEB-0629             
1 55170U 23004AG  23019.58334491  .00072516  00000+0  70800-2 0  9996
2 55170  86.5123 281.6266 0014060 192.5936 262.3799 14.91980145  1306
ONEWEB-0631             
1 55171U 23004AH  23019.58334491  .00071693  00000+0  70470-2 0  9995
2 55171  86.5136 281.6282 0013715 187.4213 258.5548 14.91719169  1301
ONEWEB-0709             
1 55172U 23004AJ  23019.58334491  .00069773  00000+0  70488-2 0  9991
2 55172  86.5100 281.6317 0009669 178.5997 231.8603 14.90665999  1301
ONEWEB-0710             
1 55173U 23004AK  23019.58334491  .00071686  00000+0  70609-2 0  9993
2 55173  86.5124 281.6291 0013549 186.0175 257.1835 14.91638200  1307
ONEWEB-0711             
1 55174U 23004AL  23019.58334491  .00069061  00000+0  70036-2 0  9992
2 55174  86.5101 281.6332 0009218 179.6003 226.4659 14.90518991  1301
ONEWEB-0713             
1 55175U 23004AM  23019.58334491  .00068913  00000+0  70000-2 0  9999
2 55175  86.5110 281.6350 0008603 179.4026 224.3320 14.90458487  1307
ONEWEB-0715             
1 55176U 23004AN  23019.58334491  .00069781  00000+0  70708-2 0  9999
2 55176  86.5145 281.6392 0009314 179.1734 227.7685 14.90547486  1304
ONEWEB-0716             
1 55177U 23004AP  23019.58334491  .00071048  00000+0  70520-2 0  9991
2 55177  86.5132 281.6334 0012717 180.8690 252.6230 14.91342052  1304
ONEWEB-0717             
1 55178U 23004AQ  23019.58334491  .00069293  00000+0  69946-2 0  9991
2 55178  86.5104 281.6325 0009788 179.2277 232.9396 14.90700635  1309
ONEWEB-0719             
1 55179U 23004AR  23019.58334491  .00070018  00000+0  70046-2 0  9992
2 55179  86.5117 281.6309 0011530 177.9411 245.4802 14.91043318  1309
1998-067UY              
1 55181U 98067UY  23019.29239523  .00082736  00000+0  13212-2 0  9996
2 55181  51.6421 345.9353 0003471 228.5488 131.5204 15.52462194  2013
HSKSAT                  
1 55182U 98067UZ  23019.29257259  .00058127  00000+0  94456-3 0  9990
2 55182  51.6419 345.9372 0002967 216.6456 143.4331 15.52130651  2028
1998-067VA              
1 55183U 98067VA  23019.29331377  .00049733  00000+0  81610-3 0  9996
2 55183  51.6429 345.9427 0004672 319.5729  40.4913 15.51918625  2028
2023-005A               
1 55239U 23005A   23019.15277252  .00000033  00000+0  00000+0 0  9994
2 55239  28.2343 352.3525 1872577 117.2783   6.3230 10.52497816   938
2023-005B               
1 55240U 23005B   23018.26942625  .00002138 -67385-5  00000+0 0  9994
2 55240  28.5075 345.1182 0193066 172.8273 322.1732 15.80443900   873
DRAGON CRS-26 TRUNK     
1 55241U 22159B   23019.82361432  .02725924  11727-4  93586-3 0  9997
2 55241  51.6275 339.4895 0057023 192.4783 251.2401 16.20190522  1360
2023-006A               
1 55242U 23006A   23019.48427638  .00015815  00000+0  79577-3 0  9993
2 55242  43.2007 172.0172 0010022 316.4812 147.7679 15.16973065   943
2023-006B               
1 55243U 23006B   23019.48463481  .00010164  00000+0  51786-3 0  9994
2 55243  43.2001 172.0176 0009758 317.1911 147.1220 15.16853523   946
2023-006C               
1 55244U 23006C   23019.48730672  .00008004  00000+0  41817-3 0  9998
2 55244  43.1996 172.0364 0007157 307.3597 157.5352 15.16212802   894
2023-006D               
1 55245U 23006D   23019.48627799  .00036576  00000+0  18384-2 0  9991
2 55245  43.2003 172.0282 0007584 306.7980 157.8844 15.16629232   907
2023-007A               
1 55248U 23007A   23019.32701013 -.00007761  00000+0 -31638-3 0  9994
2 55248  97.3794  93.7213 0008392 223.1133 202.3024 15.24155841   646
2023-007B               
1 55249U 23007B   23019.52161064  .00020166  00000+0  82049-3 0  9997
2 55249  97.3805  93.9122 0008028 231.6133 186.3397 15.24520875   660
2023-007C               
1 55250U 23007C   23019.45646014  .00030594  00000+0  12319-2 0  9992
2 55250  97.3769  93.8470 0006912 237.9652 186.1324 15.24791657   656
2023-007D               
1 55251U 23007D   23019.44658691  .00028611  00000+0  11502-2 0  9996
2 55251  97.3823  93.8407 0007915 241.4319 129.5833 15.24853125   657
2023-007E               
1 55252U 23007E   23019.52069628  .00018714  00000+0  75374-3 0  9993
2 55252  97.3748  93.9108 0007237 241.1360 177.5678 15.24883345   661
2023-007F               
1 55253U 23007F   23019.45571969  .00012117  00000+0  48826-3 0  9995
2 55253  97.3781  93.8499 0007307 247.9785 175.9928 15.24966558   651
2023-007G               
1 55254U 23007G   23019.52008286  .00019571  00000+0  78397-3 0  9998
2 55254  97.3809  93.9158 0007619 248.6014 169.3813 15.25054708   662
2023-007H               
1 55255U 23007H   23019.44490917  .00037386  00000+0  14738-2 0  9998
2 55255  97.3734  93.8423 0008063 261.5606 108.8855 15.25448583   650
2023-007J               
1 55256U 23007J   23019.44489138  .00030861  00000+0  12193-2 0  9996
2 55256  97.3772  93.8420 0007747 262.0634 108.4391 15.25419955   657
2023-007K               
1 55257U 23007K   23019.46583941 -.00006868  00000+0 -26944-3 0  9998
2 55257  97.3772  93.8639 0007213 263.3689 222.8979 15.25400851   650
2023-007L               
1 55258U 23007L   23019.51897204 -.00000071  00000+0  00000+0 0  9995
2 55258  97.3742  93.9166 0006287 264.7770 154.5545 15.25490626   660
2023-007M               
1 55259U 23007M   23019.66857926 -.00000072  00000+0  00000+0 0  9990
2 55259  97.3699  94.0607 0007540 276.4389 248.9599 15.25813571   680
2023-007N               
1 55260U 23007N   23019.51505970  .00004737  00000+0  18435-3 0  9991
2 55260  97.3711  93.9112 0008763 294.4263 118.1941 15.26460659   668
2023-007P               
1 55261U 23007P   23019.32037382 -.00033448  00000+0 -12812-2 0  9993
2 55261  97.3750  93.7277 0008805 298.1776 127.3443 15.26578157   638
USA 342                 
1 55263U 23008A   23018.89644575 -.00000055  00000+0  00000+0 0  9995
2 55263   0.0479   9.7016 0002091 261.8278 299.1426  1.02191985    23
2023-009A               
1 55268U 23009A   23019.56958773  .00000203  00000+0  00000+0 0  9998
2 55268  55.0137 201.7698 5934866 270.2550  26.1276  4.03893074    40
