CREW DRAGON 4           
1 52318U 22042A   22145.61408565  .00010905  00000+0  20101-3 0  9999
2 52318  51.6434  88.3857 0005154 156.5593 195.2645 15.49676703341673
2022-043A               
1 52320U 22043A   22145.84906087  .00012017  00000+0  50934-3 0  9993
2 52320  97.4720 221.3974 0013264 163.1366 332.7944 15.23209539  4064
2022-043B               
1 52321U 22043B   22145.82332301  .00042434  00000+0  16596-2 0  9995
2 52321  97.4707 221.4310 0013796 190.8991 308.5038 15.25627557  4067
2022-043C               
1 52322U 22043C   22145.82536075  .00012855  00000+0  51940-3 0  9997
2 52322  97.4716 221.4259 0013926 191.8304 301.0158 15.24797652  4068
2022-043D               
1 52323U 22043D   22145.79968104  .00019162  00000+0  34814-3 0  9995
2 52323  97.5631 222.6737 0087174 288.2201 215.1129 15.45393735  4119
2022-043E               
1 52324U 22043E   22145.96270978  .00086669  00000+0  29474-2 0  9991
2 52324  97.4645 221.6636 0020949 215.1151 249.4859 15.29891742  4091
2022-043F               
1 52325U 22043F   22145.86099651  .00054519  00000+0  31163-2 0  9995
2 52325  97.2204 219.9190 0109652 124.3720 236.6737 15.07447907  4019
2022-043G               
1 52326U 22043G   22145.80406242  .00019589  00000+0  17266-2 0  9994
2 52326  97.2942 219.3546 0157569  75.8109 285.9922 14.87334259  3956
2022-043H               
1 52327U 22043H   22145.80912348  .00046027  00000+0  26584-2 0  9994
2 52327  97.7063 221.3970 0119251 127.5309 233.6675 15.06252429  4016
2022-043J               
1 52328U 22043J   22145.81465247  .00033776  00000+0  29826-2 0  9996
2 52328  97.7276 220.6895 0159908  77.7426 284.1576 14.86908245  3943
STARLINK-3889           
1 52331U 22045A   22145.91667824 -.00710243  00000+0 -10117-1 0  9993
2 52331  53.2174 307.9571 0001095  87.2948 221.1844 15.58107725  6631
STARLINK-3831           
1 52332U 22045B   22145.91667824 -.00710613  00000+0 -10128-1 0  9997
2 52332  53.2173 307.9325 0001108  82.6781 223.5339 15.58093967  6634
STARLINK-3847           
1 52333U 22045C   22145.86201218 -.00354681  00000+0 -46727-2 0  9997
2 52333  53.2133 308.2226 0002059  80.5823 279.5423 15.58982967  6626
STARLINK-3880           
1 52334U 22045D   22145.91667824 -.00710361  00000+0 -10117-1 0  9997
2 52334  53.2174 307.9644 0001110  82.7691 226.4658 15.58112403  6627
STARLINK-3814           
1 52335U 22045E   22145.91667824 -.00710413  00000+0 -10116-1 0  9995
2 52335  53.2174 307.9729 0001119  77.7824 232.2080 15.58117071  6634
STARLINK-3823           
1 52336U 22045F   22145.86133041 -.00341142  00000+0 -44783-2 0  9996
2 52336  53.2124 308.2609 0001814  63.6638 296.4562 15.59032979  6631
STARLINK-3797           
1 52337U 22045G   22145.91667824 -.00710394  00000+0 -10121-1 0  9991
2 52337  53.2173 307.9488 0001132  75.8770 231.8465 15.58103160  6637
STARLINK-3815           
1 52338U 22045H   22145.86094413 -.00411969  00000+0 -55085-2 0  9999
2 52338  53.2122 308.2677 0001292  51.3605 308.7525 15.58787296  6638
STARLINK-3792           
1 52339U 22045J   22145.91667824 -.00710503  00000+0 -10112-1 0  9995
2 52339  53.2174 308.0038 0001109  83.7681 228.4886 15.58131180  6638
STARLINK-3818           
1 52340U 22045K   22145.81389031 -.00004155  00000+0 -25185-4 0  9995
2 52340  53.2157 307.9562 0001258  49.6666 310.4464 15.73214915  6628
STARLINK-3843           
1 52341U 22045L   22145.79712097 -.00320621  00000+0 -41575-2 0  9993
2 52341  53.2125 308.5763 0002567  49.8838 310.2401 15.59282912  6626
STARLINK-3850           
1 52342U 22045M   22145.91667824  .00035589  00000+0  25662-3 0  9999
2 52342  53.2137 307.4484 0001197  53.8143 169.9054 15.73226816  6642
STARLINK-3849           
1 52343U 22045N   22145.91667824 -.00710704  00000+0 -10111-1 0  9992
2 52343  53.2175 308.0793 0001160  68.4963 245.2697 15.58141574  6637
STARLINK-3851           
1 52344U 22045P   22145.91667824  .00078849  00000+0  56159-3 0  9992
2 52344  53.2137 307.4460 0001102  57.8224 167.1786 15.73173912  6648
STARLINK-3852           
1 52345U 22045Q   22145.91667824  .00031636  00000+0  22895-3 0  9996
2 52345  53.2139 307.4523 0001325  52.9817 169.0463 15.73202463  6638
STARLINK-3812           
1 52346U 22045R   22145.81333913  .00020403  00000+0  14907-3 0  9990
2 52346  53.2156 307.9533 0001252  69.9245 290.1910 15.73258001  6638
STARLINK-3826           
1 52347U 22045S   22145.81380007  .00015209  00000+0  11263-3 0  9997
2 52347  53.2153 307.9563 0001309  80.3584 279.7584 15.73189788  6630
STARLINK-3829           
1 52348U 22045T   22145.91667824  .00104022  00000+0  73732-3 0  9995
2 52348  53.2136 307.4418 0001286  54.1719 172.6068 15.73171836  6643
STARLINK-3819           
1 52349U 22045U   22145.91667824  .00095077  00000+0  67541-3 0  9996
2 52349  53.2142 307.4459 0001164  63.8817 160.6491 15.73158189  6640
STARLINK-3754           
1 52350U 22045V   22145.81304310 -.00004662  00000+0 -28816-4 0  9990
2 52350  53.2158 307.9531 0001592  78.7715 281.3484 15.73198287  6637
STARLINK-3816           
1 52351U 22045W   22145.91667824 -.00003469  00000+0 -20306-4 0  9994
2 52351  53.2136 307.4440 0001419  43.1653 183.0378 15.73204881  6642
STARLINK-3838           
1 52352U 22045X   22145.91667824 -.00003043  00000+0 -17264-4 0  9992
2 52352  53.2134 307.4365 0001631  29.0219 200.1433 15.73205694  6640
STARLINK-3807           
1 52353U 22045Y   22145.91667824  .00106950  00000+0  75847-3 0  9992
2 52353  53.2136 307.4394 0001241  47.4359 180.5793 15.73147692  6644
STARLINK-3876           
1 52354U 22045Z   22145.81227764  .00027231  00000+0  19721-3 0  9990
2 52354  53.2155 307.9455 0001210  65.4128 294.7018 15.73270981  6634
STARLINK-3877           
1 52355U 22045AA  22145.81288203  .00019770  00000+0  14539-3 0  9997
2 52355  53.2160 307.9502 0002466  54.0863 306.0385 15.73126930  6636
STARLINK-3801           
1 52356U 22045AB  22145.91667824  .00036330  00000+0  26187-3 0  9992
2 52356  53.2133 307.4341 0001218  63.7287 166.5446 15.73224913  6642
STARLINK-3821           
1 52357U 22045AC  22145.91667824 -.00009961  00000+0 -66659-4 0  9994
2 52357  53.2134 307.4355 0001170  48.1650 181.6596 15.73192709  6648
STARLINK-3837           
1 52358U 22045AD  22145.91667824  .00013814  00000+0  10263-3 0  9994
2 52358  53.2132 307.4276 0001069  54.6057 178.7482 15.73211395  1301
STARLINK-3853           
1 52359U 22045AE  22145.91667824  .00036569  00000+0  26378-3 0  9991
2 52359  53.2135 307.4331 0001340  55.9536 174.9867 15.73204976  6649
STARLINK-3824           
1 52360U 22045AF  22145.91667824  .00111467  00000+0  78990-3 0  9991
2 52360  53.2131 307.4250 0001289  55.0189 179.5455 15.73147503  1308
STARLINK-3728           
1 52361U 22045AG  22145.81219408  .00001961  00000+0  18363-4 0  9998
2 52361  53.2155 307.9446 0001213  61.4599 298.6543 15.73226767  6632
STARLINK-3848           
1 52362U 22045AH  22145.91667824  .00030500  00000+0  22112-3 0  9996
2 52362  53.2132 307.4237 0001257  63.4757 171.6763 15.73180658  6640
STARLINK-3830           
1 52363U 22045AJ  22145.91667824 -.00002075  00000+0 -10365-4 0  9993
2 52363  53.2134 307.4291 0001262  57.2533 175.4764 15.73210258  1303
STARLINK-3820           
1 52364U 22045AK  22145.91667824  .00049316  00000+0  35349-3 0  9999
2 52364  53.2132 307.4213 0001215  56.7112 179.5656 15.73216417  1309
STARLINK-3874           
1 52365U 22045AL  22145.81188738  .00009671  00000+0  73158-4 0  9992
2 52365  53.2152 307.9432 0001816  64.2471 295.8736 15.73229164  6634
STARLINK-3808           
1 52366U 22045AM  22145.91667824  .00044638  00000+0  32107-3 0  9992
2 52366  53.2131 307.4182 0001330  62.8646 174.7278 15.73178299  6647
STARLINK-3817           
1 52367U 22045AN  22145.91667824  .00011956  00000+0  89516-4 0  9997
2 52367  53.2131 307.4227 0001387  62.6572 173.1517 15.73191468  6648
STARLINK-3834           
1 52368U 22045AP  22145.91667824  .00032179  00000+0  23289-3 0  9992
2 52368  53.2129 307.4149 0001064  61.2980 178.0071 15.73192667  6639
STARLINK-3841           
1 52369U 22045AQ  22145.91667824  .00047758  00000+0  34329-3 0  9999
2 52369  53.2131 307.4201 0001367  64.9245 172.0837 15.73163577  1303
STARLINK-3827           
1 52370U 22045AR  22145.91667824  .00017955  00000+0  13206-3 0  9998
2 52370  53.2129 307.4170 0001188  49.7153 188.4458 15.73202685  6643
STARLINK-3798           
1 52371U 22045AS  22145.91667824 -.00012964  00000+0 -88051-4 0  9997
2 52371  53.2130 307.4164 0001324  56.9846 181.7182 15.73210321  1304
STARLINK-3796           
1 52372U 22045AT  22145.91667824  .00092811  00000+0  65968-3 0  9996
2 52372  53.2128 307.4117 0001145  49.7138 190.8021 15.73155099  6639
STARLINK-3550           
1 52373U 22045AU  22145.91667824  .00027441  00000+0  19965-3 0  9990
2 52373  53.2127 307.4102 0001279  48.8107 192.9650 15.73157909  6641
STARLINK-3762           
1 52374U 22045AV  22145.91667824  .00021900  00000+0  15987-3 0  9995
2 52374  53.2146 307.4103 0001124  40.3067 200.8332 15.73226477  6648
STARLINK-3785           
1 52375U 22045AW  22145.91667824  .00102779  00000+0  72911-3 0  9990
2 52375  53.2129 307.4133 0001309  54.3167 185.6363 15.73157665  6640
STARLINK-3767           
1 52376U 22045AX  22145.91667824  .00021332  00000+0  15597-3 0  9993
2 52376  53.2145 307.4068 0001324  62.4423 180.4570 15.73208079  1305
STARLINK-3805           
1 52377U 22045AY  22145.81042796 -.00001125  00000+0 -35970-5 0  9997
2 52377  53.2143 307.9316 0001357  62.2021 297.9137 15.73208411  6626
STARLINK-3806           
1 52378U 22045AZ  22145.91667824  .00035969  00000+0  25949-3 0  9998
2 52378  53.2128 307.4048 0001257  53.0537 190.9945 15.73209857  6642
STARLINK-3800           
1 52379U 22045BA  22145.91667824 -.00026561  00000+0 -18491-3 0  9993
2 52379  53.2147 307.4063 0001220  72.5779 170.8321 15.73264454  6644
STARLINK-3793           
1 52380U 22045BB  22145.91667824 -.00012508  00000+0 -84812-4 0  9992
2 52380  53.2129 307.4011 0000841  88.3693 157.5364 15.73208300  1302
STARLINK-3803           
1 52381U 22045BC  22145.91667824  .00013816  00000+0  10264-3 0  9993
2 52381  53.2144 307.4035 0001595  40.0935 204.5709 15.73212083  6648
STARLINK-3799           
1 52382U 22045BD  22145.91667824  .00112104  00000+0  79401-3 0  9992
2 52382  53.2128 307.4020 0001240  57.5840 187.6631 15.73156743  6645
STARLINK-3811           
1 52383U 22045BE  22145.91667824  .00008708  00000+0  66350-4 0  9997
2 52383  53.2143 307.3997 0001546  40.1097 206.3700 15.73218518  6641
FALCON 9 DEB            
1 52384U 22045BF  22145.74579313  .00446102  98027-4  79276-3 0  9999
2 52384  53.2083 305.2602 0015304 332.1227  27.8983 16.01077165  4124
FALCON 9 DEB            
1 52385U 22045BG  22145.67893943  .00412492  84623-4  74754-3 0  9998
2 52385  53.2085 305.5537 0015030 339.3314  20.7108 16.00757333  4110
FALCON 9 DEB            
1 52386U 22045BH  22145.71736757  .00489961  12072-3  75908-3 0  9998
2 52386  53.2032 305.0712 0012965 325.6152  34.4041 16.03452080  4128
FALCON 9 DEB            
1 52387U 22045BJ  22145.76415791  .00625924  20403-3  81807-3 0  9999
2 52387  53.2077 304.6508 0011692 325.0044  35.0221 16.06252770  4120
JILIN-01 GAOFEN 4A      
1 52388U 22046A   22145.80512978  .00007953  00000+0  49857-3 0  9993
2 52388  97.5403 233.4961 0013368 192.0761 319.6653 15.09530694  3874
JILIN-01 GAOFEN 3D 4    
1 52389U 22046B   22145.86345425 -.00028441  00000+0 -17483-2 0  9997
2 52389  97.5433 233.5642 0011832 202.6897 291.6167 15.10072612  3879
JILIN-01 GAOFEN 3D 5    
1 52390U 22046C   22145.85963251  .00008007  00000+0  49343-3 0  9996
2 52390  97.5345 233.5420 0013878 201.4972 277.8631 15.10150969  3874
JILIN-01 GAOFEN 3D 6    
1 52391U 22046D   22145.53769676 -.00016470  00000+0 -10026-2 0  9997
2 52391  97.5464 233.2721 0014105 202.4295 342.2690 15.10284703  3822
JILIN-01 GAOFEN 3D 7    
1 52392U 22046E   22145.51977008  .00088551  00000+0  53331-2 0  9999
2 52392  97.5436 233.2393 0014196 202.8785 252.9879 15.10317820  3828
CZ-11 R/B               
1 52393U 22046F   22145.93285002  .02183375  22729-5  26427-3 0  9999
2 52393  97.2759 235.4433 0152236 228.1201 130.5855 16.08803697  4078
SPACEBEE-143            
1 52394U 22047A   22145.73313859  .00011359  00000+0  64436-3 0  9995
2 52394  97.4491 231.1427 0007925 248.5596 111.4790 15.13096325  4913
SPACEBEENZ-15           
1 52395U 22047B   22145.20166433  .00012863  00000+0  72439-3 0  9995
2 52395  97.4490 230.6290 0008237 247.6659 112.3700 15.13325880  4835
SPACEBEENZ-16           
1 52396U 22047C   22145.79677886  .00015173  00000+0  85312-3 0  9990
2 52396  97.4486 231.2102 0008250 246.1118 113.9250 15.13344691  4927
SPACEBEENZ-17           
1 52397U 22047D   22145.20176118  .00014086  00000+0  79294-3 0  9993
2 52397  97.4494 230.6285 0008223 247.8085 112.2275 15.13318434  4838
SPACEBEENZ-18           
1 52398U 22047E   22145.79696246  .00014238  00000+0  80130-3 0  9997
2 52398  97.4492 231.2103 0008224 246.5866 113.4501 15.13324449  4925
SPACEBEE-140            
1 52399U 22047F   22145.46687872  .00012272  00000+0  69298-3 0  9995
2 52399  97.4486 230.8867 0008038 247.8710 112.1668 15.13242169  4890
SPACEBEE-141            
1 52400U 22047G   22145.79800456  .00011310  00000+0  64000-3 0  9997
2 52400  97.4487 231.2091 0008006 246.1321 113.9071 15.13185641  4925
SPACEBEE-142            
1 52401U 22047H   22145.46782224  .00010492  00000+0  59487-3 0  9997
2 52401  97.4484 230.8851 0007980 247.8734 112.1650 15.13136086  4875
2022-047J               
1 52402U 22047J   22145.73170970  .00014562  00000+0  82069-3 0  9991
2 52402  97.4483 231.1406 0008878 249.8380 110.1897 15.13264628  4911
SPACEBEENZ-22           
1 52403U 22047K   22145.20281795  .00013012  00000+0  73458-3 0  9993
2 52403  97.4480 230.6232 0008800 251.0665 108.9613 15.13229685  4832
2022-047L               
1 52404U 22047L   22145.79773492  .00014968  00000+0  84301-3 0  9998
2 52404  97.4492 231.2055 0009053 250.0200 110.0057 15.13280285  4920
SPACEBEENZ-21           
1 52405U 22047M   22145.20279606  .00012999  00000+0  73358-3 0  9995
2 52405  97.4488 230.6233 0008953 251.9289 108.0967 15.13243092  4834
SPACEBEE-148            
1 52406U 22047N   22145.46791071  .00012293  00000+0  69548-3 0  9992
2 52406  97.4482 230.8809 0008738 251.0333 108.9952 15.13168422  4872
SPACEBEE-149            
1 52407U 22047P   22145.20422106  .00010306  00000+0  58550-3 0  9999
2 52407  97.4483 230.6215 0008593 252.2921 107.7373 15.13064978  4839
SPACEBEE-153            
1 52408U 22047Q   22145.79910488  .00012842  00000+0  72681-3 0  9997
2 52408  97.4515 231.2108 0008874 263.9799  96.0421 15.13144192  4929
2022-047R               
1 52409U 22047R   22145.73343233  .00011484  00000+0  65162-3 0  9997
2 52409  97.4494 231.1403 0008608 253.6634 106.3651 15.13080454  4911
2022-047S               
1 52410U 22047S   22145.20436425  .00010871  00000+0  61732-3 0  9995
2 52410  97.4489 230.6253 0007880 251.6443 108.3931 15.13070369  4839
SPACEBEE-145            
1 52411U 22047T   22145.79980233  .00010776  00000+0  61219-3 0  9995
2 52411  97.4488 231.2063 0007917 248.3694 111.6694 15.13059413  4927
SPACEBEE-146            
1 52412U 22047U   22145.20498166  .00009525  00000+0  54244-3 0  9991
2 52412  97.4484 230.6244 0007803 251.7802 108.2580 15.13004371  4830
SPACEBEE-151            
1 52413U 22047V   22145.20498814  .00010439  00000+0  59369-3 0  9991
2 52413  97.4488 230.6202 0008516 254.2229 105.8063 15.13022317  4831
SPACEBEE-152            
1 52414U 22047W   22145.80072310  .00010377  00000+0  59085-3 0  9993
2 52414  97.4482 231.2013 0008436 251.2227 108.8089 15.12983085  4927
SPACEBEE-147            
1 52415U 22047X   22145.20561147  .00010864  00000+0  61851-3 0  9994
2 52415  97.4495 230.6240 0007822 253.4619 106.5753 15.12979687  4830
SPACEBEE-155            
1 52416U 22047Y   22145.80101468  .00009887  00000+0  56322-3 0  9997
2 52416  97.4488 231.2010 0008892 256.9057 103.1182 15.12975380  4922
SPACEBEE-154            
1 52417U 22047Z   22145.80115431  .00010319  00000+0  58788-3 0  9993
2 52417  97.4488 231.2007 0008498 253.6627 106.3669 15.12963198  4927
2022-047AA              
1 52418U 22047AA  22145.80158576  .00010431  00000+0  59478-3 0  9993
2 52418  97.4478 231.1876 0008325 254.0851 105.9462 15.12930161  4923
2022-047AB              
1 52419U 22047AB  22145.80206004  .00009333  00000+0  53361-3 0  9998
2 52419  97.4479 231.1874 0008332 254.8294 105.2016 15.12867210  4922
2022-047AC              
1 52420U 22047AC  22145.20664684  .00009425  00000+0  53835-3 0  9994
2 52420  97.4462 230.6077 0008250 257.6379 102.3929 15.12896890  4836
2022-047AD              
1 52421U 22047AD  22145.79824587  .00024904  00000+0  13900-2 0  9996
2 52421  97.4482 231.1919 0009071 257.0977 102.9241 15.13494894  4922
BRO-6                   
1 52422U 22047AE  22145.89165597  .00008521  00000+0  49398-3 0  9995
2 52422  97.4511 231.2893 0006858 263.6054 188.7307 15.12404329  4936
2022-047AF              
1 52423U 22047AF  22145.81044231  .00008123  00000+0  47254-3 0  9996
2 52423  97.4482 231.1842 0006345 270.9625  89.0879 15.12295172  4923
2022-047AG              
1 52424U 22047AG  22145.81230187  .00009640  00000+0  56121-3 0  9992
2 52424  97.4537 231.1900 0007502 272.2260  87.8112 15.12209962  4924
2022-047AH              
1 52425U 22047AH  22145.81246376  .00009067  00000+0  52829-3 0  9994
2 52425  97.4497 231.1917 0007432 275.9804  84.0579 15.12198403  4927
2022-047AJ              
1 52426U 22047AJ  22145.81119347  .00018277  00000+0  10523-2 0  9999
2 52426  97.4499 231.1940 0007893 277.0309  83.0024 15.12454369  4920
2022-047AK              
1 52427U 22047AK  22145.74670311  .00011824  00000+0  68708-3 0  9995
2 52427  97.4495 231.1282 0007644 278.5712  81.4653 15.12223220  4913
JILIN-01 KUANFU 01C     
1 52443U 22048A   22145.85997362  .00004700  00000+0  29674-3 0  9998
2 52443  97.6824 210.4835 0012740 192.6569 293.5604 15.09505781  3138
JILIN-01 GAOFEN 3D 27   
1 52444U 22048B   22145.52416605  .00006959  00000+0  43842-3 0  9990
2 52444  97.6814 210.1491 0014145 189.2376 277.7002 15.09396837  3093
JILIN-01 GAOFEN 3D 28   
1 52445U 22048C   22145.85837061 -.00004261  00000+0 -26112-3 0  9997
2 52445  97.6784 210.4815 0014028 190.9142 297.9016 15.09554691  3142
JILIN-01 GAOFEN 3D 29   
1 52446U 22048D   22145.85781465  .00007135  00000+0  44585-3 0  9999
2 52446  97.6816 210.4851 0014377 195.9219 292.2796 15.09684932  3141
JILIN-01 GAOFEN 3D 30   
1 52447U 22048E   22145.85644964  .00006968  00000+0  43294-3 0  9991
2 52447  97.6802 210.4841 0014780 198.9455 291.2382 15.09896511  3147
JILIN-01 GAOFEN 3D 31   
1 52448U 22048F   22145.85128837  .00007291  00000+0  45143-3 0  9993
2 52448  97.6808 210.4830 0013896 200.9770 270.3804 15.10017095  3144
JILIN-01 GAOFEN 3D 32   
1 52449U 22048G   22145.85086634  .00013273  00000+0  81598-3 0  9993
2 52449  97.6829 210.4915 0013047 202.3718 268.9243 15.10110438  3143
JILIN-01 GAOFEN 3D 33   
1 52450U 22048H   22145.85014400  .00064654  00000+0  39053-2 0  9994
2 52450  97.6821 210.4901 0013499 202.5720 268.7746 15.10347578  3141
STARLINK-3870           
1 52451U 22049A   22145.91667824 -.00715204  00000+0 -65542-2 0  9995
2 52451  53.2174 169.8039 0001672  28.1294  13.8394 15.69228038  1305
STARLINK-3909           
1 52452U 22049B   22145.91667824 -.00715314  00000+0 -65573-2 0  9992
2 52452  53.2173 169.7870 0001398  37.4473   3.8525 15.69222898  3242
STARLINK-3872           
1 52453U 22049C   22145.91667824 -.00715325  00000+0 -65530-2 0  9998
2 52453  53.2174 169.8065 0001662  28.5519  14.7569 15.69236954  1309
STARLINK-3888           
1 52454U 22049D   22145.91667824 -.00715376  00000+0 -65550-2 0  9997
2 52454  53.2174 169.8045 0001522  32.9255   9.7132 15.69232587  3242
STARLINK-3890           
1 52455U 22049E   22145.91667824 -.00719029  00000+0 -65891-2 0  9995
2 52455  53.2174 169.8071 0001136 322.4470  81.5306 15.69243974  1307
STARLINK-3896           
1 52456U 22049F   22145.91667824 -.00715320  00000+0 -65510-2 0  9994
2 52456  53.2174 169.8080 0001456  35.1470   9.5017 15.69245753  3242
STARLINK-3899           
1 52457U 22049G   22145.91667824 -.00719079  00000+0 -65879-2 0  9998
2 52457  53.2174 169.8098 0000754 309.0520  96.2656 15.69252911  1302
STARLINK-3898           
1 52458U 22049H   22145.91667824 -.00715259  00000+0 -65478-2 0  9990
2 52458  53.2174 169.8107 0001543  32.1684  13.8199 15.69254576  1302
STARLINK-3856           
1 52459U 22049J   22145.91667824 -.00001425  00000+0 -57203-5 0  9994
2 52459  53.2155 169.7554 0002153  26.4087  39.4322 15.73219793  3242
STARLINK-3865           
1 52460U 22049K   22145.91667824 -.00004093  00000+0 -24736-4 0  9994
2 52460  53.2149 169.7518 0002053  26.9599  40.1988 15.73211524  3240
STARLINK-3900           
1 52461U 22049L   22145.91667824  .00017558  00000+0  12924-3 0  9998
2 52461  53.2155 169.7567 0002085  20.1079  45.1124 15.73202370  3242
STARLINK-3903           
1 52462U 22049M   22145.91667824  .00054193  00000+0  38810-3 0  9997
2 52462  53.2153 169.7485 0001948  29.3018  39.6932 15.73196428  3242
STARLINK-3885           
1 52463U 22049N   22145.91667824  .00092106  00000+0  65417-3 0  9997
2 52463  53.2154 169.7543 0001929  26.5117  39.8995 15.73175409  1309
STARLINK-3904           
1 52464U 22049P   22145.91667824  .00008315  00000+0  63540-4 0  9993
2 52464  53.2155 169.7500 0002111  30.4392  37.8763 15.73224959  1303
STARLINK-3863           
1 52465U 22049Q   22145.91667824  .00019011  00000+0  13942-3 0  9999
2 52465  53.2152 169.7516 0002000  29.0293  38.6835 15.73223987  3243
STARLINK-3840           
1 52466U 22049R   22145.91667824  .00017564  00000+0  12922-3 0  9998
2 52466  53.2149 169.7457 0002275  23.9806  46.2205 15.73214512  1306
STARLINK-3873           
1 52467U 22049S   22145.91667824  .00113880  00000+0  80671-3 0  9993
2 52467  53.2153 169.7475 0001917  13.7154  55.8032 15.73145675  1304
STARLINK-3864           
1 52468U 22049T   22145.91667824  .00081051  00000+0  57689-3 0  9991
2 52468  53.2149 169.7412 0001926  30.4911  41.6907 15.73177452  1300
STARLINK-3828           
1 52469U 22049U   22145.91667824  .00006051  00000+0  47550-4 0  9996
2 52469  53.2147 169.7436 0002116  20.9770  50.0107 15.73177816  1304
STARLINK-3859           
1 52470U 22049V   22145.91667824 -.00002951  00000+0 -16587-4 0  9991
2 52470  53.2147 169.7388 0002018  24.0268  49.3828 15.73222786  3243
STARLINK-3862           
1 52471U 22049W   22145.91667824  .00089289  00000+0  63463-3 0  9993
2 52471  53.2153 169.7436 0002095  27.2793  44.2409 15.73170664  3244
STARLINK-3881           
1 52472U 22049X   22145.91667824  .00090530  00000+0  64336-3 0  9995
2 52472  53.2144 169.7353 0002147  25.4565  49.2179 15.73168138  3240
STARLINK-3879           
1 52473U 22049Y   22145.91667824  .00103978  00000+0  73679-3 0  9997
2 52473  53.2151 169.7408 0002030  22.8032  49.9464 15.73178162  3243
STARLINK-3855           
1 52474U 22049Z   22145.91667824 -.00005819  00000+0 -37031-4 0  9998
2 52474  53.2143 169.7325 0002114  18.5897  57.3536 15.73216771  3249
STARLINK-3882           
1 52475U 22049AA  22145.91667824  .00105937  00000+0  75053-3 0  9994
2 52475  53.2146 169.7374 0002166  21.2066  52.6873 15.73174290  3244
STARLINK-3835           
1 52476U 22049AB  22145.91667824  .00018097  00000+0  13310-3 0  9993
2 52476  53.2145 169.7304 0002111  21.4634  55.7329 15.73196469  1307
STARLINK-3860           
1 52477U 22049AC  22145.91667824 -.00002941  00000+0 -16509-4 0  9991
2 52477  53.2148 169.7351 0002318  25.9158  49.3699 15.73226289  1305
STARLINK-3825           
1 52478U 22049AD  22145.91667824  .00066480  00000+0  47450-3 0  9996
2 52478  53.2143 169.7290 0002386  33.4799  44.3144 15.73190632  3240
STARLINK-3878           
1 52479U 22049AE  22145.91667824  .00024044  00000+0  17521-3 0  9993
2 52479  53.2146 169.7258 0002054  24.0119  55.7171 15.73203253  3242
STARLINK-3839           
1 52480U 22049AF  22145.91667824  .00077122  00000+0  54943-3 0  9999
2 52480  53.2142 169.7263 0002190  24.1997  54.9017 15.73175243  3249
STARLINK-3842           
1 52481U 22049AG  22145.91667824 -.00002015  00000+0 -99227-5 0  9997
2 52481  53.2146 169.7323 0002137  19.8102  56.7329 15.73218340  3243
STARLINK-3813           
1 52482U 22049AH  22145.91667824  .00103209  00000+0  73216-3 0  9991
2 52482  53.2142 169.7209 0002067  30.2980  51.3384 15.73155027  3240
STARLINK-3875           
1 52483U 22049AJ  22145.91667824  .00036766  00000+0  26506-3 0  9995
2 52483  53.2143 169.7273 0002040  27.1037  51.3202 15.73214067  3241
STARLINK-3887           
1 52484U 22049AK  22145.91667824  .00023038  00000+0  16827-3 0  9999
2 52484  53.2155 169.7198 0001905  25.4079  56.8934 15.73177534  1301
STARLINK-3913           
1 52485U 22049AL  22145.91667824  .00041230  00000+0  29625-3 0  9994
2 52485  53.2145 169.7227 0002195  23.2926  57.5586 15.73237463  1302
STARLINK-3918           
1 52486U 22049AM  22145.91667824  .00003877  00000+0  32028-4 0  9992
2 52486  53.2138 169.7159 0002077  25.7980  57.7308 15.73202770  1302
STARLINK-3902           
1 52487U 22049AN  22145.91667824  .00033178  00000+0  24001-3 0  9991
2 52487  53.2143 169.7234 0002133  25.4243  54.9758 15.73186126  3244
STARLINK-3892           
1 52488U 22049AP  22145.91667824  .00002251  00000+0  20449-4 0  9993
2 52488  53.2141 169.7140 0002143  31.4913  53.2670 15.73216449  1303
STARLINK-3923           
1 52489U 22049AQ  22145.91667824  .00062426  00000+0  44593-3 0  9999
2 52489  53.2146 169.7192 0001963  24.3332  58.5219 15.73198013  3249
STARLINK-3914           
1 52490U 22049AR  22145.91667824  .00011930  00000+0  89140-4 0  9993
2 52490  53.2142 169.7116 0002069  27.7594  58.1844 15.73242019  3244
STARLINK-3908           
1 52491U 22049AS  22145.91667824 -.00015390  00000+0 -10564-3 0  9993
2 52491  53.2145 169.7163 0002023  12.2432  71.9379 15.73152089  1308
STARLINK-3916           
1 52492U 22049AT  22145.91667824  .00048649  00000+0  34895-3 0  9998
2 52492  53.2138 169.7084 0002095  32.1535  55.0974 15.73204683  1309
STARLINK-3883           
1 52493U 22049AU  22145.91667824  .00029008  00000+0  21010-3 0  9992
2 52493  53.2144 169.7137 0002075  30.8378  54.4694 15.73230889  3248
STARLINK-3857           
1 52494U 22049AV  22145.91667824  .00091409  00000+0  64916-3 0  9999
2 52494  53.2148 169.7027 0002047  19.3147  70.4937 15.73180597  1309
STARLINK-3905           
1 52495U 22049AW  22145.91667824  .00105674  00000+0  74917-3 0  9992
2 52495  53.2139 169.7100 0002100  21.3988  65.3017 15.73159688  3242
STARLINK-3871           
1 52496U 22049AX  22145.91667824 -.00691682  00000+0 -31321-2 0  9995
2 52496  53.2172 168.1786 0001183  50.8926  61.2601 15.84893774  1304
STARLINK-3884           
1 52497U 22049AY  22145.91667824  .00111250  00000+0  78785-3 0  9998
2 52497  53.2148 169.7070 0001984  28.0801  59.9011 15.73162824  3246
STARLINK-3925           
1 52498U 22049AZ  22145.91667824  .00018424  00000+0  13523-3 0  9997
2 52498  53.2139 169.7017 0001986  21.6211  68.7412 15.73229041  3242
STARLINK-3894           
1 52499U 22049BA  22145.91667824  .00007722  00000+0  59329-4 0  9992
2 52499  53.2137 169.7056 0002024  28.5198  59.9796 15.73223551  1300
STARLINK-3866           
1 52500U 22049BB  22145.91667824  .00100403  00000+0  71256-3 0  9997
2 52500  53.2152 169.7006 0002192  25.9312  65.1440 15.73156493  3240
STARLINK-3907           
1 52501U 22049BC  22145.91667824  .00050219  00000+0  35981-3 0  9992
2 52501  53.2140 169.7052 0002088  19.4250  69.6851 15.73217552  3241
STARLINK-3912           
1 52502U 22049BD  22145.91667824  .00105134  00000+0  74845-3 0  9992
2 52502  53.2146 169.6969 0001694  31.7409  60.9557 15.73065029  3246
STARLINK-3861           
1 52503U 22049BE  22145.91667824  .00102221  00000+0  72476-3 0  9995
2 52503  53.2144 169.6989 0001895  21.4759  70.1857 15.73172072  1302
FALCON 9 DEB            
1 52504U 22049BF  22145.56741629  .00261325  37841-4  65083-3 0  9998
2 52504  53.2038 169.7430 0013238 339.4382  20.6113 15.95221439  3050
FALCON 9 DEB            
1 52505U 22049BG  22145.56104815  .00291709  44947-4  68980-3 0  9992
2 52505  53.2022 169.7018 0013606 350.3451   9.7316 15.96139326  3051
FALCON 9 DEB            
1 52506U 22049BH  22145.60894550  .00343494  59523-4  73862-3 0  9990
2 52506  53.2030 169.2884 0009395 353.2070   6.8832 15.97921845  3064
FALCON 9 DEB            
1 52507U 22049BJ  22145.60403760  .00379669  71155-4  78400-3 0  9991
2 52507  53.2069 169.2631 0010916   2.7771 357.3319 15.98597850  3062
TIANZHOU-4              
1 52509U 22050A   22145.34075231  .00031244  00000+0  37582-3 0  9990
2 52509  41.4723 357.8149 0002001  47.2404 305.0966 15.60164659 61194
2022-050B               
1 52510U 22050B   22145.94292421  .01364727  11695-2  14236-2 0  9991
2 52510  41.4718 348.8140 0038034 255.9761 103.6793 16.08159231  2570
2022-050C               
1 52511U 22050C   22133.26930593  .15691567  63660-5  38331-2 0  9997
2 52511  41.1126  70.3207 0089819 188.0694 294.4971 16.17944868   562
CZ-7 R/B                
1 52512U 22050D   22145.26460629  .13236528  84317-5  16320-3 0  9996
2 52512  41.4866 350.6110 0018869 294.1822  66.8963 16.48028749  2483
STARLINK-3951           
1 52533U 22051A   22145.85632322  .00057607  00000+0  41165-3 0  9997
2 52533  53.2204 234.0652 0002866  28.9509 331.1669 15.73220298  2351
STARLINK-3952           
1 52534U 22051B   22145.85649630  .00010740  00000+0  80683-4 0  9994
2 52534  53.2186 234.0651 0001984  39.0171 321.0992 15.73248696  3099
STARLINK-3958           
1 52535U 22051C   22145.85639758  .00033676  00000+0  24288-3 0  9996
2 52535  53.2204 234.0658 0002888 316.4732  43.6060 15.73247611  2354
STARLINK-3964           
1 52536U 22051D   22145.85621239  .00068354  00000+0  48728-3 0  9998
2 52536  53.2210 234.0642 0002945 349.6674  10.4286 15.73206800  2359
STARLINK-3897           
1 52537U 22051E   22145.85612033  .00036934  00000+0  26657-3 0  9997
2 52537  53.2204 234.0632 0002385  31.1135 329.0026 15.73185047  2423
STARLINK-3933           
1 52538U 22051F   22145.85590378  .00040232  00000+0  28982-3 0  9994
2 52538  53.2202 234.0627 0002478  30.4215 329.6948 15.73188335  2422
STARLINK-3757           
1 52539U 22051G   22145.85599648  .00070056  00000+0  49844-3 0  9991
2 52539  53.2204 234.0631 0002179   6.6444 353.4604 15.73244587  2423
STARLINK-3940           
1 52540U 22051H   22145.85545589  .00040374  00000+0  29043-3 0  9997
2 52540  53.2212 234.0598 0002535  20.4042 339.7079 15.73220293  2353
STARLINK-3845           
1 52541U 22051J   22145.85791208 -.00369022  00000+0 -31309-2 0  9992
2 52541  53.2217 234.0739 0002483   0.0736   0.0283 15.70063956  2423
STARLINK-3937           
1 52542U 22051K   22145.85537381  .00047194  00000+0  33890-3 0  9992
2 52542  53.2195 234.0576 0001988  38.0043 322.1118 15.73191475  2357
STARLINK-3926           
1 52543U 22051L   22145.85568559  .00048179  00000+0  34565-3 0  9998
2 52543  53.2206 234.0611 0002291  24.9548 335.1582 15.73203944  2357
STARLINK-3944           
1 52544U 22051M   22145.85729330 -.00442323  00000+0 -37897-2 0  9996
2 52544  53.2223 234.0717 0002957  23.3824 336.7329 15.70040124  2423
STARLINK-3939           
1 52545U 22051N   22145.85557822  .00092548  00000+0  65597-3 0  9999
2 52545  53.2207 234.0606 0002337  29.6534 330.4618 15.73220514  2420
STARLINK-3948           
1 52546U 22051P   22145.85495615  .00043967  00000+0  31638-3 0  9991
2 52546  53.2196 234.0565 0002700  22.6918 337.4221 15.73173050  2356
STARLINK-3869           
1 52547U 22051Q   22145.85739663 -.00385999  00000+0 -32770-2 0  9999
2 52547  53.2206 234.0707 0002152   3.5467 356.5567 15.70100746  2427
STARLINK-3931           
1 52548U 22051R   22145.85442953  .00081526  00000+0  58019-3 0  9995
2 52548  53.2195 234.0534 0003536  35.0517 325.0735 15.73173913  2355
STARLINK-3935           
1 52549U 22051S   22145.85505281  .00358573  00000+0  24382-2 0  9994
2 52549  53.2186 234.0569 0002387  35.2146 324.9032 15.73330276  2420
STARLINK-3965           
1 52550U 22051T   22145.85463196  .00240036  00000+0  16645-2 0  9991
2 52550  53.2192 234.0541 0002363  34.4027 325.7146 15.73224437  2428
STARLINK-3969           
1 52551U 22051U   22145.85483132  .00052264  00000+0  37389-3 0  9997
2 52551  53.2185 234.0564 0002639  31.3961 328.7217 15.73235344  2426
STARLINK-3966           
1 52552U 22051V   22145.85431013  .00074058  00000+0  52713-3 0  9992
2 52552  53.2193 234.0538 0002547  25.1666 334.9478 15.73212011  2422
STARLINK-3858           
1 52553U 22051W   22145.85474655  .00065539  00000+0  46810-3 0  9997
2 52553  53.2212 234.0553 0003699  26.0452 334.0754 15.73176388  2350
STARLINK-3770           
1 52554U 22051X   22145.72897508 -.00252397  00000+0 -21153-2 0  9994
2 52554  53.2213 234.6922 0004213  34.6104 325.5188 15.69997443  2400
STARLINK-3949           
1 52555U 22051Y   22145.85454304  .00075023  00000+0  53386-3 0  9993
2 52555  53.2212 234.0544 0004043  18.8938 341.2231 15.73207352  2428
STARLINK-3763           
1 52556U 22051Z   22145.91667824 -.00831205  00000+0 -76026-2 0  9993
2 52556  53.2174 233.7413 0001343  40.1533 302.6368 15.69617551  2430
STARLINK-3943           
1 52557U 22051AA  22145.85421125 -.00018847  00000+0 -13037-3 0  9992
2 52557  53.2208 234.0519 0003771  25.9619 334.1589 15.73148767  2420
STARLINK-3954           
1 52558U 22051AB  22145.85377083  .00059457  00000+0  42443-3 0  9999
2 52558  53.2195 234.0507 0002703  33.6649 326.4542 15.73232158  2427
STARLINK-3953           
1 52559U 22051AC  22145.85399494  .00017992  00000+0  13237-3 0  9997
2 52559  53.2201 234.0513 0003128  29.6860 330.4337 15.73192419  2427
STARLINK-3956           
1 52560U 22051AD  22145.85346471  .00105567  00000+0  74786-3 0  9998
2 52560  53.2194 234.0484 0002773  29.4306 330.6870 15.73175830  2427
STARLINK-3955           
1 52561U 22051AE  22145.85577280 -.00279429  00000+0 -23437-2 0  9990
2 52561  53.2224 234.0621 0003329  26.6378 333.4811 15.70067212  2428
STARLINK-3957           
1 52562U 22051AF  22145.85326406  .00085948  00000+0  61097-3 0  9997
2 52562  53.2207 234.0468 0003579  24.3921 335.7268 15.73178575  2424
STARLINK-3942           
1 52563U 22051AG  22145.79220331 -.00136830  00000+0 -11292-2 0  9991
2 52563  53.2207 234.3759 0003512  20.7056 339.4104 15.69996527  2416
STARLINK-3959           
1 52564U 22051AH  22145.85513263 -.00405144  00000+0 -34563-2 0  9991
2 52564  53.2226 234.0588 0001961  16.4831 343.6251 15.70041596  2424
STARLINK-3911           
1 52565U 22051AJ  22145.85336790  .00059409  00000+0  42548-3 0  9990
2 52565  53.2197 234.0472 0003335  28.7765 331.3438 15.73153611  2429
STARLINK-3938           
1 52566U 22051AK  22145.79135755 -.00093647  00000+0 -76577-3 0  9995
2 52566  53.2214 234.3719 0002048  12.9902 347.1169 15.70052497  2417
STARLINK-3929           
1 52567U 22051AL  22145.85314180  .00053005  00000+0  37995-3 0  9997
2 52567  53.2200 234.0455 0003259  30.1203 330.0004 15.73180233  2353
STARLINK-3930           
1 52568U 22051AM  22145.85261988  .00011553  00000+0  86446-4 0  9993
2 52568  53.2200 234.0428 0002198  24.9854 335.1272 15.73248802  2426
STARLINK-3927           
1 52569U 22051AN  22145.85304113 -.00001155  00000+0 -37939-5 0  9995
2 52569  53.2200 234.0454 0003263  25.5160 334.6021 15.73181247  2354
STARLINK-3924           
1 52570U 22051AP  22145.85239858  .00011077  00000+0  83153-4 0  9990
2 52570  53.2207 234.0414 0003237  24.6896 335.4279 15.73225399  2425
STARLINK-3901           
1 52574U 22051AQ  22145.85273318  .00020188  00000+0  14806-3 0  9994
2 52574  53.2195 234.0432 0002826  43.2511 316.8731 15.73175076  2353
STARLINK-3920           
1 52575U 22051AR  22145.78866896 -.00008144  00000+0 -53738-4 0  9994
2 52575  53.2207 234.3532 0002690  27.4641 332.6521 15.73156668  2415
STARLINK-3932           
1 52576U 22051AS  22145.85251878  .00055344  00000+0  39581-3 0  9992
2 52576  53.2213 234.0413 0003573  29.1796 330.9423 15.73214690  2354
STARLINK-3836           
1 52577U 22051AT  22145.79063123 -.00465778  00000+0 -39915-2 0  9998
2 52577  53.2228 234.3688 0001814  42.0524 318.0634 15.70111118  2413
STARLINK-3833           
1 52578U 22051AU  22145.72717411 -.00378531  00000+0 -31848-2 0  9995
2 52578  53.2229 234.6822 0002034  39.0359 321.0807 15.70294776  2402
STARLINK-3893           
1 52579U 22051AV  22145.85400041 -.00264307  00000+0 -22117-2 0  9992
2 52579  53.2232 234.0536 0003231  31.2043 328.9167 15.70078035  2422
STARLINK-3919           
1 52580U 22051AW  22145.79051751 -.00425511  00000+0 -36233-2 0  9997
2 52580  53.2228 234.3666 0002189  44.0156 316.1037 15.70143961  2419
STARLINK-3915           
1 52581U 22051AX  22145.85156799  .00018984  00000+0  13948-3 0  9992
2 52581  53.2222 234.0368 0003211  28.6145 331.5050 15.73179391  2351
STARLINK-3886           
1 52582U 22051AY  22145.85188274  .00040804  00000+0  29392-3 0  9992
2 52582  53.2190 234.0370 0002166  34.9734 325.1428 15.73184155  2421
STARLINK-3895           
1 52583U 22051AZ  22145.85147122  .00018360  00000+0  13516-3 0  9993
2 52583  53.2204 234.0366 0003228  22.5482 337.5679 15.73160823  2359
STARLINK-3922           
1 52584U 22051BA  22145.85166507  .00010890  00000+0  81986-4 0  9999
2 52584  53.2183 234.0357 0002022  40.1597 319.9573 15.73177744  2425
STARLINK-3906           
1 52585U 22051BB  22145.91667824 -.00063938  00000+0 -45488-3 0  9994
2 52585  53.2187 233.7116 0002028  21.3579 349.6110 15.73183585  2434
STARLINK-3910           
1 52586U 22051BC  22145.85135888 -.00037277  00000+0 -26217-3 0  9994
2 52586  53.2184 234.0341 0001708  37.1655 322.9483 15.73215327  2426
STARLINK-3867           
1 52587U 22051BD  22145.85114045  .00095714  00000+0  67793-3 0  9999
2 52587  53.2217 234.0331 0002467  18.1873 341.9235 15.73222926  2426
STARLINK-3917           
1 52588U 22051BE  22145.85103781 -.00002531  00000+0 -13615-4 0  9997
2 52588  53.2220 234.0320 0003569  33.6659 326.4587 15.73155751  2358
FALCON 9 DEB            
1 52589U 22051BF  22145.84900949  .00223393  29807-4  65483-3 0  9997
2 52589  53.2315 233.2922 0011771 335.1423  24.9037 15.92234392  2367
FALCON 9 DEB            
1 52595U 22051BG  22145.84511692  .00263886  37609-4  73825-3 0  9996
2 52595  53.2295 233.2654 0009681 336.1679  23.8900 15.93121870  2368
FALCON 9 DEB            
1 52596U 22051BH  22145.83629927  .00288093  43394-4  74366-3 0  9993
2 52596  53.2256 233.1998 0012146 316.1991  43.8074 15.94563260  2369
FALCON 9 DEB            
1 52597U 22051BJ  22145.83449958  .00263934  38159-4  68162-3 0  9995
2 52597  53.2236 233.1835 0009570 306.9795  53.0358 15.94626689  2367
STARLINK-4019           
1 52598U 22052A   22145.91667824 -.00258804  00000+0 -19099-2 0  9995
2 52598  53.2172  24.7863 0001151  98.7934 213.2599 15.73040837  2123
STARLINK-4024           
1 52599U 22052B   22145.86226507  .00021967  00000+0  16035-3 0  9993
2 52599  53.2160  25.0655 0001325 126.9183 233.1959 15.73225191  2553
STARLINK-4026           
1 52600U 22052C   22145.91667824  .00048576  00000+0  34882-3 0  9998
2 52600  53.2157  24.7958 0001359 106.8419 203.3658 15.73180192  2129
STARLINK-4027           
1 52601U 22052D   22145.86216240  .00043310  00000+0  30992-3 0  9994
2 52601  53.2158  25.0655 0000661 117.2925 242.8163 15.73312997  2110
STARLINK-4012           
1 52602U 22052E   22145.91667824 -.00026561  00000+0 -18542-3 0  9997
2 52602  53.2155  24.7967 0001175 107.0856 202.6551 15.73201519  2124
STARLINK-4016           
1 52603U 22052F   22145.86153237  .00026930  00000+0  19557-3 0  9995
2 52603  53.2153  25.0603 0001418 128.6507 231.4641 15.73213385  2557
STARLINK-4013           
1 52604U 22052G   22145.86185186  .00019545  00000+0  14331-3 0  9993
2 52604  53.2162  25.0641 0001609 121.9728 238.1448 15.73206861  1754
STARLINK-4000           
1 52605U 22052H   22145.86144100  .00051067  00000+0  36446-3 0  9991
2 52605  53.2160  25.0602 0001010 106.5305 253.5826 15.73302936  1757
STARLINK-3928           
1 52606U 22052J   22145.86173170  .00025670  00000+0  18649-3 0  9997
2 52606  53.2161  25.0627 0001352 139.8777 220.2343 15.73233948  1758
STARLINK-3947           
1 52607U 22052K   22145.86112079  .00023886  00000+0  17351-3 0  9995
2 52607  53.2160  25.0594 0001096 135.6255 224.4854 15.73282646  1742
STARLINK-3979           
1 52608U 22052L   22145.86132630  .00027624  00000+0  20036-3 0  9999
2 52608  53.2159  25.0600 0000931 125.5382 234.5725 15.73227082  1758
STARLINK-3997           
1 52609U 22052M   22145.86091192  .00049450  00000+0  35505-3 0  9995
2 52609  53.2154  25.0549 0001674 144.4565 215.6567 15.73175010  1751
STARLINK-3998           
1 52610U 22052N   22145.86121718  .00052851  00000+0  37724-3 0  9999
2 52610  53.2160  25.0594 0001227 124.0995 236.0142 15.73285319  1755
STARLINK-3980           
1 52611U 22052P   22145.86079976  .00005355  00000+0  42574-4 0  9995
2 52611  53.2157  25.0550 0001508 127.2598 232.8560 15.73186209  1756
STARLINK-4002           
1 52612U 22052Q   22145.86100872  .00035904  00000+0  25876-3 0  9994
2 52612  53.2161  25.0578 0001185 134.2950 225.8168 15.73234496  1751
STARLINK-3921           
1 52613U 22052R   22145.86058168  .00020756  00000+0  15162-3 0  9991
2 52613  53.2150  25.0490 0001223 105.2570 254.8586 15.73248907  1750
STARLINK-3982           
1 52614U 22052S   22145.86068720  .00073150  00000+0  52017-3 0  9993
2 52614  53.2158  25.0549 0001337 127.6879 232.4263 15.73241107  1759
STARLINK-4011           
1 52615U 22052T   22145.86026731  .00022818  00000+0  16640-3 0  9997
2 52615  53.2151  25.0488 0000933 107.4367 252.6756 15.73221710  1742
STARLINK-4015           
1 52616U 22052U   22145.86048050  .00045507  00000+0  32647-3 0  9991
2 52616  53.2156  25.0542 0001314 141.8996 218.2118 15.73230993  1757
STARLINK-3996           
1 52617U 22052V   22145.85994741  .00028502  00000+0  20643-3 0  9997
2 52617  53.2153  25.0477 0001595 120.9917 239.1260 15.73242424  1745
STARLINK-3983           
1 52618U 22052W   22145.86036497  .00030856  00000+0  22305-3 0  9996
2 52618  53.2157  25.0497 0001151 116.8343 243.2795 15.73242833  1740
STARLINK-3741           
1 52619U 22052X   22145.85987034  .00005093  00000+0  40752-4 0  9990
2 52619  53.2156  25.0481 0000540 147.4084 212.6970 15.73153537  1743
STARLINK-3975           
1 52620U 22052Y   22145.86016676  .00047118  00000+0  33679-3 0  9991
2 52620  53.2149  25.0500 0001121 125.3302 234.7823 15.73301889  1740
STARLINK-3984           
1 52621U 22052Z   22145.85952437  .00050295  00000+0  35975-3 0  9996
2 52621  53.2153  25.0458 0001172 167.7628 192.3421 15.73257250  1740
STARLINK-4008           
1 52622U 22052AA  22145.86006054  .00023701  00000+0  17228-3 0  9996
2 52622  53.2155  25.0478 0001676 120.7130 239.4056 15.73271935  1744
STARLINK-3986           
1 52623U 22052AB  22145.85931772  .00017402  00000+0  12794-3 0  9994
2 52623  53.2150  25.0425 0001695 131.2722 228.8445 15.73238763  1743
STARLINK-4009           
1 52624U 22052AC  22145.85973951  .00047107  00000+0  33747-3 0  9996
2 52624  53.2157  25.0473 0001479 126.7462 233.3694 15.73249071  1745
STARLINK-3988           
1 52625U 22052AD  22145.85922039  .00024175  00000+0  17600-3 0  9998
2 52625  53.2152  25.0437 0001059 114.8953 245.2177 15.73222288  1747
STARLINK-3990           
1 52626U 22052AE  22145.85963196  .00037516  00000+0  26985-3 0  9997
2 52626  53.2154  25.0463 0000894 138.1581 221.9507 15.73258744  1745
STARLINK-3992           
1 52627U 22052AF  22145.85889961  .00020930  00000+0  15295-3 0  9999
2 52627  53.2150  25.0401 0001437 139.7162 220.3964 15.73234405  1759
STARLINK-4001           
1 52628U 22052AG  22145.85943029  .00031805  00000+0  22939-3 0  9992
2 52628  53.2157  25.0459 0001352 139.5954 220.5167 15.73279910  1749
STARLINK-4022           
1 52629U 22052AH  22145.85879197  .00030826  00000+0  22263-3 0  9999
2 52629  53.2148  25.0405 0001269 146.0951 214.0151 15.73264864  1741
STARLINK-3989           
1 52630U 22052AJ  22145.85911242  .00004627  00000+0  37295-4 0  9991
2 52630  53.2148  25.0432 0001110 135.9230 224.1879 15.73243559  1742
STARLINK-3794           
1 52631U 22052AK  22145.85860730  .00034901  00000+0  25134-3 0  9993
2 52631  53.2152  25.0388 0001219 138.8699 221.2413 15.73267005  1754
STARLINK-3995           
1 52632U 22052AL  22145.85900189  .00024089  00000+0  17526-3 0  9999
2 52632  53.2148  25.0430 0000926 153.1394 206.9674 15.73240283  1752
STARLINK-3994           
1 52633U 22052AM  22145.85827561  .00054345  00000+0  38836-3 0  9997
2 52633  53.2155  25.0371 0001282  39.4303 320.6810 15.73246045  1755
STARLINK-3974           
1 52634U 22052AN  22145.85868430  .00049271  00000+0  35236-3 0  9991
2 52634  53.2151  25.0406 0000815  93.7720 266.3393 15.73270284  1741
STARLINK-3978           
1 52635U 22052AP  22145.85809138  .00059511  00000+0  42418-3 0  9990
2 52635  53.2153  25.0376 0000607 108.1198 251.9888 15.73269286  1759
STARLINK-3967           
1 52636U 22052AQ  22145.85847542  .00049310  00000+0  35271-3 0  9997
2 52636  53.2155  25.0391 0001368 122.4040 237.7113 15.73264977  1743
STARLINK-3961           
1 52637U 22052AR  22145.85795669  .00056346  00000+0  40126-3 0  9992
2 52637  53.2143  25.0340 0001902 153.7189 206.3928 15.73312154  2557
STARLINK-3941           
1 52638U 22052AS  22145.85840185  .00062661  00000+0  44599-3 0  9992
2 52638  53.2151  25.0392 0000870 102.8788 257.2330 15.73282128  2556
STARLINK-3968           
1 52639U 22052AT  22145.85763151  .00042904  00000+0  30773-3 0  9997
2 52639  53.2149  25.0322 0001221 143.0113 217.0992 15.73262228  2554
STARLINK-3977           
1 52640U 22052AU  22145.85816773  .00053385  00000+0  38074-3 0  9995
2 52640  53.2151  25.0370 0001347 141.0554 219.0564 15.73300444  1748
STARLINK-3991           
1 52641U 22052AV  22145.91667824  .00019000  00000+0  13970-3 0  9998
2 52641  53.2142  24.7406 0001358 109.9282 225.3342 15.73164080  2129
STARLINK-3971           
1 52642U 22052AW  22145.85784884  .00046652  00000+0  33358-3 0  9993
2 52642  53.2151  25.0339 0000908 123.4156 236.6951 15.73297672  1742
STARLINK-3963           
1 52643U 22052AX  22145.85721733  .00052643  00000+0  37627-3 0  9998
2 52643  53.2145  25.0301 0000790  98.0823 262.0287 15.73255260  1744
STARLINK-3985           
1 52644U 22052AY  22145.85774167  .00029000  00000+0  20984-3 0  9997
2 52644  53.2154  25.0336 0001222 124.5322 235.5814 15.73254982  1744
STARLINK-3973           
1 52645U 22052AZ  22145.85710822  .00046273  00000+0  33129-3 0  9992
2 52645  53.2145  25.0288 0000830 119.2533 240.8570 15.73271332  1746
STARLINK-3832           
1 52646U 22052BA  22145.85741243  .00030615  00000+0  22099-3 0  9991
2 52646  53.2147  25.0293 0001442 153.3480 206.7614 15.73281320  1754
STARLINK-3846           
1 52647U 22052BB  22145.85688586  .00020168  00000+0  14734-3 0  9991
2 52647  53.2147  25.0263 0001593 134.4795 225.6355 15.73268891  1758
STARLINK-3854           
1 52648U 22052BC  22145.85731098  .00062417  00000+0  44401-3 0  9996
2 52648  53.2152  25.0308 0000865 146.5592 213.5483 15.73296812  1746
STARLINK-3868           
1 52649U 22052BD  22145.85699308  .00045737  00000+0  32740-3 0  9993
2 52649  53.2144  25.0281 0000690 155.9761 204.1292 15.73280446  1757
STARLINK-3891           
1 52650U 22052BE  22145.85680364  .00036879  00000+0  26505-3 0  9996
2 52650  53.2145  25.0273 0000802 100.4944 259.6166 15.73286481  1754
FALCON 9 DEB            
1 52651U 22052BF  22145.86617858  .00242143  32916-4  73240-3 0  9993
2 52651  53.2094  24.3363 0012989 290.6075  69.3560 15.91581850  1758
FALCON 9 DEB            
1 52652U 22052BG  22145.86315552  .00264104  37331-4  77166-3 0  9998
2 52652  53.2097  24.3181 0013358 299.5204  60.4492 15.92215503  1759
FALCON 9 DEB            
1 52653U 22052BH  22145.85550705  .00281575  41488-4  77205-3 0  9992
2 52653  53.2118  24.2729 0009199 292.7098  67.2958 15.93495787  1752
FALCON 9 DEB            
1 52654U 22052BJ  22145.85292383  .00344495  57272-4  91853-3 0  9992
2 52654  53.2127  24.2582 0008160 301.7286  58.2948 15.94000864  1755
STARLINK-4004           
1 52656U 22053A   22145.91667824 -.00876232  00000+0 -57575-2 0  9993
2 52656  53.2171 260.8498 0001415  39.9495  50.5410 15.77374103  1309
STARLINK-4084           
1 52657U 22053B   22145.91667824 -.00876203  00000+0 -57715-2 0  9998
2 52657  53.2171 260.8516 0001452  38.0697  51.0682 15.77318927  1305
STARLINK-4082           
1 52658U 22053C   22145.91667824 -.00876270  00000+0 -57619-2 0  9996
2 52658  53.2171 260.8504 0001391  40.5896  49.4296 15.77358412  1309
STARLINK-3960           
1 52659U 22053D   22145.91667824 -.00876211  00000+0 -57680-2 0  9990
2 52659  53.2171 260.8507 0001460  37.3356  52.2911 15.77332568  1305
STARLINK-4081           
1 52660U 22053E   22145.91667824 -.00876150  00000+0 -57507-2 0  9992
2 52660  53.2171 260.8486 0001595  32.4932  58.4152 15.77396398  1304
STARLINK-4042           
1 52661U 22053F   22145.91667824 -.00876187  00000+0 -57458-2 0  9998
2 52661  53.2171 260.8472 0001473  37.2155  54.1197 15.77417556  1307
STARLINK-4044           
1 52662U 22053G   22145.91667824 -.00876262  00000+0 -57363-2 0  9998
2 52662  53.2171 260.8459 0001463  38.0722  54.1411 15.77456526  1300
STARLINK-4037           
1 52663U 22053H   22145.91667824 -.00876283  00000+0 -57311-2 0  9995
2 52663  53.2171 260.8446 0001427  38.5415  54.0967 15.77477596  1306
STARLINK-4070           
1 52664U 22053J   22145.91667824 -.00876179  00000+0 -57404-2 0  9993
2 52664  53.2171 260.8467 0001537  34.2171  57.5527 15.77437608  1304
STARLINK-4064           
1 52665U 22053K   22145.91667824 -.00876369  00000+0 -57102-2 0  9990
2 52665  53.2171 260.8409 0001426  39.2556  55.0801 15.77561173  1303
STARLINK-4079           
1 52666U 22053L   22145.91667824 -.00876339  00000+0 -57257-2 0  9999
2 52666  53.2171 260.8439 0001421  39.8929  53.1573 15.77500190  1309
STARLINK-4076           
1 52667U 22053M   22145.91667824 -.00876443  00000+0 -57057-2 0  9994
2 52667  53.2171 260.8399 0001400  41.6941  53.0731 15.77580995  1303
STARLINK-4067           
1 52668U 22053N   22145.91667824 -.00876330  00000+0 -57203-2 0  9993
2 52668  53.2171 260.8429 0001422  39.0970  54.3793 15.77520879  1302
STARLINK-3972           
1 52669U 22053P   22145.91667824 -.00876413  00000+0 -56899-2 0  9996
2 52669  53.2172 260.8372 0001560  34.0593  61.9986 15.77640184  1300
STARLINK-4075           
1 52670U 22053Q   22145.91667824 -.00876307  00000+0 -57148-2 0  9998
2 52670  53.2171 260.8420 0001477  37.6894  56.2164 15.77541063  1306
STARLINK-4071           
1 52671U 22053R   22145.91667824 -.00876408  00000+0 -56846-2 0  9995
2 52671  53.2171 260.8362 0001433  39.3886  57.0812 15.77661908  1304
STARLINK-4073           
1 52672U 22053S   22145.91667824 -.00876280  00000+0 -57005-2 0  9992
2 52672  53.2171 260.8392 0001548  34.3093  60.9336 15.77595269  1300
STARLINK-3976           
1 52673U 22053T   22145.91667824 -.00876312  00000+0 -56719-2 0  9990
2 52673  53.2171 260.8345 0001629  31.6563  65.6201 15.77706951  1306
STARLINK-3936           
1 52674U 22053U   22145.91667824 -.00876362  00000+0 -56943-2 0  9995
2 52674  53.2171 260.8383 0001526  35.7376  59.8779 15.77621921  1300
STARLINK-3934           
1 52675U 22053V   22145.91667824 -.00876377  00000+0 -56642-2 0  9998
2 52675  53.2171 260.8326 0001581  33.3598  64.8303 15.77739340  1303
STARLINK-4006           
1 52676U 22053W   22145.91667824 -.00876293  00000+0 -56784-2 0  9993
2 52676  53.2171 260.8356 0001624  32.3506  64.5512 15.77681062  1309
STARLINK-4028           
1 52677U 22053X   22145.91667824 -.00876491  00000+0 -56547-2 0  9991
2 52677  53.2171 260.8307 0001495  36.8014  62.2235 15.77780542  1305
STARLINK-4074           
1 52678U 22053Y   22145.91667824 -.00876336  00000+0 -56688-2 0  9996
2 52678  53.2171 260.8337 0001642  31.7212  66.0427 15.77719616  1306
STARLINK-4031           
1 52679U 22053Z   22145.91667824 -.00876493  00000+0 -56391-2 0  9992
2 52679  53.2171 260.8281 0001531  35.1027  65.1755 15.77841450  1300
STARLINK-3774           
1 52680U 22053AA  22145.91667824 -.00876402  00000+0 -56584-2 0  9998
2 52680  53.2171 260.8320 0001575  33.8190  64.7638 15.77762813  1300
STARLINK-4068           
1 52681U 22053AB  22145.91667824 -.00876502  00000+0 -56336-2 0  9995
2 52681  53.2171 260.8272 0001504  36.5758  64.1026 15.77863558  1302
STARLINK-4017           
1 52682U 22053AC  22145.91667824 -.00876456  00000+0 -56495-2 0  9990
2 52682  53.2171 260.8301 0001530  34.9452  64.5087 15.77799627  1304
STARLINK-4039           
1 52683U 22053AD  22145.91667824 -.00876577  00000+0 -56248-2 0  9991
2 52683  53.2171 260.8253 0001489  36.9011  64.6413 15.77900401  1305
STARLINK-4014           
1 52684U 22053AE  22145.91667824 -.00876469  00000+0 -56438-2 0  9993
2 52684  53.2171 260.8291 0001549  35.4608  64.3914 15.77822168  1307
STARLINK-4029           
1 52685U 22053AF  22145.91667824 -.00876600  00000+0 -56095-2 0  9990
2 52685  53.2171 260.8228 0001505  36.2386  66.5447 15.77961144  1305
STARLINK-4005           
1 52686U 22053AG  22145.91667824 -.00876530  00000+0 -56289-2 0  9998
2 52686  53.2171 260.8266 0001527  36.3889  64.7165 15.77882593  1308
STARLINK-3981           
1 52687U 22053AH  22145.91667824 -.00876543  00000+0 -56032-2 0  9999
2 52687  53.2171 260.8219 0001609  33.4794  69.6972 15.77983422  1304
STARLINK-4032           
1 52688U 22053AJ  22145.91667824 -.00876556  00000+0 -56194-2 0  9993
2 52688  53.2171 260.8248 0001520  35.7376  66.2178 15.77920776  1304
STARLINK-4078           
1 52689U 22053AK  22145.91667824 -.00876820  00000+0 -55901-2 0  9993
2 52689  53.2171 260.8193 0001351  44.6923  59.7065 15.78045326  1305
STARLINK-4035           
1 52690U 22053AL  22145.91667824 -.00876611  00000+0 -56145-2 0  9994
2 52690  53.2171 260.8239 0001500  36.8857  65.4768 15.77941803  1301
STARLINK-3945           
1 52691U 22053AM  22145.91667824 -.00876745  00000+0 -55849-2 0  9993
2 52691  53.2171 260.8184 0001441  40.0968  64.7345 15.78062942  1307
STARLINK-3993           
1 52692U 22053AN  22145.91667824 -.00876630  00000+0 -55986-2 0  9999
2 52692  53.2171 260.8213 0001564  34.8344  68.7469 15.78004421  1305
STARLINK-3946           
1 52693U 22053AP  22145.91667824 -.00876690  00000+0 -55735-2 0  9998
2 52693  53.2171 260.8167 0001572  34.0403  71.5886 15.78105295  1307
STARLINK-4072           
1 52694U 22053AQ  22145.91667824 -.00876771  00000+0 -55950-2 0  9998
2 52694  53.2171 260.8204 0001394  41.4632  62.5341 15.78024179  1305
STARLINK-4041           
1 52695U 22053AR  22145.91667824 -.00876753  00000+0 -55640-2 0  9995
2 52695  53.2171 260.8149 0001499  36.9081  69.5370 15.78145416  1304
STARLINK-4025           
1 52696U 22053AS  22145.91667824 -.00876623  00000+0 -55781-2 0  9998
2 52696  53.2171 260.8178 0001665  31.5517  73.6763 15.78084325  1300
STARLINK-4018           
1 52697U 22053AT  22145.91667824 -.00876763  00000+0 -55540-2 0  9997
2 52697  53.2171 260.8132 0001550  35.8296  71.4342 15.78184907  1301
STARLINK-4030           
1 52698U 22053AU  22145.91667824 -.00876686  00000+0 -55690-2 0  9998
2 52698  53.2171 260.8160 0001578  34.8212  71.2386 15.78122971  1309
STARLINK-3987           
1 52699U 22053AV  22145.91667824 -.00876967  00000+0 -55466-2 0  9992
2 52699  53.2171 260.8113 0001350  43.9895  64.1154 15.78221889  1306
STARLINK-4034           
1 52700U 22053AW  22145.91667824 -.00876732  00000+0 -55594-2 0  9997
2 52700  53.2171 260.8143 0001615  32.5838  74.3007 15.78161991  1304
STARLINK-4003           
1 52701U 22053AX  22145.91667824 -.00876780  00000+0 -55343-2 0  9993
2 52701  53.2171 260.8096 0001662  31.4120  77.4914 15.78262701  1308
STARLINK-4033           
1 52702U 22053AY  22145.91667824 -.00876815  00000+0 -55497-2 0  9993
2 52702  53.2171 260.8126 0001482  37.4834  70.1941 15.78204093  1301
STARLINK-4020           
1 52703U 22053AZ  22145.91667824 -.00876987  00000+0 -55209-2 0  9995
2 52703  53.2171 260.8071 0001441  40.6305  69.4679 15.78323995  1307
STARLINK-3999           
1 52704U 22053BA  22145.91667824 -.00876897  00000+0 -55405-2 0  9994
2 52704  53.2171 260.8108 0001505  37.6491  70.8512 15.78242768  1302
STARLINK-3844           
1 52705U 22053BB  22145.91667824 -.00878802  00000+0 -55381-2 0  9996
2 52705  53.2171 260.8078 0001669  24.8870  84.8237 15.78303612  1304
STARLINK-3970           
1 52706U 22053BC  22145.91667824 -.00876802  00000+0 -55297-2 0  9991
2 52706  53.2171 260.8092 0001618  33.6456  75.6670 15.78282074  1300
STARLINK-4007           
1 52707U 22053BD  22145.91667824 -.00876968  00000+0 -55163-2 0  9997
2 52707  53.2171 260.8061 0001468  39.6063  70.9161 15.78341580  1301
STARLINK-3962           
1 52708U 22053BE  22145.91667824 -.00877012  00000+0 -55119-2 0  9990
2 52708  53.2171 260.8058 0001436  40.8750  70.0560 15.78360688  1304
FALCON 9 DEB            
1 52709U 22053BF  22145.87987316  .00213256  27642-4  69881-3 0  9997
2 52709  53.2057 260.7685 0012873 310.1995  49.7905 15.90063758  2303
FALCON 9 DEB            
1 52710U 22053BG  22145.87812871  .00226986  29977-4  72520-3 0  9993
2 52710  53.2066 260.7593 0014083 321.3576  38.6442 15.90511351  2307
FALCON 9 DEB            
1 52711U 22053BH  22145.87318055  .00243697  33238-4  73557-3 0  9993
2 52711  53.2084 260.7309 0009689 331.2280  28.8212 15.91688778  2306
FALCON 9 DEB            
1 52712U 22053BJ  22145.87152703  .00249687  34474-4  73638-3 0  9998
2 52712  53.2097 260.7213 0012193 339.2850  20.7683 15.92078006  2301
COSMOS 2556             
1 52713U 22054A   22144.67339035 -.00000059  00000+0  00000+0 0  9993
2 52713  97.6968  59.1352 0009961 265.3033 161.0244 14.98458078   818
2022-054B               
1 52714U 22054B   22145.83766797 -.00000127  00000+0  00000+0 0  9998
2 52714  97.7039  60.5700 0152078  52.7961  17.0280 15.40336188  1005
2022-056A               
1 52716U 22056A   22145.54658445 -.00000377  00000+0 -25430-3 0  9996
2 52716  86.0005 317.9597 0017493 291.4254  68.5118 14.03056121   725
2022-056B               
1 52717U 22056B   22145.54355635 -.00000145  00000+0 -10327-3 0  9994
2 52717  86.0015 317.9579 0013227 290.4242  69.5411 14.03897326   721
2022-056C               
1 52718U 22056C   22145.75651562  .00000711  00000+0  43723-3 0  9999
2 52718  86.0011 317.8634 0012620 286.1862  73.7832 14.04131633   755
