STARLINK-5699           
1 55449U 23015A   23062.78578497  .00047429  00000+0  36275-3 0  9997
2 55449  43.0025 211.1329 0001991 261.1880  98.8762 15.71375580  5735
STARLINK-5686           
1 55450U 23015B   23063.42151439 -.00000396  00000+0  42797-6 0  9996
2 55450  43.0000 207.3005 0001357 263.5428  96.5285 15.71356028  4705
STARLINK-5656           
1 55451U 23015C   23062.78567998  .00001000  00000+0  11071-4 0  9997
2 55451  43.0012 211.1294 0002326 234.7131 125.3520 15.71362112  4793
STARLINK-5683           
1 55452U 23015D   23063.10329111  .00013430  00000+0  10573-3 0  9993
2 55452  42.9996 209.2147 0001853 268.0050  92.0606 15.71347202  4846
STARLINK-5684           
1 55453U 23015E   23063.10317591  .00001988  00000+0  18606-4 0  9994
2 55453  43.0002 209.2117 0001976 260.2281  99.8363 15.71359785  4844
STARLINK-5636           
1 55454U 23015F   23063.42067368 -.00000240  00000+0  16221-5 0  9997
2 55454  43.0012 207.2940 0001983 251.0713 108.9940 15.71339384  4895
STARLINK-5680           
1 55455U 23015G   23062.46786398 -.00041810  00000+0 -31949-3 0  9993
2 55455  42.9997 213.0504 0001744 246.4127 113.6558 15.71168539  4743
STARLINK-5058           
1 55456U 23015H   23063.10296501  .00004102  00000+0  34707-4 0  9995
2 55456  42.9994 209.2094 0002224 264.6547  95.4067 15.71359810  4650
STARLINK-5682           
1 55457U 23015J   23063.42088461  .00023048  00000+0  17871-3 0  9997
2 55457  43.0000 207.2965 0001441 243.0689 117.0032 15.71356735  4896
STARLINK-5020           
1 55458U 23015K   23063.42025650  .00066226  00000+0  50392-3 0  9999
2 55458  43.0015 207.2915 0001894 254.1835 105.8824 15.71380445  4895
STARLINK-5669           
1 55459U 23015L   23062.84840540  .00070103  00000+0  53354-3 0  9998
2 55459  43.0004 210.7423 0001784 274.4533  85.6130 15.71355144  4809
STARLINK-5678           
1 55460U 23015M   23063.42036051  .00076507  00000+0  58068-3 0  9990
2 55460  42.9997 207.2929 0002261 282.7683  77.2932 15.71388440  4892
STARLINK-5646           
1 55461U 23015N   23063.42057230  .00000727  00000+0  89944-5 0  9993
2 55461  43.0012 207.2928 0001668 267.5950  92.4727 15.71353016  4892
STARLINK-5673           
1 55462U 23015P   23063.41993952  .00070296  00000+0  53434-3 0  9994
2 55462  43.0003 207.2889 0002085 262.1057  97.9574 15.71383565  4894
STARLINK-5677           
1 55463U 23015Q   23062.78452208  .00001238  00000+0  12893-4 0  9993
2 55463  43.0010 211.1231 0002537 261.4553  98.6027 15.71357827  4795
STARLINK-5676           
1 55464U 23015R   23063.41962769 -.00003288  00000+0 -21621-4 0  9991
2 55464  43.0021 207.2839 0002031 255.4906 104.5737 15.71361726  4891
STARLINK-5674           
1 55465U 23015S   23063.54695658  .00053082  00000+0  40511-3 0  9999
2 55465  43.0014 206.5202 0002908 247.5355 112.5205 15.71384563  4728
STARLINK-5628           
1 55466U 23015T   23063.54632521  .00039373  00000+0  30201-3 0  9992
2 55466  43.0016 206.5141 0002045 263.2920  96.7715 15.71375317  4915
STARLINK-5679           
1 55467U 23015U   23063.54716626  .00045174  00000+0  34565-3 0  9995
2 55467  43.0011 206.5223 0002055 257.3623 102.7015 15.71383138  4918
STARLINK-5672           
1 55468U 23015V   23063.54663814 -.00001466  00000+0 -77185-5 0  9991
2 55468  43.0027 206.5142 0003185 253.6855 106.3662 15.71353962  4917
STARLINK-5681           
1 55469U 23015W   23063.54685396  .00011853  00000+0  93704-4 0  9994
2 55469  42.9989 206.5247 0001842 300.9076  59.1611 15.71356254  4914
STARLINK-5708           
1 55470U 23015X   23063.54654022  .00008395  00000+0  67427-4 0  9998
2 55470  42.9964 206.5172 0002036 305.2943  54.7734 15.71344424  4916
STARLINK-5711           
1 55471U 23015Y   23063.54643190  .00000898  00000+0  10294-4 0  9993
2 55471  43.0022 206.5167 0001976 261.7938  98.2706 15.71354566  4910
STARLINK-5705           
1 55472U 23015Z   23063.41888895  .00009084  00000+0  72575-4 0  9999
2 55472  43.0053 207.2819 0005036 279.4610  80.5688 15.71371228  4895
STARLINK-5687           
1 55473U 23015AA  23063.41909759  .00035841  00000+0  27506-3 0  9996
2 55473  43.0010 207.2794 0003134 276.5637  83.4874 15.71397047  4891
STARLINK-5689           
1 55474U 23015AB  23063.58334491 -.00942996  00000+0 -16676-1 0  9994
2 55474  42.9999 206.9225 0001691 272.7492  42.8173 15.51938506  4906
STARLINK-5650           
1 55475U 23015AC  23063.54611614  .00027630  00000+0  21317-3 0  9993
2 55475  43.0026 206.5128 0003438 242.3161 117.7359 15.71381995  4910
STARLINK-5596           
1 55476U 23015AD  23063.51127967 -.00011928  00000+0 -87720-4 0  9990
2 55476  43.0015 205.3025 0002600 270.7244  89.3326 15.71329455  4921
STARLINK-5685           
1 55477U 23015AE  23063.54580073  .00030004  00000+0  23092-3 0  9990
2 55477  43.0020 206.5109 0003071 264.3814  95.6703 15.71403677  4916
STARLINK-5691           
1 55478U 23015AF  23063.10012556  .00001656  00000+0  16078-4 0  9997
2 55478  43.0007 209.1883 0002583 264.5794  95.4779 15.71356905  4840
STARLINK-5688           
1 55479U 23015AG  23063.54590653  .00041361  00000+0  31648-3 0  9991
2 55479  43.0011 206.5108 0002409 247.8772 112.1840 15.71414515  4910
STARLINK-5690           
1 55480U 23015AH  23063.25001157 -.00707808  00000+0 -89225-2 0  9997
2 55480  42.9998 208.7280 0001565 264.7372  45.0863 15.61048323  4676
STARLINK-5694           
1 55481U 23015AJ  23063.58334491 -.01230706  00000+0 -21672-1 0  9994
2 55481  42.9999 206.9131 0001443 266.4089  52.8857 15.52321299  4903
STARLINK-5693           
1 55482U 23015AK  23063.58334491 -.01230685  00000+0 -21197-1 0  9993
2 55482  42.9996 206.8590 0001472 267.0480  74.2213 15.52928751  4723
STARLINK-5692           
1 55483U 23015AL  23063.58334491 -.01223624  00000+0 -21302-1 0  9997
2 55483  42.9999 206.8856 0001333 269.2460  61.1572 15.52621302  4905
STARLINK-5696           
1 55484U 23015AM  23063.58334491 -.01227488  00000+0 -21214-1 0  9992
2 55484  42.9998 206.8680 0001434 273.1344  64.4080 15.52828895  4914
STARLINK-5695           
1 55485U 23015AN  23063.58334491 -.01227526  00000+0 -21505-1 0  9999
2 55485  42.9999 206.9010 0001415 267.3852  56.7712 15.52456130  4726
STARLINK-5704           
1 55486U 23015AP  23063.25001157 -.00709551  00000+0 -10536-1 0  9998
2 55486  42.9998 208.8063 0001563 263.0278  15.0907 15.56772355  4856
STARLINK-5701           
1 55487U 23015AQ  23062.91667824 -.01181051  00000+0 -19738-1 0  9993
2 55487  42.9996 210.8212 0001400 274.4048 275.1635 15.54096237  1305
STARLINK-5706           
1 55488U 23015AR  23062.91667824 -.01181549  00000+0 -19239-1 0  9992
2 55488  42.9992 210.7622 0001388 276.3869 297.0656 15.54801325  1301
STARLINK-5371           
1 55489U 23015AS  23063.58334491 -.01230493  00000+0 -21378-1 0  9998
2 55489  42.9998 206.8801 0001450 268.3236  64.3664 15.52691205  4918
STARLINK-5373           
1 55490U 23015AT  23062.91667824 -.01182571  00000+0 -19159-1 0  9992
2 55490  42.9997 210.7512 0001507 282.3101 295.5306 15.54938493  1308
STARLINK-5364           
1 55491U 23015AU  23063.09713417  .00063001  00000+0  47969-3 0  9998
2 55491  42.9999 209.1540 0002545 263.3447  96.7131 15.71380815  4846
STARLINK-5013           
1 55492U 23015AV  23062.91667824 -.01176312  00000+0 -19190-1 0  9995
2 55492  42.9994 210.7670 0001430 276.9985 294.4528 15.54736581  1304
STARLINK-5362           
1 55493U 23015AW  23062.91667824 -.01181206  00000+0 -19183-1 0  9996
2 55493  42.9997 210.7568 0001488 277.2676 298.4158 15.54870326  1307
STARLINK-5344           
1 55494U 23015AX  23062.91667824 -.01179695  00000+0 -19055-1 0  9994
2 55494  42.9997 210.7453 0001516 278.2091 301.9674 15.55012082  1306
STARLINK-5100           
1 55495U 23015AY  23063.09939289  .00079526  00000+0  60363-3 0  9991
2 55495  43.0004 209.1837 0002659 262.3210  97.7356 15.71372352  4657
STARLINK-5139           
1 55496U 23015AZ  23062.73787916  .00091598  00000+0  90760-3 0  9997
2 55496  42.9995 211.6434 0001604 294.5828  65.4870 15.64807794  4789
STARLINK-5363           
1 55497U 23015BA  23062.91667824 -.01183319  00000+0 -19077-1 0  9999
2 55497  42.9997 210.7404 0001457 278.5660 303.5439 15.55073310  1302
STARLINK-5365           
1 55498U 23015BB  23062.91667824 -.01182437  00000+0 -18917-1 0  9992
2 55498  42.9997 210.7248 0001557 279.2059 309.3355 15.55276596  1302
STARLINK-5366           
1 55499U 23015BC  23062.91667824 -.01183771  00000+0 -18857-1 0  9998
2 55499  42.9996 210.7151 0001482 265.3295 327.0813 15.55396196  1305
STARLINK-5141           
1 55500U 23015BD  23063.25001157 -.01347982  00000+0 -22391-1 0  9994
2 55500  42.9997 208.7691 0002141 264.0181  29.5423 15.54164433  4858
STARLINK-5367           
1 55501U 23015BE  23062.91667824 -.01182007  00000+0 -18862-1 0  9999
2 55501  42.9996 210.7192 0001512 271.6379 319.0441 15.55344311  1301
FALCON 9 DEB            
1 55502U 23015BF  23062.80194086  .00478621  98555-4  12400-2 0  9990
2 55502  42.9861 207.6508 0015753 348.8845  11.1681 15.94037196  4836
FALCON 9 DEB            
1 55503U 23015BG  23063.09838467  .00526505  12128-3  12303-2 0  9999
2 55503  42.9801 205.5466 0017295 349.6830  10.3690 15.95884375  4883
FALCON 9 DEB            
1 55504U 23015BH  23062.82793276  .00554966  13602-3  12372-2 0  9994
2 55504  42.9795 206.9367 0017440 358.7886   1.2946 15.96729840  4840
FALCON 9 DEB            
1 55505U 23015BJ  23062.76660220  .00549360  13269-3  12451-2 0  9999
2 55505  42.9754 207.3327 0019115 356.1800   3.8928 15.96372535  4838
ELEKTRO-L 4             
1 55506U 23016A   23062.09579188 -.00000062  00000+0  00000+0 0  9990
2 55506   0.5027 285.8986 0011553  51.0102  23.0084  1.00324504   261
BLOCK DM-SL R/B         
1 55507U 23016B   23061.56464575 -.00000030  00000+0  00000+0 0  9990
2 55507   0.3758 275.9358 0096503  29.7081  53.4356  1.03217605   265
AMAZONAS NEXUS          
1 55508U 23017A   23059.03358040 -.00000536  00000+0  00000+0 0  9991
2 55508  17.1383 347.8377 7613036 184.1774 160.3234  1.03879956   259
FALCON 9 R/B            
1 55509U 23017B   23048.05522156  .00001006  00000+0  23504-2 0  9992
2 55509  24.9411 349.6435 8170614 181.2257 173.4294  1.25162264   126
PROGRESS-MS 22          
1 55560U 23018A   23062.59626272  .00020433  00000+0  36991-3 0  9999
2 55560  51.6412 131.5712 0005952  51.3433 101.2629 15.49611808385417
EOS-7                   
1 55562U 23019A   23063.05195883  .00054611  00000+0  12458-2 0  9999
2 55562  37.1854 337.0254 0009233 178.3837 304.8627 15.41841750  3369
AZAADISAT-2             
1 55563U 23019B   23063.20498140  .00057614  00000+0  12381-2 0  9990
2 55563  37.1844 335.7818 0013258 188.5374 171.5162 15.43551509  3401
JANUS-1                 
1 55564U 23019C   23063.20288470  .00131583  00000+0  26874-2 0  9994
2 55564  37.1853 335.7686 0010790 196.5129 163.5281 15.44761100  3404
SS3 R/B                 
1 55565U 23019D   23063.18833048  .00050537  00000+0  87106-3 0  9994
2 55565  37.1852 334.6856 0039878 173.7328 186.3940 15.49133955  3408
VTM R/B                 
1 55566U 23019E   23062.90118412  .00025759  00000+0  40968-3 0  9998
2 55566  37.9033 338.4676 0051498 193.9052 166.0063 15.50957317  3364
SS3 DEB                 
1 55567U 23019F   23063.15859729  .01037157  00000+0  64834-2 0  9993
2 55567  37.1824 332.5091 0039051 194.1131 165.8549 15.72541021  3421
SS3 DEB                 
1 55568U 23019G   23063.20066524  .00620438  00000+0  54613-2 0  9996
2 55568  37.1880 332.8935 0041540 189.4781 170.5205 15.64925811  3413
STARLINK-5749           
1 55569U 23020A   23063.33334491 -.01133082  00000+0 -15556-1 0  9993
2 55569  42.9977 235.2159 0002014 273.2039 149.1025 15.59198205  3178
STARLINK-5737           
1 55570U 23020B   23063.33334491 -.01132140  00000+0 -15558-1 0  9991
2 55570  42.9984 235.2199 0001613 275.8837 145.4635 15.59174525  3175
STARLINK-5739           
1 55571U 23020C   23063.33334491 -.01132241  00000+0 -15533-1 0  9997
2 55571  42.9973 235.2135 0001681 269.3683 153.9050 15.59218401  3173
STARLINK-5732           
1 55572U 23020D   23063.33334491 -.01132086  00000+0 -15505-1 0  9994
2 55572  42.9987 235.2104 0001674 276.1437 149.0549 15.59261542  3173
STARLINK-5738           
1 55573U 23020E   23063.33334491 -.01132380  00000+0 -15522-1 0  9991
2 55573  42.9975 235.2112 0001693 276.0608 148.1752 15.59240270  3171
STARLINK-5747           
1 55574U 23020F   23063.33334491 -.01131610  00000+0 -15461-1 0  9999
2 55574  42.9986 235.2032 0001531 276.3977 151.6863 15.59324683  3171
STARLINK-5745           
1 55575U 23020G   23063.33334491 -.00937705  00000+0 -12921-1 0  9996
2 55575  42.9983 235.2057 0002342 265.9603 160.4506 15.59027672  3177
STARLINK-5751           
1 55576U 23020H   23063.33334491 -.00036332  00000+0 -27484-3 0  9995
2 55576  43.0000 234.7672 0001714 265.5770 338.6351 15.71352882  3175
STARLINK-5752           
1 55577U 23020J   23063.33334491 -.00702727  00000+0 -80451-2 0  9996
2 55577  42.9979 235.1710 0001625 277.2381 163.3531 15.63482192  3178
STARLINK-5713           
1 55578U 23020K   23063.33334491 -.01132793  00000+0 -15463-1 0  9998
2 55578  42.9984 235.1971 0001608 274.8779 155.4007 15.59350682  3172
STARLINK-5754           
1 55579U 23020L   23063.33334491 -.01125442  00000+0 -15337-1 0  9992
2 55579  42.9979 235.1848 0001591 269.7425 165.2050 15.59376651  3173
STARLINK-5757           
1 55580U 23020M   23062.84480143  .00006905  00000+0  56049-4 0  9992
2 55580  42.9988 237.7079 0001929 249.0353 111.0309 15.71359760  3100
STARLINK-5753           
1 55581U 23020N   23063.33334491 -.00853733  00000+0 -11638-1 0  9995
2 55581  42.9980 235.1986 0000929 261.4019 168.0832 15.59084049  3179
STARLINK-5741           
1 55582U 23020P   23062.91667824  .00065519  00000+0  50003-3 0  9994
2 55582  43.0017 237.3255 0001529 252.4606 140.3859 15.71313994  1308
STARLINK-5742           
1 55583U 23020Q   23063.33334491 -.01133041  00000+0 -15476-1 0  9995
2 55583  42.9979 235.1931 0001633 272.5366 159.2559 15.59334889  3178
STARLINK-5736           
1 55584U 23020R   23063.33334491 -.01132553  00000+0 -15468-1 0  9994
2 55584  42.9984 235.1910 0001563 265.1374 167.8935 15.59336569  3171
STARLINK-5769           
1 55585U 23020S   23063.16564779  .00102240  00000+0  77262-3 0  9999
2 55585  43.0012 235.8246 0001619 265.0183  95.0500 15.71384561  3151
STARLINK-5767           
1 55586U 23020T   23062.91667824 -.01140577  00000+0 -14914-1 0  9998
2 55586  42.9987 237.6587 0001477 274.5693 338.5513 15.60484359  1300
STARLINK-5727           
1 55587U 23020U   23063.33334491 -.00708025  00000+0 -81232-2 0  9992
2 55587  42.9982 235.1561 0002141 273.4203 173.5673 15.63440375  3179
STARLINK-5728           
1 55588U 23020V   23063.33334491 -.01134071  00000+0 -15411-1 0  9993
2 55588  42.9987 235.1773 0001772 278.8786 159.8936 15.59469277  3170
STARLINK-5697           
1 55589U 23020W   23063.33334491 -.01133430  00000+0 -15429-1 0  9991
2 55589  42.9982 235.1808 0001608 271.7745 165.0880 15.59424105  3178
STARLINK-5762           
1 55590U 23020X   23063.33334491 -.01149888  00000+0 -15621-1 0  9991
2 55590  42.9992 235.1720 0001479 265.9369 174.7482 15.59518066  3172
STARLINK-5760           
1 55591U 23020Y   23063.33334491 -.01133762  00000+0 -15420-1 0  9993
2 55591  42.9983 235.1784 0001703 277.0545 160.7631 15.59446860  3176
STARLINK-5759           
1 55592U 23020Z   23063.33334491 -.01144972  00000+0 -15522-1 0  9992
2 55592  42.9990 235.1682 0001619 277.4725 165.1192 15.59558909  3171
STARLINK-5703           
1 55593U 23020AA  23063.33334491 -.01133408  00000+0 -15391-1 0  9999
2 55593  42.9983 235.1740 0001537 270.0874 169.6443 15.59488307  3174
STARLINK-5750           
1 55594U 23020AB  23063.33334491 -.01141679  00000+0 -15461-1 0  9997
2 55594  42.9990 235.1658 0001681 271.4184 172.1264 15.59577926  3176
STARLINK-5740           
1 55595U 23020AC  23063.33334491 -.01090006  00000+0 -14741-1 0  9995
2 55595  42.9985 235.1695 0001688 273.4749 168.1923 15.59489837  3178
STARLINK-5729           
1 55596U 23020AD  23063.33334491 -.01146397  00000+0 -15541-1 0  9990
2 55596  42.9990 235.1623 0001453 267.8584 177.2072 15.59564306  3171
STARLINK-5743           
1 55597U 23020AE  23063.16554260  .00123761  00000+0  93170-3 0  9993
2 55597  43.0014 235.8247 0001850 255.8401 104.2261 15.71394849  3151
STARLINK-5756           
1 55598U 23020AF  23063.33334491 -.00835960  00000+0 -65525-2 0  9990
2 55598  42.9996 234.4693 0001651 266.1931  98.4960 15.73025122  3181
STARLINK-5761           
1 55599U 23020AG  23062.88431916  .00124269  00000+0  87047-3 0  9995
2 55599  42.9986 237.1316 0001789 257.9302 102.1366 15.73090196  3114
STARLINK-5755           
1 55600U 23020AH  23062.85579806  .00075882  00000+0  57667-3 0  9997
2 55600  42.9991 237.7983 0001923 253.3476 106.7181 15.71362015  3105
STARLINK-5744           
1 55601U 23020AJ  23063.33334491 -.01140299  00000+0 -15436-1 0  9995
2 55601  42.9989 235.1592 0001780 268.1563 177.8579 15.59584336  3178
STARLINK-5764           
1 55602U 23020AK  23063.19831526  .00031170  00000+0  22272-3 0  9993
2 55602  42.9998 235.1831 0002667 248.1265 111.9320 15.73142667  3162
STARLINK-5735           
1 55603U 23020AL  23063.17382189  .00078675  00000+0  59762-3 0  9993
2 55603  42.9987 235.8815 0001697 271.2722  88.7951 15.71360345  3150
STARLINK-5748           
1 55604U 23020AM  23063.16757048  .00116347  00000+0  87719-3 0  9995
2 55604  42.9996 235.8356 0001676 245.4788 114.5905 15.71386264  3158
STARLINK-5725           
1 55605U 23020AN  23063.17350482  .00110026  00000+0  83081-3 0  9994
2 55605  42.9983 235.8798 0001533 277.8236  82.2458 15.71373244  3152
STARLINK-5723           
1 55606U 23020AP  23063.25001157  .00353499  55631-4  99267-3 0  9997
2 55606  42.9983 233.0941 0013937  73.2974 209.3109 15.92599437  3186
STARLINK-5700           
1 55607U 23020AQ  23063.17318990  .00064130  00000+0  48852-3 0  9995
2 55607  42.9985 235.8774 0001650 268.5213  91.5465 15.71365324  3153
STARLINK-5726           
1 55608U 23020AR  23063.17298077  .00128546  00000+0  96772-3 0  9995
2 55608  42.9990 235.8766 0001371 289.3293  70.7426 15.71378343  3151
STARLINK-5719           
1 55609U 23020AS  23062.85559028  .00063548  00000+0  48432-3 0  9996
2 55609  42.9985 237.7943 0001508 254.3024 105.7677 15.71357286  3105
STARLINK-5722           
1 55610U 23020AT  23062.85475070  .00072050  00000+0  54855-3 0  9996
2 55610  42.9989 237.7896 0002074 253.7835 106.2804 15.71336545  3103
STARLINK-5730           
1 55611U 23020AU  23063.17266273  .00100733  00000+0  76141-3 0  9998
2 55611  42.9989 235.8738 0001884 262.2380  97.8274 15.71384261  3155
STARLINK-5734           
1 55612U 23020AV  23062.85464006  .00051341  00000+0  39247-3 0  9993
2 55612  42.9987 237.7878 0001464 277.8569  82.2133 15.71360145  3107
STARLINK-5715           
1 55613U 23020AW  23063.41668981  .00020998  00000+0  16323-3 0  9999
2 55613  42.9982 234.4027 0001434 253.3602  47.6105 15.71346247  3186
STARLINK-5714           
1 55614U 23020AX  23063.00001157  .00176869  00000+0  11535-2 0  9999
2 55614  42.9991 236.7088 0004744 311.2169 234.7312 15.74566426  3127
STARLINK-5712           
1 55615U 23020AY  23063.17235160  .00108383  00000+0  81926-3 0  9999
2 55615  42.9985 235.8710 0002222 259.7942 100.2675 15.71353664  3154
STARLINK-5710           
1 55616U 23020AZ  23063.17192787  .00030616  00000+0  23613-3 0  9999
2 55616  42.9992 235.8679 0002057 289.3827  70.6818 15.71347368  3157
STARLINK-5721           
1 55617U 23020BA  23063.17213838  .00108061  00000+0  81620-3 0  9993
2 55617  42.9985 235.8693 0002207 263.9239  96.1377 15.71373092  3154
STARLINK-5717           
1 55618U 23020BB  23063.17182361  .00118254  00000+0  89170-3 0  9993
2 55618  42.9991 235.8681 0001344 251.5284 108.5438 15.71376161  3159
STARLINK-5720           
1 55619U 23020BC  23063.17171825  .00117636  00000+0  88682-3 0  9997
2 55619  42.9990 235.8666 0001833 256.5665 103.4999 15.71383792  3157
STARLINK-5718           
1 55620U 23020BD  23062.85369670  .00010885  00000+0  86362-4 0  9992
2 55620  42.9986 237.7811 0001566 265.1527  94.9162 15.71349538  3104
STARLINK-5709           
1 55621U 23020BE  23063.17203636  .00107659  00000+0  81383-3 0  9991
2 55621  42.9983 235.8680 0001549 275.4483  84.6208 15.71356223  3152
STARLINK-5702           
1 55622U 23020BF  23063.17161713  .00098532  00000+0  74604-3 0  9998
2 55622  42.9987 235.8648 0001477 268.8342  91.2356 15.71353267  3154
STARLINK-5698           
1 55623U 23020BG  23062.85358904  .00018314  00000+0  14275-3 0  9991
2 55623  42.9992 237.7796 0001853 272.5814  87.4842 15.71362503  3105
FALCON 9 DEB            
1 55624U 23020BH  23063.16764680  .00682938  21201-3  13871-2 0  9998
2 55624  43.0079 233.1440 0016021  80.6070 279.6618 15.98440630  3186
FALCON 9 DEB            
1 55625U 23020BJ  23062.90848086  .00648978  19371-3  12472-2 0  9990
2 55625  43.0037 234.6317 0013120  76.7277 283.5064 15.99494089  3145
FALCON 9 DEB            
1 55626U 23020BK  23062.89206246  .00625628  18402-3  10885-2 0  9992
2 55626  42.9996 234.4835 0014688  59.9397 300.2936 16.01163107  3140
FALCON 9 DEB            
1 55627U 23020BL  23062.89368591  .00597450  16534-3  10987-2 0  9993
2 55627  42.9966 234.4947 0014200  61.9004 298.3308 16.00226166  3144
STARLINK-5484           
1 55628U 23021A   23063.41668981 -.00968845  00000+0 -76786-2 0  9998
2 55628  70.0001 108.7926 0003482 278.7819 263.4843 15.73758481  2841
STARLINK-5497           
1 55629U 23021B   23063.41668981 -.00968845  00000+0 -76822-2 0  9990
2 55629  70.0001 108.7929 0003472 278.0295 263.7107 15.73747775  2845
STARLINK-5303           
1 55630U 23021C   23063.41668981 -.00968888  00000+0 -76762-2 0  9992
2 55630  70.0002 108.7919 0003465 277.1403 265.6657 15.73767078  2849
STARLINK-5558           
1 55631U 23021D   23063.41668981 -.00967403  00000+0 -76419-2 0  9994
2 55631  70.0003 108.7880 0003459 278.1348 267.8173 15.73830957  2844
STARLINK-5546           
1 55632U 23021E   23063.41668981 -.00967536  00000+0 -76573-2 0  9993
2 55632  70.0003 108.7906 0003471 279.1039 264.7509 15.73787858  2846
STARLINK-5498           
1 55633U 23021F   23063.41668981 -.00968625  00000+0 -76631-2 0  9999
2 55633  70.0001 108.7899 0003438 267.6643 276.7125 15.73799865  2840
STARLINK-5500           
1 55634U 23021G   23063.41668981 -.00968920  00000+0 -76726-2 0  9993
2 55634  70.0001 108.7912 0003492 279.3323 263.9954 15.73778404  2846
STARLINK-5495           
1 55635U 23021H   23063.41668981 -.00967174  00000+0 -76257-2 0  9993
2 55635  70.0003 108.7858 0003423 275.0043 273.0399 15.73874298  2847
STARLINK-5218           
1 55636U 23021J   23063.41668981 -.00968707  00000+0 -76567-2 0  9991
2 55636  70.0002 108.7887 0003453 275.8802 269.5476 15.73821161  2840
STARLINK-5062           
1 55637U 23021K   23063.41668981 -.00967199  00000+0 -76222-2 0  9994
2 55637  70.0003 108.7851 0003440 277.0080 271.5576 15.73885360  2846
STARLINK-5507           
1 55638U 23021L   23063.41668981 -.00968758  00000+0 -76605-2 0  9992
2 55638  70.0002 108.7893 0003482 278.5391 266.3627 15.73810664  2843
STARLINK-5508           
1 55639U 23021M   23063.41668981 -.00967543  00000+0 -76068-2 0  9997
2 55639  70.0003 108.7820 0003537 283.0469 268.1286 15.73939899  2846
STARLINK-5069           
1 55640U 23021N   23063.41668981 -.00967504  00000+0 -75928-2 0  9990
2 55640  70.0002 108.7795 0003446 277.1489 276.1164 15.73982578  2849
STARLINK-5065           
1 55641U 23021P   23063.41668981 -.00967367  00000+0 -76093-2 0  9992
2 55641  70.0003 108.7825 0003443 276.8056 273.8487 15.73928892  2849
STARLINK-5478           
1 55642U 23021Q   23063.41668981 -.00967114  00000+0 -76360-2 0  9990
2 55642  70.0003 108.7877 0003411 268.8812 277.5937 15.73841698  2842
STARLINK-5483           
1 55643U 23021R   23063.41668981 -.00967348  00000+0 -75986-2 0  9993
2 55643  70.0002 108.7807 0003421 273.5630 278.6580 15.73961120  2846
STARLINK-5502           
1 55644U 23021S   23063.41668981 -.00967212  00000+0 -76151-2 0  9999
2 55644  70.0003 108.7839 0003454 278.2237 271.3868 15.73907026  2848
STARLINK-5102           
1 55645U 23021T   23063.41668981 -.00967223  00000+0 -75730-2 0  9994
2 55645  70.0003 108.7764 0003444 276.8883 278.9878 15.74035292  2848
STARLINK-5104           
1 55646U 23021U   23063.41668981 -.00967092  00000+0 -76282-2 0  9992
2 55646  70.0003 108.7863 0003412 268.8278 278.6848 15.73864697  2845
STARLINK-5510           
1 55647U 23021V   23063.41668981 -.00967208  00000+0 -75796-2 0  9991
2 55647  70.0003 108.7776 0003431 275.5976 279.2288 15.74014983  2841
STARLINK-5501           
1 55648U 23021W   23063.41668981 -.00967318  00000+0 -76125-2 0  9991
2 55648  70.0003 108.7832 0003419 273.3185 276.8127 15.73918198  2844
STARLINK-5469           
1 55649U 23021X   23062.91667824 -.01035220  00000+0 -76592-2 0  9998
2 55649  69.9998 110.1933 0003529 282.2568 318.1728 15.75091019  1303
STARLINK-5494           
1 55650U 23021Y   23063.41668981 -.00967441  00000+0 -76027-2 0  9992
2 55650  70.0002 108.7813 0003449 277.5882 274.1082 15.73950794  2847
STARLINK-5506           
1 55651U 23021Z   23063.41668981 -.00967212  00000+0 -76180-2 0  9999
2 55651  70.0003 108.7843 0003432 276.1441 272.9284 15.73898529  2847
STARLINK-5487           
1 55652U 23021AA  23063.41668981 -.00969224  00000+0 -76109-2 0  9996
2 55652  70.0001 108.7800 0003474 278.0320 274.7114 15.73973123  2848
STARLINK-5067           
1 55653U 23021AB  23063.41668981 -.00967182  00000+0 -75760-2 0  9990
2 55653  70.0003 108.7769 0003436 276.0081 279.3427 15.74025179  2843
STARLINK-5070           
1 55654U 23021AC  23063.41668981 -.00967097  00000+0 -76318-2 0  9996
2 55654  70.0003 108.7869 0003414 267.9643 279.0248 15.73853910  2843
STARLINK-5267           
1 55655U 23021AD  23063.41668981 -.00967411  00000+0 -75531-2 0  9993
2 55655  70.0003 108.7727 0003478 279.5607 279.4309 15.74100486  2842
STARLINK-5326           
1 55656U 23021AE  23063.41668981 -.00967240  00000+0 -75694-2 0  9994
2 55656  70.0003 108.7757 0003460 278.3116 278.0818 15.74046504  2849
STARLINK-5328           
1 55657U 23021AF  23063.41668981 -.00967422  00000+0 -75603-2 0  9997
2 55657  70.0003 108.7739 0003484 280.0472 277.9071 15.74078745  2842
STARLINK-5307           
1 55658U 23021AG  23063.41668981 -.00967281  00000+0 -75835-2 0  9998
2 55658  70.0003 108.7782 0003471 279.2671 275.0362 15.74004562  2846
STARLINK-5477           
1 55659U 23021AH  23063.41668981 -.00967357  00000+0 -75562-2 0  9990
2 55659  70.0003 108.7732 0003433 275.7193 282.7496 15.74090189  2843
STARLINK-5467           
1 55660U 23021AJ  23063.41668981 -.00967151  00000+0 -75653-2 0  9995
2 55660  70.0003 108.7751 0003416 269.8483 287.0655 15.74057190  2843
STARLINK-5475           
1 55661U 23021AK  23063.41668981 -.00968972  00000+0 -75594-2 0  9992
2 55661  70.0001 108.7713 0003434 272.2447 287.7834 15.74123418  2841
STARLINK-5479           
1 55662U 23021AL  23063.41668981 -.00967186  00000+0 -75621-2 0  9990
2 55662  70.0003 108.7745 0003418 272.5095 284.9250 15.74067849  2849
STARLINK-5473           
1 55663U 23021AM  23063.41668981 -.00967936  00000+0 -75334-2 0  9995
2 55663  70.0002 108.7681 0003436 273.1501 289.4793 15.74175162  2847
STARLINK-5480           
1 55664U 23021AN  23063.25001157 -.01048068  00000+0 -79629-2 0  9992
2 55664  69.9998 109.2435 0003662 265.5355  69.6083 15.74511097  2813
STARLINK-5474           
1 55665U 23021AP  23063.41668981 -.00969034  00000+0 -75527-2 0  9992
2 55665  70.0001 108.7701 0003464 276.7860 284.2785 15.74145092  2842
STARLINK-5457           
1 55666U 23021AQ  23062.91667824  .00229035  00000+0  10908-2 0  9992
2 55666  69.9944 110.1364 0003225 275.6414   7.3207 15.82081523  1306
STARLINK-5456           
1 55667U 23021AR  23062.91667824 -.00973037  00000+0 -72301-2 0  9998
2 55667  70.0000 110.1833 0003565 261.3286 348.1314 15.75249270  1302
STARLINK-5455           
1 55668U 23021AS  23063.41668981 -.00969092  00000+0 -75568-2 0  9994
2 55668  70.0001 108.7708 0003450 266.3558 294.1908 15.74134307  2840
STARLINK-5459           
1 55669U 23021AT  23063.41668981 -.00969033  00000+0 -75459-2 0  9999
2 55669  70.0001 108.7688 0003461 276.3622 285.7444 15.74165840  2840
STARLINK-5423           
1 55670U 23021AU  23063.41668981 -.00967623  00000+0 -75234-2 0  9995
2 55670  70.0002 108.7671 0003459 277.3695 286.2905 15.74197100  2845
STARLINK-5460           
1 55671U 23021AV  23063.41668981 -.00967319  00000+0 -74998-2 0  9994
2 55671  70.0002 108.7634 0003460 277.7568 289.0057 15.74261290  2841
STARLINK-5461           
1 55672U 23021AW  23063.41668981 -.00967302  00000+0 -75033-2 0  9998
2 55672  70.0002 108.7641 0003459 277.6210 288.6280 15.74250119  2842
STARLINK-5463           
1 55673U 23021AX  23063.41668981 -.00969196  00000+0 -75296-2 0  9993
2 55673  70.0001 108.7657 0003489 278.2991 286.3969 15.74219563  2842
STARLINK-5462           
1 55674U 23021AY  23062.91667824 -.01043347  00000+0 -76409-2 0  9992
2 55674  69.9996 110.1800 0003570 279.5993 332.3333 15.75342402  1304
STARLINK-5232           
1 55675U 23021AZ  23062.91667824 -.00973142  00000+0 -72245-2 0  9991
2 55675  70.0000 110.1821 0003510 269.3152 341.1452 15.75270434  1300
STARLINK-5300           
1 55676U 23021BA  23062.91667824 -.00973093  00000+0 -72034-2 0  9993
2 55676  69.9999 110.1787 0003514 271.0882 342.3494 15.75335708  1305
STARLINK-5324           
1 55677U 23021BB  23062.91667824 -.01043062  00000+0 -76241-2 0  9993
2 55677  69.9993 110.1771 0003600 279.7305 334.1939 15.75385272  1308
STARLINK-5314           
1 55678U 23021BC  23062.91667824 -.00973149  00000+0 -72172-2 0  9990
2 55678  70.0000 110.1810 0003589 260.1052 351.3450 15.75292570  1301
INMARSAT 6-F2           
1 55683U 23022A   23061.49609750  .00000248  00000+0  95646-3 0  9994
2 55683  26.9833  48.8282 7533266 171.3424 219.8082  1.91695227   187
FALCON 9 R/B            
1 55684U 23022B   23061.45992542  .00010845  00000+0  15729-2 0  9992
2 55684  27.0273  48.6578 7587240 171.6264 219.4674  1.92461178   214
DRUMS TARGET-1          
1 55685U 21102M   23063.40676589  .00021503  00000+0  15144-2 0  9991
2 55685  97.5015 119.9368 0020870  58.7775 301.5499 15.04863180  2123
CHINASAT 26 (ZX 26)     
1 55686U 23023A   23062.72312155 -.00000362  00000+0  00000+0 0  9999
2 55686   0.0229  30.8468 0006495  76.6950  79.0120  1.00196613   197
CZ-3B R/B               
1 55687U 23023B   23061.40813264 -.00000524  00000+0  00000+0 0  9991
2 55687  27.9161 324.6419 7217964 183.3818 156.7142  2.38350335   161
SOYUZ-MS 23             
1 55688U 23024A   23062.59626272  .00020433  00000+0  36991-3 0  9997
2 55688  51.6412 131.5712 0005952  51.3433 101.2629 15.49611808385418
2023-025A               
1 55690U 23025A   23063.05041993  .00023712  00000+0  10026-2 0  9997
2 55690  97.4717 136.9315 0011588 211.6003 268.5010 15.23158039  1185
2023-025B               
1 55691U 23025B   23063.38756417  .00010896  00000+0  51514-3 0  9995
2 55691  97.6011 137.4764 0065644 254.5511 104.8796 15.17637153  1232
2023-025C               
1 55692U 23025C   23063.27135872  .00091021  00000+0  43001-2 0  9990
2 55692  97.6531 137.1837 0092245 200.5617 159.2681 15.15289623  1233
2023-025D               
1 55693U 23025D   23063.20807637  .00101084  00000+0  48159-2 0  9999
2 55693  97.2442 136.8066 0093275 200.0379 159.6970 15.14880839  1202
2023-025E               
1 55694U 23025E   23062.15483593 -.00000058  00000+0  00000+0 0  9994
2 55694  97.2767 135.5467 0161175 143.6319 275.2808 14.87132218  1042
STARLINK-30050          
1 55695U 23026A   23063.41668981 -.00007859  00000+0 -82288-4 0  9992
2 55695  43.0055 256.6790 0001692 267.1033 111.5118 15.62287997  1739
STARLINK-30038          
1 55696U 23026B   23063.41668981 -.00000953  00000+0 -61159-5 0  9996
2 55696  43.0080 256.6750 0001816 268.6207 111.6881 15.62286105  1739
STARLINK-30040          
1 55697U 23026C   23063.60458932  .00009063  00000+0  10000-3 0  9997
2 55697  42.9862 255.5920 0032486  47.1376 312.9790 15.62724832  1769
STARLINK-30061          
1 55698U 23026D   23063.50001157  .00037095  00000+0  41144-3 0  9999
2 55698  43.0076 256.1714 0001891 268.4491 224.4330 15.62274312  1747
STARLINK-30055          
1 55699U 23026E   23062.91667824 -.00792083  00000+0 -86930-2 0  9991
2 55699  43.0101 259.6233 0001578 280.7614 176.2495 15.64818875  1305
STARLINK-30064          
1 55700U 23026F   23062.91667824 -.00800209  00000+0 -87310-2 0  9997
2 55700  43.0101 259.6210 0001656 279.9612 177.8954 15.64988778  1305
STARLINK-30065          
1 55701U 23026G   23062.91667824 -.00796957  00000+0 -86387-2 0  9995
2 55701  43.0102 259.6189 0001623 278.9633 179.7405 15.65141738  1308
STARLINK-30042          
1 55702U 23026H   23062.91667824 -.00793386  00000+0 -85421-2 0  9997
2 55702  43.0102 259.6171 0001577 275.0760 184.4003 15.65298596  1309
STARLINK-30044          
1 55703U 23026J   23062.91667824 -.00796239  00000+0 -85192-2 0  9993
2 55703  43.0102 259.6154 0001635 281.7778 178.4043 15.65462286  1305
STARLINK-30051          
1 55704U 23026K   23063.41668981 -.00761640  00000+0 -83648-2 0  9997
2 55704  43.0102 256.6225 0001671 265.5950 136.0738 15.64705988  1730
STARLINK-30057          
1 55705U 23026L   23062.91667824 -.00796859  00000+0 -84177-2 0  9995
2 55705  43.0104 259.6123 0001625 279.8553 181.6289 15.65779728  1303
STARLINK-30054          
1 55706U 23026M   23062.91667824 -.00797140  00000+0 -83670-2 0  9997
2 55706  43.0104 259.6110 0001632 281.3320 180.7285 15.65938205  1301
STARLINK-30060          
1 55707U 23026N   23062.91667824 -.00793069  00000+0 -82687-2 0  9991
2 55707  43.0106 259.6096 0001429 282.4429 180.1720 15.66092430  1303
STARLINK-30058          
1 55708U 23026P   23063.41668981 -.00761287  00000+0 -81517-2 0  9991
2 55708  43.0106 256.6144 0001736 267.4695 137.5741 15.65334095  1735
STARLINK-30047          
1 55709U 23026Q   23063.00001157 -.00783099  00000+0 -80998-2 0  9990
2 55709  43.0107 259.1083 0001163 283.1407 290.8286 15.66260560  1662
STARLINK-30046          
1 55710U 23026R   23063.00001157 -.00792586  00000+0 -81553-2 0  9991
2 55710  43.0107 259.1071 0001447 275.4190 299.0418 15.66415285  1663
STARLINK-30048          
1 55711U 23026S   23063.50001157 -.00796389  00000+0 -84522-2 0  9991
2 55711  43.0105 256.1113 0001344 271.5170 245.8760 15.65665083  1747
STARLINK-30037          
1 55712U 23026T   23063.50001157 -.00880627  00000+0 -92190-2 0  9991
2 55712  43.0104 256.1096 0001138 272.1605 245.8925 15.65858269  1741
STARLINK-30063          
1 55713U 23026U   23063.50001157 -.00781379  00000+0 -81297-2 0  9992
2 55713  43.0104 256.1068 0001052 258.0087 261.2156 15.66111427  1740
STARLINK-30059          
1 55714U 23026V   23063.50001157 -.00804534  00000+0 -84409-2 0  9990
2 55714  43.0105 256.1081 0001458 268.1757 250.4982 15.65973227  1743
STARLINK-30062          
1 55715U 23026W   23063.50001157 -.01520979  00000+0 -15451-1 0  9990
2 55715  43.0100 256.0940 0001477 263.1811 261.2370 15.67162928  1740
SS3 DEB                 
1 55737U 23019H   23060.08618434  .01518306  00000+0  62218-2 0  9991
2 55737  37.2095 351.4439 0042986 169.8087 190.3566 15.80747129  2659
SS3 DEB                 
1 55738U 23019J   23062.12294773  .00524338  00000+0  50146-2 0  9993
2 55738  37.1899 340.0103 0040007 179.9437 180.1339 15.63208805  2925
SS3 DEB                 
1 55739U 23019K   23061.14607851  .00641259  00000+0  42720-2 0  9991
2 55739  37.1980 345.1153 0052018 172.5715 187.5835 15.70902945  3085
CREW DRAGON 6           
1 55740U 23027A   23062.59626272  .00020433  00000+0  36991-3 0  9999
2 55740  51.6412 131.5712 0005952  51.3433 101.2629 15.49611808385417
