YUNHAI-1 03             
1 53877U 22115A   22293.46732090  .00000341  00000+0  14106-3 0  9992
2 53877  98.4985 291.6287 0001424  83.5257 276.6092 14.32809518  4233
CZ-2D R/B               
1 53878U 22115B   22292.98368969  .00001099  00000+0  18105-3 0  9993
2 53878  98.5473 292.9893 0122984 312.3998  46.6847 14.67984569  4268
SOYUZ-MS 22             
1 53879U 22116A   22292.50515778  .00011407  00000+0  21062-3 0  9995
2 53879  51.6425  80.6837 0005314 352.4830 117.4865 15.49574653364461
2022-118A               
1 53884U 22118A   22293.57419457  .00005162  00000+0  22121-3 0  9996
2 53884  97.5216 300.1159 0015547 165.1922 291.7402 15.23107530  3901
2022-118B               
1 53885U 22118B   22293.56324271  .00007198  00000+0  30107-3 0  9999
2 53885  97.5210 300.1307 0012569 171.2702 287.1628 15.23827154  3894
STARLINK-5028           
1 53886U 22119A   22293.50001157  .00070501  00000+0  50304-3 0  9999
2 53886  53.2156 126.6456 0000959 112.5017  52.8920 15.73176395  4450
STARLINK-5029           
1 53887U 22119B   22293.25001157 -.00034765  00000+0 -24398-3 0  9990
2 53887  53.2150 127.8792 0001180  84.0540 106.4058 15.73231240  4417
STARLINK-5034           
1 53888U 22119C   22293.50001157  .00040655  00000+0  29271-3 0  9997
2 53888  53.2157 126.6457 0001644  48.7144 117.2733 15.73197721  4451
STARLINK-5031           
1 53889U 22119D   22293.50001157  .00018736  00000+0  13762-3 0  9991
2 53889  53.2159 126.6463 0001026  67.6292  98.9656 15.73198745  4455
STARLINK-5050           
1 53890U 22119E   22293.50001157 -.00391128  00000+0 -28760-2 0  9997
2 53890  53.2176 125.1127 0001379  60.2650 136.9821 15.73503913  4471
STARLINK-5041           
1 53891U 22119F   22293.25001157  .00011938  00000+0  89294-4 0  9997
2 53891  53.2152 127.8785 0001063  89.4737 102.1439 15.73216264  4418
STARLINK-5046           
1 53892U 22119G   22292.91667824  .00035007  00000+0  25281-3 0  9997
2 53892  53.2169 129.5145 0002040  27.8903  77.7572 15.73198788  4362
STARLINK-5052           
1 53893U 22119H   22293.50001157  .00058100  00000+0  41575-3 0  9998
2 53893  53.2150 126.6345 0001446 142.0799  28.1001 15.73187179  4454
STARLINK-5043           
1 53894U 22119J   22292.91667824  .00017007  00000+0  12530-3 0  9992
2 53894  53.2160 129.5181 0001158  94.3254   8.9404 15.73208389  4361
STARLINK-5032           
1 53895U 22119K   22293.50001157  .00059831  00000+0  42784-3 0  9995
2 53895  53.2151 126.6349 0001117  94.2817  76.4699 15.73191614  4453
STARLINK-5037           
1 53896U 22119L   22292.91667824  .00030656  00000+0  22211-3 0  9996
2 53896  53.2165 129.5134 0002288  22.4560  83.8059 15.73192261  4362
STARLINK-5035           
1 53897U 22119M   22293.25001157 -.00079351  00000+0 -56484-3 0  9992
2 53897  53.2158 127.8764 0001181 144.3584  48.4706 15.73260667  4414
STARLINK-5044           
1 53898U 22119N   22293.50001157  .00019879  00000+0  14569-3 0  9996
2 53898  53.2157 126.6320 0001524  48.9671 124.7639 15.73204286  4458
STARLINK-5042           
1 53899U 22119P   22293.25001157 -.00030461  00000+0 -21314-3 0  9997
2 53899  53.2160 127.8718 0001519  49.8405 146.5913 15.73227412  4415
STARLINK-5045           
1 53900U 22119Q   22293.58334491 -.00031670  00000+0 -22195-3 0  9997
2 53900  53.2172 126.2164 0001645  44.5635 242.5735 15.73212663  4462
STARLINK-5024           
1 53901U 22119R   22293.25001157 -.00130413  00000+0 -93640-3 0  9990
2 53901  53.2159 127.8723 0001247 100.4995  95.3326 15.73270782  4416
STARLINK-5021           
1 53902U 22119S   22292.91667824  .00092324  00000+0  60526-3 0  9995
2 53902  53.2150 129.4378 0000308   6.8477 141.3682 15.75035064  4368
STARLINK-5022           
1 53903U 22119T   22293.25001157 -.00075627  00000+0 -53800-3 0  9991
2 53903  53.2160 127.8690 0001039  85.2445 112.3436 15.73255914  4414
STARLINK-4787           
1 53904U 22119U   22293.25001157 -.00087133  00000+0 -62126-3 0  9998
2 53904  53.2151 127.8607 0000962  80.3816 118.3986 15.73260551  4414
STARLINK-5003           
1 53905U 22119V   22292.91667824 -.00010903  00000+0 -73356-4 0  9999
2 53905  53.2162 129.5008 0001135  93.3256  18.3092 15.73204794  4364
STARLINK-5054           
1 53906U 22119W   22292.91667824 -.00025195  00000+0 -17533-3 0  9993
2 53906  53.2165 129.4986 0002071  39.4638  73.9199 15.73236658  4366
STARLINK-5063           
1 53907U 22119X   22293.25001157 -.00060262  00000+0 -42720-3 0  9993
2 53907  53.2160 127.8647 0001672  31.2914 168.1291 15.73244037  4417
STARLINK-5057           
1 53908U 22119Y   22293.25001157 -.00085946  00000+0 -61252-3 0  9991
2 53908  53.2162 127.8581 0001127  93.7672 109.1918 15.73265129  4412
STARLINK-4796           
1 53909U 22119Z   22292.91667824 -.00017907  00000+0 -12332-3 0  9990
2 53909  53.2154 129.5112 0001500  62.8160  48.2111 15.73221811  4369
STARLINK-5056           
1 53910U 22119AA  22293.25001157  .00013513  00000+0  10052-3 0  9995
2 53910  53.2154 127.8520 0001128  85.3911 119.3548 15.73205535  4410
STARLINK-5048           
1 53911U 22119AB  22293.25001157 -.00088365  00000+0 -63050-3 0  9991
2 53911  53.2157 127.8570 0001017  98.0176 103.7763 15.73249176  4415
STARLINK-5059           
1 53912U 22119AC  22293.25001157 -.00079935  00000+0 -56910-3 0  9992
2 53912  53.2163 127.8550 0001098  46.3330 157.8098 15.73259634  4419
STARLINK-5053           
1 53913U 22119AD  22293.58334491  .00050700  00000+0  36374-3 0  9998
2 53913  53.2161 126.2015 0001040 100.7725 194.1025 15.73183348  4464
STARLINK-5040           
1 53914U 22119AE  22293.25001157 -.00064308  00000+0 -45628-3 0  9996
2 53914  53.2163 127.8496 0001194  82.1494 124.3949 15.73251328  4412
STARLINK-5017           
1 53915U 22119AF  22293.25001157 -.00067830  00000+0 -48191-3 0  9998
2 53915  53.2162 127.8558 0001057  92.3623 111.2232 15.73242465  4418
STARLINK-5051           
1 53916U 22119AG  22293.58334491 -.00029264  00000+0 -20460-3 0  9993
2 53916  53.2218 126.1028 0001339 135.4730 210.9259 15.73224378  4460
STARLINK-5036           
1 53917U 22119AH  22293.25001157 -.00063815  00000+0 -45266-3 0  9999
2 53917  53.2164 127.8523 0000982  86.0055 119.3413 15.73255377  4415
STARLINK-5012           
1 53918U 22119AJ  22292.91667824 -.00022166  00000+0 -15369-3 0  9996
2 53918  53.2167 129.4878 0000947  96.6256  22.1185 15.73237347  4369
STARLINK-5023           
1 53919U 22119AK  22293.25001157 -.00069676  00000+0 -49479-3 0  9992
2 53919  53.2159 127.8454 0001077  73.2876 135.0422 15.73264148  4410
STARLINK-5025           
1 53920U 22119AL  22293.25001157 -.00067594  00000+0 -48037-3 0  9990
2 53920  53.2161 127.8420 0000821  80.0248 130.6885 15.73235060  4418
STARLINK-5005           
1 53921U 22119AM  22293.08838051  .00779854  11644-4  57823-3 0  9994
2 53921  53.2163 124.7595 0025248 141.3420 317.6323 16.14043986  4440
STARLINK-5002           
1 53922U 22119AN  22293.25001157 -.00063129  00000+0 -44785-3 0  9998
2 53922  53.2164 127.8409 0001118  96.4258 114.8813 15.73247639  4412
STARLINK-5004           
1 53923U 22119AP  22293.25001157  .00018172  00000+0  13359-3 0  9998
2 53923  53.2161 127.8440 0000830  73.8983 136.2248 15.73203564  4418
STARLINK-5001           
1 53924U 22119AQ  22293.25001157 -.00089629  00000+0 -63926-3 0  9991
2 53924  53.2162 127.8377 0000902  78.1439 134.9673 15.73264758  4412
STARLINK-5011           
1 53925U 22119AR  22293.25001157 -.00078103  00000+0 -55567-3 0  9999
2 53925  53.2167 127.8478 0001349  70.3602 138.5529 15.73265682  4419
STARLINK-5014           
1 53926U 22119AS  22293.58334491  .00016531  00000+0  12200-3 0  9998
2 53926  53.2162 126.1858 0000900 110.5693 192.0783 15.73192980  4460
STARLINK-5008           
1 53927U 22119AT  22293.25001157 -.00076779  00000+0 -54661-3 0  9992
2 53927  53.2161 127.8372 0000843  91.5173 120.9933 15.73244899  4415
STARLINK-5009           
1 53928U 22119AU  22293.25001157 -.00044970  00000+0 -31719-3 0  9990
2 53928  53.2161 127.8333 0001310  94.1032 120.2016 15.73237905  4411
STARLINK-5018           
1 53929U 22119AV  22293.25001157 -.00084664  00000+0 -60306-3 0  9999
2 53929  53.2155 127.8391 0001847  28.9597 182.9342 15.73269046  4413
STARLINK-5010           
1 53930U 22119AW  22293.25001157  .00110997  00000+0  78558-3 0  9996
2 53930  53.2167 127.8321 0001117  87.3991 128.0782 15.73178872  4413
STARLINK-5015           
1 53931U 22119AX  22293.25001157 -.00109755  00000+0 -78541-3 0  9991
2 53931  53.2154 127.8278 0001300  49.6523 167.0853 15.73271539  4413
STARLINK-4772           
1 53932U 22119AY  22293.25001157 -.00031524  00000+0 -22087-3 0  9994
2 53932  53.2163 127.8310 0001257  54.6033 161.5118 15.73217077  4414
STARLINK-4782           
1 53933U 22119AZ  22293.25001157 -.00084482  00000+0 -60322-3 0  9990
2 53933  53.2161 127.8307 0001181  95.5068 119.4634 15.73214071  4413
STARLINK-4775           
1 53934U 22119BA  22293.58334491  .00007407  00000+0  57118-4 0  9997
2 53934  53.2161 126.1761 0001048  85.2379 220.9452 15.73211109  4463
STARLINK-5000           
1 53935U 22119BB  22293.25001157 -.00081341  00000+0 -57920-3 0  9993
2 53935  53.2164 127.8272 0001148  92.6022 125.8565 15.73262811  4419
STARLINK-4791           
1 53936U 22119BC  22293.58334491 -.00043960  00000+0 -31029-3 0  9997
2 53936  53.2163 126.1760 0001221  96.8276 209.9987 15.73210969  4466
STARLINK-4765           
1 53937U 22119BD  22293.25001157 -.00065162  00000+0 -46254-3 0  9996
2 53937  53.2169 127.8234 0001512  38.6951 180.3809 15.73245791  4415
2022-118C               
1 53942U 22118C   22292.96286229  .00030061  23788-5  37034-3 0  9991
2 53942  97.5252 299.6401 0267318 276.5132  80.5742 15.28115312  3816
YAOGAN-36 01A           
1 53943U 22120A   22293.61033066  .00009641  00000+0  39007-3 0  9995
2 53943  34.9980  33.9353 0005512 149.0265 346.3057 15.23933821  3676
CZ-2D DEB               
1 53944U 22120B   22293.38480906  .00029569  00000+0  11165-2 0  9994
2 53944  34.9999  35.1500 0008116 115.9088 297.5114 15.26039517  3643
CZ-2D R/B               
1 53945U 22120C   22293.45392267  .00026918  00000+0  10290-2 0  9998
2 53945  34.9993  34.7836 0007560 100.7313 306.1928 15.25653973  3625
YAOGAN-36 01B           
1 53946U 22120D   22293.60940237 -.00033547  00000+0 -13592-2 0  9998
2 53946  34.9980  33.9550 0006263 111.4511  13.5383 15.23911622  3635
YAOGAN-36 01C           
1 53947U 22120E   22293.60539943  .00013555  00000+0  54795-3 0  9993
2 53947  34.9984  33.9232 0003226 199.7086 284.9394 15.23916910  3674
2022-121A               
1 53948U 22121A   22293.24613539  .00007850  00000+0  38777-3 0  9992
2 53948  97.4540 313.5362 0012600 179.2384 200.7888 15.18069209  3531
2022-121B               
1 53949U 22121B   22293.58746334  .00005685  00000+0  28083-3 0  9993
2 53949  97.4523 313.8718 0011686 182.4163 276.8813 15.18199406  3585
2022-121C               
1 53950U 22121C   22293.24780388  .00005085  00000+0  24978-3 0  9998
2 53950  97.4550 313.5557 0013008 190.0875 235.2700 15.18431668  3538
SELFIESAT               
1 53951U 22057BA  22292.32324450  .00009120  00000+0  51105-3 0  9995
2 53951  97.5274  45.2942 0011576  97.1776 263.0772 15.13570184 22165
SES-20                  
1 53960U 22123A   22292.74328796  .00000113  00000+0  00000+0 0  9999
2 53960   0.6700 172.2735 0007699 246.8381  95.5100  1.00321577   149
SES-21                  
1 53961U 22123B   22292.64060547  .00000007  00000+0  00000+0 0  9998
2 53961   0.8627 167.2527 0050334 110.0309 199.4095  1.01238432   166
ATLAS 5 CENTAUR R/B     
1 53962U 22123C   22292.99782772 -.00000081  00000+0  00000+0 0  9991
2 53962   1.8735 165.6263 0290152 199.6125 159.7764  1.07593403   160
CREW DRAGON 5           
1 53963U 22124A   22292.50515778  .00011407  00000+0  21062-3 0  9998
2 53963  51.6425  80.6837 0005314 352.4830 117.4865 15.49574653364465
STARLINK-4633           
1 53964U 22125A   22293.50001157 -.01189644  00000+0 -96699-2 0  9991
2 53964  53.2175  19.6722 0003258 289.5602  59.1663 15.72901433  2679
STARLINK-4578           
1 53965U 22125B   22293.50001157 -.01194797  00000+0 -96979-2 0  9998
2 53965  53.2176  19.6708 0003544 288.8577  60.4780 15.72943460  2677
STARLINK-4635           
1 53966U 22125C   22293.50001157 -.01194491  00000+0 -96772-2 0  9991
2 53966  53.2176  19.6698 0003138 293.0134  56.9362 15.72991694  2670
STARLINK-4634           
1 53967U 22125D   22293.50001157 -.01186429  00000+0 -95876-2 0  9998
2 53967  53.2177  19.6685 0003012 289.2852  61.2765 15.73031901  2676
STARLINK-4629           
1 53968U 22125E   22293.50001157 -.01140828  00000+0 -91359-2 0  9994
2 53968  53.2177  19.6647 0002552 300.4325  51.9550 15.73134892  2675
STARLINK-4468           
1 53969U 22125F   22293.50001157 -.01184743  00000+0 -95548-2 0  9993
2 53969  53.2177  19.6673 0002502 301.7663  49.4028 15.73080491  2676
STARLINK-4567           
1 53970U 22125G   22293.58334491  .00020535  00000+0  15062-3 0  9992
2 53970  53.2203  19.2592 0002514  23.1011  82.8621 15.73159861  2699
STARLINK-4639           
1 53971U 22125H   22293.50001157 -.01137040  00000+0 -91205-2 0  9990
2 53971  53.2179  19.6654 0002556 298.8065  52.9816 15.73087655  2674
STARLINK-5157           
1 53972U 22125J   22293.50001157 -.00055179  00000+0 -39083-3 0  9999
2 53972  53.2188  19.6686 0002309  18.0856 336.7956 15.73225133  2679
STARLINK-5156           
1 53973U 22125K   22293.58334491 -.01159423  00000+0 -93584-2 0  9991
2 53973  53.2178  19.2518 0003123 294.1590 171.0168 15.72990880  2690
STARLINK-5159           
1 53974U 22125L   22293.16667824 -.00550715  00000+0 -37614-2 0  9995
2 53974  53.2173  21.0207 0001820 304.5231 105.5817 15.75631661  2620
STARLINK-5137           
1 53975U 22125M   22293.50001157  .00010401  00000+0  78395-4 0  9999
2 53975  53.2197  19.6694 0002797  23.9262 330.3743 15.73211692  2677
STARLINK-5134           
1 53976U 22125N   22293.58334491  .00062766  00000+0  44835-3 0  9990
2 53976  53.2219  19.2070 0002167  55.6318  77.4128 15.73196007  2692
STARLINK-5094           
1 53977U 22125P   22293.50001157  .00038772  00000+0  27955-3 0  9997
2 53977  53.2183  19.6662 0002992  19.5563 336.4933 15.73183769  2672
STARLINK-5148           
1 53978U 22125Q   22293.50001157  .00033056  00000+0  23919-3 0  9994
2 53978  53.2184  19.6627 0002107  34.2038 323.6277 15.73181701  2677
STARLINK-5123           
1 53979U 22125R   22293.50001157 -.00057105  00000+0 -40449-3 0  9995
2 53979  53.2187  19.6650 0002399  13.6024 343.0332 15.73237601  2675
STARLINK-5133           
1 53980U 22125S   22293.16667824  .00002638  00000+0  23200-4 0  9994
2 53980  53.2190  21.3103 0002428  23.6360 245.8120 15.73216723  2622
STARLINK-5149           
1 53981U 22125T   22293.50001157 -.00067768  00000+0 -48156-3 0  9997
2 53981  53.2213  19.6025 0002052  29.1259 359.9691 15.73234451  2676
STARLINK-5120           
1 53982U 22125U   22293.16667824  .00015536  00000+0  11484-3 0  9997
2 53982  53.2186  21.2982 0002163  19.0018 256.4431 15.73213256  2629
STARLINK-5103           
1 53983U 22125V   22293.16667824  .00007701  00000+0  59144-4 0  9999
2 53983  53.2180  21.2703 0002463  28.4925 260.6029 15.73240691  2622
STARLINK-5142           
1 53984U 22125W   22293.16667824  .00007039  00000+0  54456-4 0  9995
2 53984  53.2187  21.3071 0001902  30.7955 240.4293 15.73234648  2629
STARLINK-5147           
1 53985U 22125X   22293.50001157  .00033523  00000+0  24261-3 0  9992
2 53985  53.2186  19.6602 0002457  30.7602 328.2786 15.73169870  2675
STARLINK-5119           
1 53986U 22125Y   22293.50001157 -.00553496  00000+0 -37683-2 0  9992
2 53986  53.2172  19.3777 0001255 351.8255 144.6245 15.75715615  2684
STARLINK-5112           
1 53987U 22125Z   22293.50001157 -.00061454  00000+0 -43564-3 0  9997
2 53987  53.2187  19.6586 0002254  18.8804 340.7024 15.73249964  2672
STARLINK-5113           
1 53988U 22125AA  22293.25001157 -.00023587  00000+0 -16380-3 0  9991
2 53988  53.2193  20.8914 0002368  24.5755   0.7035 15.73238768  2635
STARLINK-5115           
1 53989U 22125AB  22293.25001157 -.00034054  00000+0 -23878-3 0  9993
2 53989  53.2190  20.8934 0003008  19.5329   4.5838 15.73232472  2637
STARLINK-5075           
1 53990U 22125AC  22293.50001157  .00009749  00000+0  73747-4 0  9995
2 53990  53.2192  19.6520 0002568  24.8245 338.9854 15.73217761  2674
STARLINK-5118           
1 53991U 22125AD  22292.91667824 -.00549297  00000+0 -31726-2 0  9997
2 53991  53.2173  21.9615 0001490  40.9858 181.6111 15.79366661  2597
STARLINK-5108           
1 53992U 22125AE  22293.25001157 -.00015391  00000+0 -10525-3 0  9995
2 53992  53.2191  20.8853 0002105  26.5122   1.7261 15.73238371  2631
STARLINK-5121           
1 53993U 22125AF  22293.50001157 -.00056265  00000+0 -39847-3 0  9997
2 53993  53.2195  19.6511 0002274  25.9612 337.2413 15.73236393  2679
STARLINK-5125           
1 53994U 22125AG  22293.50001157 -.00058433  00000+0 -41376-3 0  9997
2 53994  53.2187  19.6437 0002474  22.5080 344.8302 15.73254522  2677
STARLINK-5097           
1 53995U 22125AH  22293.25001157 -.00014301  00000+0 -97525-4 0  9994
2 53995  53.2188  20.8829 0002488  21.5155   7.3705 15.73222585  2633
STARLINK-5131           
1 53996U 22125AJ  22293.50001157  .00008007  00000+0  61399-4 0  9997
2 53996  53.2191  19.6428 0002487  25.0355 342.9427 15.73208410  2673
STARLINK-5130           
1 53997U 22125AK  22292.91667824  .00021559  00000+0  15761-3 0  9999
2 53997  53.2185  22.5332 0002162  28.2587 272.1912 15.73202698  2581
STARLINK-5128           
1 53998U 22125AL  22293.58334491  .00016634  00000+0  12273-3 0  9998
2 53998  53.2185  19.2296 0002592  23.6162  97.7222 15.73193468  2690
STARLINK-5079           
1 53999U 22125AM  22293.25001157 -.00007777  00000+0 -50986-4 0  9997
2 53999  53.2193  20.8812 0002080  23.9032   6.1686 15.73221052  2636
STARLINK-5088           
1 54000U 22125AN  22293.58334491 -.00033812  00000+0 -23723-3 0  9994
2 54000  53.2192  19.2282 0002215  24.3795  97.5977 15.73219279  2694
STARLINK-5105           
1 54001U 22125AP  22293.25001157 -.00041094  00000+0 -28946-3 0  9992
2 54001  53.2190  20.8742 0002089  26.9693   6.7281 15.73224885  2628
STARLINK-5109           
1 54002U 22125AQ  22293.25001157 -.00047719  00000+0 -33705-3 0  9992
2 54002  53.2229  20.8362 0002076  31.4462  21.8612 15.73229181  2621
STARLINK-5114           
1 54003U 22125AR  22293.58334491  .00065227  00000+0  46637-3 0  9999
2 54003  53.2190  19.2305 0002764  30.9638  89.8340 15.73156543  2679
STARLINK-5129           
1 54004U 22125AS  22293.25001157 -.00049617  00000+0 -35060-3 0  9999
2 54004  53.2194  20.8708 0002506  21.5892  13.8220 15.73234386  2622
STARLINK-5135           
1 54005U 22125AT  22293.58334491 -.00027162  00000+0 -18944-3 0  9999
2 54005  53.2185  19.2255 0002618  28.1591  94.9791 15.73230526  2675
STARLINK-5096           
1 54006U 22125AU  22293.58334491  .00011898  00000+0  89087-4 0  9994
2 54006  53.2192  19.2184 0002456  33.3776  93.9664 15.73195635  2677
STARLINK-5132           
1 54007U 22125AV  22292.91667824 -.00015284  00000+0 -10464-3 0  9997
2 54007  53.2188  22.5203 0002060  30.4932 276.6102 15.73203699  2571
STARLINK-5145           
1 54008U 22125AW  22293.58334491 -.00538117  00000+0 -37587-2 0  9992
2 54008  53.2173  18.9547 0007649 269.5129 344.8369 15.75020828  2685
STARLINK-5099           
1 54009U 22125AX  22293.25001157 -.00022834  00000+0 -15848-3 0  9998
2 54009  53.2193  20.8670 0002301  27.8031   9.4231 15.73230138  2625
STARLINK-5127           
1 54010U 22125AY  22292.91667824 -.00679345  00000+0 -42964-2 0  9994
2 54010  53.2173  22.2974 0003758 290.0696 128.9022 15.77680878  2579
STARLINK-5124           
1 54011U 22125AZ  22293.58334491  .00018377  00000+0  13520-3 0  9997
2 54011  53.2185  19.2211 0002388  35.6240  89.9330 15.73175991  2679
STARLINK-5126           
1 54012U 22125BA  22293.25001157 -.00036526  00000+0 -25656-3 0  9993
2 54012  53.2196  20.8605 0002245  29.1449  11.6804 15.73232529  2622
STARLINK-5098           
1 54013U 22125BB  22293.25001157 -.00022644  00000+0 -15714-3 0  9994
2 54013  53.2189  20.8622 0002474  24.6622  14.9593 15.73225610  2625
STARLINK-5116           
1 54014U 22125BC  22293.25001157 -.00045760  00000+0 -32298-3 0  9995
2 54014  53.2194  20.8624 0002250  17.7719  22.4291 15.73226419  2623
STARLINK-5055           
1 54015U 22125BD  22293.58334491 -.00022465  00000+0 -15586-3 0  9990
2 54015  53.2187  19.2101 0002592  25.0254 105.8973 15.73225458  2673
FALCON 9 DEB            
1 54016U 22125BE  22292.70735298  .00259781  37168-4  68459-3 0  9992
2 54016  53.2334  22.5049 0010541 344.2557  15.8143 15.94235037  2509
FALCON 9 DEB            
1 54017U 22125BF  22293.51595927  .00333546  55495-4  79842-3 0  9999
2 54017  53.2309  18.3023 0008956 349.3561  10.7278 15.95993870  2639
FALCON 9 DEB            
1 54018U 22125BG  22292.69092184  .00343159  58879-4  77085-3 0  9992
2 54018  53.2267  22.3856 0010816 325.2302  34.8020 15.97109115  2507
FALCON 9 DEB            
1 54019U 22125BH  22293.50299773  .00319382  52547-4  70636-3 0  9999
2 54019  53.2249  18.2033 0008354 320.1039  39.9377 15.97448098  2635
CENTISPACE-1 S5         
1 54020U 22126A   22293.55270810  .00000669  00000+0  18401-3 0  9997
2 54020  54.9973 135.2602 0013135 324.6400  35.3733 14.57919190  1901
CENTISPACE-1 S6         
1 54021U 22126B   22293.07069573  .00003301  00000+0  74894-3 0  9991
2 54021  54.9983 137.1529 0014682 320.8342  39.1504 14.58175793  1826
CZ-11H R/B              
1 54022U 22126C   22292.54043995  .00026378  00000+0  45862-3 0  9995
2 54022  56.1501 136.8780 0338791 335.9934  22.5247 15.06330683  1809
GAZELLE                 
1 54023U 22127A   22292.61248168 -.00000043  00000+0  00000+0 0  9997
2 54023  98.3144 291.6729 0012379 264.0117  95.9657 14.41643927  1715
ELECTRON KICK STAGE R/B 
1 54024U 22127B   22293.45082474  .00004062  00000+0  55210-3 0  9998
2 54024  98.2933 293.0766 0141111 341.9274  17.6939 14.72693251  1863
ELECTRON R/B            
1 54025U 22127C   22292.95749440  .00126162  54759-5  12471-2 0  9999
2 54025  98.3331 293.5551 0343276 176.8705 183.4796 15.17346883  1852
GALAXY 33               
1 54026U 22128A   22291.11894948 -.00000122  00000+0  00000+0 0  9996
2 54026   1.0559 193.4855 0825299 178.1478 182.6684  1.12624848   321
GALAXY 34               
1 54027U 22128B   22292.46650029 -.00000271  00000+0  00000+0 0  9991
2 54027  14.3392 190.4074 5739417 182.8862 144.5342  1.98892396   332
FALCON 9 R/B            
1 54028U 22128C   22293.00550241  .00002364  00000+0  72306-3 0  9994
2 54028  26.8503 186.7272 5935870 189.4491 150.6561  4.11986963   451
ASO-S                   
1 54029U 22129A   22293.48253448 -.00000176  00000+0 -33365-4 0  9991
2 54029  98.2683 298.8004 0013786 229.9712 130.0293 14.50855957  1666
CZ-2D R/B               
1 54030U 22129B   22293.03894776  .00000359  00000+0  93934-4 0  9998
2 54030  98.1947 298.2673 0019611  82.2322 278.1101 14.54804473  1603
COSMOS 2559 [GLONASS-K] 
1 54031U 22130A   22292.82202102 -.00000073  00000+0  00000+0 0  9994
2 54031  64.7783   1.3279 0001957 328.8552 213.4563  2.12838358   203
FREGAT R/B              
1 54032U 22130B   22286.02640266 -.00000089  00000+0  00000+0 0  9994
2 54032  64.7735   1.5414 0026318 173.8175 185.0931  2.11041190    45
ANGOSAT 2               
1 54033U 22131A   22291.66671459  .00000069  00000+0  00000+0 0  9997
2 54033   0.0330  22.5449 0001516  64.0619 239.4033  0.98860887    62
BLOCK DM-SL R/B         
1 54034U 22131B   22291.83086198 -.00000074  00000+0  00000+0 0  9994
2 54034   0.1589 285.0405 0081139 172.8574 263.0389  0.97748209    64
HJ-2E                   
1 54035U 22132A   22293.51100214  .00009970  00000+0  41685-3 0  9990
2 54035  97.3948 298.9587 0011681 244.3677 266.8831 15.23736866  1144
2022-132B               
1 54036U 22132B   22293.47253336  .00113378  00000+0  34973-2 0  9999
2 54036  97.3570 298.9819 0033538 298.6595 218.1346 15.32576827  1140
2022-132C               
1 54037U 22132C   22293.57000139  .00013607  00000+0  13220-2 0  9998
2 54037  97.6517 298.7221 0189464 146.7492 214.5741 14.80127685  1122
2022-132D               
1 54038U 22132D   22293.60069969  .00033345  00000+0  16426-2 0  9991
2 54038  97.5914 299.0888 0099347 206.7000 152.9016 15.13571473  1156
CZ-2C R/B               
1 54039U 22132E   22293.48545256  .00004679  00000+0  24257-3 0  9996
2 54039  97.2521 298.5251 0047521 184.6679 328.7800 15.15647514  1133
2022-132F               
1 54040U 22132F   22293.56683571  .00030834  00000+0  17218-2 0  9990
2 54040  97.1596 298.6411 0123185 197.7989 161.8812 15.07126885  1149
2022-132G               
1 54041U 22132G   22293.59350127  .00016016  00000+0  13862-2 0  9999
2 54041  97.1927 298.4907 0151351 143.4658 217.6980 14.88714671  1132
2022-133A               
1 54042U 22133A   22293.30299971  .00026569  00000+0  10453-2 0  9996
2 54042  34.9992 252.0614 0009180 318.7274 157.9836 15.24687207   846
2022-133B               
1 54043U 22133B   22293.30236361  .00011854  00000+0  46694-3 0  9999
2 54043  34.9980 252.0555 0009143 325.8151 150.6687 15.24771952   845
2022-133C               
1 54044U 22133C   22293.30180861  .00028902  00000+0  11254-2 0  9998
2 54044  34.9989 252.0522 0009687 326.5721 149.8042 15.25012878   844
2022-133D               
1 54045U 22133D   22293.09392904  .00017588  00000+0  68427-3 0  9991
2 54045  34.9978 253.3542 0009283 332.0040  84.6761 15.25123042   814
2022-133E               
1 54046U 22133E   22293.30982706  .00013063  00000+0  52116-3 0  9993
2 54046  34.9996 252.0281 0007891 313.4866 195.5235 15.24339874   845
2022-134A               
1 54048U 22134A   22291.85774249  .00000035  00000+0  10000-3 0  9996
2 54048  26.3142 300.3171 8017773 181.0470 309.7680  1.33271706    47
2022-134B               
1 54049U 22134B   22292.32448563  .00000035  00000+0 -32972-4 0  9991
2 54049  26.8425 300.1535 8047672 181.2853 173.1854  1.34299520    59
COSMOS 2560             
1 54050U 22135A   22293.53699014  .00155720  00000+0  87468-3 0  9997
2 54050  96.3473  21.1605 0011932 229.4767 258.6666 15.78729326   735
