2022-026A               
1 52008U 22026A   22098.76767369  .00012776  00000+0  58378-3 0  9995
2 52008  97.4888  99.7346 0049042 186.7713 173.2865 15.19608490  3661
SPACEBEE-121            
1 52009U 22026B   22098.52504302  .00011426  00000+0  62476-3 0  9991
2 52009  97.5037  99.3304 0029548 152.2920 207.9894 15.14060037  3601
SPACEBEE-114            
1 52010U 22026C   22098.52601399  .00010987  00000+0  60257-3 0  9993
2 52010  97.5054  99.3315 0028569 154.7613 205.5022 15.13988933  3613
SPACEBEE-126            
1 52011U 22026D   22098.52665157  .00010743  00000+0  58976-3 0  9991
2 52011  97.5043  99.3281 0029150 152.1433 208.1367 15.13943576  3607
SPACEBEE-118            
1 52012U 22026E   22098.52507095  .00013143  00000+0  71790-3 0  9994
2 52012  97.5053  99.3345 0028224 155.8564 204.3998 15.14096294  3612
SPACEBEE-120            
1 52013U 22026F   22098.52494957  .00010744  00000+0  58699-3 0  9994
2 52013  97.5041  99.3295 0030139 149.8399 210.4576 15.14088346  3609
SPACEBEE-122            
1 52014U 22026G   22098.52497147  .00013154  00000+0  71821-3 0  9999
2 52014  97.5045  99.3308 0028900 153.0913 207.1825 15.14091844  3608
SPACEBEE-119            
1 52015U 22026H   22098.52505187  .00011009  00000+0  60217-3 0  9998
2 52015  97.5058  99.3339 0029711 152.2372 208.0453 15.14054208  3608
2022-026J               
1 52016U 22026J   22098.45886498  .00011552  00000+0  63160-3 0  9991
2 52016  97.5056  99.2683 0029370 152.7947 207.4830 15.14065737  3591
ORESAT0                 
1 52017U 22026K   22098.72406305  .00007712  00000+0  42462-3 0  9992
2 52017  97.5040  99.5248 0029109 151.8269 208.4545 15.13941922  3639
2022-026L               
1 52018U 22026L   22098.52410943  .00014363  00000+0  78141-3 0  9997
2 52018  97.5055  99.3344 0029388 152.5420 207.7372 15.14187420  3600
SPACEBEENZ-11           
1 52019U 22026M   22098.45796585  .00015764  00000+0  85670-3 0  9990
2 52019  97.5052  99.2686 0029466 152.7725 207.5059 15.14201077  3552
2022-026N               
1 52020U 22026N   22098.45889825  .00012368  00000+0  67603-3 0  9995
2 52020  97.5044  99.2660 0029221 152.7048 207.5727 15.14061133  3542
SPACEBEE-125            
1 52021U 22026P   22098.59071127  .00013092  00000+0  71290-3 0  9991
2 52021  97.5043  99.3963 0031346 151.1058 209.1918 15.14123902  3480
SPACEBEE-117            
1 52022U 22026Q   22098.52485898  .00011442  00000+0  62548-3 0  9992
2 52022  97.5056  99.3341 0029326 152.4880 207.7912 15.14073893  3477
SPACEBEE-116            
1 52023U 22026R   22098.52483941  .00011335  00000+0  61968-3 0  9996
2 52023  97.5057  99.3338 0029322 152.5263 207.7526 15.14074913  3472
SPACEBEE-113            
1 52024U 22026S   22098.52435672  .00013043  00000+0  70993-3 0  9991
2 52024  97.5051  99.3336 0031258 150.0847 210.2179 15.14142684  3471
SPACEBEE-112            
1 52025U 22026T   22098.52444630  .00012760  00000+0  69578-3 0  9998
2 52025  97.5055  99.3340 0029372 152.5053 207.7740 15.14133983  3478
2022-026U               
1 52026U 22026U   22098.52407571  .00014065  00000+0  76519-3 0  9995
2 52026  97.5055  99.3343 0029445 152.5667 207.7126 15.14191340  3383
2022-026V               
1 52027U 22026V   22098.52483388  .00011447  00000+0  62562-3 0  9990
2 52027  97.5038  99.3306 0029357 152.4359 207.8437 15.14081774  3388
2022-026W               
1 52028U 22026W   22098.52419785  .00013536  00000+0  73706-3 0  9994
2 52028  97.5054  99.3343 0029409 152.4913 207.7883 15.14168972  3472
2022-026X               
1 52029U 22026X   22098.59106182  .00014957  00000+0  81605-3 0  9991
2 52029  97.5043  99.3945 0029501 151.8399 208.4436 15.14073946  2111
YAOGAN-34 02            
1 52084U 22027A   22098.84943867 -.00000036  00000+0  89425-4 0  9993
2 52084  63.3983 171.7589 0012954 268.6607  91.2914 13.46730363  3046
CZ-4C R/B               
1 52085U 22027B   22098.54117035 -.00000111  00000+0 -18357-4 0  9992
2 52085  63.3983 170.6682 0103254  41.6617 319.2226 13.65320444  3048
SOYUZ-MS 21             
1 52086U 22028A   22097.92354400  .00009379  00000+0  17254-3 0  9991
2 52086  51.6446 324.6037 0004354 359.3754 125.1351 15.49925213334285
STARLINK-3537           
1 52088U 22029A   22098.83334491  .00260069  37261-4  68428-3 0  9991
2 52088  53.2164  39.9330 0006694 344.8904 156.1546 15.94326376  4547
STARLINK-3722           
1 52089U 22029B   22098.58336806 -.00716272  00000+0 -80750-2 0  9997
2 52089  53.2174  43.3768 0001183  99.6215  55.6778 15.64146252  3719
STARLINK-3712           
1 52090U 22029C   22098.83334491 -.00714977  00000+0 -80584-2 0  9990
2 52090  53.2175  42.1539 0001215  69.4158  64.2108 15.64148189  4504
STARLINK-3713           
1 52091U 22029D   22098.83334491 -.00714875  00000+0 -81400-2 0  9996
2 52091  53.2175  42.1547 0001142  88.4253  38.5090 15.63891643  4503
STARLINK-3716           
1 52092U 22029E   22098.91667824 -.00715273  00000+0 -81445-2 0  9997
2 52092  53.2176  41.7482 0001219  86.3231 153.4306 15.63892412  4519
STARLINK-3673           
1 52093U 22029F   22098.83334491 -.00715017  00000+0 -79791-2 0  9997
2 52093  53.2175  42.1497 0001288  62.6758  78.4776 15.64397196  4503
STARLINK-3714           
1 52094U 22029G   22098.58336806 -.00716971  00000+0 -79196-2 0  9991
2 52094  53.2175  43.3744 0001188  89.3013  78.9208 15.64659618  3718
STARLINK-3701           
1 52095U 22029H   22098.83334491 -.00715342  00000+0 -79018-2 0  9992
2 52095  53.2175  42.1477 0001198  80.6557  66.8851 15.64653864  4502
STARLINK-3717           
1 52096U 22029J   22098.58336806 -.00049745  00000+0 -35129-3 0  9990
2 52096  53.2176  42.7785 0001134  98.1408   2.9676 15.73255166  3734
STARLINK-3676           
1 52097U 22029K   22098.83334491  .00263006  37797-4  69877-3 0  9998
2 52097  53.2159  39.9643 0006450 344.9955 140.0971 15.94144621  4539
STARLINK-3665           
1 52098U 22029L   22098.83334491 -.00715320  00000+0 -79422-2 0  9990
2 52098  53.2175  42.1489 0001181  80.8207  63.5457 15.64525609  4505
STARLINK-3662           
1 52099U 22029M   22098.83334491  .00279218  41405-4  72545-3 0  9999
2 52099  53.2157  39.9319 0006172 349.9834 150.4301 15.94552572  4531
STARLINK-3702           
1 52100U 22029N   22098.58336806 -.00717873  00000+0 -77712-2 0  9993
2 52100  53.2175  43.3682 0001197  95.6335  85.8955 15.65165529  3725
STARLINK-3703           
1 52101U 22029P   22098.83334491 -.00715808  00000+0 -77899-2 0  9992
2 52101  53.2175  42.1408 0001196  95.2686  63.0641 15.65027563  4505
STARLINK-3709           
1 52102U 22029Q   22098.83334491 -.00028386  00000+0 -19828-3 0  9990
2 52102  53.2174  41.9554 0001099 107.8380 127.3380 15.73228395  4506
STARLINK-3705           
1 52103U 22029R   22098.83334491 -.00026509  00000+0 -18486-3 0  9995
2 52103  53.2175  41.9479 0001163 115.4917 123.1167 15.73224755  4500
STARLINK-3693           
1 52104U 22029S   22098.83334491  .00247307  34391-4  68938-3 0  9997
2 52104  53.2158  40.0637 0006068 330.1974 106.9115 15.93258808  4539
STARLINK-3706           
1 52105U 22029T   22098.91667824 -.00054817  00000+0 -38803-3 0  9993
2 52105  53.2177  41.5333 0000994 106.0506 245.9488 15.73241117  4511
STARLINK-3670           
1 52106U 22029U   22098.83334491 -.00715774  00000+0 -77495-2 0  9991
2 52106  53.2175  42.1397 0001194  87.0372  74.3187 15.65155787  4506
STARLINK-3658           
1 52107U 22029V   22098.58336806 -.00062388  00000+0 -44231-3 0  9995
2 52107  53.2174  43.1804 0001026  98.4708 165.8812 15.73258087  3712
STARLINK-3698           
1 52108U 22029W   22098.91667824 -.00101861  00000+0 -72890-3 0  9992
2 52108  53.2177  41.5349 0001169 104.3399 247.1128 15.73240681  4517
STARLINK-3687           
1 52110U 22029Y   22098.83334491  .00061793  00000+0  44189-3 0  9994
2 52110  53.2177  41.9442 0001180 109.5983 130.7502 15.73177361  4503
STARLINK-3708           
1 52111U 22029Z   22098.58336806 -.00074776  00000+0 -53133-3 0  9995
2 52111  53.2175  43.1757 0001007  97.2697 169.3441 15.73278445  3715
STARLINK-3734           
1 52112U 22029AA  22098.83334491 -.00009041  00000+0 -60059-4 0  9991
2 52112  53.2178  41.9418 0001222 115.9569 125.5321 15.73204861  4504
STARLINK-3736           
1 52113U 22029AB  22098.58336806 -.00063225  00000+0 -44843-3 0  9992
2 52113  53.2175  43.1731 0000987  94.3742 173.4004 15.73253792  3713
STARLINK-3737           
1 52114U 22029AC  22098.83334491  .00036467  00000+0  26299-3 0  9990
2 52114  53.2176  41.9392 0001077 107.7434 134.9189 15.73211792  4500
STARLINK-3685           
1 52115U 22029AD  22098.58336806 -.00060821  00000+0 -43034-3 0  9994
2 52115  53.2175  43.1705 0001111  99.5801 169.3374 15.73293710  3717
STARLINK-3735           
1 52116U 22029AE  22098.58336806 -.00060975  00000+0 -43196-3 0  9994
2 52116  53.2176  43.1746 0000955 103.3573 163.8412 15.73266917  3710
STARLINK-3738           
1 52117U 22029AF  22098.83334491 -.00025395  00000+0 -17676-3 0  9992
2 52117  53.2177  41.9304 0001038 112.2254 134.4312 15.73241036  4502
STARLINK-3743           
1 52118U 22029AG  22098.58336806 -.00060243  00000+0 -42650-3 0  9998
2 52118  53.2176  43.1721 0001029 101.1765 167.1843 15.73276386  3713
STARLINK-3558           
1 52119U 22029AH  22098.58336806 -.00070061  00000+0 -49748-3 0  9993
2 52119  53.2176  43.1657 0001070 107.4914 163.7297 15.73268572  3716
STARLINK-3534           
1 52120U 22029AJ  22098.58336806 -.00075947  00000+0 -53994-3 0  9991
2 52120  53.2177  43.1699 0001043 104.7197 164.7839 15.73272208  3712
STARLINK-3678           
1 52121U 22029AK  22098.58336806 -.00104974  00000+0 -75047-3 0  9998
2 52121  53.2176  43.1631 0000932 112.3808 159.9813 15.73275886  3711
STARLINK-3726           
1 52122U 22029AL  22098.83334491 -.00031343  00000+0 -21954-3 0  9992
2 52122  53.2178  41.9294 0001279 102.7524 144.4667 15.73220769  4502
STARLINK-3725           
1 52123U 22029AM  22098.58336806 -.00089235  00000+0 -63548-3 0  9995
2 52123  53.2176  43.1608 0001074  95.3286 178.1631 15.73297930  3710
STARLINK-3684           
1 52124U 22029AN  22098.91667824 -.00046686  00000+0 -32982-3 0  9991
2 52124  53.2181  41.5152 0001155 109.4975 251.1355 15.73218036  4519
STARLINK-3727           
1 52125U 22029AP  22098.58336806 -.00090940  00000+0 -64824-3 0  9990
2 52125  53.2175  43.1594 0000988 101.4112 172.6569 15.73283875  3717
STARLINK-3732           
1 52126U 22029AQ  22098.58336806 -.00074044  00000+0 -52609-3 0  9996
2 52126  53.2178  43.1625 0001197 104.7936 168.1148 15.73275883  3712
STARLINK-3715           
1 52127U 22029AR  22098.58336806 -.00068272  00000+0 -48416-3 0  9994
2 52127  53.2177  43.1568 0001214 104.3241 170.8834 15.73287388  3718
STARLINK-3719           
1 52128U 22029AS  22098.50001157  .00291571  44918-4  69456-3 0  9991
2 52128  53.2141  41.4431 0005980 341.9968 135.9625 15.96150289  3724
STARLINK-3661           
1 52129U 22029AT  22098.83334491 -.00021778  00000+0 -15104-3 0  9990
2 52129  53.2179  41.9168 0000987 102.4090 150.5241 15.73217906  4505
STARLINK-3710           
1 52130U 22029AU  22098.83334491  .00271523  39810-4  69828-3 0  9993
2 52130  53.2156  39.9051 0006463 346.2959 166.6756 15.94745809  4530
STARLINK-3711           
1 52131U 22029AV  22098.58336806 -.00052837  00000+0 -37339-3 0  9991
2 52131  53.2176  43.1532 0001193 100.5099 176.4083 15.73264019  3712
STARLINK-3718           
1 52132U 22029AW  22098.58336806 -.00061925  00000+0 -43869-3 0  9995
2 52132  53.2177  43.1562 0001252 105.6996 170.1111 15.73272020  3719
STARLINK-3707           
1 52133U 22029AX  22098.83334491 -.00035452  00000+0 -24901-3 0  9994
2 52133  53.2178  41.9127 0001038 112.9770 141.7054 15.73222715  4501
STARLINK-3721           
1 52134U 22029AY  22098.58336806 -.00063757  00000+0 -45179-3 0  9998
2 52134  53.2178  43.1527 0001122 106.3159 171.1754 15.73278257  3710
STARLINK-3729           
1 52135U 22029AZ  22098.83334491 -.00037656  00000+0 -26480-3 0  9998
2 52135  53.2179  41.9089 0001302 105.1002 151.2912 15.73224515  4506
STARLINK-3720           
1 52136U 22029BA  22098.83334491 -.00041525  00000+0 -29241-3 0  9997
2 52136  53.2180  41.9123 0001141 103.3627 151.8751 15.73240141  4502
STARLINK-3733           
1 52137U 22029BB  22098.58336806 -.00048094  00000+0 -33937-3 0  9997
2 52137  53.2177  43.1454 0001102  91.3228 189.0779 15.73258104  3713
STARLINK-3723           
1 52138U 22029BC  22098.58336806 -.00069736  00000+0 -49492-3 0  9997
2 52138  53.2178  43.1489 0001264 103.2711 175.9433 15.73277842  3713
STARLINK-3730           
1 52139U 22029BD  22098.58336806 -.00028742  00000+0 -20075-3 0  9996
2 52139  53.2170  42.7732 0001004 105.5078 356.1874 15.73237695  3731
STARLINK-3682           
1 52140U 22029BE  22098.58336806 -.00037408  00000+0 -26281-3 0  9992
2 52140  53.2178  43.1438 0001148 101.8423 179.7110 15.73243568  3717
FALCON 9 DEB            
1 52141U 22029BF  22098.80220812  .00370177  66735-4  84555-3 0  9998
2 52141  53.2137  39.9934 0007071 323.6769  36.3780 15.96860930  3292
FALCON 9 DEB            
1 52142U 22029BG  22098.79942140  .00318083  51728-4  73774-3 0  9997
2 52142  53.2137  39.9761 0007511 349.0118  11.0747 15.96601274  3297
FALCON 9 DEB            
1 52143U 22029BH  22098.65798165  .00371267  68299-4  77934-3 0  9995
2 52143  53.2120  40.5119 0003606 322.9423  37.1358 15.98415790  3278
FALCON 9 DEB            
1 52144U 22029BJ  22098.15046071  .00485696  11230-3  96751-3 0  9995
2 52144  53.2152  43.0380 0002655 348.6949  11.4022 15.99321772  3194
MERIDIAN 10             
1 52145U 22030A   22093.10897353  .00001108  00000+0  52658-1 0  9992
2 52145  62.7900 320.5582 7235036 269.8244 323.2649  1.98359878   220
FREGAT R/B              
1 52146U 22030B   22092.57946410 -.00001476  00000+0  93336-3 0  9991
2 52146  62.8080 320.5290 7293828 269.6255  14.6283  2.00118978   256
IHI-SAT                 
1 52147U 98067TJ  22098.34192872  .00039504  00000+0  66218-3 0  9992
2 52147  51.6424 322.4096 0003302  44.0190 316.1062 15.51431540  2410
KITSUNE                 
1 52148U 98067TK  22098.86170009  .00021543  00000+0  37334-3 0  9999
2 52148  51.6427 319.8816 0002879  24.7212 335.3914 15.50828998  2439
2022-031A               
1 52150U 22031A   22098.86093464  .00001292  00000+0  13784-3 0  9991
2 52150  97.7961 272.1635 0012754 224.8839 135.1348 14.90512696  1554
2022-031B               
1 52151U 22031B   22098.72552667  .00000434  00000+0  49948-4 0  9991
2 52151  97.7850 272.0188 0011595 230.5052 129.5142 14.90672741  1532
CZ-6A R/B               
1 52152U 22031C   22098.54515767  .00001453  00000+0  12902-3 0  9993
2 52152  97.7830 271.9209 0027699 333.6809  26.3003 14.97486245  1517
2022-032A               
1 52153U 22032A   22098.74756117  .00001655  00000+0  17694-3 0  9990
2 52153  97.7963 148.7925 0011081 225.8074 134.2220 14.90080179  1435
2022-032C               
1 52155U 22032C   22098.80602957  .00001160  00000+0  12051-3 0  9994
2 52155  97.8030 148.8754 0015080 257.0818 102.8690 14.91789712  1443
2022-032D               
1 52156U 22032D   22098.80586430  .00002955  00000+0  29779-3 0  9990
2 52156  97.7894 148.8631 0015106 255.9362 104.0168 14.91833968  1453
2022-033A               
1 52157U 22033A   22098.51457667  .00001210  00000+0  19038-3 0  9999
2 52157  97.9485 181.7117 0012289 231.0213 128.9902 14.74265857  1027
2022-033B               
1 52158U 22033B   22098.51204941  .00001557  00000+0  23980-3 0  9990
2 52158  97.9495 181.7161 0011686 242.7092 117.2928 14.74814711  1020
2022-033C               
1 52159U 22033C   22098.50983061  .00001735  00000+0  26554-3 0  9995
2 52159  97.9602 181.7207 0006726 257.7425 102.3031 14.74967890  1024
2022-033D               
1 52160U 22033D   22098.50696943  .00012192  00000+0  56363-3 0  9997
2 52160  97.3893 181.2246 0008924 273.7993  86.2222 15.20275256  1044
2022-033E               
1 52161U 22033E   22098.50667508  .00006407  00000+0  29769-3 0  9995
2 52161  97.3880 181.2221 0008640 269.9262  90.0984 15.20304959  1046
2022-033F               
1 52162U 22033F   22098.50434383  .00006442  00000+0  29476-3 0  9993
2 52162  97.3871 181.2216 0009171 251.8589 108.1648 15.20826645  1042
2022-033G               
1 52163U 22033G   22098.50453068  .00003961  00000+0  18279-3 0  9997
2 52163  97.3873 181.2225 0009124 252.8375 107.1861 15.20769555  1049
2022-033H               
1 52164U 22033H   22098.50396878  .00017047  00000+0  77032-3 0  9995
2 52164  97.3824 181.2169 0008600 258.4610 101.5661 15.20984911  1046
2022-033J               
1 52165U 22033J   22098.50443269  .00012237  00000+0  55645-3 0  9995
2 52165  97.3875 181.2255 0009256 256.9829 103.0374 15.20841701  1049
2022-033K               
1 52166U 22033K   22098.50411243  .00016317  00000+0  73797-3 0  9994
2 52166  97.3844 181.2187 0010094 249.2234 110.7920 15.20953255  1047
2022-033L               
1 52167U 22033L   22098.50472427  .00012073  00000+0  55012-3 0  9991
2 52167  97.3871 181.2230 0008844 255.5896 104.4359 15.20776462  1040
2022-033M               
1 52168U 22033M   22097.84728312  .00008330  00000+0  38261-3 0  9993
2 52168  97.3859 180.5743 0008405 261.7012  98.3271 15.20607569   943
2022-033N               
1 52169U 22033N   22097.84483195  .00007704  00000+0  34770-3 0  9996
2 52169  97.3875 180.5837 0010987 258.0622 101.9382 15.21216772   947
2022-033P               
1 52170U 22033P   22097.84475880  .00005080  00000+0  23042-3 0  9995
2 52170  97.3871 180.5793 0010861 252.5212 107.4837 15.21218477   941
2022-033Q               
1 52171U 22033Q   22097.84430655  .00008832  00000+0  39650-3 0  9997
2 52171  97.3877 180.5825 0011377 252.6006 107.3986 15.21350414   941
2022-033R               
1 52172U 22033R   22097.84388919  .00008888  00000+0  39779-3 0  9996
2 52172  97.3861 180.5793 0011212 247.5599 112.4450 15.21455223   944
2022-033S               
1 52173U 22033S   22097.84321788  .00013608  00000+0  60347-3 0  9999
2 52173  97.3910 180.5903 0012541 250.3548 109.6335 15.21644066   940
2022-033T               
1 52174U 22033T   22097.84258214  .00012450  00000+0  54996-3 0  9990
2 52174  97.3864 180.5818 0012419 244.4931 115.5021 15.21799403   942
2022-033U               
1 52175U 22033U   22097.84248379  .00012995  00000+0  57331-3 0  9992
2 52175  97.3892 180.5880 0012866 246.7814 113.2067 15.21827714   946
2022-033V               
1 52176U 22033V   22098.50483802  .00015693  00000+0  71274-3 0  9999
2 52176  97.3836 181.2150 0006833 249.4161 110.6342 15.20842553  1029
2022-033W               
1 52177U 22033W   22097.84699718  .00017748  00000+0  80814-3 0  9994
2 52177  97.3840 180.5731 0009701 257.4804 102.5346 15.20705563   945
2022-033X               
1 52178U 22033X   22097.78140669  .00008217  00000+0  37728-3 0  9991
2 52178  97.3885 180.5161 0008971 264.4379  95.5834 15.20623556   938
2022-033Y               
1 52179U 22033Y   22097.78129206  .00014845  00000+0  67728-3 0  9993
2 52179  97.3835 180.5065 0008223 261.8211  98.2092 15.20689652   938
2022-033Z               
1 52180U 22033Z   22097.84690324  .00016475  00000+0  74980-3 0  9995
2 52180  97.3840 180.5721 0008463 260.9236  99.1042 15.20748678   948
2022-033AA              
1 52181U 22033AA  22097.84710085  .00016948  00000+0  77229-3 0  9997
2 52181  97.3837 180.5713 0008268 262.5016  97.5280 15.20701769   949
2022-033AB              
1 52182U 22033AB  22097.84712471  .00015310  00000+0  69841-3 0  9992
2 52182  97.3848 180.5733 0008175 261.2210  98.8100 15.20687438   933
2022-033AC              
1 52183U 22033AC  22097.84704859  .00017032  00000+0  77575-3 0  9990
2 52183  97.3838 180.5718 0008333 262.1944  97.8345 15.20715333   932
2022-033AD              
1 52184U 22033AD  22097.84685223  .00008129  00000+0  37230-3 0  9995
2 52184  97.3869 180.5767 0008735 258.2075 101.8181 15.20713375   947
2022-033AE              
1 52185U 22033AE  22097.84677941  .00014930  00000+0  67938-3 0  9999
2 52185  97.3843 180.5736 0007981 275.3549  84.6776 15.20778716   942
2022-033AF              
1 52186U 22033AF  22097.84680279  .00016728  00000+0  76062-3 0  9993
2 52186  97.3843 180.5729 0008617 261.2079  98.8181 15.20775398   944
2022-033AG              
1 52187U 22033AG  22097.84676567  .00016368  00000+0  74396-3 0  9997
2 52187  97.3848 180.5740 0008077 258.4146 101.6183 15.20797309   947
2022-034A               
1 52195U 22034A   22098.31393130  .00141269  00000+0  28672-2 0  9996
2 52195  53.0029 315.1650 0009688 318.4771  41.5481 15.45333534   892
2022-034B               
1 52196U 22034B   22098.89813843  .00021087  00000+0  45937-3 0  9997
2 52196  53.0056 312.4024 0008717 312.2749  47.7515 15.44217003   984
2022-034C               
1 52197U 22034C   22098.31365112  .00021169  00000+0  45301-3 0  9992
2 52197  53.0042 315.1641 0010178 299.3143  60.6790 15.44728264   897
ELECTRON KICK STAGE R/B 
1 52199U 22034E   22098.20288751  .02611660  11284-4  97345-3 0  9994
2 52199  53.0288 313.9124 0142407 264.4769  94.0283 16.03859364   891
2022-035A               
1 52200U 22035A   22098.83798922 -.00000044  00000+0  00000+0 0  9997
2 52200  98.4189 107.7003 0005456 217.0004 142.9450 14.44808197   261
2022-035B               
1 52201U 22035B   22098.80657576 -.00000060  00000+0  00000+0 0  9992
2 52201  98.4001 107.7193 0112576  45.4370 315.5960 14.70537371   262
COSMOS 2554             
1 52202U 22036A   22099.09268588 -.00001391  43993-5  00000+0 0  9999
2 52202  67.1438 347.6769 0470986  90.9312  65.7550 14.98346379   240
SL-4 R/B                
1 52203U 22036B   22099.08386067  .00148142  85352-5  78884-3 0  9991
2 52203  67.1362 347.6595 0454946  91.2351  49.3731 15.04413156   233
2022-037A               
1 52204U 22037A   22098.77454050 -.00003711  11735-4  00000+0 0  9993
2 52204  51.6440 320.5959 0033840 227.9694 228.5275 16.16293702    14
