HAWK-6B                 
1 55324U 23011A   23050.54348170  .00015652  00000+0  10562-2 0  9992
2 55324  40.5205 134.0034 0005141 323.6053  36.4186 15.06246219  3855
ELECTRON KICK STAGE R/B 
1 55325U 23011B   23050.41317381  .00015608  00000+0  10625-2 0  9990
2 55325  40.5077 134.7266 0003950 325.4136  34.6244 15.05924005  3833
HAWK-6C                 
1 55326U 23011C   23050.54267112  .00006634  00000+0  45854-3 0  9993
2 55326  40.4913 133.8840 0003240 321.4989  38.5558 15.05930025  3856
HAWK-6A                 
1 55327U 23011D   23050.54246751  .00007632  00000+0  52548-3 0  9997
2 55327  40.5069 133.9526 0005008 335.8510  24.1899 15.05950960  3854
ELECTRON R/B            
1 55328U 23011E   23050.89297317  .00123165  00000+0  14481-2 0  9993
2 55328  40.5053 123.2018 0158811 317.7046  41.1390 15.46463268  4019
STARLINK-5492           
1 55331U 23013A   23050.60416478  .00023829  00000+0  18430-3 0  9994
2 55331  42.9991 257.1360 0002157 256.5715 103.4913 15.71398562  4937
STARLINK-5491           
1 55332U 23013B   23050.91667824  .00045943  00000+0  35231-3 0  9991
2 55332  43.0004 254.4186 0001949 271.8238  32.4712 15.71324453  4340
STARLINK-5493           
1 55333U 23013C   23050.85820232  .00018471  00000+0  14397-3 0  9995
2 55333  42.9980 255.6006 0002581 250.7945 109.2644 15.71357223  4326
STARLINK-5652           
1 55334U 23013D   23050.85830976  .00003480  00000+0  29978-4 0  9998
2 55334  42.9991 255.6007 0002132 254.9755 105.0877 15.71351354  4328
STARLINK-5660           
1 55335U 23013E   23050.85798998  .00037819  00000+0  29007-3 0  9991
2 55335  42.9980 255.6004 0001725 264.5582  95.5089 15.71393019  4328
STARLINK-5655           
1 55336U 23013F   23050.58334491 -.00565771  00000+0 -44844-2 0  9996
2 55336  42.9896 255.4786 0001972 265.2092 329.1297 15.72005536  4296
STARLINK-5667           
1 55337U 23013G   23050.91667824 -.00036713  00000+0 -27745-3 0  9994
2 55337  42.9986 254.2492 0002486 268.0140 102.1383 15.71377024  4348
STARLINK-5658           
1 55338U 23013H   23050.85788865  .00000293  00000+0  56852-5 0  9992
2 55338  42.9991 255.5989 0002201 262.5121  97.5497 15.71356766  4324
STARLINK-5671           
1 55339U 23013J   23050.60321836  .00014771  00000+0  11591-3 0  9992
2 55339  42.9972 257.1308 0002363 284.7575  75.3031 15.71348673  3858
STARLINK-5675           
1 55340U 23013K   23050.85736314  .00049333  00000+0  37727-3 0  9993
2 55340  42.9982 255.5954 0002723 248.1901 111.8677 15.71362170  4320
STARLINK-5670           
1 55341U 23013L   23050.92113331  .00071848  00000+0  54592-3 0  9995
2 55341  42.9976 255.2154 0002233 261.4005  98.6609 15.71384618  4331
STARLINK-5657           
1 55342U 23013M   23050.85725989 -.00001895  00000+0 -10998-4 0  9996
2 55342  42.9985 255.5945 0002702 258.5280 101.5285 15.71349972  4323
STARLINK-5661           
1 55343U 23013N   23050.85704895  .00017739  00000+0  13840-3 0  9990
2 55343  42.9986 255.5917 0002644 255.9101 104.1473 15.71359228  4325
STARLINK-5662           
1 55344U 23013P   23050.85715054  .00020327  00000+0  15796-3 0  9999
2 55344  42.9987 255.5917 0001985 263.6899  96.3742 15.71372735  4323
STARLINK-5653           
1 55345U 23013Q   23050.58334491  .00062862  00000+0  47989-3 0  9991
2 55345  43.0003 256.3833 0002075 261.9440 328.7304 15.71320386  1301
STARLINK-5631           
1 55346U 23013R   23050.85694545  .00000720  00000+0  89423-5 0  9997
2 55346  42.9984 255.5918 0002036 257.6248 102.4392 15.71351482  4328
STARLINK-5663           
1 55347U 23013S   23050.85651734  .00021958  00000+0  17024-3 0  9993
2 55347  42.9985 255.5876 0001831 266.2008  93.8650 15.71383861  4321
STARLINK-5609           
1 55348U 23013T   23050.85683466  .00021633  00000+0  16783-3 0  9992
2 55348  42.9985 255.5903 0002475 265.2355  94.8230 15.71376016  4321
STARLINK-5666           
1 55349U 23013U   23050.85674463  .00083721  00000+0  63493-3 0  9996
2 55349  42.9981 255.5902 0002098 266.9733  93.0895 15.71375146  4327
STARLINK-5668           
1 55350U 23013V   23050.85662577  .00007931  00000+0  63843-4 0  9990
2 55350  42.9991 255.5879 0002261 271.2363  88.8246 15.71363843  4326
STARLINK-5659           
1 55351U 23013W   23050.85610078  .00008236  00000+0  66178-4 0  9993
2 55351  42.9997 255.5807 0002557 258.9103 101.1477 15.71359600  4327
STARLINK-5547           
1 55352U 23013X   23050.85631336  .00007431  00000+0  60053-4 0  9996
2 55352  42.9988 255.5859 0001888 282.0802  77.9854 15.71360512  4328
STARLINK-5608           
1 55353U 23013Y   23050.85536427  .00030847  00000+0  23756-3 0  9997
2 55353  42.9994 255.5752 0001812 265.5847  94.4813 15.71379537  4326
STARLINK-5649           
1 55354U 23013Z   23050.85620729  .00002090  00000+0  19382-4 0  9997
2 55354  42.9988 255.5850 0002175 268.0519  92.0099 15.71359817  4325
STARLINK-5647           
1 55355U 23013AA  23050.85579695  .00053335  00000+0  40672-3 0  9996
2 55355  42.9993 255.5792 0002150 276.2746  83.7877 15.71403713  4329
STARLINK-5083           
1 55356U 23013AB  23050.79243367  .00004970  00000+0  41313-4 0  9999
2 55356  42.9987 255.9657 0002656 256.0800 103.9772 15.71363835  4313
STARLINK-5651           
1 55357U 23013AC  23050.85567982  .00080323  00000+0  61005-3 0  9994
2 55357  42.9992 255.5783 0002718 254.1054 105.9515 15.71354051  4323
STARLINK-5622           
1 55358U 23013AD  23050.85589532 -.00000513  00000+0 -46309-6 0  9998
2 55358  42.9988 255.5811 0001623 251.2275 108.8416 15.71354738  4322
STARLINK-5641           
1 55359U 23013AE  23050.85557982  .00004322  00000+0  36389-4 0  9998
2 55359  42.9995 255.5793 0002215 255.2089 104.8534 15.71356433  4326
STARLINK-5664           
1 55360U 23013AF  23050.85263212  .00015899  00000+0  12442-3 0  9994
2 55360  42.9980 255.5547 0002271 252.8103 107.2516 15.71361806  4328
STARLINK-5665           
1 55361U 23013AG  23050.85505231  .00035205  00000+0  27045-3 0  9993
2 55361  42.9992 255.5729 0001865 262.9665  97.0990 15.71383165  4321
STARLINK-5574           
1 55362U 23013AH  23050.85515583  .00004610  00000+0  38588-4 0  9996
2 55362  42.9984 255.5752 0002748 252.0134 108.0434 15.71351877  4322
STARLINK-5648           
1 55363U 23013AJ  23050.85494711  .00040787  00000+0  31303-3 0  9998
2 55363  42.9982 255.5728 0002180 260.1703  99.8918 15.71348606  4326
STARLINK-5627           
1 55364U 23013AK  23050.85546943  .00016018  00000+0  12526-3 0  9990
2 55364  42.9989 255.5765 0002279 256.7355 103.3259 15.71373534  4325
STARLINK-5639           
1 55365U 23013AL  23050.85462657  .00021034  00000+0  16325-3 0  9995
2 55365  42.9995 255.5711 0001455 264.0840  95.9862 15.71383512  4323
STARLINK-5654           
1 55366U 23013AM  23050.85525579  .00011337  00000+0  89739-4 0  9994
2 55366  42.9991 255.5752 0001970 269.5220  90.5422 15.71366544  4328
STARLINK-5635           
1 55367U 23013AN  23050.60027737  .00000295  00000+0  56996-5 0  9992
2 55367  42.9993 257.1032 0002164 270.7126  89.3493 15.71356627  3857
STARLINK-5625           
1 55368U 23013AP  23050.79127849  .00013987  00000+0  10989-3 0  9990
2 55368  42.9989 255.9551 0002308 254.3022 105.7591 15.71363520  4312
STARLINK-5644           
1 55369U 23013AQ  23050.85442713 -.00001901  00000+0 -11044-4 0  9997
2 55369  43.0002 255.5668 0003121 252.6759 107.3768 15.71340382  4324
STARLINK-5027           
1 55370U 23013AR  23050.85475292  .00041436  00000+0  31769-3 0  9997
2 55370  42.9983 255.5729 0002589 256.4828 103.5752 15.71365802  4321
STARLINK-5590           
1 55371U 23013AS  23050.59985719  .00009263  00000+0  73984-4 0  9997
2 55371  42.9991 257.1000 0001760 276.0789  83.9879 15.71362132  4778
STARLINK-5568           
1 55372U 23013AT  23050.85431162  .00077343  00000+0  58734-3 0  9994
2 55372  42.9985 255.5692 0002383 263.0854  96.9743 15.71371755  4328
STARLINK-5581           
1 55373U 23013AU  23050.85400209  .00007386  00000+0  59740-4 0  9992
2 55373  42.9995 255.5640 0002294 246.8747 113.1879 15.71349092  4325
STARLINK-5578           
1 55374U 23013AV  23050.85420957  .00031038  00000+0  23924-3 0  9990
2 55374  42.9982 255.5697 0002209 271.9528  88.1087 15.71355555  4329
STARLINK-5588           
1 55375U 23013AW  23050.59943403  .00005674  00000+0  46674-4 0  9993
2 55375  42.9990 257.0962 0002401 271.3715  88.6878 15.71360903  3850
STARLINK-5586           
1 55376U 23013AX  23050.59954063  .00009340  00000+0  74554-4 0  9990
2 55376  42.9985 257.0981 0002100 252.4194 107.6444 15.71367771  3854
STARLINK-5567           
1 55377U 23013AY  23050.59870082  .00020988  00000+0  16291-3 0  9993
2 55377  42.9989 257.0915 0002151 253.9723 106.0908 15.71380926  3851
STARLINK-5572           
1 55378U 23013AZ  23050.85389463  .00009302  00000+0  74275-4 0  9995
2 55378  42.9988 255.5645 0002135 279.0997  80.9629 15.71363739  4324
STARLINK-5569           
1 55379U 23013BA  23050.85313630 -.00028758  00000+0 -21585-3 0  9992
2 55379  42.9994 255.5561 0002008 256.8906 103.1737 15.71436255  4323
STARLINK-5571           
1 55380U 23013BB  23050.85347377  .00003408  00000+0  29427-4 0  9996
2 55380  42.9995 255.5601 0002233 262.2245  97.8369 15.71358070  4326
STARLINK-5575           
1 55381U 23013BC  23050.85326300  .00013389  00000+0  10561-3 0  9997
2 55381  42.9999 255.5582 0001954 278.7988  81.2658 15.71303217  4325
STARLINK-5576           
1 55382U 23013BD  23050.79001692  .00062425  00000+0  47561-3 0  9990
2 55382  42.9988 255.9449 0002098 260.0386 100.0245 15.71369911  4310
STARLINK-5531           
1 55383U 23013BE  23050.85305307  .00068033  00000+0  51790-3 0  9998
2 55383  42.9992 255.5555 0002943 252.1717 107.8830 15.71357685  4320
STARLINK-5537           
1 55384U 23013BF  23050.85336727  .00019456  00000+0  15138-3 0  9990
2 55384  42.9989 255.5604 0002316 265.4172  94.6431 15.71367565  4326
STARLINK-5556           
1 55385U 23013BG  23050.85273625  .00007429  00000+0  60027-4 0  9993
2 55385  42.9996 255.5530 0002160 256.1321 103.9306 15.71364924  4324
STARLINK-5555           
1 55386U 23013BH  23050.78928257  .00000011  00000+0  35387-5 0  9996
2 55386  42.9994 255.9383 0002291 245.2254 114.8375 15.71337393  4318
STARLINK-5077           
1 55391U 23014A   23050.79520452  .00053454  00000+0  44351-3 0  9997
2 55391  69.9988  35.9653 0003298 268.4452  91.6366 15.69923579  3200
STARLINK-5085           
1 55392U 23014B   23050.60171015  .00009003  00000+0  76560-4 0  9994
2 55392  70.0017  36.4979 0003162 275.5637  84.5198 15.69924983  4113
STARLINK-4786           
1 55393U 23014C   23050.79541238  .00026018  00000+0  21732-3 0  9998
2 55393  69.9986  35.9665 0003269 267.4726  92.6095 15.69941944  3200
STARLINK-5230           
1 55394U 23014D   23050.60458144  .00013222  00000+0  11156-3 0  9994
2 55394  69.9983  36.5042 0003016 279.5100  80.5754 15.69925239  4112
STARLINK-5274           
1 55395U 23014E   23050.60447625  .00034406  00000+0  28681-3 0  9995
2 55395  69.9985  36.5040 0003156 274.9725  85.1110 15.69918449  4112
STARLINK-5283           
1 55396U 23014F   23050.60489609  .00004364  00000+0  38045-4 0  9990
2 55396  69.9983  36.5057 0003389 273.9116  86.1692 15.69920992  4112
STARLINK-5224           
1 55397U 23014G   23050.79552075  .00055607  00000+0  46117-3 0  9993
2 55397  69.9985  35.9661 0003483 269.5000  90.5796 15.69923343  3203
STARLINK-5275           
1 55398U 23014H   23050.79615351  .00055705  00000+0  46204-3 0  9997
2 55398  69.9986  35.9677 0003527 271.5439  88.5352 15.69919630  3209
STARLINK-5276           
1 55399U 23014J   23050.60468458  .00010191  00000+0  86401-4 0  9996
2 55399  69.9982  36.5052 0003404 263.0483  97.0325 15.69928537  4111
STARLINK-5632           
1 55400U 23014K   23050.79636321  .00049146  00000+0  40811-3 0  9991
2 55400  69.9987  35.9686 0003413 268.3872  91.6932 15.69923577  3207
STARLINK-5076           
1 55401U 23014L   23050.79594255  .00038008  00000+0  31653-3 0  9990
2 55401  69.9984  35.9677 0003447 274.5740  85.5061 15.69916318  3205
STARLINK-5071           
1 55402U 23014M   23050.79657419  .00052770  00000+0  43807-3 0  9999
2 55402  69.9986  35.9691 0003617 272.1764  87.9018 15.69912484  3201
STARLINK-5597           
1 55403U 23014N   23050.79625674  .00056739  00000+0  47034-3 0  9993
2 55403  69.9986  35.9684 0003527 262.8447  97.2348 15.69929223  3207
STARLINK-5607           
1 55404U 23014P   23050.79678555  .00056813  00000+0  47110-3 0  9998
2 55404  69.9986  35.9707 0003756 275.0674  85.0093 15.69920476  3209
STARLINK-5623           
1 55405U 23014Q   23050.60531646  .00010093  00000+0  85585-4 0  9997
2 55405  69.9984  36.5072 0003404 261.8884  98.1925 15.69929711  4117
STARLINK-5630           
1 55406U 23014R   23050.79699721  .00048298  00000+0  40119-3 0  9998
2 55406  69.9987  35.9705 0003534 275.0807  84.9985 15.69919884  3201
STARLINK-5019           
1 55407U 23014S   23050.79668645  .00019961  00000+0  16719-3 0  9994
2 55407  69.9989  35.9696 0003323 265.1246  94.9571 15.69951237  3206
STARLINK-5092           
1 55408U 23014T   23050.79710136  .00042103  00000+0  35023-3 0  9991
2 55408  69.9987  35.9708 0003414 268.5624  91.5180 15.69919219  3200
STARLINK-5047           
1 55409U 23014U   23050.60573846  .00036384  00000+0  30313-3 0  9998
2 55409  69.9986  36.5082 0003581 264.9962  95.0825 15.69916735  4118
STARLINK-5633           
1 55410U 23014V   23050.79752201  .00061500  00000+0  50947-3 0  9997
2 55410  69.9987  35.9724 0003482 268.8779  91.2018 15.69924609  4140
STARLINK-5605           
1 55411U 23014W   23050.22374795  .00002488  00000+0  22444-4 0  9996
2 55411  69.9978  37.5847 0003431 269.2088  90.8715 15.69939969  4051
STARLINK-5033           
1 55412U 23014X   23050.79762952  .00035554  00000+0  29630-3 0  9998
2 55412  69.9988  35.9728 0003462 274.1595  85.9205 15.69915962  3207
STARLINK-5060           
1 55413U 23014Y   23049.96899427  .00004037  00000+0  35323-4 0  9993
2 55413  69.9985  38.3017 0003245 267.7596  92.3228 15.69929313  4013
STARLINK-5620           
1 55414U 23014Z   23050.79783824  .00067890  00000+0  56164-3 0  9991
2 55414  69.9988  35.9731 0003236 258.2080 101.8753 15.69932552  4148
STARLINK-5618           
1 55415U 23014AA  23050.79719701 -.00042980  00000+0 -35698-3 0  9999
2 55415  69.9989  35.9728 0003843 264.1621  95.9137 15.69956173  3207
STARLINK-5624           
1 55416U 23014AB  23050.79805071  .00030285  00000+0  25284-3 0  9999
2 55416  69.9989  35.9739 0003466 273.9963  86.0836 15.69913052  3204
STARLINK-5616           
1 55417U 23014AC  23050.86145230  .00048583  00000+0  40351-3 0  9994
2 55417  69.9987  35.7941 0003286 261.9277  98.1546 15.69922069  4156
STARLINK-5030           
1 55418U 23014AD  23050.79825859  .00027097  00000+0  22623-3 0  9998
2 55418  69.9992  35.9759 0003454 260.9782  99.1023 15.69941078  3206
STARLINK-5629           
1 55419U 23014AE  23050.79794370  .00052310  00000+0  43409-3 0  9993
2 55419  69.9987  35.9743 0003413 270.0004  90.0801 15.69924579  3209
STARLINK-5604           
1 55420U 23014AF  23050.58334491 -.00029139  00000+0 -24136-3 0  9997
2 55420  70.0031  36.5660 0003365 268.3025 336.5578 15.69928419  1303
STARLINK-5598           
1 55421U 23014AG  23050.79815573  .00053281  00000+0  44210-3 0  9994
2 55421  69.9988  35.9747 0003599 269.4518  90.6265 15.69921518  4148
STARLINK-5006           
1 55422U 23014AH  23050.79878940  .00009971  00000+0  84610-4 0  9998
2 55422  69.9989  35.9768 0002847 271.2844  88.8026 15.69920481  3209
STARLINK-5068           
1 55423U 23014AJ  23050.79836612  .00050751  00000+0  42141-3 0  9993
2 55423  69.9988  35.9756 0003475 275.1460  84.9339 15.69916910  3207
STARLINK-5615           
1 55425U 23014AL  23050.79857771  .00041967  00000+0  34899-3 0  9994
2 55425  69.9986  35.9770 0003412 263.2439  96.8368 15.69927915  3209
STARLINK-5638           
1 55426U 23014AM  23050.60795189  .00007224  00000+0  61787-4 0  9994
2 55426  69.9988  36.5155 0003452 262.6449  97.4355 15.69925992  4111
STARLINK-5073           
1 55427U 23014AN  23050.79868130  .00011691  00000+0  98855-4 0  9991
2 55427  69.9986  35.9774 0003519 276.8675  83.2120 15.69924839  3203
STARLINK-5064           
1 55428U 23014AP  23050.79931527  .00058710  00000+0  48658-3 0  9991
2 55428  69.9992  35.9785 0003556 274.2558  85.8231 15.69925430  3205
STARLINK-5645           
1 55429U 23014AQ  23050.79899924  .00036184  00000+0  30149-3 0  9993
2 55429  69.9993  35.9778 0003568 271.5289  88.5498 15.69915707  3204
STARLINK-5642           
1 55430U 23014AR  23050.91667824 -.01216592  00000+0 -18548-1 0  9994
2 55430  69.9989  35.7808 0003263 265.7723 283.3064 15.57236761  3222
STARLINK-5643           
1 55431U 23014AS  23050.79920833  .00062918  00000+0  52100-3 0  9995
2 55431  69.9989  35.9786 0003528 266.4903  93.5890 15.69928815  3209
STARLINK-5637           
1 55432U 23014AT  23050.91667824 -.01211414  00000+0 -18481-1 0  9990
2 55432  69.9991  35.7817 0003223 266.7747 281.2457 15.57207213  3212
STARLINK-5570           
1 55433U 23014AU  23050.91667824 -.01216545  00000+0 -18529-1 0  9994
2 55433  69.9994  35.7802 0003262 266.3004 283.8371 15.57262922  3227
STARLINK-5621           
1 55434U 23014AV  23050.91667824 -.01213517  00000+0 -18570-1 0  9997
2 55434  69.9994  35.7854 0003255 263.8029 281.0324 15.57130317  3226
STARLINK-5626           
1 55435U 23014AW  23050.91667824 -.01216879  00000+0 -18589-1 0  9992
2 55435  69.9994  35.7839 0003278 264.2666 282.6918 15.57184810  3220
STARLINK-5640           
1 55436U 23014AX  23050.91667824 -.01211519  00000+0 -18555-1 0  9992
2 55436  69.9995  35.7870 0003271 265.0785 278.6936 15.57102818  3224
STARLINK-5080           
1 55437U 23014AY  23050.91667824 -.01208738  00000+0 -18473-1 0  9991
2 55437  69.9994  35.7850 0003250 265.2044 280.6943 15.57152958  3219
STARLINK-5074           
1 55438U 23014AZ  23050.79508979  .00068278  00000+0  56466-3 0  9999
2 55438  70.0020  35.9666 0003575 272.2631  87.8155 15.69937484  3209
STARLINK-5634           
1 55439U 23014BA  23050.91667824 -.01215376  00000+0 -18637-1 0  9991
2 55439  69.9993  35.7886 0003280 261.5791 281.1278 15.57079430  3221
FALCON 9 DEB            
1 55440U 23014BB  23050.49699381  .00200219  00000+0  79154-3 0  9999
2 55440  70.0047  36.0972 0004803 221.0381 139.0463 15.86086094  3294
ION SCV-009             
1 55441U 23014BC  23050.83076081  .00067840  00000+0  52281-3 0  9997
2 55441  70.0078  35.6899 0049454 320.9195  38.8431 15.69947687  3336
FALCON 9 DEB            
1 55442U 23014BD  23050.60939307  .00225475  00000+0  82125-3 0  9992
2 55442  70.0058  35.6765 0008677 199.3807 160.7069 15.87670021  3312
FALCON 9 DEB            
1 55443U 23014BE  23050.47451471  .00275996  31337-4  96103-3 0  9995
2 55443  70.0032  36.0018 0009138 214.3675 145.6940 15.89136403  3295
FALCON 9 DEB            
1 55444U 23014BF  23050.68918049  .00202459  00000+0  80618-3 0  9994
2 55444  70.0055  35.5657 0004221 192.2699 167.8402 15.85934705  3322
FALCON 9 DEB            
1 55445U 23014BG  23050.67125291  .00265898  29108-4  95986-3 0  9998
2 55445  70.0070  35.5056 0007462 205.6322 154.4514 15.88440749  3324
APSTAR 6E SPS           
1 55447U 23005C   23049.74220851 -.00000067  00000+0 -15187-1 0  9999
2 55447  28.6641 303.5087 2303225 196.3787 154.7871  7.60507377  1420
STARLINK-5699           
1 55449U 23015A   23049.88272847  .00039011  00000+0  29936-3 0  9997
2 55449  42.9992 288.9711 0002175 277.4176  82.6444 15.71368792  3706
STARLINK-5686           
1 55450U 23015B   23049.94638826  .00051200  00000+0  39050-3 0  9991
2 55450  42.9985 288.5890 0001711 282.4855  77.5821 15.71415161  3715
STARLINK-5656           
1 55451U 23015C   23049.94618754  .00028779  00000+0  22196-3 0  9998
2 55451  42.9997 288.5864 0001906 286.3544  73.7114 15.71375416  2770
STARLINK-5683           
1 55452U 23015D   23049.94597836  .00012067  00000+0  95326-4 0  9995
2 55452  42.9995 288.5862 0002126 278.9900  81.0728 15.71357397  2776
STARLINK-5684           
1 55453U 23015E   23049.94585198  .00057266  00000+0  43513-3 0  9994
2 55453  42.9994 288.5838 0002700 272.8488  87.2070 15.71462511  2774
STARLINK-5636           
1 55454U 23015F   23049.94555133  .00084862  00000+0  64302-3 0  9992
2 55454  42.9990 288.5828 0001747 274.0063  86.0605 15.71391673  2774
STARLINK-5680           
1 55455U 23015G   23049.94608391  .00036154  00000+0  27817-3 0  9999
2 55455  42.9992 288.5865 0002246 275.9009  84.1603 15.71335296  2779
STARLINK-5058           
1 55456U 23015H   23049.94564655  .00072111  00000+0  54638-3 0  9998
2 55456  42.9993 288.5844 0002048 291.0967  68.9682 15.71450619  2774
STARLINK-5682           
1 55457U 23015J   23049.81864454  .00048065  00000+0  36782-3 0  9996
2 55457  42.9995 289.3499 0002113 272.3436  87.7190 15.71357125  2757
STARLINK-5020           
1 55458U 23015K   23049.75444914  .00046108  00000+0  35297-3 0  9991
2 55458  42.9994 289.7291 0001931 301.4117  58.6562 15.71363949  2748
STARLINK-5669           
1 55459U 23015L   23049.94534428  .00040485  00000+0  31062-3 0  9991
2 55459  42.9993 288.5803 0001902 269.6154  90.4496 15.71358962  2770
STARLINK-5678           
1 55460U 23015M   23049.94524251  .00045409  00000+0  34765-3 0  9990
2 55460  42.9993 288.5807 0002116 270.2002  89.8623 15.71366909  2778
STARLINK-5646           
1 55461U 23015N   23049.94544656  .00047377  00000+0  36234-3 0  9991
2 55461  42.9991 288.5816 0001834 266.4550  93.6108 15.71377212  2778
STARLINK-5673           
1 55462U 23015P   23049.94480961  .00049730  00000+0  37942-3 0  9992
2 55462  42.9990 288.5772 0001564 293.5791  66.4912 15.71417174  2770
STARLINK-5677           
1 55463U 23015Q   23049.94501266  .00052529  00000+0  39997-3 0  9997
2 55463  42.9989 288.5785 0002287 277.3311  82.7297 15.71444419  2773
STARLINK-5676           
1 55464U 23015R   23049.94450837  .00044088  00000+0  33783-3 0  9993
2 55464  42.9993 288.5738 0001534 279.4605  80.6090 15.71358371  2779
STARLINK-5674           
1 55465U 23015S   23049.94471208  .00040118  00000+0  30784-3 0  9997
2 55465  42.9999 288.5743 0001990 279.2053  80.8590 15.71359456  2775
STARLINK-5628           
1 55466U 23015T   23049.88053629  .00037391  00000+0  28819-3 0  9999
2 55466  42.9996 288.9545 0001947 277.1289  82.9357 15.71281154  2769
STARLINK-5679           
1 55467U 23015U   23049.81759185  .00012338  00000+0  98074-4 0  9998
2 55467  42.9995 289.3428 0001824 261.4492  98.6169 15.71188438  2755
STARLINK-5672           
1 55468U 23015V   23049.94439236  .00091579  00000+0  69253-3 0  9995
2 55468  42.9991 288.5730 0001780 269.0697  90.9966 15.71410532  2776
STARLINK-5681           
1 55469U 23015W   23049.94461265  .00054351  00000+0  41511-3 0  9997
2 55469  42.9992 288.5753 0001762 264.3691  95.6976 15.71360922  2775
STARLINK-5708           
1 55470U 23015X   23049.94428761  .00046162  00000+0  35297-3 0  9998
2 55470  42.9991 288.5725 0001991 260.4080  99.6562 15.71391416  2775
STARLINK-5711           
1 55471U 23015Y   23049.94419017  .00070632  00000+0  53703-3 0  9994
2 55471  42.9997 288.5702 0002102 276.3228  83.7400 15.71375821  2779
STARLINK-5705           
1 55472U 23015Z   23049.81664486  .00036376  00000+0  27970-3 0  9997
2 55472  42.9990 289.3348 0001544 255.9420 104.1276 15.71349175  2754
STARLINK-5687           
1 55473U 23015AA  23049.94399830  .00040677  00000+0  31321-3 0  9994
2 55473  42.9993 288.5709 0002071 250.3962 109.6682 15.71271761  2774
STARLINK-5689           
1 55474U 23015AB  23049.87988874  .00052111  00000+0  39831-3 0  9999
2 55474  42.9998 288.9482 0002275 269.2578  90.8029 15.71356311  2760
STARLINK-5650           
1 55475U 23015AC  23048.60905747  .00047046  00000+0  35891-3 0  9991
2 55475  42.9996 296.6226 0001533 261.0219  99.0476 15.71439195  2566
STARLINK-5596           
1 55476U 23015AD  23050.91667824 -.00907610  00000+0 -61466-2 0  9990
2 55476  42.9999 281.4795 0001392 268.7035 331.5298 15.76550388  2936
STARLINK-5685           
1 55477U 23015AE  23049.94354697  .00078936  00000+0  59760-3 0  9996
2 55477  42.9993 288.5661 0001962 288.7254  71.3401 15.71438087  2772
STARLINK-5691           
1 55478U 23015AF  23049.87926149  .00053647  00000+0  40959-3 0  9998
2 55478  42.9994 288.9435 0002098 278.2947  81.7683 15.71372955  2768
STARLINK-5688           
1 55479U 23015AG  23049.94365148  .00084892  00000+0  64189-3 0  9990
2 55479  42.9990 288.5684 0002061 291.9897  68.0751 15.71441031  2770
STARLINK-5690           
1 55480U 23015AH  23049.87937229 -.00128184  00000+0 -99315-3 0  9993
2 55480  42.9994 288.9452 0000747 261.1036  98.9748 15.71262001  2761
STARLINK-5694           
1 55481U 23015AJ  23049.94324749  .00061169  00000+0  46667-3 0  9998
2 55481  42.9991 288.5667 0001680 281.0646  79.0033 15.71345890  2774
STARLINK-5693           
1 55482U 23015AK  23048.60728916  .00057726  00000+0  43355-3 0  9990
2 55482  42.9996 296.6076 0003207 258.5518 101.4990 15.71734121  2566
STARLINK-5692           
1 55483U 23015AL  23049.94270343  .00090635  00000+0  68488-3 0  9995
2 55483  42.9992 288.5602 0002172 256.2068 103.8559 15.71431484  2779
STARLINK-5696           
1 55484U 23015AM  23049.94239902  .00082288  00000+0  62426-3 0  9993
2 55484  42.9991 288.5571 0001870 262.0023  98.0633 15.71374364  2775
STARLINK-5695           
1 55485U 23015AN  23049.94302729  .00048492  00000+0  37077-3 0  9995
2 55485  42.9996 288.5620 0002514 272.9086  87.1494 15.71373714  2773
STARLINK-5704           
1 55486U 23015AP  23049.68825725  .00053509  00000+0  40884-3 0  9998
2 55486  42.9991 290.0928 0002108 270.2465  89.8161 15.71356311  2739
STARLINK-5701           
1 55487U 23015AQ  23049.94313216  .00039320  00000+0  30165-3 0  9991
2 55487  42.9997 288.5621 0002407 267.8834  92.1759 15.71371287  2775
STARLINK-5706           
1 55488U 23015AR  23049.94187933  .00009194  00000+0  73367-4 0  9995
2 55488  42.9992 288.5540 0002076 264.8697  95.1933 15.71392262  2770
STARLINK-5371           
1 55489U 23015AS  23049.87904487  .00054486  00000+0  41627-3 0  9996
2 55489  42.9987 288.9421 0001429 257.9083 102.1624 15.71353105  2768
STARLINK-5373           
1 55490U 23015AT  23048.60675712  .00086910  00000+0  64806-3 0  9995
2 55490  42.9994 296.6010 0003566 270.8347  89.2112 15.71757565  2562
STARLINK-5364           
1 55491U 23015AU  23049.36775808  .00053039  00000+0  40457-3 0  9999
2 55491  42.9976 291.9788 0001626 268.5231  91.5450 15.71400262  2687
STARLINK-5013           
1 55492U 23015AV  23049.94198322  .00043310  00000+0  33176-3 0  9995
2 55492  42.9994 288.5530 0002060 263.6535  96.4098 15.71371724  2773
STARLINK-5362           
1 55493U 23015AW  23049.81464436  .00071167  00000+0  54032-3 0  9999
2 55493  42.9993 289.3182 0001896 283.6800  76.3856 15.71407504  2751
STARLINK-5344           
1 55494U 23015AX  23049.94155541  .00068386  00000+0  51984-3 0  9990
2 55494  42.9997 288.5499 0002265 282.8299  77.2315 15.71391806  2771
STARLINK-5100           
1 55495U 23015AY  23048.60718673  .00095840  00000+0  71756-3 0  9998
2 55495  42.9997 296.6059 0002595 277.1840  82.8732 15.71627924  2564
STARLINK-5139           
1 55496U 23015AZ  23049.81412131  .00046786  00000+0  35832-3 0  9993
2 55496  42.9997 289.3142 0001475 271.1706  88.8993 15.71348923  2753
STARLINK-5363           
1 55497U 23015BA  23049.81433110  .00051222  00000+0  39175-3 0  9999
2 55497  42.9994 289.3153 0001681 257.4568 102.6112 15.71349343  2750
STARLINK-5365           
1 55498U 23015BB  23049.81401479  .00022285  00000+0  17278-3 0  9990
2 55498  42.9996 289.3138 0002153 283.9526  76.1102 15.71375731  2753
STARLINK-5366           
1 55499U 23015BC  23049.81380188  .00056427  00000+0  43041-3 0  9996
2 55499  42.9993 289.3117 0001861 270.0770  89.9885 15.71378119  3508
STARLINK-5141           
1 55500U 23015BD  23049.81422280  .00050166  00000+0  38341-3 0  9990
2 55500  42.9987 289.3163 0001998 276.4925  83.5715 15.71372189  2757
STARLINK-5367           
1 55501U 23015BE  23050.58334491  .00061138  00000+0  46697-3 0  9997
2 55501  43.0000 284.6707 0001918 254.1195 143.8718 15.71318392  1301
FALCON 9 DEB            
1 55502U 23015BF  23050.80075425  .00217706  00000+0  82799-3 0  9999
2 55502  42.9886 282.0360 0015362 273.8770  86.0346 15.86023054  2922
FALCON 9 DEB            
1 55503U 23015BG  23050.79399943  .00227923  00000+0  81838-3 0  9997
2 55503  42.9859 281.9758 0018011 270.5489  89.3321 15.87097142  2926
FALCON 9 DEB            
1 55504U 23015BH  23050.78184060  .00217526  24959-4  76009-3 0  9995
2 55504  42.9813 281.8672 0018848 284.3984  75.4798 15.88291543  2928
FALCON 9 DEB            
1 55505U 23015BJ  23050.52931443  .00218626  25044-4  77637-3 0  9999
2 55505  42.9798 283.4131 0020696 279.2082  80.6450 15.87905340  2889
ELEKTRO-L 4             
1 55506U 23016A   23048.30374443 -.00000037  00000+0  00000+0 0  9997
2 55506   0.5382 285.1176 0014854 236.2514 239.0930  1.01513727   122
BLOCK DM-SL R/B         
1 55507U 23016B   23049.93910226 -.00000133  00000+0  00000+0 0  9990
2 55507   0.4062 275.9755 0096357  29.5300  53.5630  1.03219688   140
AMAZONAS NEXUS          
1 55508U 23017A   23040.08992635 -.00000333  00000+0  00000+0 0  9995
2 55508  25.0543 351.1512 8150843 178.8279 187.3709  1.25612863    24
FALCON 9 R/B            
1 55509U 23017B   23048.05522156  .00001006  00000+0  23504-2 0  9992
2 55509  24.9411 349.6435 8170614 181.2257 173.4294  1.25162264   126
PROGRESS-MS 22          
1 55560U 23018A   23049.63607639  .00018963  00000+0  33677-3 0  9998
2 55560  51.6388 195.7286 0009543   3.6761 168.4929 15.50185461383409
EOS-7                   
1 55562U 23019A   23050.98261839  .00027883  00000+0  65491-3 0  9999
2 55562  37.1844  52.9423 0007930  47.9750 312.1683 15.41152325  1507
AZAADISAT-2             
1 55563U 23019B   23050.45965841  .00077945  00000+0  17349-2 0  9998
2 55563  37.1851  56.1626 0007689  65.5606 294.5956 15.42477070  1430
JANUS-1                 
1 55564U 23019C   23050.97499697  .00034122  00000+0  76389-3 0  9997
2 55564  37.1839  52.8775 0011264  70.9566 289.2413 15.42503562  1518
SSLV R/B                
1 55565U 23019D   23050.68062023  .00029560  00000+0  53014-3 0  9995
2 55565  37.1844  54.2080 0039161  61.3120 299.1570 15.48183353  1462
VTM R/B                 
1 55566U 23019E   23050.98895632  .00018890  00000+0  30878-3 0  9996
2 55566  37.9003  53.7068 0050069  91.0940 269.5572 15.50392118  1511
2023-019F               
1 55567U 23019F   23047.52029487  .00048227  00000+0  86726-3 0  9990
2 55567  37.1846  74.2845 0039770  32.8387 327.4835 15.47959978   978
2023-019G               
1 55568U 23019G   23050.46098064  .00303402  00000+0  40307-2 0  9998
2 55568  37.1935  55.2285 0044143  66.2530 294.2855 15.55161812  1432
STARLINK-5749           
1 55569U 23020A   23051.00001157 -.00020301  00000+0 -15248-3 0  9992
2 55569  43.0005 309.3627 0001530 261.5867 252.1572 15.71240757  1237
STARLINK-5737           
1 55570U 23020B   23050.66667824 -.00024358  00000+0 -18361-3 0  9999
2 55570  43.0016 311.3725 0001592 262.0172 163.2742 15.71256468  1187
STARLINK-5739           
1 55571U 23020C   23051.00001157  .00010012  00000+0  80198-4 0  9998
2 55571  43.0003 309.3623 0002793 345.1702 167.7062 15.71207089  1239
STARLINK-5732           
1 55572U 23020D   23050.66667824  .00033646  00000+0  25966-3 0  9998
2 55572  43.0019 311.3694 0000469 209.8985 216.7089 15.71293803  1182
STARLINK-5738           
1 55573U 23020E   23051.00001157 -.00038569  00000+0 -29164-3 0  9994
2 55573  43.0005 309.3632 0001868 276.8493 236.8285 15.71385727  1233
STARLINK-5747           
1 55574U 23020F   23050.66667824  .00036657  00000+0  28230-3 0  9992
2 55574  43.0017 311.3648 0002565 267.6527 160.7522 15.71306997  1183
STARLINK-5745           
1 55575U 23020G   23051.00001157 -.00024882  00000+0 -18779-3 0  9999
2 55575  43.0012 309.3565 0002013 269.4616 246.6866 15.71236575  1236
STARLINK-5751           
1 55576U 23020H   23050.66667824  .00124303  00000+0  90161-3 0  9992
2 55576  43.0018 311.3568 0002718 256.7113 174.8025 15.72270223  1184
STARLINK-5752           
1 55577U 23020J   23051.00001157 -.00043160  00000+0 -32882-3 0  9992
2 55577  43.0008 309.3554 0001432 271.8833 244.8215 15.71252536  1236
STARLINK-5713           
1 55578U 23020K   23050.66667824  .00119155  00000+0  90226-3 0  9995
2 55578  43.0015 311.3609 0001612 259.9440 170.0053 15.71273374  1187
STARLINK-5754           
1 55579U 23020L   23051.00001157  .00022555  00000+0  17538-3 0  9998
2 55579  43.0009 309.3419 0002713 262.7444 259.4444 15.71298747  1239
STARLINK-5757           
1 55580U 23020M   23051.00001157  .00057700  00000+0  40266-3 0  9994
2 55580  43.0016 309.3318 0003888 276.6075 249.7764 15.73456966  1233
STARLINK-5753           
1 55581U 23020N   23050.66667824  .00062094  00000+0  47389-3 0  9990
2 55581  43.0012 311.3620 0001629 266.7876 162.5751 15.71332314  1189
STARLINK-5741           
1 55582U 23020P   23050.66667824  .00115364  00000+0  82291-3 0  9991
2 55582  43.0015 311.3470 0001469 252.3661 183.3240 15.72697133  1189
STARLINK-5742           
1 55583U 23020Q   23050.66667824  .00054570  00000+0  41749-3 0  9996
2 55583  43.0011 311.3563 0001589 257.2129 174.5545 15.71319483  1183
STARLINK-5736           
1 55584U 23020R   23051.00001157  .00010650  00000+0  84867-4 0  9997
2 55584  43.0008 309.3402 0002356 321.1347 199.6356 15.71266330  1231
STARLINK-5769           
1 55585U 23020S   23051.00001157  .00101598  00000+0  71525-3 0  9996
2 55585  43.0008 309.3345 0002103 272.2764 252.9932 15.73055248  1236
STARLINK-5767           
1 55586U 23020T   23051.00001157  .00004777  00000+0  40002-4 0  9995
2 55586  43.0014 309.3400 0001307 276.5239 246.8068 15.71263002  1234
STARLINK-5727           
1 55587U 23020U   23051.00001157  .00007180  00000+0  58402-4 0  9990
2 55587  43.0011 309.3420 0001429 280.2043 242.1180 15.71250962  1239
STARLINK-5728           
1 55588U 23020V   23050.66667824  .00064521  00000+0  49250-3 0  9993
2 55588  43.0020 311.3451 0001626 259.9915 176.5397 15.71315067  1189
STARLINK-5697           
1 55589U 23020W   23050.66667824  .00050776  00000+0  38883-3 0  9991
2 55589  43.0014 311.3474 0001355 256.1881 179.1502 15.71322575  1187
STARLINK-5762           
1 55590U 23020X   23050.66667824  .00063284  00000+0  48308-3 0  9994
2 55590  43.0024 311.3418 0001421 264.3096 173.4054 15.71320718  1187
STARLINK-5760           
1 55591U 23020Y   23051.00001157  .00077574  00000+0  59012-3 0  9996
2 55591  43.0012 309.3381 0001405 253.1445 270.6641 15.71330971  1237
STARLINK-5759           
1 55592U 23020Z   23050.66667824  .00037417  00000+0  28776-3 0  9992
2 55592  43.0023 311.3392 0001507 255.4272 183.4751 15.71333688  1186
STARLINK-5703           
1 55593U 23020AA  23051.00001157  .00002802  00000+0  24850-4 0  9993
2 55593  43.0013 309.3348 0002350 273.4681 251.7574 15.71314349  1236
STARLINK-5750           
1 55594U 23020AB  23050.66667824  .00053211  00000+0  40745-3 0  9994
2 55594  43.0023 311.3378 0001694 262.7886 176.7065 15.71307414  1182
STARLINK-5740           
1 55595U 23020AC  23050.66667824  .00075855  00000+0  57766-3 0  9994
2 55595  43.0017 311.3402 0001441 259.3536 178.9582 15.71313728  1181
STARLINK-5729           
1 55596U 23020AD  23050.66667824 -.00033881  00000+0 -25576-3 0  9994
2 55596  43.0022 311.3335 0001777 266.4414 174.8288 15.71373718  1182
STARLINK-5743           
1 55597U 23020AE  23050.66667824  .00655882  00000+0  36258-2 0  9992
2 55597  43.0011 311.2967 0003723 249.9207 205.8959 15.76995238  1182
STARLINK-5756           
1 55598U 23020AF  23051.00001157  .00114876  00000+0  75062-3 0  9993
2 55598  43.0028 309.2920 0003889 273.6428 268.9268 15.74729656  1235
STARLINK-5761           
1 55599U 23020AG  23050.66667824 -.01198178  00000+0 -69772-2 0  9994
2 55599  43.0001 311.0571 0003575 267.7419 287.1838 15.80135377  1184
STARLINK-5755           
1 55600U 23020AH  23051.00001157 -.00012668  00000+0 -93493-4 0  9994
2 55600  43.0022 309.3187 0003001 272.0833 259.9009 15.71299372  1235
STARLINK-5744           
1 55601U 23020AJ  23051.00001157  .00000454  00000+0  69126-5 0  9990
2 55601  43.0019 309.3236 0001639 264.7507 265.0462 15.71351476  1233
STARLINK-5764           
1 55602U 23020AK  23050.66667824  .00149007  00000+0  86145-3 0  9997
2 55602  43.0024 311.2669 0003588 279.7925 188.1486 15.77398995  1185
STARLINK-5735           
1 55603U 23020AL  23050.66667824 -.00071019  00000+0 -54162-3 0  9991
2 55603  43.0023 311.3299 0001746 263.7966 178.6447 15.71403753  1181
STARLINK-5748           
1 55604U 23020AM  23051.00001157 -.00425373  00000+0 -33865-2 0  9994
2 55604  43.0021 309.3071 0001571 270.7766 265.8960 15.71508769  1235
STARLINK-5725           
1 55605U 23020AN  23051.00001157  .00006670  00000+0  54407-4 0  9995
2 55605  43.0017 309.3172 0000944 281.2826 251.2081 15.71291133  1237
STARLINK-5723           
1 55606U 23020AP  23051.00001157  .00043240  00000+0  16770-3 0  9990
2 55606  42.9998 308.9727 0021288 352.3634 323.8114 15.86059202  1234
STARLINK-5700           
1 55607U 23020AQ  23051.00001157  .00008174  00000+0  65896-4 0  9992
2 55607  43.0017 309.3127 0002093 272.0493 262.2529 15.71290596  1235
STARLINK-5726           
1 55608U 23020AR  23050.66667824  .00087438  00000+0  55325-3 0  9998
2 55608  43.0026 311.2952 0002424 261.1554 195.4732 15.75576645  1182
STARLINK-5719           
1 55609U 23020AS  23050.66667824  .00006250  00000+0  51266-4 0  9993
2 55609  43.0020 311.3228 0002599 266.6075 178.7542 15.71265790  1180
STARLINK-5722           
1 55610U 23020AT  23051.00001157 -.00000970  00000+0 -39503-5 0  9991
2 55610  43.0020 309.3051 0001692 264.5532 272.9892 15.71350095  1235
STARLINK-5730           
1 55611U 23020AU  23051.00001157 -.00019501  00000+0 -14578-3 0  9995
2 55611  43.0022 309.3057 0002471 271.5798 265.5586 15.71323098  1233
STARLINK-5734           
1 55612U 23020AV  23051.00001157  .00000426  00000+0  66953-5 0  9996
2 55612  43.0022 309.3035 0001665 271.3487 266.7885 15.71349821  1234
STARLINK-5715           
1 55613U 23020AW  23051.00001157  .00067898  00000+0  51831-3 0  9990
2 55613  43.0016 309.3091 0001425 255.7384 280.0558 15.71295792  1239
STARLINK-5714           
1 55614U 23020AX  23051.00001157 -.00094912  00000+0 -73094-3 0  9995
2 55614  43.0023 309.2968 0001854 270.2844 270.7404 15.71278074  1239
STARLINK-5712           
1 55615U 23020AY  23051.00001157  .00040676  00000+0  30667-3 0  9991
2 55615  43.0021 309.3009 0002075 282.2754 256.7208 15.71772636  1233
STARLINK-5710           
1 55616U 23020AZ  23051.00001157 -.00024457  00000+0 -18386-3 0  9997
2 55616  43.0023 309.2957 0002627 264.9964 276.3975 15.71317320  1234
STARLINK-5721           
1 55617U 23020BA  23051.00001157  .00000338  00000+0  60278-5 0  9997
2 55617  43.0020 309.2988 0001461 267.1555 272.7695 15.71349013  1235
STARLINK-5717           
1 55618U 23020BB  23051.00001157 -.00333095  00000+0 -26241-2 0  9998
2 55618  43.0026 309.2924 0001598 271.7249 270.9874 15.71492319  1231
STARLINK-5720           
1 55619U 23020BC  23051.08334491  .00002979  00000+0  26255-4 0  9996
2 55619  43.0027 308.7877 0001091 275.9844  19.2551 15.71259701  1253
STARLINK-5718           
1 55620U 23020BD  23051.00001157  .00048984  00000+0  37563-3 0  9999
2 55620  43.0019 309.2907 0001149 275.2467 268.2378 15.71302616  1239
STARLINK-5709           
1 55621U 23020BE  23051.00001157  .00000833  00000+0  97986-5 0  9998
2 55621  43.0017 309.2973 0001436 270.0270 270.4922 15.71350015  1231
STARLINK-5702           
1 55622U 23020BF  23051.00001157  .00083404  00000+0  63523-3 0  9992
2 55622  43.0023 309.2918 0001262 269.1949 273.7084 15.71276602  1231
STARLINK-5698           
1 55623U 23020BG  23051.00001157  .00052382  00000+0  40187-3 0  9995
2 55623  43.0019 309.2881 0000809 290.9800 253.3054 15.71268125  1232
FALCON 9 DEB            
1 55624U 23020BH  23049.74487665  .00302524  40733-4  10576-2 0  9992
2 55624  43.0111 316.6498 0028214 353.0973   6.9509 15.87838803  1043
FALCON 9 DEB            
1 55625U 23020BJ  23049.17734633  .00298790  39965-4  10452-2 0  9997
2 55625  43.0095 320.1378 0025323 348.9858  11.0459 15.87962057   954
FALCON 9 DEB            
1 55626U 23020BK  23050.43029837  .00336434  49638-4  10629-2 0  9994
2 55626  43.0052 312.3166 0025613 346.4314  13.5870 15.89928171  1156
FALCON 9 DEB            
1 55627U 23020BL  23050.11504359  .00305589  42225-4  97362-3 0  9999
2 55627  43.0049 314.2529 0023860 344.0125  15.9994 15.89854869  1103
