2022-002A               
1 50984U 22002A   22038.47191013  .00010366  00000+0  57200-3 0  9995
2 50984  97.5016 107.7794 0015519 142.2971 217.9352 15.14036230  3768
2022-002B               
1 50985U 22002B   22038.14235814  .00011151  00000+0  61590-3 0  9998
2 50985  97.5059 107.4685 0015835 146.0771 214.1476 15.13979453  3716
2022-002C               
1 50986U 22002C   22038.82357098  .00008997  00000+0  51577-3 0  9991
2 50986  97.5030 108.0812 0011369 148.0182 212.1741 15.12759065  3819
FOSSASAT-2E4            
1 50987U 22002D   22038.40668313  .00013825  00000+0  76104-3 0  9990
2 50987  97.5058 107.7290 0015526 145.2478 214.9771 15.14049578  3751
2022-002E               
1 50988U 22002E   22038.49402470  .00004490  00000+0  26086-3 0  9992
2 50988  97.4983 107.7369 0010941 145.7692 214.4246 15.12559007  3768
2022-002F               
1 50989U 22002F   22038.16403844  .00004734  00000+0  27518-3 0  9995
2 50989  97.4999 107.4145 0011009 145.7111 214.4833 15.12508067  3714
2022-002G               
1 50990U 22002G   22037.87801824  .00012166  00000+0  67167-3 0  9996
2 50990  97.5023 107.1939 0015491 143.2317 216.9981 15.13976975  3677
FOSSASAT-2E6            
1 50991U 22002H   22038.40931604  .00011296  00000+0  62652-3 0  9994
2 50991  97.5071 107.7304 0015301 146.9819 213.2371 15.13835190  3755
FLOCK 4X-8              
1 50992U 22002J   22038.75295432  .00002347  00000+0  13697-3 0  9997
2 50992  97.5046 108.0314 0012649 153.2086 206.9801 15.12853736  3800
ION SCV-004             
1 50993U 22002K   22038.49412653  .00001534  00000+0  91775-4 0  9996
2 50993  97.5037 107.7545 0011783 147.0944 213.1022 15.12470493  3760
FLOCK 4X-44             
1 50994U 22002L   22038.48883964  .00005090  00000+0  29277-3 0  9991
2 50994  97.5065 107.7774 0012977 152.8575 207.3337 15.12835803  3760
MDASAT-1A               
1 50995U 22002M   22038.42869745  .00003321  00000+0  19438-3 0  9990
2 50995  97.4985 107.6699 0011021 144.2911 215.9059 15.12477736  3756
FLOCK 4X-2              
1 50996U 22002N   22038.75292638  .00002726  00000+0  15845-3 0  9994
2 50996  97.5057 108.0351 0012916 152.1478 208.0447 15.12859663  3801
FLOCK 4X-20             
1 50997U 22002P   22038.48826582  .00002483  00000+0  14470-3 0  9999
2 50997  97.5056 107.7751 0012864 154.2090 205.9785 15.12859179  3764
2022-002Q               
1 50998U 22002Q   22038.42095273  .00004837  00000+0  27732-3 0  9999
2 50998  97.4974 107.6782 0012621 143.1591 217.0509 15.12984059  3753
2022-002R               
1 50999U 22002R   22038.42092377  .00004885  00000+0  27997-3 0  9998
2 50999  97.4974 107.6778 0012603 142.9780 217.2323 15.12986745  3756
FLOCK 4X-30             
1 51000U 22002S   22038.48766346  .00002446  00000+0  14241-3 0  9991
2 51000  97.5004 107.7507 0013118 145.7128 214.4953 15.12897173  3760
FOSSASAT-2E5            
1 51001U 22002T   22038.40986158  .00012913  00000+0  71567-3 0  9993
2 51001  97.5073 107.7308 0015134 147.6167 212.5996 15.13828569  3759
KEPLER-18 (BLIP-A)      
1 51002U 22002U   22038.75143956  .00004510  00000+0  25879-3 0  9992
2 51002  97.4997 108.0111 0012938 144.3104 215.8994 15.12981313  3800
FLOCK 4X-22             
1 51003U 22002V   22038.48693017  .00002731  00000+0  15838-3 0  9998
2 51003  97.5038 107.7716 0012784 155.7424 204.4411 15.12947749  3763
FLOCK 4X-5              
1 51004U 22002W   22038.48685543  .00006371  00000+0  36419-3 0  9996
2 51004  97.5012 107.7561 0013362 147.6695 212.5357 15.12957171  3766
FLOCK 4X-41             
1 51005U 22002X   22038.48669710  .00002773  00000+0  16068-3 0  9995
2 51005  97.4997 107.7508 0013038 144.1905 216.0202 15.12956373  3766
FLOCK 4X-3              
1 51006U 22002Y   22038.48643739  .00002700  00000+0  15649-3 0  9993
2 51006  97.5055 107.7756 0013488 152.2530 207.9423 15.12971670  3762
FLOCK 4X-18             
1 51007U 22002Z   22038.48635692  .00002563  00000+0  14869-3 0  9993
2 51007  97.5019 107.7566 0013634 148.1765 212.0292 15.12974507  3762
ICEYE-X16               
1 51008U 22002AA  22038.75713480  .00003105  00000+0  18120-3 0  9993
2 51008  97.5030 108.0141 0012071 146.5563 213.6433 15.12623416  3800
FLOCK 4X-37             
1 51009U 22002AB  22038.48622953  .00002465  00000+0  14314-3 0  9997
2 51009  97.5064 107.7785 0013644 151.5956 208.6022 15.12981805  3769
FLOCK 4X-15             
1 51010U 22002AC  22038.48524353  .00004112  00000+0  23565-3 0  9993
2 51010  97.5065 107.7812 0013801 150.6416 209.5594 15.13072251  3760
FLOCK 4X-29             
1 51011U 22002AD  22038.48518095  .00003238  00000+0  18643-3 0  9999
2 51011  97.5007 107.7559 0013671 146.2951 213.9152 15.13056572  3762
FLOCK 4X-27             
1 51012U 22002AE  22038.74959834  .00003770  00000+0  21641-3 0  9992
2 51012  97.5048 108.0366 0013728 152.9327 207.2623 15.13064608  3805
2022-002AF              
1 51013U 22002AF  22038.69281303  .00004182  00000+0  24335-3 0  9997
2 51013  97.4978 107.9295 0010833 144.8418 215.3530 15.12540079  3796
2022-002AG              
1 51014U 22002AG  22038.41726262  .00008079  00000+0  45645-3 0  9992
2 51014  97.5132 107.7392 0014320 149.6079 210.5985 15.13282297  3750
FLOCK 4X-12             
1 51015U 22002AH  22038.74926441  .00002681  00000+0  15492-3 0  9990
2 51015  97.5053 108.0361 0013949 148.0740 212.1339 15.13079965  3800
FLOCK 4X-25             
1 51016U 22002AJ  22038.74937659  .00003371  00000+0  19387-3 0  9998
2 51016  97.5036 108.0330 0013457 155.0552 205.1332 15.13072241  3806
FLOCK 4X-1              
1 51017U 22002AK  22038.68298857  .00003212  00000+0  18478-3 0  9996
2 51017  97.5016 107.9558 0013988 147.6084 212.6008 15.13090207  3794
FLOCK 4X-42             
1 51018U 22002AL  22038.68313611  .00002885  00000+0  16647-3 0  9994
2 51018  97.5003 107.9513 0013629 143.4083 216.8081 15.13074988  3792
2022-002AM              
1 51019U 22002AM  22038.41499360  .00011798  00000+0  66025-3 0  9990
2 51019  97.5138 107.7438 0014223 149.6985 210.5072 15.13514961  3753
FLOCK 4X-16             
1 51020U 22002AN  22038.48403802  .00002862  00000+0  16491-3 0  9999
2 51020  97.5005 107.7571 0013865 144.9345 215.2802 15.13121644  3761
LEMUR-2-RAMONAMAE       
1 51021U 22002AP  22038.43195142  .00005544  00000+0  32327-3 0  9996
2 51021  97.5045 107.6901 0010380 156.0348 204.1368 15.12332635  3754
LEMUR-2-KING-JULIEN     
1 51022U 22002AQ  22038.76290853  .00004766  00000+0  27861-3 0  9990
2 51022  97.5023 108.0070 0010186 153.0388 207.1373 15.12312218  3808
FLOCK 4X-38             
1 51023U 22002AR  22038.48402343  .00013074  00000+0  73921-3 0  9999
2 51023  97.5061 107.7792 0013892 150.8014 209.3996 15.13127446  3764
FLOCK 4X-32             
1 51024U 22002AS  22038.48398028  .00002788  00000+0  16072-3 0  9998
2 51024  97.5061 107.7791 0014112 147.8091 212.4004 15.13123621  3767
GRIZU-263A              
1 51025U 22002AT  22038.41591951  .00008834  00000+0  49732-3 0  9999
2 51025  97.5143 107.7445 0014608 149.0631 211.1464 15.13378575  3754
FLOCK 4X-26             
1 51026U 22002AU  22038.48353691  .00002666  00000+0  15375-3 0  9997
2 51026  97.5021 107.7621 0014295 149.4701 210.7365 15.13154842  3765
FLOCK 4X-43             
1 51027U 22002AV  22038.74776665  .00002154  00000+0  12490-3 0  9994
2 51027  97.5016 108.0224 0014216 146.1791 214.0349 15.13167876  3804
FLOCK 4X-13             
1 51028U 22002AW  22038.48305135  .00003338  00000+0  19138-3 0  9997
2 51028  97.5013 107.7623 0014211 145.4727 214.7430 15.13179555  3767
FLOCK 4X-39             
1 51029U 22002AX  22038.48260310  .00002724  00000+0  15677-3 0  9995
2 51029  97.5015 107.7634 0014124 144.2865 215.9314 15.13207621  3765
2022-002AY              
1 51030U 22002AY  22038.49426634  .00002455  00000+0  14460-3 0  9991
2 51030  97.5031 107.7566 0011384 148.4308 211.7608 15.12493659  3769
2022-002AZ              
1 51031U 22002AZ  22038.41515912  .00006169  00000+0  34870-3 0  9995
2 51031  97.5098 107.7324 0014666 148.6611 211.5497 15.13358573  3759
2022-002BA              
1 51032U 22002BA  22038.14674247  .00018206  00000+0  10073-2 0  9996
2 51032  97.4919 107.4154 0012350 137.3843 222.8349 15.13845086  3716
2022-002BB              
1 51033U 22002BB  22038.15032243  .00008195  00000+0  46114-3 0  9994
2 51033  97.5089 107.4702 0014436 149.9375 210.2688 15.13422481  3718
FLOCK 4X-23             
1 51034U 22002BC  22038.75068540  .00002973  00000+0  17180-3 0  9999
2 51034  97.5072 108.0408 0013723 148.7716 211.4333 15.12994735  3800
FLOCK 4X-17             
1 51035U 22002BD  22038.49905380  .00002089  00000+0  12462-3 0  9999
2 51035  97.5054 107.7586 0009993 152.4808 207.6954 15.12207717  3760
LEMUR-2-ROHOVITHSA      
1 51036U 22002BE  22038.49881860  .00003953  00000+0  23210-3 0  9990
2 51036  97.5056 107.7586 0010442 156.2203 203.9512 15.12250973  3766
FLOCK 4X-10             
1 51037U 22002BF  22038.75362667  .00002416  00000+0  14102-3 0  9992
2 51037  97.5066 108.0354 0012953 150.5879 209.6083 15.12813333  3794
MDASAT-1C               
1 51038U 22002BG  22038.76005793  .00003081  00000+0  18076-3 0  9991
2 51038  97.5070 108.0319 0011130 154.5233 205.6548 15.12445686  3801
FLOCK 4X-36             
1 51039U 22002BH  22038.49565528  .00002549  00000+0  15030-3 0  9994
2 51039  97.5066 107.7674 0011256 154.6718 205.5066 15.12411699  3761
FLOCK 4X-21             
1 51040U 22002BJ  22038.49743261  .00001973  00000+0  11757-3 0  9990
2 51040  97.5043 107.7578 0010285 150.0156 210.1665 15.12307050  3760
FLOCK 4X-31             
1 51041U 22002BK  22038.49765916  .00003755  00000+0  22039-3 0  9997
2 51041  97.5008 107.7396 0010476 145.6005 214.5906 15.12293576  3768
FLOCK 4X-34             
1 51042U 22002BL  22038.49769759  .00003852  00000+0  22599-3 0  9996
2 51042  97.5063 107.7633 0010750 155.0209 205.1544 15.12291152  3762
FLOCK 4X-6              
1 51043U 22002BM  22038.49760311  .00003665  00000+0  21522-3 0  9999
2 51043  97.5045 107.7585 0010384 150.8043 209.3770 15.12293218  3763
IRIS-A                  
1 51044U 22002BN  22038.43136498  .00002517  00000+0  14897-3 0  9999
2 51044  97.4994 107.6702 0010398 145.5450 214.6456 15.12299475  3754
FLOCK 4X-28             
1 51045U 22002BP  22038.76153286  .00004975  00000+0  29024-3 0  9998
2 51045  97.5017 108.0029 0011001 142.5399 217.6600 15.12353314  3803
VZLUSAT-3             
1 51046U 22002BQ  22038.69514562  .00004607  00000+0  26898-3 0  9997
2 51046  97.5052 107.9579 0010630 152.4839 207.6957 15.12366153  3794
FLOCK 4X-9              
1 51047U 22002BR  22038.49622231  .00002609  00000+0  15389-3 0  9992
2 51047  97.5062 107.7642 0011108 154.8645 205.3129 15.12387867  3765
FLOCK 4X-35             
1 51048U 22002BS  22038.76117749  .00004150  00000+0  24269-3 0  9996
2 51048  97.4997 107.9983 0010621 147.1014 213.0879 15.12365473  3808
FLOCK 4X-11             
1 51049U 22002BT  22038.49814873  .00002632  00000+0  15574-3 0  9991
2 51049  97.5007 107.7408 0010276 151.3178 208.8620 15.12262146  3760
2022-002BU              
1 51050U 22002BU  22038.49859969  .00003256  00000+0  19188-3 0  9996
2 51050  97.5065 107.7647 0010268 155.0726 205.1002 15.12248750  3761
2022-002BV              
1 51051U 22002BV  22038.49839022  .00001560  00000+0  93880-4 0  9993
2 51051  97.5010 107.7395 0010071 147.9794 212.2050 15.12252188  3761
FLOCK 4X-40             
1 51052U 22002BW  22038.49923317  .00001951  00000+0  11665-3 0  9999
2 51052  97.5007 107.7382 0009868 150.2226 209.9568 15.12201294  3762
2022-002BX              
1 51053U 22002BX  22038.76560890  .00002231  00000+0  13329-3 0  9994
2 51053  97.4973 107.9853 0009601 152.7089 207.4648 15.12082678  3808
LEMUR-2-MIRIWARI        
1 51054U 22002BY  22038.43370774  .00005176  00000+0  30311-3 0  9990
2 51054  97.5047 107.6895 0009667 153.5270 206.6456 15.12211203  3758
FLOCK 4X-33             
1 51055U 22002BZ  22038.76418866  .00006130  00000+0  35825-3 0  9998
2 51055  97.5053 108.0178 0010299 153.9249 206.2503 15.12204474  3805
FLOCK 4X-24             
1 51056U 22002CA  22038.49955318  .00001995  00000+0  11926-3 0  9997
2 51056  97.5018 107.7400 0009997 146.1040 214.0831 15.12176009  3765
KEPLER-16 (ASTRAEUS)    
1 51057U 22002CB  22038.63300842  .00003042  00000+0  18011-3 0  9997
2 51057  97.5016 107.8697 0009565 149.0752 211.1043 15.12134334  3786
LEMUR-2-DJIRANG         
1 51058U 22002CC  22038.43445938  .00004658  00000+0  27362-3 0  9995
2 51058  97.5029 107.6809 0009493 151.2173 208.9583 15.12151484  3751
KEPLER-17 (KARINA)      
1 51059U 22002CD  22038.50100540  .00003438  00000+0  20316-3 0  9998
2 51059  97.5036 107.7475 0009761 156.4475 203.7204 15.12112980  3762
ETV-A1                  
1 51060U 22002CE  22038.85412230  .00002499  00000+0  14923-3 0  9993
2 51060  97.5046 108.0984 0010576 158.2409 314.9756 15.11976740  3811
BRO-5                   
1 51061U 22002CF  22038.76731723  .00002767  00000+0  16473-3 0  9995
2 51061  97.5075 108.0199 0010395 161.3433 198.8180 15.12002698  3805
2022-002CG              
1 51062U 22002CG  22038.75969343  .00004175  00000+0  24325-3 0  9996
2 51062  97.4995 107.9979 0010976 143.5026 216.6954 15.12497066  3800
2022-002CH              
1 51063U 22002CH  22038.75973594  .00004076  00000+0  23757-3 0  9998
2 51063  97.4994 107.9974 0010966 143.4969 216.7011 15.12494270  3808
FLOCK 4X-4              
1 51064U 22002CJ  22038.49576583  .00009734  00000+0  56291-3 0  9992
2 51064  97.5015 107.7436 0011080 145.0062 215.1899 15.12422231  3765
FLOCK 4X-7              
1 51065U 22002CK  22038.49615947  .00005826  00000+0  33897-3 0  9996
2 51065  97.5047 107.7615 0010633 151.9071 208.2735 15.12387838  3764
FLOCK 4X-14             
1 51066U 22002CL  22038.49588574  .00004108  00000+0  23996-3 0  9993
2 51066  97.5075 107.7703 0011417 155.7645 204.4125 15.12406017  3766
DEWASAT-1               
1 51067U 22002CM  22038.43888367  .00003203  00000+0  19091-3 0  9997
2 51067  97.5007 107.6671 0009119 161.0722 199.0849 15.11851019  3753
2022-002CN              
1 51068U 22002CN  22038.77060670  .00002228  00000+0  13421-3 0  9991
2 51068  97.5039 108.0020 0009432 162.3152 197.8408 15.11781657  3804
2022-002CP              
1 51069U 22002CP  22038.42806412  .00004516  00000+0  26243-3 0  9994
2 51069  97.4979 107.6702 0010881 145.7106 214.4830 15.12546807  3759
ICEYE-X14               
1 51070U 22002CQ  22038.75330112  .00003609  00000+0  20854-3 0  9995
2 51070  97.5029 108.0192 0012829 148.8611 211.3383 15.12861441  3804
CAPELLA-8-WHITNEY       
1 51071U 22002CR  22038.75223713  .00012424  00000+0  70268-3 0  9993
2 51071  97.5027 108.0225 0012226 150.7122 209.4797 15.13146838  3804
CAPELLA-7-WHITNEY       
1 51072U 22002CS  22038.75210161  .00012496  00000+0  70630-3 0  9999
2 51072  97.5023 108.0248 0011565 153.3154 206.8675 15.13174468  3801
2022-002CT              
1 51073U 22002CT  22038.45658559  .00015487  00000+0  82741-3 0  9993
2 51073  97.5168 107.8524 0014332 181.7496 178.3689 15.15104584  3762
DELFI-PQ                
1 51074U 22002CU  22038.46104588  .00007823  00000+0  42571-3 0  9995
2 51074  97.5230 107.8653 0014610 179.0379 181.0884 15.14634798  3767
USA 320                 
1 51075U 22002CV  22038.15250140  .00006082  00000+0  35102-3 0  9996
2 51075  97.5022 107.4430 0011499 206.7042 153.3598 15.12649105  3718
2022-002CW              
1 51076U 22002CW  22038.53214925  .00004525  00000+0  25048-3 0  9998
2 51076  97.5028 107.8567 0015059 175.0324 185.1060 15.14252838  3775
USA 321                 
1 51077U 22002CX  22038.54830405  .00011264  00000+0  64665-3 0  9993
2 51077  97.5033 107.8367 0011319 212.4072 147.6465 15.12645686  3778
USA 322                 
1 51078U 22002CY  22038.21983555  .00003582  00000+0  20831-3 0  9994
2 51078  97.5032 107.5077 0011488 209.4322 150.6263 15.12658183  3725
USA 323                 
1 51079U 22002CZ  22038.54715722  .00006012  00000+0  34690-3 0  9999
2 51079  97.5033 107.8384 0011667 204.4897 155.5781 15.12665757  3771
2022-002DA              
1 51080U 22002BA  22038.46164606  .00005647  00000+0  30914-3 0  9999
2 51080  97.5244 107.8686 0014231 178.3192 181.8090 15.14547950  3769
2022-002DB              
1 51081U 22002BB  22038.13162522  .00006305  00000+0  34489-3 0  9992
2 51081  97.5234 107.5387 0014564 179.5788 180.5458 15.14527517  3713
2022-002DC              
1 51082U 22002BC  22038.14889316  .00009265  00000+0  51945-3 0  9995
2 51082  97.4925 107.4141 0012858 136.5450 223.6797 15.13532103  3711
2022-002DD              
1 51083U 22002BD  22037.63876169  .00004528  00000+0  26547-3 0  9998
2 51083  97.5005 106.8947 0010175 156.7438 203.4255 15.12230103  3639
2022-002DE              
1 51084U 22002BE  22038.61869461  .00004988  00000+0  28324-3 0  9990
2 51084  97.5041 107.8966 0008444 140.3690 219.8160 15.13350032  3784
VZLUSAT-2               
1 51085U 22002BF  22037.64148189  .00002980  00000+0  17950-3 0  9993
2 51085  97.5036 106.8991 0015477 160.3883 199.7946 15.11462339  3630
2022-002DG              
1 51086U 22002BG  22037.69481997  .00004955  00000+0  28120-3 0  9991
2 51086  97.4969 106.9694 0008459 138.8014 221.3857 15.13374652  3640
2022-002DH              
1 51087U 22002BH  22038.43150932  .00005301  00000+0  31386-3 0  9991
2 51087  97.5091 107.6940 0014627 155.3764 204.8168 15.11751716  3751
2022-002DJ              
1 51088U 22002BJ  22037.63270988  .00006283  00000+0  35914-3 0  9998
2 51088  97.4978 106.8978 0011125 139.4635 220.7427 15.12984952  3630
2022-003A               
1 51094U 22003A   22038.48080349  .00007869  00000+0  35065-3 0  9998
2 51094  44.9757  57.9251 0004573  66.5031 293.6340 15.21949678  3749
2022-003B               
1 51095U 22003B   22038.40915614  .00005953  00000+0  26566-3 0  9991
2 51095  44.9802  58.2384 0003026  44.8740 315.2378 15.22292789  3725
2022-003C               
1 51096U 22003C   22038.47030598  .00005539  00000+0  24602-3 0  9997
2 51096  44.9842  57.8522 0002275  26.7546 333.3453 15.22569009  3735
GEARRS-3                
1 51097U 22003D   22038.46894610  .00006018  00000+0  26558-3 0  9995
2 51097  44.9818  57.8419 0003190  18.3166 341.7828 15.22657326  3735
STORK-3                 
1 51098U 22003E   22038.81687727  .00012786  00000+0  53642-3 0  9997
2 51098  44.9890  55.8170 0003326 335.5537 199.2976 15.23526212  3780
LEMUR-2-KRYWE           
1 51099U 22003F   22038.32431407  .00009991  00000+0  42123-3 0  9992
2 51099  44.9869  58.4519 0004020 337.2864  22.7907 15.23576127  3714
STEAMSAT-2              
1 51100U 22003G   22038.34625758  .00016763  00000+0  69431-3 0  9997
2 51100  44.9901  58.3355 0002994 317.7422 168.8775 15.23765811  3706
LAUNCHERONE R/B         
1 51101U 22003H   22038.45775243  .00011490  00000+0  31851-3 0  9992
2 51101  45.0271  55.3488 0053150 348.6151  11.3519 15.35700538  3767
SHIYAN-13 (SY-13)       
1 51102U 22004A   22038.79548360  .00004344  00000+0  20709-3 0  9999
2 51102  98.6725 102.9380 0652451  82.9054 284.5807 14.19567748  3089
CZ-2D R/B               
1 51103U 22004B   22038.71835777  .00003799  00000+0  17942-3 0  9991
2 51103  98.6726 102.8747 0651847  82.8459 284.6321 14.19999351  3039
STARLINK-3366           
1 51104U 22005A   22038.65026889 -.00065632  00000+0 -46525-3 0  9997
2 51104  53.2218 177.4565 0002068 137.5533 222.5648 15.73277981  4409
STARLINK-3350           
1 51105U 22005B   22038.58805901  .00003155  00000+0  26913-4 0  9990
2 51105  53.2208 177.7793 0003518 138.6707 221.4579 15.73197305  3288
STARLINK-3176           
1 51106U 22005C   22038.83334491 -.00005675  00000+0 -36078-4 0  9994
2 51106  53.2188 176.5595 0001783  29.8082 284.0262 15.73175483  4437
STARLINK-3368           
1 51107U 22005D   22038.65170232  .00052632  00000+0  37632-3 0  9995
2 51107  53.2203 177.4643 0001125  61.1195 298.9938 15.73247012  4403
STARLINK-3362           
1 51108U 22005E   22038.65148252  .00011998  00000+0  89815-4 0  9994
2 51108  53.2212 177.4644 0001311  76.0596 284.0570 15.73190734  4408
STARLINK-3358           
1 51109U 22005F   22038.59144232 -.00442086  00000+0 -27230-2 0  9991
2 51109  53.2171 177.0524 0003505 169.1438 190.9661 15.77652658  4400
STARLINK-3344           
1 51110U 22005G   22038.58772998 -.00007943  00000+0 -52156-4 0  9994
2 51110  53.2205 177.7751 0001578  73.3785 286.7408 15.73229015  3289
STARLINK-3173           
1 51111U 22005H   22038.58693950 -.00005597  00000+0 -35400-4 0  9991
2 51111  53.2221 177.7712 0001415  86.5226 273.5956 15.73254907  4394
STARLINK-3374           
1 51112U 22005J   22038.65114582  .00015270  00000+0  11298-3 0  9994
2 51112  53.2210 177.4609 0001658  51.2997 308.8172 15.73208531  4404
STARLINK-3372           
1 51113U 22005K   22037.88849745 -.00176064  00000+0 -12836-2 0  9994
2 51113  53.2217 181.2308 0000737 105.1191 254.9911 15.73071918  3175
STARLINK-3375           
1 51114U 22005L   22038.65136131  .00044346  00000+0  31804-3 0  9991
2 51114  53.2204 177.4633 0001462  54.9460 305.1697 15.73249763  4408
STARLINK-3397           
1 51115U 22005M   22038.65060578 -.00021467  00000+0 -14927-3 0  9991
2 51115  53.2211 177.4574 0001858  45.3844 314.7328 15.73143967  4406
STARLINK-3243           
1 51116U 22005N   22038.65101926  .00031124  00000+0  22487-3 0  9994
2 51116  53.2206 177.4609 0001003  60.6333 299.4787 15.73250968  4403
STARLINK-3391           
1 51117U 22005P   22038.65015776  .00014782  00000+0  10969-3 0  9995
2 51117  53.2208 177.4535 0001022  92.0336 268.0802 15.73170575  4402
STARLINK-3394           
1 51118U 22005Q   22038.65070132  .00056530  00000+0  40412-3 0  9996
2 51118  53.2220 177.4610 0001218  44.0927 316.0190 15.73221570  4407
STARLINK-3390           
1 51119U 22005R   22038.58610836  .00979274  00000+0  58838-2 0  9999
2 51119  53.2211 177.7641 0007532 258.3279 101.6896 15.74856127  4392
STARLINK-3398           
1 51120U 22005S   22038.64981689  .00006277  00000+0  49114-4 0  9998
2 51120  53.2197 177.4526 0001569  49.7441 310.3716 15.73196031  4405
STARLINK-3399           
1 51121U 22005T   22038.58672732  .00018831  00000+0  13812-3 0  9992
2 51121  53.2218 177.7676 0001889 106.2283 253.8946 15.73229114  4390
STARLINK-3373           
1 51122U 22005U   22038.39581399  .00011243  00000+0  84474-4 0  9993
2 51122  53.2220 178.7101 0001605  89.2454 270.8750 15.73184644  3258
STARLINK-3392           
1 51123U 22005V   22038.58617679 -.00000121  00000+0  35580-5 0  9995
2 51123  53.2215 177.7656 0001567  43.4013 316.7130 15.73195495  4368
STARLINK-3389           
1 51124U 22005W   22038.39547987  .00015137  00000+0  11210-3 0  9993
2 51124  53.2217 178.7080 0001825  82.5396 277.5832 15.73195156  3252
STARLINK-3387           
1 51125U 22005X   22038.58573722  .00003470  00000+0  29196-4 0  9991
2 51125  53.2212 177.7631 0001528  71.9958 288.1229 15.73145729  4390
STARLINK-3386           
1 51126U 22005Y   22038.64934936  .00027448  00000+0  19771-3 0  9995
2 51126  53.2205 177.4470 0000553  69.9283 290.1797 15.73393450  4407
STARLINK-3370           
1 51127U 22005Z   22037.82346997  .00097470  00000+0  68616-3 0  9993
2 51127  53.2221 181.5327 0000773 226.0108 134.0849 15.73360209  4274
STARLINK-3400           
1 51128U 22005AA  22038.39373573  .00615549  00000+0  37476-2 0  9999
2 51128  53.2215 178.6957 0006852 231.1605 128.8804 15.75155353  3249
STARLINK-3396           
1 51129U 22005AB  22038.61153697 -.00325935  00000+0 -14484-2 0  9991
2 51129  53.2213 176.4484 0002171  36.8553 323.2621 15.84399765  4416
STARLINK-3395           
1 51130U 22005AC  22038.64914581  .00008373  00000+0  64000-4 0  9996
2 51130  53.2210 177.4463 0001384  52.1250 307.9895 15.73206120  4404
STARLINK-3388           
1 51131U 22005AD  22038.39469757  .00004953  00000+0  39696-4 0  9992
2 51131  53.2211 178.7008 0001270   8.1851 351.9190 15.73192300  3249
STARLINK-3393           
1 51132U 22005AE  22038.64892213  .00029208  00000+0  21175-3 0  9990
2 51132  53.2211 177.4474 0001459  57.7202 302.3959 15.73205305  4404
STARLINK-3356           
1 51133U 22005AF  22038.52132700 -.00149959  00000+0 -10765-2 0  9996
2 51133  53.2218 178.0682 0000528 347.9226  12.1781 15.73346492  4385
STARLINK-3183           
1 51134U 22005AG  22037.89450375 -.00358157  00000+0 -21176-2 0  9997
2 51134  53.2135 180.5188 0002104  31.4679 328.6469 15.78350032  4290
STARLINK-3363           
1 51135U 22005AH  22038.64857987  .00177987  00000+0  12566-2 0  9993
2 51135  53.2205 177.4410 0001609  55.0992 305.0179 15.72999501  4405
STARLINK-3253           
1 51136U 22005AJ  22038.66283155 -.00256724  31960-4 -80440-3 0  9996
2 51136  53.2216 176.0535 0010914 266.1192  93.8588 15.90398661  4425
STARLINK-3180           
1 51137U 22005AK  22038.64791223 -.00017586  00000+0 -12113-3 0  9994
2 51137  53.2198 177.4377 0001683  49.5061 310.6105 15.73201559  4408
STARLINK-3177           
1 51138U 22005AL  22038.64823237  .00096297  00000+0  67818-3 0  9992
2 51138  53.2194 177.4396 0000905  57.1529 302.9578 15.73355698  4408
STARLINK-3172           
1 51139U 22005AM  22038.58419024 -.00006881  00000+0 -44610-4 0  9999
2 51139  53.2190 177.7513 0001915  32.1765 327.9372 15.73216590  4390
STARLINK-3175           
1 51140U 22005AN  22038.64803407 -.00029203  00000+0 -20479-3 0  9999
2 51140  53.2190 177.4377 0001811  50.2035 309.9144 15.73151355  4409
STARLINK-3179           
1 51141U 22005AP  22038.58395345  .00004394  00000+0  35746-4 0  9996
2 51141  53.2216 177.7488 0001567  68.5320 291.5867 15.73177457  4399
STARLINK-3369           
1 51142U 22005AQ  22038.64811844  .00052198  00000+0  37261-3 0  9999
2 51142  53.2188 177.4395 0001210  44.2908 315.8208 15.73288861  4436
STARLINK-3184           
1 51143U 22005AR  22038.64714726  .00009531  00000+0  72231-4 0  9991
2 51143  53.2203 177.4305 0001775  47.8923 312.2248 15.73207681  4401
STARLINK-3185           
1 51144U 22005AS  22038.58406563 -.00005247  00000+0 -32939-4 0  9995
2 51144  53.2211 177.7510 0001911  61.8128 298.3085 15.73229283  4390
STARLINK-3365           
1 51145U 22005AT  22038.64702869  .00005444  00000+0  43206-4 0  9997
2 51145  53.2195 177.4299 0001749  46.4190 313.6975 15.73188972  4400
STARLINK-3354           
1 51146U 22005AU  22038.01244289  .00128101  00000+0  89075-3 0  9995
2 51146  53.2234 180.5809 0003796   9.1448 350.9641 15.73521107  3182
STARLINK-3352           
1 51147U 22005AV  22038.64724222 -.00048127  00000+0 -34016-3 0  9991
2 51147  53.2200 177.4307 0001824  71.1314 288.9904 15.73217970  4403
STARLINK-3359           
1 51148U 22005AW  22038.58338947 -.00005779  00000+0 -36733-4 0  9995
2 51148  53.2207 177.7444 0001242  53.0306 307.0828 15.73234921  4391
STARLINK-3360           
1 51149U 22005AX  22038.64679147  .00039858  00000+0  28645-3 0  9998
2 51149  53.2197 177.4286 0001359  35.4079 324.7031 15.73249991  4408
STARLINK-3357           
1 51150U 22005AY  22038.64734224  .00061061  00000+0  43438-3 0  9996
2 51150  53.2222 177.4351 0001192  42.2738 317.8374 15.73304697  4403
STARLINK-3361           
1 51151U 22005AZ  22038.58361914  .00013014  00000+0  10088-3 0  9992
2 51151  53.2193 177.7435 0008908 332.6279  27.4270 15.72232036  4398
STARLINK-3364           
1 51152U 22005BA  22038.64655545  .00149420  00000+0  10327-2 0  9992
2 51152  53.2207 177.4288 0000075 175.2418 184.8603 15.73592604  4402
L-SAR 01A               
1 51284U 22007A   22039.07464660  .00080783  00000+0  86789-2 0  9995
2 51284  97.8070  48.2911 0003261 101.3349 319.5139 14.88138327  1941
CZ-4C R/B               
1 51285U 22007B   22038.57694494  .00005934  00000+0  25893-3 0  9995
2 51285  97.8450  48.3988 0124639 348.7875  11.0579 15.15742396  1909
CZ-4C DEB               
1 51286U 22007C   22034.95662599  .00313225  00000+0  54619-1 0  9996
2 51286  97.7966  43.7699 0127917 187.2623 183.8710 14.60977212  1314
ASCENT                  
1 51287U 21118E   22037.20605106 -.00000057  00000+0  00000+0 0  9991
2 51287   0.1323 113.8875 0002651 136.3445 187.7236  1.01234817   200
ELSA-D CLIENT           
1 51288U 21022AQ  22038.67606886  .00003358  00000+0  22742-3 0  9991
2 51288  97.5395 301.2577 0017596 218.9738 141.0223 15.07045477  2011
GASPACS                 
1 51439U 98067TB  22032.12147602  .00058112  00000+0  99171-3 0  9990
2 51439  51.6446 290.3932 0008615  94.3312 265.9243 15.50724425   905
1998-067TC              
1 51440U 98067TC  22032.31436521  .00083961  00000+0  14120-2 0  9994
2 51440  51.6433 289.4285 0008517  88.8247 271.4295 15.50977645   991
1998-067TD              
1 51441U 98067TD  22032.18609058  .00022648  00000+0  39623-3 0  9998
2 51441  51.6434 290.0722 0008937  96.5777 263.6310 15.50493879   967
1998-067TE              
1 51442U 98067TE  22032.12107052  .00022574  00000+0  39292-3 0  9990
2 51442  51.6438 290.3859 0008933 103.0832 257.1240 15.50641006   910
1998-067TF              
1 51443U 98067TF  22032.31366008  .00047227  00000+0  80019-3 0  9995
2 51443  51.6450 289.4234 0010302  87.9859 272.2652 15.50999061   904
CSG-2                   
1 51444U 22008A   22038.82648764  .00000984  00000+0  13031-3 0  9991
2 51444  97.8959 224.3753 0004788 123.8667 236.2991 14.82124745  1015
STARLINK A              
1 51456U 22010A   22037.59202951  .49730979  12231-4  12303-2 0  9995
2 51456  53.2082 159.5480 0015581 174.4115 185.9843 16.44545333  1757
STARLINK B              
1 51457U 22010B   22037.00001157 -.00956184  30379-3 -13261-2 0  9990
2 51457  53.2173 162.8217 0078778 164.2324 275.7181 15.99210230  1656
STARLINK C              
1 51458U 22010C   22037.00001157 -.00957341  30343-3 -13435-2 0  9991
2 51458  53.2173 162.8262 0079772 163.8403 273.9604 15.98893515  1657
STARLINK D              
1 51459U 22010D   22037.23001983  .03586192  11441-4  19960-2 0  9995
2 51459  53.2230 161.6012 0071354 169.6697 190.8040 16.12601425  1698
LIGHT-1                 
1 51509U 98067TG  22038.82821328  .00020666  00000+0  36062-3 0  9998
2 51509  51.6431 257.1824 0009531 112.1954 248.0046 15.50622655   733
GT-1                    
1 51510U 98067TH  22038.89267835  .00045380  00000+0  77680-3 0  9995
2 51510  51.6417 256.8636 0008595 114.9104 245.2764 15.50746527   766
COSMOS 2553             
1 51511U 22011A   22038.64944443 -.00000044  00000+0 -23383-3 0  9993
2 51511  67.0887 225.2286 0003963 267.1145  92.9344 11.32885074   274
