2022-118A               
1 53884U 22118A   22296.73027684  .00004070  00000+0  17497-3 0  9991
2 53884  97.5212 303.2777 0015858 154.0019 317.3537 15.23129088  4385
2022-118B               
1 53885U 22118B   22296.71797433  .00005682  00000+0  23807-3 0  9998
2 53885  97.5214 303.2948 0013035 159.7805 313.8654 15.23856832  4372
STARLINK-5028           
1 53886U 22119A   22296.91667824 -.00058569  00000+0 -41529-3 0  9997
2 53886  53.2146 109.7396 0001119  78.0957   9.0138 15.73228657  1307
STARLINK-5029           
1 53887U 22119B   22296.91667824 -.00049253  00000+0 -34837-3 0  9992
2 53887  53.2138 109.7349 0001240  65.6407  23.2637 15.73213092  1303
STARLINK-5034           
1 53888U 22119C   22296.91667824 -.00033580  00000+0 -23562-3 0  9992
2 53888  53.2147 109.7396 0001847  26.1529  61.5790 15.73215406  1302
STARLINK-5031           
1 53889U 22119D   22296.91667824 -.00061141  00000+0 -43372-3 0  9998
2 53889  53.2149 109.7404 0001393  47.7219  40.5952 15.73235332  1303
STARLINK-5050           
1 53890U 22119E   22296.91667824 -.00050073  00000+0 -35399-3 0  9992
2 53890  53.2193 108.2073 0002377  16.2293 102.9600 15.73227653  1306
STARLINK-5041           
1 53891U 22119F   22296.91667824 -.00058345  00000+0 -41373-3 0  9992
2 53891  53.2141 109.7341 0001098  64.9607  25.1302 15.73225628  1307
STARLINK-5046           
1 53892U 22119G   22296.91667824 -.00064046  00000+0 -45472-3 0  9992
2 53892  53.2157 109.7310 0002538  12.6140  80.4898 15.73229434  1306
STARLINK-5052           
1 53893U 22119H   22296.91667824 -.00058066  00000+0 -41162-3 0  9990
2 53893  53.2137 109.7282 0001205 114.0992 337.8078 15.73230809  1302
STARLINK-5043           
1 53894U 22119J   22296.91667824 -.00071295  00000+0 -50735-3 0  9996
2 53894  53.2140 109.7321 0001218  68.7360  21.9664 15.73224300  1300
STARLINK-5032           
1 53895U 22119K   22296.91667824 -.00046866  00000+0 -33115-3 0  9996
2 53895  53.2139 109.7289 0001138  64.1792  28.3014 15.73215520  1306
STARLINK-5037           
1 53896U 22119L   22296.91667824 -.00051619  00000+0 -36524-3 0  9996
2 53896  53.2149 109.7295 0002704  12.5776  81.1098 15.73218510  1305
STARLINK-5035           
1 53897U 22119M   22296.91667824 -.00038526  00000+0 -27112-3 0  9992
2 53897  53.2146 109.7323 0001082 115.5322 335.7722 15.73219502  1308
STARLINK-5044           
1 53898U 22119N   22296.91667824 -.00080074  00000+0 -56977-3 0  9999
2 53898  53.2145 109.7262 0001873  33.7155  61.7596 15.73270776  1308
STARLINK-5042           
1 53899U 22119P   22296.91667824 -.00039352  00000+0 -27711-3 0  9997
2 53899  53.2147 109.7279 0001617  31.0748  63.7989 15.73213116  1307
STARLINK-5045           
1 53900U 22119Q   22296.91667824 -.00038261  00000+0 -26917-3 0  9995
2 53900  53.2159 109.7227 0001955  27.0789  69.6014 15.73220363  1307
STARLINK-5024           
1 53901U 22119R   22296.91667824 -.00079801  00000+0 -56850-3 0  9990
2 53901  53.2147 109.7282 0001072  77.6714  16.6323 15.73244474  1309
STARLINK-5021           
1 53902U 22119S   22296.91667824  .00126003  00000+0  80069-3 0  9995
2 53902  53.2136 109.5802 0001120 340.4666 185.7321 15.75617240  1308
STARLINK-5022           
1 53903U 22119T   22296.91667824 -.00041779  00000+0 -29451-3 0  9992
2 53903  53.2147 109.7251 0001117  60.0608  36.0120 15.73218635  1306
STARLINK-4787           
1 53904U 22119U   22296.91667824 -.00076778  00000+0 -54657-3 0  9996
2 53904  53.2139 109.7160 0001285  58.3789  38.9027 15.73244930  1307
STARLINK-5003           
1 53905U 22119V   22296.91667824 -.00077713  00000+0 -55378-3 0  9998
2 53905  53.2141 109.7149 0001194  67.1396  31.9341 15.73226802  1309
STARLINK-5054           
1 53906U 22119W   22296.91667824 -.00055156  00000+0 -39057-3 0  9992
2 53906  53.2147 109.7140 0002241  18.3878  82.4419 15.73230885  1307
STARLINK-5063           
1 53907U 22119X   22296.91667824 -.00065097  00000+0 -46211-3 0  9998
2 53907  53.2148 109.7206 0002059  24.0831  73.8027 15.73241758  1302
STARLINK-5057           
1 53908U 22119Y   22296.91667824 -.00053207  00000+0 -37659-3 0  9995
2 53908  53.2149 109.7142 0001037  69.5225  31.9274 15.73231295  1303
STARLINK-4796           
1 53909U 22119Z   22296.91667824 -.00066390  00000+0 -47145-3 0  9994
2 53909  53.2142 109.7157 0001581  45.7851  52.6769 15.73243505  1304
STARLINK-5056           
1 53910U 22119AA  22296.91667824 -.00035703  00000+0 -25089-3 0  9993
2 53910  53.2141 109.7078 0001133  62.0490  41.1783 15.73215065  1300
STARLINK-5048           
1 53911U 22119AB  22296.91667824 -.00035166  00000+0 -24707-3 0  9993
2 53911  53.2144 109.7129 0000989  70.6018  29.6379 15.73212186  1303
STARLINK-5059           
1 53912U 22119AC  22296.91667824 -.00094986  00000+0 -67859-3 0  9994
2 53912  53.2150 109.7111 0001610  42.0128  60.5951 15.73248009  1302
STARLINK-5053           
1 53913U 22119AD  22296.91667824 -.00059567  00000+0 -42241-3 0  9999
2 53913  53.2147 109.7075 0001124  69.6609  34.7390 15.73233442  1302
STARLINK-5040           
1 53914U 22119AE  22296.91667824  .00103871  00000+0  73565-3 0  9999
2 53914  53.2150 109.7058 0000963  53.2819  51.6810 15.73191668  1308
STARLINK-5017           
1 53915U 22119AF  22296.91667824 -.00049009  00000+0 -34645-3 0  9990
2 53915  53.2149 109.7119 0001112  70.5775  31.4455 15.73224541  1303
STARLINK-5051           
1 53916U 22119AG  22296.91667824 -.00042954  00000+0 -30291-3 0  9996
2 53916  53.2207 109.6110 0001102 103.6542  52.2498 15.73222239  1308
STARLINK-5036           
1 53917U 22119AH  22296.91667824 -.00058841  00000+0 -41714-3 0  9991
2 53917  53.2151 109.7084 0001058  57.7863  46.0156 15.73235301  1309
STARLINK-5012           
1 53918U 22119AJ  22296.91667824 -.00058227  00000+0 -41309-3 0  9990
2 53918  53.2151 109.7030 0001000  66.8594  39.3391 15.73213963  1306
STARLINK-5023           
1 53919U 22119AK  22296.91667824 -.00062388  00000+0 -44291-3 0  9997
2 53919  53.2145 109.7014 0001263  53.3968  53.3883 15.73225762  1301
STARLINK-5025           
1 53920U 22119AL  22296.91667824 -.00059184  00000+0 -41981-3 0  9992
2 53920  53.2147 109.6981 0001193  60.0543  49.1406 15.73224234  1300
STARLINK-5005           
1 53921U 22119AM  22296.77851567  .01287336  11837-4  54204-3 0  9994
2 53921  53.2126 105.2859 0017444 159.7580 200.3885 16.21848665  5048
STARLINK-5002           
1 53922U 22119AN  22296.91667824 -.00071828  00000+0 -51105-3 0  9992
2 53922  53.2150 109.6971 0001073  71.5419  38.2446 15.73231662  1307
STARLINK-5004           
1 53923U 22119AP  22296.91667824 -.00057111  00000+0 -40485-3 0  9991
2 53923  53.2148 109.7003 0001339  60.3246  48.2512 15.73223761  1307
STARLINK-5001           
1 53924U 22119AQ  22296.91667824 -.00069405  00000+0 -49358-3 0  9999
2 53924  53.2149 109.6938 0001272  58.9280  52.6499 15.73228377  4991
STARLINK-5011           
1 53925U 22119AR  22296.91667824 -.00060222  00000+0 -42735-3 0  9990
2 53925  53.2154 109.7041 0001378  49.2670  58.1250 15.73220795  1301
STARLINK-5014           
1 53926U 22119AS  22296.91667824 -.00084679  00000+0 -60420-3 0  9994
2 53926  53.2149 109.6919 0001161  76.9638  35.1893 15.73231635  1303
STARLINK-5008           
1 53927U 22119AT  22296.91667824 -.00051183  00000+0 -36212-3 0  9991
2 53927  53.2147 109.6934 0001231  68.9095  42.0313 15.73223627  1301
STARLINK-5009           
1 53928U 22119AU  22296.91667824 -.00041959  00000+0 -29596-3 0  9999
2 53928  53.2147 109.6895 0001271  73.9002  38.8461 15.73205748  1307
STARLINK-5018           
1 53929U 22119AV  22296.91667824 -.00048795  00000+0 -34485-3 0  9998
2 53929  53.2142 109.6949 0002271  19.9964  90.3774 15.73224115  1300
STARLINK-5010           
1 53930U 22119AW  22296.91667824 -.00043313  00000+0 -30550-3 0  9990
2 53930  53.2154 109.6884 0001176  57.9899  55.9726 15.73221552  1301
STARLINK-5015           
1 53931U 22119AX  22296.91667824 -.00036029  00000+0 -25321-3 0  9997
2 53931  53.2141 109.6837 0001615  35.0707  80.0657 15.73215454  4993
STARLINK-4772           
1 53932U 22119AY  22296.91667824 -.00069042  00000+0 -49114-3 0  9995
2 53932  53.2150 109.6870 0001592  41.0083  73.5724 15.73218415  4991
STARLINK-4782           
1 53933U 22119AZ  22296.91667824 -.00087770  00000+0 -62646-3 0  9999
2 53933  53.2148 109.6869 0001239  74.1479  39.1865 15.73238188  1306
STARLINK-4775           
1 53934U 22119BA  22296.91667824 -.00064196  00000+0 -45575-3 0  9999
2 53934  53.2149 109.6819 0001423  59.9322  55.7897 15.73236688  4996
STARLINK-5000           
1 53935U 22119BB  22296.91667824 -.00073251  00000+0 -52126-3 0  9992
2 53935  53.2149 109.6834 0001043  66.0706  50.8957 15.73236023  4993
STARLINK-4791           
1 53936U 22119BC  22296.91667824 -.00072911  00000+0 -51868-3 0  9997
2 53936  53.2150 109.6819 0001175  64.7930  51.5587 15.73240954  4994
STARLINK-4765           
1 53937U 22119BD  22296.91667824 -.00034042  00000+0 -23887-3 0  9991
2 53937  53.2156 109.6797 0001892  26.3050  91.2272 15.73221328  1307
2022-118C               
1 53942U 22118C   22296.95696637  .00033664  24269-5  41231-3 0  9993
2 53942  97.5245 303.6805 0266412 262.2506  94.8416 15.28359757  4420
YAOGAN-36 01A           
1 53943U 22120A   22296.68882049  .00009551  00000+0  38578-3 0  9990
2 53943  34.9980  14.5459 0005648 178.3412 314.2619 15.23992054  4141
CZ-2D DEB               
1 53944U 22120B   22296.66925962  .00024424  00000+0  91948-3 0  9997
2 53944  34.9986  14.3960 0007625 149.4799 338.2677 15.26174799  4148
CZ-2D R/B               
1 53945U 22120C   22296.67523775  .00021800  00000+0  83128-3 0  9991
2 53945  34.9977  14.4420 0007403 141.4313 347.8031 15.25770527  4116
YAOGAN-36 01B           
1 53946U 22120D   22296.69023111 -.00049350  00000+0 -20234-2 0  9993
2 53946  34.9973  14.5533 0005940 139.0209 353.7923 15.23599587  4108
YAOGAN-36 01C           
1 53947U 22120E   22296.68568865  .00013485  00000+0  54379-3 0  9999
2 53947  34.9983  14.5221 0003410 227.3633 264.3878 15.23999165  4142
2022-121A               
1 53948U 22121A   22296.75665419  .00005639  00000+0  27925-3 0  9991
2 53948  97.4542 316.9942 0013144 167.7016 305.3866 15.18100299  4064
2022-121B               
1 53949U 22121B   22296.75365822  .00004152  00000+0  20590-3 0  9997
2 53949  97.4520 316.9905 0011991 171.6219 301.6026 15.18219260  4063
2022-121C               
1 53950U 22121C   22296.75049397  .00003596  00000+0  17753-3 0  9993
2 53950  97.4552 317.0083 0013327 178.2512 301.9165 15.18450984  4060
SELFIESAT               
1 53951U 22057BA  22296.81867110  .00008980  00000+0  50222-3 0  9990
2 53951  97.5284  49.7356 0011459  83.3468 276.9067 15.13646530 22843
SES-20                  
1 53960U 22123A   22294.80000000  .00000122  00000+0  00000+0 0  9993
2 53960   0.3760 175.0030 0004715  97.8810 264.0200  1.00236734   153
SES-21                  
1 53961U 22123B   22294.80000000  .00000126  00000+0  00000+0 0  9998
2 53961   0.4910 170.1820 0001113   4.2290   1.2940  1.00237991   178
ATLAS 5 CENTAUR R/B     
1 53962U 22123C   22295.78570073 -.00000095  00000+0  00000+0 0  9995
2 53962   1.8760 165.3708 0290094 199.9104 159.6080  1.07593835   208
CREW DRAGON 5           
1 53963U 22124A   22296.61411075  .00009673  00000+0  17934-3 0  9994
2 53963  51.6435  60.3357 0005249   7.9656 359.4428 15.49658807365102
STARLINK-4633           
1 53964U 22125A   22296.91667824 -.01203080  00000+0 -13841-1 0  9996
2 53964  53.2175   2.8815 0001431  49.5560 162.7071 15.64115904  1308
STARLINK-4578           
1 53965U 22125B   22296.91667824 -.01200742  00000+0 -13791-1 0  9993
2 53965  53.2177   2.8790 0001517  40.7796 172.5602 15.64151709  1304
STARLINK-4635           
1 53966U 22125C   22296.91667824 -.01206526  00000+0 -13835-1 0  9999
2 53966  53.2177   2.8769 0001645  40.7690 173.7797 15.64204384  1302
STARLINK-4634           
1 53967U 22125D   22296.91667824 -.01204850  00000+0 -13790-1 0  9998
2 53967  53.2176   2.8742 0001450  46.0276 169.6982 15.64249130  1304
STARLINK-4629           
1 53968U 22125E   22296.91667824 -.01200971  00000+0 -13667-1 0  9992
2 53968  53.2176   2.8673 0001610  40.4983 178.7142 15.64382304  1309
STARLINK-4468           
1 53969U 22125F   22296.91667824 -.01206861  00000+0 -13788-1 0  9991
2 53969  53.2177   2.8719 0001358  54.4977 162.4428 15.64299977  1309
STARLINK-4567           
1 53970U 22125G   22296.91667824 -.00168649  00000+0 -12164-2 0  9991
2 53970  53.2187   2.7639 0002686  16.1246 259.3184 15.73290045  3215
STARLINK-4639           
1 53971U 22125H   22296.91667824 -.01209722  00000+0 -13799-1 0  9995
2 53971  53.2177   2.8695 0001559  44.7222 173.3369 15.64343977  1308
STARLINK-5157           
1 53972U 22125J   22296.91667824 -.00121120  00000+0 -86827-3 0  9994
2 53972  53.2192   2.7619 0002586  14.0584 262.5648 15.73268778  1309
STARLINK-5156           
1 53973U 22125K   22296.91667824 -.01199906  00000+0 -13628-1 0  9990
2 53973  53.2177   2.8646 0001167  67.3649 153.0822 15.64433145  1301
STARLINK-5159           
1 53974U 22125L   22296.91667824 -.00074672  00000+0 -53179-3 0  9999
2 53974  53.2194   2.4541 0001675  42.7327  27.3972 15.73223444  1303
STARLINK-5137           
1 53975U 22125M   22296.91667824 -.00130709  00000+0 -93668-3 0  9991
2 53975  53.2185   2.7629 0002908  11.2455 264.6524 15.73310382  1304
STARLINK-5134           
1 53976U 22125N   22296.91667824 -.00116144  00000+0 -83295-3 0  9994
2 53976  53.2204   2.7120 0001791  40.3894 262.3579 15.73243720  3210
STARLINK-5094           
1 53977U 22125P   22296.91667824 -.00150238  00000+0 -10815-2 0  9994
2 53977  53.2186   2.7592 0003186   8.0677 269.7418 15.73271582  1301
STARLINK-5148           
1 53978U 22125Q   22296.91667824  .00348040  00000+0  24059-2 0  9998
2 53978  53.2178   2.7471 0002443  26.8951 252.6301 15.72974730  1303
STARLINK-5123           
1 53979U 22125R   22296.91667824 -.00133538  00000+0 -95851-3 0  9994
2 53979  53.2191   2.7580 0002725  12.8463 265.5709 15.73283579  1306
STARLINK-5133           
1 53980U 22125S   22296.91667824 -.00135900  00000+0 -97643-3 0  9992
2 53980  53.2194   2.7554 0002890  19.2464 260.9041 15.73268134  1305
STARLINK-5149           
1 53981U 22125T   22296.91667824 -.00216090  00000+0 -15655-2 0  9995
2 53981  53.2218   2.6957 0002237  22.2502 288.5802 15.73337927  1309
STARLINK-5120           
1 53982U 22125U   22296.91667824 -.00161171  00000+0 -11624-2 0  9997
2 53982  53.2189   2.7431 0002586  14.7949 271.3535 15.73267361  1300
STARLINK-5103           
1 53983U 22125V   22296.91667824 -.00105163  00000+0 -75224-3 0  9994
2 53983  53.2182   2.7148 0002781  15.3564 284.5256 15.73256434  1301
STARLINK-5142           
1 53984U 22125W   22296.91667824 -.00132639  00000+0 -95332-3 0  9995
2 53984  53.2191   2.7519 0002363  20.7989 261.1801 15.73251534  1304
STARLINK-5147           
1 53985U 22125X   22296.91667824 -.00145173  00000+0 -10448-2 0  9997
2 53985  53.2189   2.7535 0002493  17.8516 262.9419 15.73263614  1303
STARLINK-5119           
1 53986U 22125Y   22296.91667824 -.00037862  00000+0 -26616-3 0  9998
2 53986  53.2202   2.4586 0001850  48.2157  19.9045 15.73232928  1307
STARLINK-5112           
1 53987U 22125Z   22296.91667824 -.00154743  00000+0 -11145-2 0  9997
2 53987  53.2190   2.7519 0002493  13.9243 267.4780 15.73278748  1308
STARLINK-5113           
1 53988U 22125AA  22296.91667824 -.00127092  00000+0 -91154-3 0  9994
2 53988  53.2194   2.7487 0002789  17.2475 266.4478 15.73278105  1309
STARLINK-5115           
1 53989U 22125AB  22296.91667824 -.00141383  00000+0 -10169-2 0  9990
2 53989  53.2191   2.7504 0003363   9.4853 273.1216 15.73259821  1308
STARLINK-5075           
1 53990U 22125AC  22296.91667824 -.00137562  00000+0 -98889-3 0  9992
2 53990  53.2196   2.7451 0002622  11.9708 273.5729 15.73263090  1306
STARLINK-5118           
1 53991U 22125AD  22296.91667824 -.00547169  00000+0 -38733-2 0  9992
2 53991  53.2181   2.0525 0001598  33.1635 232.5697 15.74808668  1308
STARLINK-5108           
1 53992U 22125AE  22296.91667824 -.00096866  00000+0 -69222-3 0  9994
2 53992  53.2191   2.7424 0002547  16.8547 269.8671 15.73245529  1305
STARLINK-5121           
1 53993U 22125AF  22296.91667824 -.00146809  00000+0 -10566-2 0  9994
2 53993  53.2199   2.7449 0002372  19.4925 265.4609 15.73269154  1309
STARLINK-5125           
1 53994U 22125AG  22296.91667824 -.00133929  00000+0 -96276-3 0  9997
2 53994  53.2190   2.7370 0002698  21.1708 267.9570 15.73250262  1308
STARLINK-5097           
1 53995U 22125AH  22296.91667824 -.00123784  00000+0 -88859-3 0  9994
2 53995  53.2188   2.7401 0002940  13.3545 273.9606 15.73244673  1309
STARLINK-5131           
1 53996U 22125AJ  22296.91667824 -.00122191  00000+0 -87654-3 0  9998
2 53996  53.2195   2.7364 0002634  16.3738 273.3666 15.73256743  1304
STARLINK-5130           
1 53997U 22125AK  22296.91667824 -.00125253  00000+0 -89898-3 0  9993
2 53997  53.2188   2.7396 0002434  17.2291 270.6976 15.73256807  1309
STARLINK-5128           
1 53998U 22125AL  22296.91667824 -.00109387  00000+0 -78287-3 0  9994
2 53998  53.2188   2.7338 0002713  14.2733 276.6257 15.73261391  1306
STARLINK-5079           
1 53999U 22125AM  22296.91667824 -.00122327  00000+0 -87709-3 0  9993
2 53999  53.2194   2.7384 0002588  16.5089 272.0193 15.73268941  1301
STARLINK-5088           
1 54000U 22125AN  22296.91667824 -.00141034  00000+0 -10140-2 0  9997
2 54000  53.2196   2.7328 0002338  19.7950 271.7472 15.73273308  1309
STARLINK-5105           
1 54001U 22125AP  22296.91667824 -.00114520  00000+0 -82135-3 0  9992
2 54001  53.2190   2.7313 0002572  18.4514 273.7045 15.73232657  1300
STARLINK-5109           
1 54002U 22125AQ  22296.91667824  .00264124  00000+0  18411-2 0  9992
2 54002  53.2189   2.6987 0002761  29.2024 282.4340 15.73028532  1301
STARLINK-5114           
1 54003U 22125AR  22296.91667824 -.00093780  00000+0 -67017-3 0  9990
2 54003  53.2194   2.7350 0002648  15.0552 275.2807 15.73231544  1303
STARLINK-5129           
1 54004U 22125AS  22296.91667824 -.00125361  00000+0 -89907-3 0  9994
2 54004  53.2194   2.7280 0002897  11.1485 282.7845 15.73272588  3203
STARLINK-5135           
1 54005U 22125AT  22296.91667824 -.00166586  00000+0 -12010-2 0  9999
2 54005  53.2187   2.7298 0002601  15.5612 277.1446 15.73293913  1307
STARLINK-5096           
1 54006U 22125AU  22296.91667824 -.00121785  00000+0 -87348-3 0  9999
2 54006  53.2195   2.7230 0002419  21.0694 275.8201 15.73260410  1302
STARLINK-5132           
1 54007U 22125AV  22296.91667824 -.00098468  00000+0 -70377-3 0  9995
2 54007  53.2190   2.7272 0002287  19.6147 274.7788 15.73250214  1302
STARLINK-5145           
1 54008U 22125AW  22296.91667824 -.00147370  00000+0 -10609-2 0  9994
2 54008  53.2187   2.4574 0001626  40.6568  28.4085 15.73268686  1304
STARLINK-5099           
1 54009U 22125AX  22296.91667824 -.00106749  00000+0 -76381-3 0  9990
2 54009  53.2193   2.7242 0002654  18.5993 277.0922 15.73256763  1300
STARLINK-5127           
1 54010U 22125AY  22296.91667824 -.00062439  00000+0 -44260-3 0  9990
2 54010  53.2217   2.4544 0001647  31.4769  39.4684 15.73260370  3202
STARLINK-5124           
1 54011U 22125AZ  22296.91667824 -.00105057  00000+0 -75204-3 0  9997
2 54011  53.2189   2.7254 0002351  24.1969 270.9138 15.73240808  3206
STARLINK-5126           
1 54012U 22125BA  22296.91667824 -.00150785  00000+0 -10859-2 0  9990
2 54012  53.2196   2.7178 0002535  16.3262 282.9596 15.73267222  1302
STARLINK-5098           
1 54013U 22125BB  22296.91667824 -.00121476  00000+0 -87142-3 0  9996
2 54013  53.2189   2.7193 0002892  17.2206 280.8548 15.73252551  1309
STARLINK-5116           
1 54014U 22125BC  22296.91667824 -.00127545  00000+0 -91583-3 0  9994
2 54014  53.2194   2.7196 0002742  12.5798 286.1035 15.73253447  1302
STARLINK-5055           
1 54015U 22125BD  22296.91667824 -.00114393  00000+0 -81972-3 0  9993
2 54015  53.2189   2.7145 0002662  16.2146 284.2501 15.73252147  1303
FALCON 9 DEB            
1 54016U 22125BE  22296.59138697  .00301776  47592-4  69804-3 0  9992
2 54016  53.2340   2.6567 0011129 359.3188   0.7825 15.96594543  3121
FALCON 9 DEB            
1 54017U 22125BF  22296.58225846  .00370321  67908-4  77908-3 0  9994
2 54017  53.2304   2.5921 0009549   1.3494 358.7561 15.98298865  3125
FALCON 9 DEB            
1 54018U 22125BG  22296.62957911  .00395315  77928-4  74262-3 0  9998
2 54018  53.2254   2.1581 0011189 343.0892  16.9765 16.00245853  3132
FALCON 9 DEB            
1 54019U 22125BH  22296.62898503  .00372262  69749-4  72040-3 0  9990
2 54019  53.2235   2.1496 0008614 336.1611  23.9020 15.99788368  3130
CENTISPACE-1 S5         
1 54020U 22126A   22296.84367939  .00000416  00000+0  12930-3 0  9992
2 54020  54.9970 122.1966 0013384 332.7416  27.2849 14.57921552  2385
CENTISPACE-1 S6         
1 54021U 22126B   22296.84097811  .00000398  00000+0  12484-3 0  9995
2 54021  54.9969 122.1825 0015233 332.6259  27.3913 14.58166322  2376
CZ-11H R/B              
1 54022U 22126C   22296.92013743  .00027301  00000+0  47072-3 0  9991
2 54022  56.1464 118.6137 0338612 345.1251  14.0001 15.06537302  2462
OTB-3-GAZELLE           
1 54023U 22127A   22296.84622093 -.00000043  00000+0  00000+0 0  9999
2 54023  98.3162 295.7992 0012103 249.2713 110.7195 14.41645215  2327
ELECTRON KICK STAGE R/B 
1 54024U 22127B   22296.91587717  .00003240  00000+0  44214-3 0  9991
2 54024  98.2936 296.6147 0141074 330.9234  28.4184 14.72712057  2375
ELECTRON R/B            
1 54025U 22127C   22296.58352194  .00161743  74876-5  15371-2 0  9996
2 54025  98.3317 297.5562 0341944 164.3638 196.8480 15.18354315  2409
GALAXY 33               
1 54026U 22128A   22294.78320696 -.00000146  00000+0  00000+0 0  9992
2 54026   0.8243 166.5282 0762525 129.8126 252.1076  1.06252558   368
GALAXY 34               
1 54027U 22128B   22294.07079223 -.00000105  00000+0  00000+0 0  9997
2 54027   6.5916 190.5035 3642556 182.7113   1.8529  1.60832320   363
FALCON 9 R/B            
1 54028U 22128C   22296.63685925  .00003864  00000+0  11221-2 0  9998
2 54028  26.8727 183.8945 5935604 194.1671 136.6689  4.12014859   601
ASO-S                   
1 54029U 22129A   22296.79286364  .00000152  00000+0  49673-4 0  9992
2 54029  98.2687 302.0534 0013967 218.4549 141.5636 14.50859774  2141
CZ-2D R/B               
1 54030U 22129B   22296.95931086  .00000315  00000+0  83849-4 0  9994
2 54030  98.1953 302.1117 0019477  71.5376 288.7937 14.54806633  2186
COSMOS 2559 [GLONASS-K] 
1 54031U 22130A   22293.69266686 -.00000068  00000+0  00000+0 0  9991
2 54031  64.7808   1.2992 0001943 327.3231 162.0911  2.12838435   229
FREGAT R/B              
1 54032U 22130B   22295.10579347 -.00000060  00000+0  00000+0 0  9993
2 54032  64.7805   1.2292 0026427 174.2783 242.8276  2.11046330   231
ANGOSAT 2               
1 54033U 22131A   22294.80000000  .00000084  00000+0  00000+0 0  9991
2 54033   0.0210 278.6100 0001924 123.5410 320.7040  0.99176300   108
BLOCK DM-SL R/B         
1 54034U 22131B   22294.89994812 -.00000134  00000+0  00000+0 0  9991
2 54034   0.1517 285.1102 0081626 172.5310 263.3147  0.97749073    94
HJ-2E                   
1 54035U 22132A   22297.04507269  .00007720  00000+0  32307-3 0  9995
2 54035  97.3948 302.4433 0012041 228.8192 216.1764 15.23781616  1680
2022-132B               
1 54036U 22132B   22296.97880564  .00124867  00000+0  37579-2 0  9996
2 54036  97.3558 302.4698 0032123 283.6891 130.1169 15.33357186  1685
2022-132C               
1 54037U 22132C   22296.74737675  .00010873  00000+0  10551-2 0  9998
2 54037  97.6529 301.7544 0189807 136.4232 225.2291 14.80183048  1592
2022-132D               
1 54038U 22132D   22296.70781289  .00027264  00000+0  13385-2 0  9995
2 54038  97.5892 302.1834 0099379 196.1135 163.7156 15.13723415  1626
CZ-2C R/B               
1 54039U 22132E   22296.96653538  .00003215  00000+0  16759-3 0  9998
2 54039  97.2523 301.8496 0047775 172.3068 242.9808 15.15663190  1662
2022-132F               
1 54040U 22132F   22296.75367206  .00025594  00000+0  14255-2 0  9993
2 54040  97.1617 301.6085 0123014 186.5140 173.4679 15.07266797  1621
2022-132G               
1 54041U 22132G   22296.75258661  .00011508  00000+0  99707-3 0  9994
2 54041  97.1926 301.3626 0151159 132.9872 228.4154 14.88765909  1605
2022-133A               
1 54042U 22133A   22296.96042700  .00022073  00000+0  86569-3 0  9995
2 54042  35.0002 229.0001 0008578 345.6932  79.9983 15.24825845  1405
2022-133B               
1 54043U 22133B   22296.96132772  .00011711  00000+0  47016-3 0  9996
2 54043  34.9993 229.0062 0010169   8.5427  56.8905 15.24129785  1401
2022-133C               
1 54044U 22133C   22296.96147968  .00024330  00000+0  94394-3 0  9992
2 54044  34.9987 228.9643 0008831 354.5533  87.5972 15.25169291  1405
2022-133D               
1 54045U 22133D   22296.96152672  .00014509  00000+0  58169-3 0  9998
2 54045  34.9982 228.9569 0013084   2.0069  82.2842 15.24109937  1401
2022-133E               
1 54046U 22133E   22296.95915946  .00008462  00000+0  33799-3 0  9992
2 54046  34.9995 229.0408 0006908 337.1438  71.1969 15.24384098  1409
2022-134A               
1 54048U 22134A   22295.00000000  .00000072  00000+0  00000+0 0  9990
2 54048  25.5150 300.6070 7954833 181.1820 357.7680  1.30438953    87
2022-134B               
1 54049U 22134B   22294.18542388  .00038311  00000+0  23127+0 0  9991
2 54049  26.8390 299.8615 8046933 181.7700 352.8881  1.34287912    78
COSMOS 2560             
1 54050U 22135A   22296.31511381  .00185900  00000+0  99583-3 0  9990
2 54050  96.3489  23.7160 0012013 219.0271 211.9769 15.79704402  1176
COSMOS 2561             
1 54109U 22137A   22296.86191669  .00014979  00000+0  26089-3 0  9998
2 54109  97.0772  16.9076 0007312 257.9193 102.1240 15.50816923   315
COSMOS 2562             
1 54110U 22137B   22296.86135616  .00016357  00000+0  28022-3 0  9991
2 54110  97.0772  16.9084 0008360 249.6226 110.4129 15.51255368   314
SL-4 R/B                
1 54111U 22137C   22296.93256293  .00904067  20527-5  68510-3 0  9997
2 54111  97.0838  17.1462 0146561  64.7096 296.9354 15.96237408   345
2022-139A               
1 54150U 22139A   22296.89257759  .00000010  00000+0  00000+0 0  9994
2 54150  82.4992  96.1649 0011746 269.0091 246.2909 12.43420904   137
2022-139B               
1 54151U 22139B   22296.85771531  .00000010  00000+0  00000+0 0  9990
2 54151  82.4916  96.1876 0012244 266.2429  93.7118 12.43605379   132
2022-139C               
1 54152U 22139C   22296.85743523  .00000010  00000+0  00000+0 0  9991
2 54152  82.4962  96.1885 0013434 259.5178 100.4326 12.43969397   132
