STARLINK-5077           
1 55391U 23014A   23060.22528895  .00021005  00000+0  17601-3 0  9990
2 55391  70.0021   9.4531 0003023 216.9406 143.1582 15.69926224  4681
STARLINK-5085           
1 55392U 23014B   23060.28666205  .00009364  00000+0  79574-4 0  9997
2 55392  70.0008   9.2662 0003061 237.0937 122.9964 15.69918928  4697
STARLINK-4786           
1 55393U 23014C   23060.35292360  .00012021  00000+0  10151-3 0  9992
2 55393  69.9998   9.0953 0002675 270.6341  89.4548 15.69946486  4703
STARLINK-5230           
1 55394U 23014D   23060.22582013  .00000232  00000+0  36953-5 0  9997
2 55394  69.9997   9.4528 0002943 225.8948 134.2005 15.69909538  4689
STARLINK-5274           
1 55395U 23014E   23060.22571155 -.00000724  00000+0 -42573-5 0  9996
2 55395  70.0002   9.4540 0003157 235.7004 124.3893 15.69911610  4684
STARLINK-5283           
1 55396U 23014F   23060.28984935  .00033354  00000+0  27788-3 0  9999
2 55396  70.0010   9.2754 0003024 249.5558 110.5313 15.69940936  4697
STARLINK-5224           
1 55397U 23014G   23060.22560340  .00020203  00000+0  16940-3 0  9991
2 55397  70.0013   9.4541 0002531 232.8217 127.2748 15.69923961  4681
STARLINK-5275           
1 55398U 23014H   23060.28995718  .00012789  00000+0  10800-3 0  9998
2 55398  69.9994   9.2728 0003231 235.1438 124.9454 15.69917128  4698
STARLINK-5276           
1 55399U 23014J   23060.35333548  .00005911  00000+0  50836-4 0  9997
2 55399  69.9993   9.0960 0003556 255.9741 104.1059 15.69950797  4703
STARLINK-5632           
1 55400U 23014K   23060.22644700  .00001910  00000+0  17650-4 0  9993
2 55400  70.0006   9.4559 0002204 239.8368 120.2610 15.69921920  4682
STARLINK-5076           
1 55401U 23014L   23060.28973746  .00004839  00000+0  41976-4 0  9996
2 55401  69.9996   9.2736 0003278 239.7603 120.3269 15.69929855  4693
STARLINK-5071           
1 55402U 23014M   23060.22665698  .00009534  00000+0  80969-4 0  9997
2 55402  69.9998   9.4549 0003047 266.0399  94.0449 15.69925992  4683
STARLINK-5597           
1 55403U 23014N   23060.29005339  .00004742  00000+0  41174-4 0  9996
2 55403  69.9998   9.2736 0003431 251.8411 108.2411 15.69928580  4698
STARLINK-5607           
1 55404U 23014P   23060.29058610  .00027117  00000+0  22644-3 0  9998
2 55404  70.0005   9.2780 0003269 267.0275  93.0547 15.69936946  4692
STARLINK-5623           
1 55405U 23014Q   23060.29026501  .00011414  00000+0  96526-4 0  9997
2 55405  69.9998   9.2752 0003060 257.7983 102.2870 15.69934433  4692
STARLINK-5630           
1 55406U 23014R   23060.29079281  .00007176  00000+0  61385-4 0  9996
2 55406  69.9997   9.2762 0002913 247.6214 112.4673 15.69929283  4695
STARLINK-5019           
1 55407U 23014S   23060.29048682  .00024531  00000+0  20526-3 0  9993
2 55407  69.9995   9.2751 0003602 231.1421 128.9453 15.69914227  4696
STARLINK-5092           
1 55408U 23014T   23060.29090407  .00007936  00000+0  67721-4 0  9995
2 55408  70.0005   9.2765 0003529 243.3175 116.7659 15.69919248  4697
STARLINK-5047           
1 55409U 23014U   23060.29069559  .00015904  00000+0  13381-3 0  9996
2 55409  69.9981   9.2750 0002350 234.5124 125.5852 15.69922337  4695
STARLINK-5633           
1 55410U 23014V   23060.29131110  .00022472  00000+0  18789-3 0  9996
2 55410  69.9994   9.2774 0003333 237.3515 122.7360 15.69958300  5631
STARLINK-5605           
1 55411U 23014W   23060.29066460  .00088433  00000+0  71189-3 0  9994
2 55411  69.9987   9.2757 0007096 246.7152 113.3298 15.70489665  4692
STARLINK-5033           
1 55412U 23014X   23060.22771382  .00007219  00000+0  61778-4 0  9991
2 55412  70.0000   9.4589 0002407 231.6077 128.4903 15.69917576  4681
STARLINK-5060           
1 55413U 23014Y   23060.29101858 -.00009443  00000+0 -76443-4 0  9992
2 55413  70.0017   9.2794 0006627 280.0943  79.9505 15.70023500  4690
STARLINK-5620           
1 55414U 23014Z   23059.97306191 -.00002648  00000+0 -20295-4 0  9997
2 55414  70.0028  10.1807 0002413 242.0541 118.0410 15.69889445  5585
STARLINK-5618           
1 55415U 23014AA  23060.29082258  .00802817  00000+0  56889-2 0  9990
2 55415  69.9990   9.2787 0009556 298.6851  61.3385 15.71442323  4698
STARLINK-5624           
1 55416U 23014AB  23060.22813800  .00003695  00000+0  32501-4 0  9993
2 55416  70.0014   9.4623 0002405 228.9437 131.1551 15.69913819  4682
STARLINK-5616           
1 55417U 23014AC  23060.29153819  .00006091  00000+0  52416-4 0  9998
2 55417  70.0001   9.2787 0002819 250.3089 109.7803 15.69911326  5637
STARLINK-5030           
1 55418U 23014AD  23060.22834929  .00012922  00000+0  10912-3 0  9994
2 55418  70.0010   9.4635 0002658 224.0192 136.0792 15.69915453  4685
STARLINK-5629           
1 55419U 23014AE  23060.22803224  .00017160  00000+0  14421-3 0  9997
2 55419  70.0021   9.4632 0002715 234.2174 125.8770 15.69922107  4688
STARLINK-5604           
1 55420U 23014AF  23060.28868294  .00016338  00000+0  13729-3 0  9999
2 55420  70.0049   9.2854 0003455 265.4787  94.6014 15.69938912  4698
STARLINK-5598           
1 55421U 23014AG  23060.29195719  .00010482  00000+0  88845-4 0  9992
2 55421  70.0002   9.2810 0002783 249.3603 110.7295 15.69921801  5636
STARLINK-5006           
1 55422U 23014AH  23060.29258943  .00007927  00000+0  67640-4 0  9992
2 55422  69.9996   9.2815 0002263 243.9186 116.1777 15.69922558  4690
STARLINK-5068           
1 55423U 23014AJ  23060.35588142  .00011395  00000+0  96365-4 0  9997
2 55423  69.9997   9.1035 0003066 269.1953  90.8891 15.69935289  4701
STARLINK-5615           
1 55425U 23014AL  23060.29238077  .00045924  00000+0  38129-3 0  9999
2 55425  69.9991   9.2816 0003134 264.7678  95.3161 15.69945069  4691
STARLINK-5638           
1 55426U 23014AM  23060.29290426  .00016438  00000+0  13823-3 0  9998
2 55426  70.0007   9.2844 0002686 249.9348 110.1559 15.69921645  4695
STARLINK-5073           
1 55427U 23014AN  23060.29248611  .00001046  00000+0  10468-4 0  9990
2 55427  69.9997   9.2827 0002879 252.8290 107.2591 15.69914491  4699
STARLINK-5064           
1 55428U 23014AP  23060.29311599  .00008556  00000+0  72853-4 0  9996
2 55428  70.0003   9.2858 0003057 229.0917 131.0014 15.69924966  4699
STARLINK-5645           
1 55429U 23014AQ  23060.22908709  .00017918  00000+0  15049-3 0  9990
2 55429  70.0008   9.4654 0002461 233.8531 126.2438 15.69923088  4683
STARLINK-5642           
1 55430U 23014AR  23060.58334491 -.01163817  00000+0 -34019-1 0  9991
2 55430  69.9993   9.4735 0003330 270.7215 136.2097 15.38023494  4714
STARLINK-5643           
1 55431U 23014AS  23060.22929448 -.00001167  00000+0 -79429-5 0  9991
2 55431  69.9998   9.4660 0002792 242.3456 117.7456 15.69916244  4687
STARLINK-5637           
1 55432U 23014AT  23060.25001157 -.01171048  00000+0 -34327-1 0  9994
2 55432  69.9998  10.3857 0003415 274.3087  71.0228 15.37954367  4665
STARLINK-5570           
1 55433U 23014AU  23060.25001157 -.01168857  00000+0 -32954-1 0  9993
2 55433  70.0001  10.3632 0003398 274.7752  91.4051 15.39137090  4666
STARLINK-5621           
1 55434U 23014AV  23060.25001157 -.01169949  00000+0 -34719-1 0  9998
2 55434  70.0001  10.3976 0003400 274.3023  60.9319 15.37574865  4660
STARLINK-5626           
1 55435U 23014AW  23060.25001157 -.01163917  00000+0 -34296-1 0  9998
2 55435  70.0001  10.3917 0003370 271.7578  69.4540 15.37777583  4660
STARLINK-5640           
1 55436U 23014AX  23060.58334491 -.01166292  00000+0 -35781-1 0  9994
2 55436  70.0000   9.5105 0003362 268.1624 106.8843 15.36541547  4718
STARLINK-5080           
1 55437U 23014AY  23060.25001157 -.01165999  00000+0 -34552-1 0  9997
2 55437  70.0002  10.3963 0003391 272.1114  64.9976 15.37609275  4663
STARLINK-5074           
1 55438U 23014AZ  23060.28887937  .00005820  00000+0  50101-4 0  9993
2 55438  70.0043   9.2798 0003301 248.9885 111.0958 15.69939897  4697
STARLINK-5634           
1 55439U 23014BA  23060.25001157 -.01163062  00000+0 -35624-1 0  9999
2 55439  70.0002  10.4209 0003359 270.8817  44.5041 15.36583632  4662
FALCON 9 DEB            
1 55440U 23014BB  23060.13149348  .00347298  49203-4  10723-2 0  9992
2 55440  70.0040   8.2595 0006130 193.4535 166.6509 15.91534479  4825
ION SCV-009             
1 55441U 23014BC  23059.87934740  .00076028  00000+0  57487-3 0  9996
2 55441  70.0092  10.2631 0052577 306.8278  52.8101 15.70145659  4758
FALCON 9 DEB            
1 55442U 23014BD  23060.23230093  .00421240  73580-4  11456-2 0  9992
2 55442  70.0049   7.7953 0009912 184.1218 175.9910 15.93906978  4844
FALCON 9 DEB            
1 55443U 23014BE  23060.27270412  .00527653  12058-3  12097-2 0  9995
2 55443  69.9996   7.5167 0010673 193.7027 166.3895 15.97061591  4852
FALCON 9 DEB            
1 55444U 23014BF  23060.26261655  .00304171  38121-4  96994-3 0  9991
2 55444  70.0063   7.9179 0005703 175.3713 184.7547 15.90915868  4849
FALCON 9 DEB            
1 55445U 23014BG  23060.34831929  .00531394  12110-3  12713-2 0  9992
2 55445  70.0046   7.4085 0009049 186.6557 173.4533 15.96313630  4867
EBAD TEST MASS          
1 55446U 23014BH  23060.36866737  .00090790  00000+0  40043-3 0  9999
2 55446  70.0103   7.9181 0006467 203.7300 156.3605 15.84073997  4857
APSTAR 6E SPS           
1 55447U 23005C   23059.06611005 -.00000064  00000+0 -15187-1 0  9997
2 55447  28.6720 289.6609 2304295 218.9039 122.0927  7.60506986  2135
STARLINK-5699           
1 55449U 23015A   23060.49756103  .00061955  00000+0  47112-3 0  9997
2 55449  43.0007 224.9372 0001977 255.6821 104.3827 15.71418844  4434
STARLINK-5686           
1 55450U 23015B   23060.49768686  .00010121  00000+0  80641-4 0  9992
2 55450  43.0008 224.9387 0002832 275.4094  84.6451 15.71321283  4248
STARLINK-5656           
1 55451U 23015C   23060.17965474  .00011377  00000+0  90079-4 0  9992
2 55451  43.0008 226.8522 0001884 252.7270 107.3392 15.71357276  4384
STARLINK-5683           
1 55452U 23015D   23060.49724740  .00039560  00000+0  30284-3 0  9992
2 55452  43.0005 224.9353 0002683 255.2301 104.8269 15.71419600  4435
STARLINK-5684           
1 55453U 23015E   23060.17934277  .00027628  00000+0  21335-3 0  9995
2 55453  42.9990 226.8509 0001749 270.8958  89.1709 15.71363854  4381
STARLINK-5636           
1 55454U 23015F   23060.49682632  .00023808  00000+0  18428-3 0  9991
2 55454  43.0017 224.9326 0003615 254.7956 105.2512 15.71376629  4435
STARLINK-5680           
1 55455U 23015G   23060.49736676  .00036818  00000+0  28267-3 0  9997
2 55455  42.9995 224.9344 0003013 265.6945  94.3579 15.71377312  4431
STARLINK-5058           
1 55456U 23015H   23060.49692881  .00083753  00000+0  63339-3 0  9996
2 55456  42.9992 224.9317 0002188 243.8596 116.2047 15.71441379  4249
STARLINK-5682           
1 55457U 23015J   23060.17923840  .00115915  00000+0  87340-3 0  9998
2 55457  43.0007 226.8511 0002050 263.8409  96.2225 15.71401864  4384
STARLINK-5020           
1 55458U 23015K   23060.49642784  .00063626  00000+0  48282-3 0  9992
2 55458  42.9998 224.9274 0004809  80.5212 279.6199 15.71447936  4430
STARLINK-5669           
1 55459U 23015L   23060.49663553  .00059446  00000+0  45284-3 0  9994
2 55459  42.9993 224.9292 0002722  83.4841 276.6336 15.71389605  4436
STARLINK-5678           
1 55460U 23015M   23059.86090905  .00021087  00000+0  16420-3 0  9990
2 55460  42.9997 228.7639 0001508 249.9282 110.1423 15.71303135  4330
STARLINK-5646           
1 55461U 23015N   23060.17891490  .00019307  00000+0  15030-3 0  9993
2 55461  43.0022 226.8465 0002693 249.7997 110.2581 15.71358909  4385
STARLINK-5673           
1 55462U 23015P   23060.49610941  .00004229  00000+0  35730-4 0  9996
2 55462  43.0003 224.9270 0002670 236.2861 123.7753 15.71321887  4435
STARLINK-5677           
1 55463U 23015Q   23060.49632617  .00000812  00000+0  96660-5 0  9995
2 55463  42.9998 224.9235 0002783 228.6297 131.4332 15.71312117  4436
STARLINK-5676           
1 55464U 23015R   23060.49579710  .00000614  00000+0  81465-5 0  9997
2 55464  42.9991 224.9228 0001618 229.2148 130.8579 15.71304813  4430
STARLINK-5674           
1 55465U 23015S   23060.49599471 -.00012183  00000+0 -89685-4 0  9991
2 55465  43.0007 224.9239 0002680 257.0330 103.0238 15.71325155  4240
STARLINK-5628           
1 55466U 23015T   23060.49537500  .00096261  00000+0  73018-3 0  9996
2 55466  43.0007 224.9200 0002383 256.5819 103.4783 15.71317337  4438
STARLINK-5679           
1 55467U 23015U   23060.49621900  .00066145  00000+0  50182-3 0  9990
2 55467  42.9993 224.9265 0004572  79.6897 280.4486 15.71441057  4437
STARLINK-5672           
1 55468U 23015V   23059.92363332  .00019961  00000+0  15566-3 0  9990
2 55468  43.0000 228.3753 0001497 258.5722 101.4978 15.71299479  4344
STARLINK-5681           
1 55469U 23015W   23060.49590667  .00018956  00000+0  14825-3 0  9998
2 55469  42.9982 224.9232 0001721 273.9481  86.1190 15.71261697  4435
STARLINK-5708           
1 55470U 23015X   23060.49558550  .00079648  00000+0  60635-3 0  9990
2 55470  43.0006 224.9216 0002619 240.3244 119.7363 15.71301462  4430
STARLINK-5711           
1 55471U 23015Y   23060.49546283  .00060268  00000+0  45846-3 0  9996
2 55471  43.0011 224.9205 0002312 257.6627 102.3982 15.71418802  4433
STARLINK-5705           
1 55472U 23015Z   23060.49505843  .00002618  00000+0  23446-4 0  9992
2 55472  42.9997 224.9178 0002577 237.9490 122.1128 15.71318156  4439
STARLINK-5687           
1 55473U 23015AA  23060.49527259  .00055348  00000+0  42358-3 0  9998
2 55473  42.9993 224.9188 0002603 232.1296 127.9337 15.71304667  4435
STARLINK-5689           
1 55474U 23015AB  23060.58334491 -.01213800  00000+0 -16457-1 0  9994
2 55474  43.0002 224.6104 0001773 271.4240 138.8176 15.59720402  4444
STARLINK-5650           
1 55475U 23015AC  23059.85953706  .00011687  00000+0  92570-4 0  9998
2 55475  42.9999 228.7521 0001790 241.0217 119.0472 15.71322738  4334
STARLINK-5596           
1 55476U 23015AD  23060.46031036  .00026420  00000+0  20403-3 0  9997
2 55476  42.9938 223.7076 0002224 307.8394  52.2273 15.71383208  4446
STARLINK-5685           
1 55477U 23015AE  23060.17702931  .00049535  00000+0  37878-3 0  9991
2 55477  42.9989 226.8317 0002003 232.7233 127.3453 15.71364716  4388
STARLINK-5691           
1 55478U 23015AF  23059.66778887 -.00005229  00000+0 -36558-4 0  9996
2 55478  43.0002 229.8941 0001926 261.6262  98.4387 15.71288657  4304
STARLINK-5688           
1 55479U 23015AG  23060.49493350  .00094369  00000+0  71216-3 0  9999
2 55479  43.0024 224.9170 0002664 245.7350 114.3239 15.71446252  4435
STARLINK-5690           
1 55480U 23015AH  23060.58334491 -.01685654  00000+0 -21701-1 0  9999
2 55480  42.9999 224.5713 0001630 276.9256 148.9743 15.61067200  4263
STARLINK-5694           
1 55481U 23015AJ  23060.58334491 -.01213478  00000+0 -16256-1 0  9990
2 55481  43.0001 224.6046 0001690 270.5886 142.0232 15.60031798  4445
STARLINK-5693           
1 55482U 23015AK  23060.25001157 -.01189238  00000+0 -15031-1 0  9991
2 55482  43.0002 226.5445 0001552 260.7884  91.7242 15.61471169  4203
STARLINK-5692           
1 55483U 23015AL  23060.25001157 -.01175784  00000+0 -15024-1 0  9995
2 55483  43.0003 226.5620 0001543 266.2173  79.0626 15.61160042  4381
STARLINK-5696           
1 55484U 23015AM  23060.58334491 -.01217821  00000+0 -16003-1 0  9999
2 55484  42.9999 224.5730 0001447 273.9198 151.4169 15.60541603  4448
STARLINK-5695           
1 55485U 23015AN  23059.91667824 -.01150318  00000+0 -14278-1 0  9993
2 55485  43.0003 228.5569 0001472 269.2075 355.8703 15.61843031  1308
STARLINK-5704           
1 55486U 23015AP  23060.58334491 -.01275725  00000+0 -17011-1 0  9998
2 55486  42.9998 224.5758 0001711 273.5760 150.7697 15.60301753  4442
STARLINK-5701           
1 55487U 23015AQ  23060.58334491 -.01215081  00000+0 -16236-1 0  9996
2 55487  43.0000 224.6005 0001591 271.3641 142.9766 15.60102542  4440
STARLINK-5706           
1 55488U 23015AR  23060.58334491 -.01193588  00000+0 -15619-1 0  9998
2 55488  42.9996 224.5552 0001566 277.9001 154.7761 15.60590349  4445
STARLINK-5371           
1 55489U 23015AS  23060.25001157 -.01189012  00000+0 -15168-1 0  9999
2 55489  43.0003 226.5586 0001538 262.2923  84.4984 15.61233672  4399
STARLINK-5373           
1 55490U 23015AT  23060.58334491 -.01217297  00000+0 -15744-1 0  9994
2 55490  43.0001 224.5479 0001710 277.7370 157.7848 15.60946432  4260
STARLINK-5364           
1 55491U 23015AU  23060.17329817  .00099405  00000+0  75077-3 0  9999
2 55491  42.9998 226.7914 0003498 291.3089  68.7405 15.71404108  4380
STARLINK-5013           
1 55492U 23015AV  23060.25001157 -.01173738  00000+0 -14758-1 0  9995
2 55492  43.0001 226.5379 0001612 266.4327  88.7527 15.61567242  4201
STARLINK-5362           
1 55493U 23015AW  23060.58334491 -.01211891  00000+0 -15714-1 0  9998
2 55493  43.0001 224.5520 0001378 273.9800 159.9596 15.60871271  4448
STARLINK-5344           
1 55494U 23015AX  23060.58334491 -.01214789  00000+0 -15664-1 0  9992
2 55494  43.0000 224.5437 0001582 276.9250 160.2978 15.61019468  4446
STARLINK-5100           
1 55495U 23015AY  23060.49339016  .00097878  00000+0  74305-3 0  9995
2 55495  43.0000 224.9041 0002354 249.7650 110.2964 15.71291617  4249
STARLINK-5139           
1 55496U 23015AZ  23060.25001157  .00062923  00000+0  63672-3 0  9990
2 55496  43.0006 226.5011 0001542 279.1184  90.9077 15.64418253  4392
STARLINK-5363           
1 55497U 23015BA  23060.25001157 -.01177831  00000+0 -14622-1 0  9998
2 55497  43.0003 226.5190 0001616 260.9902 101.6584 15.61901899  4399
STARLINK-5365           
1 55498U 23015BB  23060.58334491 -.01206452  00000+0 -15394-1 0  9994
2 55498  43.0000 224.5286 0001219 266.9089 176.4768 15.61272069  4442
STARLINK-5366           
1 55499U 23015BC  23060.25001157 -.01177724  00000+0 -14437-1 0  9995
2 55499  43.0002 226.5014 0001532 268.0914 101.7503 15.62224106  4183
STARLINK-5141           
1 55500U 23015BD  23060.25001157 -.01002381  00000+0 -12529-1 0  9994
2 55500  43.0002 226.5143 0001153 266.5965  97.9857 15.61735562  4390
STARLINK-5367           
1 55501U 23015BE  23060.58334491 -.01212311  00000+0 -15432-1 0  9993
2 55501  42.9999 224.5244 0001357 273.6780 171.2695 15.61345664  4446
FALCON 9 DEB            
1 55502U 23015BF  23060.48214969  .00387084  64939-4  11137-2 0  9992
2 55502  42.9865 222.1024 0015748 334.1409  25.8677 15.92077709  4461
FALCON 9 DEB            
1 55503U 23015BG  23060.46776951  .00409043  72931-4  10885-2 0  9995
2 55503  42.9818 221.9748 0017766 331.9100  28.0816 15.93484442  4462
FALCON 9 DEB            
1 55504U 23015BH  23059.76006341  .00395754  69001-4  10293-2 0  9996
2 55504  42.9804 226.1114 0017920 340.3208  19.6975 15.93909606  4351
FALCON 9 DEB            
1 55505U 23015BJ  23060.45004730  .00424251  78671-4  10820-2 0  9999
2 55505  42.9756 221.8135 0019542 341.5557  18.4608 15.94210532  4461
ELEKTRO-L 4             
1 55506U 23016A   23060.10747190 -.00000009  00000+0  00000+0 0  9991
2 55506   0.5076 285.7548 0037474  49.7945  24.2416  1.00714804   243
BLOCK DM-SL R/B         
1 55507U 23016B   23059.62705372 -.00000041  00000+0  00000+0 0  9999
2 55507   0.3805 275.9610 0096406  29.6329  53.4861  1.03217511   240
AMAZONAS NEXUS          
1 55508U 23017A   23059.03358040 -.00000536  00000+0  00000+0 0  9991
2 55508  17.1383 347.8377 7613036 184.1774 160.3234  1.03879956   259
FALCON 9 R/B            
1 55509U 23017B   23048.05522156  .00001006  00000+0  23504-2 0  9992
2 55509  24.9411 349.6435 8170614 181.2257 173.4294  1.25162264   126
PROGRESS-MS 22          
1 55560U 23018A   23059.42649794  .00020820  00000+0  37893-3 0  9993
2 55560  51.6397 147.2641 0005146  32.2811  66.5136 15.49451328384927
EOS-7                   
1 55562U 23019A   23060.43953757  .00038414  00000+0  87992-3 0  9999
2 55562  37.1856 353.4667 0008234 146.3372 213.7911 15.41820672  2969
AZAADISAT-2             
1 55563U 23019B   23060.22916275  .00048859  00000+0  10622-2 0  9990
2 55563  37.1846 354.5528 0012533 161.8558 198.2651 15.43265143  2946
JANUS-1                 
1 55564U 23019C   23060.22906716  .00102343  00000+0  21436-2 0  9994
2 55564  37.1857 354.5553 0009692 169.6483 190.4478 15.44151487  2949
SS3 R/B                 
1 55565U 23019D   23060.22331711  .00039327  00000+0  68600-3 0  9998
2 55565  37.1855 353.5468 0039357 147.4985 212.8210 15.48884845  2942
VTM R/B                 
1 55566U 23019E   23060.45473063  .00022283  00000+0  35704-3 0  9993
2 55566  37.9033 353.9227 0050938 172.9090 187.2341 15.50831086  2980
2023-019F               
1 55567U 23019F   23060.23365541  .00926226  00000+0  69492-2 0  9991
2 55567  37.1824 351.7160 0039829 165.2252 194.9689 15.68073117  2964
2023-019G               
1 55568U 23019G   23060.19924190  .00447971  00000+0  44842-2 0  9995
2 55568  37.1902 352.4030 0042005 161.1684 199.0646 15.62180485  2948
STARLINK-5749           
1 55569U 23020A   23060.58334491 -.01291600  00000+0 -13669-1 0  9991
2 55569  42.9982 251.5947 0001475 279.4225 133.4938 15.66159026  2742
STARLINK-5737           
1 55570U 23020B   23060.58334491 -.00894703  00000+0 -93136-2 0  9993
2 55570  42.9989 251.5992 0001905 270.8834 140.8075 15.66027590  2744
STARLINK-5739           
1 55571U 23020C   23060.58334491 -.01202125  00000+0 -12531-1 0  9995
2 55571  42.9979 251.5946 0001558 269.5812 143.4439 15.66328307  2741
STARLINK-5732           
1 55572U 23020D   23060.58334491 -.01200484  00000+0 -12491-1 0  9997
2 55572  42.9992 251.5922 0001508 265.2946 149.2284 15.66370055  2746
STARLINK-5738           
1 55573U 23020E   23060.58334491 -.01205407  00000+0 -12557-1 0  9991
2 55573  42.9981 251.5928 0001537 266.1592 147.6139 15.66351882  2748
STARLINK-5747           
1 55574U 23020F   23060.58334491 -.01179790  00000+0 -12224-1 0  9998
2 55574  42.9991 251.5866 0001917 272.1660 144.5959 15.66423624  2746
STARLINK-5745           
1 55575U 23020G   23060.58334491 -.01193716  00000+0 -12509-1 0  9999
2 55575  42.9989 251.5875 0002301 265.8047 150.0514 15.66173073  2749
STARLINK-5751           
1 55576U 23020H   23059.98792496  .00097882  00000+0  68390-3 0  9990
2 55576  42.9997 254.9894 0002841 245.9239 114.1333 15.73244225  2654
STARLINK-5752           
1 55577U 23020J   23060.58334491 -.01445985  00000+0 -15080-1 0  9996
2 55577  42.9984 251.5848 0001448 273.4221 143.5678 15.66378304  2748
STARLINK-5713           
1 55578U 23020K   23060.25001157 -.01234680  00000+0 -12391-1 0  9991
2 55578  42.9993 253.5774 0001801 257.6576  78.5392 15.67325876  2689
STARLINK-5754           
1 55579U 23020L   23060.58334491 -.01200346  00000+0 -12430-1 0  9994
2 55579  42.9985 251.5698 0001431 265.7381 157.3541 15.66487672  2748
STARLINK-5757           
1 55580U 23020M   23060.58334491  .00056926  00000+0  43548-3 0  9992
2 55580  42.9990 251.3509 0001107 261.3135 250.3597 15.71306923  2744
STARLINK-5753           
1 55581U 23020N   23060.25001157 -.01231430  00000+0 -12368-1 0  9999
2 55581  42.9990 253.5786 0001669 256.2440  79.2370 15.67301033  2683
STARLINK-5741           
1 55582U 23020P   23060.58334491  .00059379  00000+0  45504-3 0  9993
2 55582  43.0022 251.3990 0001487 256.0155 241.3368 15.71250451  2742
STARLINK-5742           
1 55583U 23020Q   23060.58334491 -.01203474  00000+0 -12488-1 0  9997
2 55583  42.9985 251.5768 0001452 261.7356 158.6565 15.66444132  2746
STARLINK-5736           
1 55584U 23020R   23060.25001157 -.01227600  00000+0 -12319-1 0  9992
2 55584  42.9994 253.5709 0002045 273.2097  65.8856 15.67309647  2680
STARLINK-5769           
1 55585U 23020S   23060.58334491  .00043769  00000+0  33664-3 0  9996
2 55585  43.0020 251.4019 0001225 270.3191 224.1686 15.71272674  2748
STARLINK-5767           
1 55586U 23020T   23060.58334491 -.01222994  00000+0 -12779-1 0  9991
2 55586  42.9991 251.5678 0002602 271.1886 153.3210 15.66305896  2749
STARLINK-5727           
1 55587U 23020U   23060.58334491 -.01439154  00000+0 -14989-1 0  9995
2 55587  42.9988 251.5700 0001558 267.0170 156.3037 15.66396570  2740
STARLINK-5728           
1 55588U 23020V   23060.58334491 -.01202634  00000+0 -12409-1 0  9992
2 55588  42.9993 251.5642 0001653 266.6725 159.3840 15.66578822  2746
STARLINK-5697           
1 55589U 23020W   23060.25001157 -.01235877  00000+0 -12366-1 0  9994
2 55589  42.9992 253.5631 0001893 264.4321  77.5346 15.67400295  2684
STARLINK-5762           
1 55590U 23020X   23060.58334491 -.01222443  00000+0 -12610-1 0  9999
2 55590  42.9998 251.5600 0001370 268.5407 158.9962 15.66632215  2749
STARLINK-5760           
1 55591U 23020Y   23060.58334491 -.01198045  00000+0 -12370-1 0  9993
2 55591  42.9989 251.5648 0001569 264.8225 160.4958 15.66552852  2740
STARLINK-5759           
1 55592U 23020Z   23060.25001157 -.01217482  00000+0 -12104-1 0  9990
2 55592  42.9999 253.5538 0001637 262.7546  83.5041 15.67518121  2684
STARLINK-5703           
1 55593U 23020AA  23060.58334491 -.01189007  00000+0 -12246-1 0  9995
2 55593  42.9989 251.5614 0001793 274.3661 152.4333 15.66591935  2747
STARLINK-5750           
1 55594U 23020AB  23060.58334491 -.01225776  00000+0 -12613-1 0  9998
2 55594  42.9997 251.5553 0001327 270.5762 159.1743 15.66700857  2746
STARLINK-5740           
1 55595U 23020AC  23060.25001157 -.01178135  00000+0 -11696-1 0  9999
2 55595  42.9994 253.5546 0001657 268.8903  76.6711 15.67466286  2688
STARLINK-5729           
1 55596U 23020AD  23060.58334491 -.01226497  00000+0 -12629-1 0  9998
2 55596  42.9996 251.5513 0001423 263.6346 167.7960 15.66684960  2743
STARLINK-5743           
1 55597U 23020AE  23060.58334491  .00088853  00000+0  67702-3 0  9992
2 55597  43.0023 251.4005 0002051 240.4264 254.6652 15.71241817  2742
STARLINK-5756           
1 55598U 23020AF  23060.41522658  .00042461  00000+0  27433-3 0  9991
2 55598  43.0008 252.1656 0003169 261.9734  98.0776 15.75351156  2724
STARLINK-5761           
1 55599U 23020AG  23060.58334491  .00016402  00000+0  11906-3 0  9990
2 55599  42.9997 251.0492 0002160 260.1614  13.1708 15.73123929  2742
STARLINK-5755           
1 55600U 23020AH  23060.44045240  .00063663  00000+0  48416-3 0  9996
2 55600  42.9998 252.3692 0002052 276.6289  83.4345 15.71406328  2722
STARLINK-5744           
1 55601U 23020AJ  23060.58334491 -.01217928  00000+0 -12524-1 0  9998
2 55601  42.9996 251.5488 0001368 262.1548 170.0185 15.66699060  2740
STARLINK-5764           
1 55602U 23020AK  23060.58334491  .00017688  00000+0  12835-3 0  9994
2 55602  43.0000 251.0001 0001855 231.2727  61.5970 15.73081563  2749
STARLINK-5735           
1 55603U 23020AL  23060.44066060  .00056266  00000+0  42890-3 0  9993
2 55603  42.9994 252.3703 0002455 260.8748  99.1842 15.71393546  2729
STARLINK-5748           
1 55604U 23020AM  23060.43441366  .00006441  00000+0  52484-4 0  9990
2 55604  43.0003 252.3221 0002089 259.3883 100.6750 15.71376272  2727
STARLINK-5725           
1 55605U 23020AN  23060.44034873  .00061005  00000+0  46460-3 0  9996
2 55605  42.9992 252.3677 0002333 283.3751  76.6856 15.71387400  2725
STARLINK-5723           
1 55606U 23020AP  23060.58334491  .00261791  33406-4  80393-3 0  9999
2 55606  42.9989 249.6722 0015401  56.8629  46.6589 15.90891417  2751
STARLINK-5700           
1 55607U 23020AQ  23060.44003252  .00068812  00000+0  52271-3 0  9995
2 55607  42.9992 252.3652 0002144 278.0718  81.9907 15.71406494  2725
STARLINK-5726           
1 55608U 23020AR  23060.43982285  .00060042  00000+0  45754-3 0  9992
2 55608  43.0000 252.3639 0002678 279.8205  80.2360 15.71377539  2727
STARLINK-5719           
1 55609U 23020AS  23059.93175010  .00043521  00000+0  33380-3 0  9991
2 55609  42.9994 255.4330 0002001 261.6849  98.3792 15.71339737  2641
STARLINK-5722           
1 55610U 23020AT  23059.99447616  .00101363  00000+0  76764-3 0  9995
2 55610  42.9995 255.0442 0002644 250.5871 109.4711 15.71334722  2654
STARLINK-5730           
1 55611U 23020AU  23060.43950337  .00095699  00000+0  72253-3 0  9999
2 55611  42.9999 252.3611 0002431 262.0978  97.9614 15.71430360  2723
STARLINK-5734           
1 55612U 23020AV  23060.43929724  .00073344  00000+0  55696-3 0  9991
2 55612  42.9996 252.3596 0002359 282.3438  77.7166 15.71391283  2726
STARLINK-5715           
1 55613U 23020AW  23060.43971735  .00078239  00000+0  59323-3 0  9990
2 55613  42.9989 252.3629 0002231 282.1823  77.8794 15.71404489  2722
STARLINK-5714           
1 55614U 23020AX  23060.42945074  .00116229  00000+0  78540-3 0  9991
2 55614  42.9994 252.2816 0004419 296.8383  63.2033 15.73946421  2723
STARLINK-5712           
1 55615U 23020AY  23060.43918862  .00075086  00000+0  56948-3 0  9991
2 55615  42.9994 252.3589 0002616 261.6537  98.4034 15.71411764  2726
STARLINK-5710           
1 55616U 23020AZ  23060.43876998  .00101562  00000+0  76611-3 0  9993
2 55616  42.9997 252.3554 0002375 245.7101 114.3519 15.71428580  2724
STARLINK-5721           
1 55617U 23020BA  23059.99405214  .00080724  00000+0  61312-3 0  9990
2 55617  42.9996 255.0405 0002666 253.8416 106.2159 15.71351512  2653
STARLINK-5717           
1 55618U 23020BB  23059.93017190  .00046432  00000+0  35574-3 0  9996
2 55618  43.0002 255.4223 0002086 266.2318  93.8311 15.71341790  2648
STARLINK-5720           
1 55619U 23020BC  23060.43855946  .00063818  00000+0  48567-3 0  9996
2 55619  43.0000 252.3537 0002821 265.2855  94.7690 15.71387605  2727
STARLINK-5718           
1 55620U 23020BD  23059.92985633  .00022825  00000+0  17711-3 0  9997
2 55620  42.9993 255.4190 0002223 257.5244 102.5375 15.71342937  2647
STARLINK-5709           
1 55621U 23020BE  23060.43887315  .00056919  00000+0  43379-3 0  9994
2 55621  42.9994 252.3562 0002254 275.3382  84.7229 15.71394891  2727
STARLINK-5702           
1 55622U 23020BF  23060.43845462  .00067773  00000+0  51515-3 0  9993
2 55622  42.9992 252.3528 0002482 280.8343  79.2245 15.71395803  2720
STARLINK-5698           
1 55623U 23020BG  23060.43824250  .00063718  00000+0  48457-3 0  9992
2 55623  42.9995 252.3509 0002033 275.4167  84.6469 15.71406524  2720
FALCON 9 DEB            
1 55624U 23020BH  23060.22775308  .00484289  10232-3  11692-2 0  9991
2 55624  43.0085 251.5511 0019041  62.7417 297.5397 15.95232067  2718
FALCON 9 DEB            
1 55625U 23020BJ  23060.22076812  .00548804  13262-3  12459-2 0  9998
2 55625  43.0051 251.4906 0015478  59.8397 300.4011 15.96465925  2712
FALCON 9 DEB            
1 55626U 23020BK  23059.95717392  .00480296  10406-3  10064-2 0  9999
2 55626  43.0000 252.9369 0017266  43.6027 316.6212 15.97848370  2671
FALCON 9 DEB            
1 55627U 23020BL  23059.95730017  .00432588  84582-4  94307-3 0  9990
2 55627  42.9982 252.9341 0016359  44.7012 315.5181 15.97177938  2675
STARLINK-5484           
1 55628U 23021A   23060.58334491 -.01005041  00000+0 -61153-2 0  9992
2 55628  69.9999 116.8399 0003533 270.6281  33.5524 15.79790633  2392
STARLINK-5497           
1 55629U 23021B   23060.58334491 -.01008620  00000+0 -61420-2 0  9996
2 55629  69.9997 116.8401 0003530 269.6418  34.1206 15.79782580  2398
STARLINK-5303           
1 55630U 23021C   23060.58334491 -.01000032  00000+0 -60796-2 0  9992
2 55630  69.9998 116.8390 0003600 271.1455  33.4898 15.79795264  2397
STARLINK-5558           
1 55631U 23021D   23060.58334491 -.00996150  00000+0 -60358-2 0  9991
2 55631  69.9996 116.8358 0003628 271.6058  35.5129 15.79857514  2391
STARLINK-5546           
1 55632U 23021E   23060.58334491 -.01004299  00000+0 -61016-2 0  9999
2 55632  69.9996 116.8379 0003617 271.7442  33.7151 15.79820285  2391
STARLINK-5498           
1 55633U 23021F   23060.00001157 -.00973625  00000+0 -55701-2 0  9998
2 55633  70.0001 118.5035 0003530 265.3914 322.6217 15.81044754  2303
STARLINK-5500           
1 55634U 23021G   23060.58334491 -.01004874  00000+0 -61084-2 0  9995
2 55634  69.9996 116.8384 0003607 272.4670  32.5731 15.79810131  2399
STARLINK-5495           
1 55635U 23021H   23060.00001157 -.00974642  00000+0 -55567-2 0  9990
2 55635  70.0002 118.5003 0003568 273.3775 317.3725 15.81121164  2302
STARLINK-5218           
1 55636U 23021J   23059.91667824 -.00994237  00000+0 -56446-2 0  9997
2 55636  70.0003 118.7408 0003796 281.2503 193.3452 15.81258598  1305
STARLINK-5062           
1 55637U 23021K   23060.58334491 -.01004220  00000+0 -60740-2 0  9991
2 55637  69.9996 116.8337 0003548 268.8815  40.2913 15.79918114  2392
STARLINK-5507           
1 55638U 23021L   23060.58334491 -.01040898  00000+0 -63378-2 0  9993
2 55638  69.9995 116.8374 0003538 273.2841  32.9861 15.79870201  2395
STARLINK-5508           
1 55639U 23021M   23060.58334491 -.01001176  00000+0 -60386-2 0  9996
2 55639  69.9996 116.8308 0003640 271.5762  39.6546 15.79969986  2394
STARLINK-5069           
1 55640U 23021N   23060.58334491 -.00999920  00000+0 -60187-2 0  9999
2 55640  69.9997 116.8290 0003609 270.0957  42.7903 15.80011668  2391
STARLINK-5065           
1 55641U 23021P   23060.58334491 -.00948900  00000+0 -57002-2 0  9994
2 55641  70.0003 116.8319 0003691 266.8719  43.9651 15.79921460  2396
STARLINK-5478           
1 55642U 23021Q   23060.00001157 -.00974148  00000+0 -55622-2 0  9991
2 55642  70.0001 118.5016 0003535 266.8442 322.7373 15.81088139  2308
STARLINK-5483           
1 55643U 23021R   23060.58334491 -.00972602  00000+0 -58462-2 0  9993
2 55643  70.0001 116.8303 0003635 267.7971  44.2711 15.79970177  2397
STARLINK-5502           
1 55644U 23021S   23060.00001157 -.00976405  00000+0 -55588-2 0  9992
2 55644  70.0000 118.4988 0003639 279.8730 312.0402 15.81155430  2309
STARLINK-5102           
1 55645U 23021T   23060.58334491 -.00972671  00000+0 -58267-2 0  9994
2 55645  70.0001 116.8268 0003643 267.4842  47.4818 15.80044509  2398
STARLINK-5104           
1 55646U 23021U   23060.58334491 -.01003944  00000+0 -60776-2 0  9992
2 55646  69.9999 116.8345 0003632 262.8782  45.4519 15.79897309  2396
STARLINK-5510           
1 55647U 23021V   23060.58334491 -.00975274  00000+0 -58489-2 0  9994
2 55647  70.0001 116.8279 0003651 269.8376  44.2840 15.80026552  2397
STARLINK-5501           
1 55648U 23021W   23060.58334491 -.01011661  00000+0 -61133-2 0  9997
2 55648  69.9998 116.8326 0003632 267.4449  42.9568 15.79956728  2394
STARLINK-5469           
1 55649U 23021X   23060.58334491 -.00964493  00000+0 -57845-2 0  9992
2 55649  70.0002 116.8288 0003654 268.8708  44.4300 15.79997588  2398
STARLINK-5494           
1 55650U 23021Y   23060.58334491 -.00993213  00000+0 -59835-2 0  9997
2 55650  69.9996 116.8305 0003632 271.0696  40.5731 15.79975013  2391
STARLINK-5506           
1 55651U 23021Z   23060.58334491 -.01003198  00000+0 -60630-2 0  9998
2 55651  69.9997 116.8329 0003685 265.8588  43.6869 15.79930777  2392
STARLINK-5487           
1 55652U 23021AA  23060.58334491 -.00965012  00000+0 -57937-2 0  9996
2 55652  70.0002 116.8297 0003659 272.6351  39.8503 15.79975961  2398
STARLINK-5067           
1 55653U 23021AB  23060.58334491 -.00969453  00000+0 -58082-2 0  9992
2 55653  70.0001 116.8272 0003674 270.7292  43.8143 15.80032822  2398
STARLINK-5070           
1 55654U 23021AC  23060.58334491 -.01002329  00000+0 -60698-2 0  9990
2 55654  69.9997 116.8349 0003671 259.8382  48.0788 15.79885416  2395
STARLINK-5267           
1 55655U 23021AD  23060.58334491 -.00964696  00000+0 -57574-2 0  9993
2 55655  70.0002 116.8240 0003678 267.2219  50.1979 15.80104530  2394
STARLINK-5326           
1 55656U 23021AE  23060.58334491 -.00997486  00000+0 -59853-2 0  9999
2 55656  69.9998 116.8264 0003555 272.2995  43.0609 15.80074106  2399
STARLINK-5328           
1 55657U 23021AF  23060.58334491 -.00974319  00000+0 -58254-2 0  9994
2 55657  70.0002 116.8252 0003700 267.3614  49.2397 15.80089658  2391
STARLINK-5307           
1 55658U 23021AG  23060.58334491 -.01023382  00000+0 -61657-2 0  9992
2 55658  69.9998 116.8285 0003642 271.2025  42.4856 15.80052253  2390
STARLINK-5477           
1 55659U 23021AH  23059.91667824 -.00933556  00000+0 -52077-2 0  9995
2 55659  70.0003 118.7288 0003694 282.1878 202.0677 15.81483649  1302
STARLINK-5467           
1 55660U 23021AJ  23060.58334491 -.01009310  00000+0 -60588-2 0  9992
2 55660  70.0001 116.8266 0003693 262.5592  53.2077 15.80093867  2399
STARLINK-5475           
1 55661U 23021AK  23060.58334491 -.01000385  00000+0 -59829-2 0  9992
2 55661  69.9996 116.8224 0003673 264.7713  53.4536 15.80151796  2399
STARLINK-5479           
1 55662U 23021AL  23060.58334491 -.01020374  00000+0 -61287-2 0  9994
2 55662  70.0000 116.8257 0003550 266.9225  49.2532 15.80112534  2397
STARLINK-5473           
1 55663U 23021AM  23060.58334491 -.00972710  00000+0 -57760-2 0  9995
2 55663  69.9997 116.8205 0006701 271.2854  49.0118 15.80185557  2394
STARLINK-5480           
1 55664U 23021AN  23059.91667824 -.01016512  00000+0 -57050-2 0  9992
2 55664  70.0003 118.7282 0003647 271.9314 213.0806 15.81564752  2291
STARLINK-5474           
1 55665U 23021AP  23060.58334491 -.00992990  00000+0 -59293-2 0  9992
2 55665  69.9997 116.8218 0003596 271.3404  47.7026 15.80167944  2394
STARLINK-5457           
1 55666U 23021AQ  23060.58334491  .00188150  00000+0  95039-3 0  9995
2 55666  69.9951 116.8139 0001916 278.1119  42.2602 15.80913904  2394
STARLINK-5456           
1 55667U 23021AR  23060.00001157 -.00976273  00000+0 -54867-2 0  9999
2 55667  70.0002 118.4865 0003556 267.4816 334.5383 15.81433866  2305
STARLINK-5455           
1 55668U 23021AS  23060.00001157 -.00976867  00000+0 -55039-2 0  9991
2 55668  70.0002 118.4889 0003547 266.6503 333.4239 15.81381388  2305
STARLINK-5459           
1 55669U 23021AT  23060.58334491 -.00999994  00000+0 -59692-2 0  9990
2 55669  69.9997 116.8209 0003552 272.6894  47.1817 15.80193778  2393
STARLINK-5423           
1 55670U 23021AU  23060.58334491 -.01004930  00000+0 -59917-2 0  9990
2 55670  69.9998 116.8199 0003661 271.9153  49.1763 15.80230337  2390
STARLINK-5460           
1 55671U 23021AV  23060.58334491 -.01004037  00000+0 -59681-2 0  9997
2 55671  69.9999 116.8169 0003683 271.1895  52.3477 15.80294034  2390
STARLINK-5461           
1 55672U 23021AW  23060.58334491 -.01004110  00000+0 -59716-2 0  9999
2 55672  69.9998 116.8172 0003694 271.5234  51.6142 15.80282930  2390
STARLINK-5463           
1 55673U 23021AX  23060.58334491 -.01003610  00000+0 -59778-2 0  9992
2 55673  69.9996 116.8183 0003557 271.4819  50.4308 15.80250242  2399
STARLINK-5462           
1 55674U 23021AY  23060.58334491 -.01000292  00000+0 -59499-2 0  9996
2 55674  69.9999 116.8177 0003692 270.9703  51.7598 15.80269359  2396
STARLINK-5232           
1 55675U 23021AZ  23060.58334491 -.00991599  00000+0 -59027-2 0  9992
2 55675  69.9999 116.8190 0003684 272.0014  49.5148 15.80230283  2391
STARLINK-5300           
1 55676U 23021BA  23060.58334491 -.00991555  00000+0 -58846-2 0  9993
2 55676  69.9998 116.8162 0003705 273.3249  50.6199 15.80295573  2390
STARLINK-5324           
1 55677U 23021BB  23060.58334491 -.01003751  00000+0 -59605-2 0  9991
2 55677  69.9998 116.8159 0003693 270.8235  53.5398 15.80314605  2391
STARLINK-5314           
1 55678U 23021BC  23060.58334491 -.00992368  00000+0 -59015-2 0  9997
2 55678  69.9998 116.8180 0003724 263.9115  58.4083 15.80252959  2399
FALCON 9 DEB            
1 55679U 23021BD  23060.20689939  .06753397  42731-5  58879-3 0  9999
2 55679  69.9718 116.9763 0020767 143.9277 216.3359 16.37962975  2165
FALCON 9 DEB            
1 55680U 23021BE  23060.26097784  .08558354  43693-5  34215-3 0  9992
2 55680  69.9773 116.7643 0013340 152.9386 207.2545 16.42490533  2172
INMARSAT 6-F2           
1 55683U 23022A   23060.45614058  .00000975  00000+0  14624-2 0  9999
2 55683  27.0215  49.1205 7551418 170.5898 223.2766  1.91654731   168
FALCON 9 R/B            
1 55684U 23022B   23057.83326218  .00008551  00000+0  15593-2 0  9990
2 55684  27.0274  49.7527 7584690 169.7921 227.1476  1.92368465   148
DRUMS TARGET-1          
1 55685U 21102M   23059.88246864  .00022633  00000+0  16002-2 0  9996
2 55685  97.5012 116.5124 0020720  71.9472 288.4375 15.04709057  1596
CHINASAT 26 (ZX 26)     
1 55686U 23023A   23054.65327030 -.00090925  00000+0 -14966-1 0  9993
2 55686  27.8958 327.5208 7292351 179.4456 119.0028  2.27947088    01
CZ-3B R/B               
1 55687U 23023B   23055.75585878  .00001253 -87120-7  10000-3 0  9990
2 55687  27.9224 326.9655 7225668 179.5385 348.6987  2.37970374    39
SOYUZ-MS 23             
1 55688U 23024A   23059.42649794  .00020820  00000+0  37893-3 0  9991
2 55688  51.6397 147.2641 0005146  32.2811  66.5136 15.49451328384928
2023-025A               
1 55690U 23025A   23060.49146711 -.00019110  00000+0 -80944-3 0  9992
2 55690  97.4741 134.3872 0010188 223.2874 274.4720 15.23077166   793
2023-025B               
1 55691U 23025B   23060.48641831 -.00000078  00000+0  00000+0 0  9998
2 55691  97.6018 134.5639 0065494 264.1520  95.2712 15.17560142   792
2023-025C               
1 55692U 23025C   23060.49736843  .00078192  00000+0  37472-2 0  9995
2 55692  97.6529 134.3938 0092514 209.8748 149.7188 15.14839714   817
2023-025D               
1 55693U 23025D   23060.49933129  .00119770  00000+0  57494-2 0  9996
2 55693  97.2417 134.2226 0094972 208.6953 150.9044 15.14410916   795
2023-025E               
1 55694U 23025E   23059.74357628 -.00000058  00000+0  00000+0 0  9994
2 55694  97.2637 133.3398 0161431 151.7586 326.4831 14.86957916   681
2023-019H               
1 55737U 23019H   23060.08618434  .01518306  00000+0  62218-2 0  9991
2 55737  37.2095 351.4439 0042986 169.8087 190.3566 15.80747129  2446
2023-019J               
1 55738U 23019J   23060.20578682  .00477806  00000+0  49125-2 0  9996
2 55738  37.1905 352.4507 0039995 161.5749 198.6475 15.61516593  2621
2023-019K               
1 55739U 23019K   23060.19240128  .00676780  00000+0  47091-2 0  9998
2 55739  37.1984 351.3787 0052323 163.2629 196.9880 15.69785491  2931
