STARLINK-30122          
1 56688U 23067A   23168.16667824 -.00106165  00000+0 -30598-2 0  9998
2 56688  43.0022 296.4571 0001654 260.3787  50.9070 15.35357522  4822
STARLINK-30129          
1 56689U 23067B   23168.16667824 -.02088779  00000+0 -98260-1 0  9990
2 56689  42.9998 296.6036 0001626 247.8232   2.0867 15.22549798  4821
STARLINK-30124          
1 56690U 23067C   23168.16667824 -.02080845  00000+0 -95980-1 0  9994
2 56690  43.0001 296.5689 0000533 266.9475 357.4435 15.23201609  4825
STARLINK-30087          
1 56691U 23067D   23167.91667824  .00069018  00000+0  36838-2 0  9990
2 56691  43.0008 298.6970 0001859 247.1718 143.0407 15.14261081  1300
STARLINK-30036          
1 56692U 23067E   23168.16667824  .00037592  00000+0  20200-2 0  9997
2 56692  43.0010 297.2676 0001857 242.6447  91.0092 15.14275505  4816
STARLINK-30067          
1 56693U 23067F   23167.91667824  .00050973  00000+0  27318-2 0  9995
2 56693  43.0009 298.5612 0001870 235.7469 211.3537 15.14246373  1304
STARLINK-30126          
1 56694U 23067G   23168.16667824  .00035830  00000+0  19300-2 0  9991
2 56694  43.0011 297.2209 0002334 277.4920  75.2323 15.14207372  4812
STARLINK-30121          
1 56695U 23067H   23168.16667824  .00233589  00000+0  10252-1 0  9999
2 56695  43.0012 297.0875 0002002 274.9933 133.7234 15.20209118  4817
STARLINK-30118          
1 56696U 23067J   23168.06667593  .00385537  69145-4  80725-3 0  9997
2 56696  42.9995 290.1724 0008796   2.3763 357.7155 15.98095713  4609
STARLINK-30130          
1 56697U 23067K   23168.16667824 -.02087965  00000+0 -10745+0 0  9995
2 56697  42.9998 296.7457 0000698 270.9426 279.2722 15.19520548  4824
STARLINK-30068          
1 56698U 23067L   23168.16667824 -.01597043  00000+0 -16514-1 0  9990
2 56698  43.0003 293.2443 0001288 202.1165 339.0135 15.66878608  4866
STARLINK-30127          
1 56699U 23067M   23168.16667824  .00022581  00000+0  12205-2 0  9992
2 56699  43.0010 297.0852 0001329 277.0362 132.4332 15.14284336  4818
STARLINK-30053          
1 56700U 23067N   23168.16667824 -.00405565  00000+0 -22888-1 0  9991
2 56700  43.0008 297.0394 0000735 245.4917 182.8206 15.14473968  4814
STARLINK-30125          
1 56701U 23067P   23168.16667824 -.01261643  00000+0 -72069-1 0  9996
2 56701  43.0005 297.0026 0001283 257.2353 189.5159 15.15282418  4818
STARLINK-30117          
1 56702U 23067Q   23168.00001157  .00078847  00000+0  14029-2 0  9993
2 56702  43.0002 296.9330 0003639 320.6165 345.7793 15.49198887  4807
STARLINK-30132          
1 56703U 23067R   23168.16667824 -.02082806  00000+0 -11567+0 0  9995
2 56703  43.0001 296.9103 0001036 279.8258 202.7438 15.16891412  4820
STARLINK-30066          
1 56704U 23067S   23168.16667824 -.02082229  00000+0 -10308+0 0  9997
2 56704  42.9999 296.6698 0000408 260.3644 321.6232 15.20828964  4827
STARLINK-30080          
1 56705U 23067T   23168.16667824 -.00763630  00000+0 -11441-1 0  9999
2 56705  43.0006 294.1587 0001781 267.1673 262.0867 15.56328305  4859
STARLINK-30079          
1 56706U 23067U   23168.16667824 -.02082348  00000+0 -11133+0 0  9998
2 56706  42.9999 296.8263 0000747 260.2596 256.8180 15.18203645  4821
STARLINK-30070          
1 56707U 23067V   23168.16667824 -.02078166  00000+0 -11322+0 0  9992
2 56707  43.0000 296.8669 0000893 274.1691 225.8259 15.17546270  4825
STARLINK-30071          
1 56708U 23067W   23168.16667824 -.02073779  00000+0 -10463+0 0  9993
2 56708  42.9997 296.7079 0000887 232.8480 333.4276 15.20166306  4820
STARLINK-30085          
1 56709U 23067X   23168.16667824 -.02085678  00000+0 -10941+0 0  9996
2 56709  42.9998 296.7855 0000548 260.3675 273.4490 15.18862489  4823
ONEWEB-0561             
1 56710U 23068A   23168.16667824 -.01135730  00000+0 -45345+0 0  9999
2 56710  87.0756 129.6859 0014021 120.1562 323.1475 14.31688340  4871
ONEWEB-0668             
1 56711U 23068B   23167.91667824 -.00011877  00000+0 -16469-2 0  9994
2 56711  86.7234 128.9800 0017483 122.7703 176.1730 14.78104599  1302
ONEWEB-0676             
1 56712U 23068C   23167.93220556  .00001704  00000+0  23242-3 0  9998
2 56712  86.7195 128.9634 0017237 123.9537 236.3325 14.77970758  4892
ONEWEB-0677             
1 56713U 23068D   23167.91667824 -.01092655  00000+0 -31520+0 0  9992
2 56713  86.9259 129.5937 0012534 118.0167  19.1394 14.47755887  1305
ONEWEB-0678             
1 56714U 23068E   23167.67719861  .00002004  00000+0  27890-3 0  9990
2 56714  86.7192 129.0899 0013233 123.0060 237.2434 14.77258179  4167
ONEWEB-0679             
1 56715U 23068F   23167.91667824 -.00011986  00000+0 -16606-2 0  9992
2 56715  86.7229 128.9780 0017640 123.2554 181.3698 14.78137349  1302
ONEWEB-0680             
1 56716U 23068G   23167.91667824 -.00012171  00000+0 -17020-2 0  9991
2 56716  86.7210 128.9743 0016657 124.9163 144.4822 14.77754392  1304
ONEWEB-0681             
1 56717U 23068H   23167.91667824 -.00011701  00000+0 -16505-2 0  9997
2 56717  86.7214 128.9899 0014619 125.9279  98.1507 14.77410295  1302
ONEWEB-0682             
1 56718U 23068J   23167.91667824 -.00012232  00000+0 -17381-2 0  9991
2 56718  86.7216 128.9934 0014071 125.7188  88.5382 14.77102433  1300
ONEWEB-0683             
1 56719U 23068K   23167.91667824 -.00012183  00000+0 -17313-2 0  9992
2 56719  86.7213 128.9951 0013968 124.7500  81.3884 14.77096722  1309
ONEWEB-0684             
1 56720U 23068L   23167.67706304  .00002056  00000+0  28731-3 0  9997
2 56720  86.7215 129.0914 0013237 123.0727 237.1766 14.77089512  4162
ONEWEB-0686             
1 56721U 23068M   23167.91667824 -.00012010  00000+0 -16754-2 0  9992
2 56721  86.7204 128.9681 0017267 123.9452 164.1729 14.77850960  1305
ONEWEB-0694             
1 56722U 23068N   23167.91667824 -.00012100  00000+0 -16893-2 0  9997
2 56722  86.7244 128.9854 0017076 123.7471 158.4984 14.77817630  1305
ONEWEB-0696             
1 56723U 23068P   23167.74442886  .00002035  00000+0  28512-3 0  9994
2 56723  86.7210 129.0668 0013506 123.8402 236.4106 14.76969784  4171
ONEWEB-0703             
1 56724U 23068Q   23167.91667824 -.00012158  00000+0 -17285-2 0  9998
2 56724  86.7207 128.9924 0013734 124.4405  77.3335 14.77081082  1309
ONEWEB-0721             
1 56725U 23068R   23167.92938714  .00002449  00000+0  29993-3 0  9999
2 56725  86.6773 128.9411 0013136 122.0220 238.2281 14.82713883  4895
IRIDIUM 181             
1 56726U 23068S   23167.62751485  .00001664  00000+0  21519-3 0  9999
2 56726  86.6763 129.1003 0003148 107.8125 252.3441 14.80299383  4158
IRIDIUM 177             
1 56727U 23068T   23167.82476194  .00001643  00000+0  21262-3 0  9995
2 56727  86.6755 129.0093 0002667 102.5049 257.6471 14.80268707  4180
IRIDIUM 174             
1 56728U 23068U   23167.61653717  .00001591  00000+0  20583-3 0  9998
2 56728  86.6810 129.1092 0002656 101.3253 258.8268 14.80267664  4150
IRIDIUM 178             
1 56729U 23068V   23167.61115878  .00001619  00000+0  20942-3 0  9990
2 56729  86.6754 129.0869 0002517 105.2756 254.8744 14.80267846  4153
IRIDIUM 179             
1 56730U 23068W   23167.87581433  .00001560  00000+0  20177-3 0  9999
2 56730  86.6795 128.9854 0002457 106.2052 253.9440 14.80245657  4198
2023-069A               
1 56731U 23069A   23168.01145646  .00008575  00000+0  28765-3 0  9994
2 56731  41.0042 204.4636 0032051 323.3384  36.5244 15.30470927  4081
2023-069B               
1 56732U 23069B   23168.06668277  .00016760  00000+0  54063-3 0  9995
2 56732  41.0033 204.0031 0030058 324.0375  35.8423 15.31326219  4097
2023-069C               
1 56733U 23069C   23168.06601915  .00007896  00000+0  26070-3 0  9999
2 56733  41.0035 203.9981 0029508 324.0952  35.7886 15.31133641  4098
CZ-2C R/B               
1 56734U 23069D   23167.79326162  .00025322  00000+0  46056-3 0  9997
2 56734  41.1961 202.3426 0054073 229.6529 129.9571 15.47290653  4091
CZ-2C DEB               
1 56735U 23069E   23167.80711902  .00057216  00000+0  37863-2 0  9992
2 56735  41.1414 215.0285 0208432 303.7007  54.4087 14.90451121  3958
CZ-2C DEB               
1 56736U 23069F   23167.83505430  .00085830  00000+0  32680-2 0  9998
2 56736  40.8529 208.3870 0116446 353.5378   6.3931 15.19562239  4033
CZ-2C DEB               
1 56737U 23069G   23167.18078830  .00118843  00000+0  40332-2 0  9990
2 56737  41.0949 211.2994 0111205 355.8837   4.1060 15.23573997  3908
2023-069H               
1 56738U 23069H   23168.04513557  .00043454  00000+0  28173-2 0  9991
2 56738  40.9034 213.3693 0201207 305.0238  53.1833 14.92205685  3997
PROGRESS-MS 23          
1 56740U 23071A   23167.49074611 -.00152675  00000+0 -27135-2 0  9993
2 56740  51.6394 331.9694 0004893  61.3577  36.0003 15.50048895401686
2023-072A               
1 56743U 23072A   23168.07472281  .00005211  00000+0  34949-3 0  9990
2 56743  97.5416 354.9463 0007893 213.6732 146.3995 15.07251490  3413
SNIPE 4                 
1 56744U 23072B   23167.80823861  .00007467  00000+0  49761-3 0  9998
2 56744  97.5501 354.7125 0007905 215.7313 144.3387 15.07347320  3370
SNIPE 2                 
1 56745U 23072C   23168.07179074  .00007845  00000+0  52058-3 0  9992
2 56745  97.5511 354.9779 0008179 218.3469 141.7179 15.07487481  3412
2023-072D               
1 56746U 23072D   23168.06948636  .00008557  00000+0  56475-3 0  9998
2 56746  97.5514 354.9809 0008459 222.0316 138.0264 15.07658860  3419
2023-072E               
1 56747U 23072E   23168.06735813  .00007259  00000+0  47810-3 0  9991
2 56747  97.5517 354.9837 0008896 224.9873 135.0635 15.07783299  3412
2023-072F               
1 56748U 23072F   23168.06678175  .00006296  00000+0  41503-3 0  9992
2 56748  97.5311 354.9255 0009149 225.5808 134.4672 15.07803001  3414
2023-072G               
1 56749U 23072G   23168.06454952  .00007445  00000+0  48767-3 0  9994
2 56749  97.5320 354.9304 0009492 228.5769 131.4645 15.07971822  3414
2023-072H               
1 56750U 23072H   23167.63243360  .00003995  00000+0  21845-3 0  9991
2 56750  97.5377 354.7474 0013707 211.4501 148.5912 15.14777014  3368
AXIOM-2 DEB             
1 56751U 23070B   23167.68727396  .00184392  00000+0  10807-2 0  9997
2 56751  51.4316 328.2253 0058733 222.0435 137.6047 15.74741565  2628
ELECTRON KICK STAGE R/B 
1 56752U 23073A   23167.84231837  .00011806  00000+0  76691-3 0  9992
2 56752  32.7369  70.1981 0011692  58.7666 301.4148 15.06973295  3270
TROPICS-03              
1 56753U 23073B   23167.84538329  .00009970  00000+0  65233-3 0  9998
2 56753  32.7372  70.2278 0010210  70.5049 289.6723 15.06711293  3259
TROPICS-07              
1 56754U 23073C   23167.76321787  .00010690  00000+0  67767-3 0  9993
2 56754  32.7374  70.5118 0014700  61.5888 298.6261 15.07830103  3268
ELECTRON R/B            
1 56755U 23073D   23167.82452210  .00014012  00000+0  87896-3 0  9994
2 56755  35.4650  75.2435 0024140  11.3550 348.7709 15.08336362  3272
COSMOS 2569             
1 56756U 23074A   23168.02817310  .00006030  00000+0  29335-3 0  9990
2 56756  97.4375   2.4817 0001523  88.1908 271.9501 15.18765292  3210
ARABSAT-7B (BADR-8)     
1 56757U 23075A   23167.02714102 -.00000165  00000+0  00000+0 0  9994
2 56757  18.9463 144.8944 7744225 184.6441 157.0774  1.02604984    12
FALCON 9 R/B            
1 56758U 23075B   23166.66518874 -.00000068  00000+0  65894-3 0  9990
2 56758  27.8549 144.7573 8176146 185.4078 149.4719  1.20343160   224
IRNSS-1J (NVS-01)       
1 56759U 23076A   23167.74910500 -.00000326  00000+0  00000+0 0  9995
2 56759   4.9391 273.5872 0004438 358.4855  31.8885  1.00271066   120
GSLV R/B                
1 56760U 23076B   23167.62358555  .00127161  15525-5  42431-2 0  9997
2 56760  19.1836 262.9531 7500580 190.2097 134.3909  2.04905738   383
SHENZHOU-16 (SZ-16)     
1 56761U 23077A   23167.39667567  .00018987  00000+0  23067-3 0  9995
2 56761  41.4727 160.6729 0001598   2.0323 358.0522 15.60125589121715
STARLINK-6197           
1 56767U 23078A   23168.16667824 -.00327836  00000+0 -28087-2 0  9998
2 56767  70.0018   5.8282 0003679 272.1164 314.0622 15.70123466  2951
STARLINK-6198           
1 56768U 23078B   23168.16667824 -.00417859  00000+0 -36085-2 0  9991
2 56768  70.0040   5.8271 0003484 273.4420 315.6752 15.70191360  2957
STARLINK-5978           
1 56769U 23078C   23168.16667824 -.00351574  00000+0 -30186-2 0  9999
2 56769  70.0030   5.8285 0003285 274.5604 312.7956 15.70142553  2951
STARLINK-6342           
1 56770U 23078D   23168.16667824 -.00342011  00000+0 -29339-2 0  9995
2 56770  70.0031   5.8297 0003610 274.7415 312.0266 15.70133871  2951
STARLINK-6339           
1 56771U 23078E   23168.16667824 -.00430058  00000+0 -37179-2 0  9996
2 56771  70.0019   5.8241 0003408 275.1103 314.5972 15.70200477  2959
STARLINK-6275           
1 56772U 23078F   23168.16667824 -.00358766  00000+0 -30816-2 0  9993
2 56772  70.0026   5.8279 0003732 273.4826 314.4637 15.70149790  2959
STARLINK-6296           
1 56773U 23078G   23168.16667824 -.00442701  00000+0 -38311-2 0  9995
2 56773  70.0018   5.8230 0003428 273.1024 317.1920 15.70211812  2957
STARLINK-6190           
1 56774U 23078H   23168.16667824 -.00370570  00000+0 -31865-2 0  9997
2 56774  70.0024   5.8266 0003369 275.4269 313.1076 15.70159964  2951
STARLINK-6292           
1 56775U 23078J   23168.16667824 -.00507215  00000+0 -44127-2 0  9991
2 56775  70.0019   5.8198 0003389 272.7469 320.4846 15.70268178  2958
STARLINK-6274           
1 56776U 23078K   23168.16667824 -.00454927  00000+0 -39409-2 0  9990
2 56776  70.0025   5.8240 0003401 274.7763 316.1060 15.70222432  2951
STARLINK-5582           
1 56777U 23078L   23167.91667824 -.00854977  00000+0 -75525-2 0  9991
2 56777  70.0021   6.5208 0003660 271.9884 349.8216 15.70889587  1304
STARLINK-6304           
1 56778U 23078M   23168.16667824 -.00458650  00000+0 -39742-2 0  9999
2 56778  70.0033   5.8241 0003350 273.4156 318.0568 15.70227104  2953
STARLINK-6231           
1 56779U 23078N   23167.91667824 -.00859576  00000+0 -75802-2 0  9991
2 56779  70.0021   6.5171 0003646 272.3627 352.3275 15.70943458  1301
STARLINK-5963           
1 56780U 23078P   23167.91667824 -.00856206  00000+0 -75609-2 0  9995
2 56780  70.0026   6.5210 0003656 272.6961 349.6901 15.70900890  1305
STARLINK-5989           
1 56781U 23078Q   23167.91667824 -.00856649  00000+0 -75391-2 0  9995
2 56781  70.0012   6.5134 0003672 272.2259 354.7683 15.70982771  1302
STARLINK-6352           
1 56782U 23078R   23168.16667824 -.00479000  00000+0 -41577-2 0  9995
2 56782  70.0028   5.8226 0003358 275.6232 316.4354 15.70243359  2957
STARLINK-6357           
1 56783U 23078S   23168.16667824 -.00539256  00000+0 -47049-2 0  9996
2 56783  70.0024   5.8189 0003398 274.1505 319.6668 15.70290251  2959
STARLINK-6354           
1 56784U 23078T   23168.16667824 -.00485484  00000+0 -42158-2 0  9996
2 56784  70.0030   5.8220 0003397 274.2361 318.4097 15.70251077  2959
STARLINK-5931           
1 56785U 23078U   23167.91667824 -.00855360  00000+0 -75333-2 0  9994
2 56785  70.0031   6.5165 0003665 271.0052 354.8382 15.70961737  1307
STARLINK-6341           
1 56786U 23078V   23168.16667824 -.00561454  00000+0 -49078-2 0  9998
2 56786  70.0034   5.8203 0003480 274.5470 319.8546 15.70307284  2959
STARLINK-6326           
1 56787U 23078W   23167.91667824 -.00857062  00000+0 -75591-2 0  9993
2 56787  70.0026   6.5177 0003686 272.7213 351.3919 15.70932385  1301
STARLINK-6336           
1 56788U 23078X   23167.91667824 -.00853817  00000+0 -75344-2 0  9994
2 56788  70.0036   6.5208 0003674 271.4264 351.5347 15.70910841  1307
STARLINK-6325           
1 56789U 23078Y   23167.91667824 -.00853870  00000+0 -74962-2 0  9999
2 56789  70.0032   6.5117 0003726 272.7682 357.0996 15.71032457  1309
STARLINK-6345           
1 56790U 23078Z   23167.91667824 -.00860295  00000+0 -75934-2 0  9990
2 56790  70.0032   6.5197 0003655 272.6168 350.9201 15.70923998  1307
STARLINK-5977           
1 56791U 23078AA  23167.91667824 -.00854694  00000+0 -75135-2 0  9990
2 56791  70.0019   6.5122 0003709 272.0748 356.0673 15.71003210  1306
STARLINK-6046           
1 56792U 23078AB  23167.91667824 -.00853819  00000+0 -75212-2 0  9995
2 56792  70.0017   6.5160 0003700 270.9417 354.3229 15.70952182  1306
STARLINK-6052           
1 56793U 23078AC  23167.91667824 -.00851854  00000+0 -74612-2 0  9996
2 56793  70.0024   6.5072 0003685 272.4184   0.3193 15.71082107  1307
STARLINK-6060           
1 56794U 23078AD  23167.91667824 -.00859640  00000+0 -75644-2 0  9994
2 56794  70.0037   6.5157 0003694 272.8941 354.6737 15.70994362  1304
STARLINK-6061           
1 56795U 23078AE  23167.91667824 -.00856046  00000+0 -74817-2 0  9993
2 56795  70.0023   6.5028 0003695 271.9369   4.2358 15.71145334  1307
STARLINK-6049           
1 56796U 23078AF  23167.91667824 -.00855000  00000+0 -75265-2 0  9991
2 56796  70.0023   6.5150 0003674 271.6205 354.7977 15.70972016  1301
STARLINK-6058           
1 56797U 23078AG  23167.91667824 -.00852489  00000+0 -74736-2 0  9992
2 56797  70.0012   6.5074 0003701 271.7629 359.8270 15.71062003  1306
STARLINK-6068           
1 56798U 23078AH  23167.91667824 -.00858406  00000+0 -75461-2 0  9994
2 56798  70.0024   6.5123 0003697 271.7786 356.9392 15.71014150  1306
STARLINK-5953           
1 56799U 23078AJ  23168.16667824 -.00928181  00000+0 -83217-2 0  9999
2 56799  70.0015   5.7951 0003521 272.1470 340.3176 15.70751334  2969
STARLINK-6036           
1 56800U 23078AK  23167.91667824 -.00854162  00000+0 -75021-2 0  9995
2 56800  70.0026   6.5120 0003719 272.4743 356.8178 15.71022838  1308
STARLINK-6087           
1 56801U 23078AL  23168.16667824 -.00857501  00000+0 -76543-2 0  9994
2 56801  70.0016   5.8003 0003496 269.6877 338.7138 15.70650616  2966
STARLINK-6070           
1 56802U 23078AM  23167.91667824 -.00858408  00000+0 -75329-2 0  9995
2 56802  70.0021   6.5093 0003688 270.7860   0.2272 15.71055836  1309
STARLINK-6029           
1 56803U 23078AN  23167.91667824 -.00856390  00000+0 -74977-2 0  9992
2 56803  70.0019   6.5052 0003708 271.6189   2.2628 15.71105041  1300
STARLINK-6069           
1 56804U 23078AP  23167.91667824 -.00856519  00000+0 -75182-2 0  9995
2 56804  70.0028   6.5106 0003714 270.9757 359.4642 15.71044172  1301
STARLINK-6064           
1 56805U 23078AQ  23167.91667824 -.00856262  00000+0 -74997-2 0  9994
2 56805  70.0018   6.5055 0003719 271.9724   1.3364 15.71094672  1308
STARLINK-6072           
1 56806U 23078AR  23168.16667824 -.00876622  00000+0 -78570-2 0  9996
2 56806  70.0019   5.8043 0003492 270.8318 334.6565 15.70608838  2955
STARLINK-6073           
1 56807U 23078AS  23167.91667824 -.00852002  00000+0 -74305-2 0  9997
2 56807  70.0019   6.4996 0003641 273.1167   5.3426 15.71184892  1300
STARLINK-6042           
1 56808U 23078AT  23168.16667824 -.00911416  00000+0 -81634-2 0  9994
2 56808  70.0013   5.7968 0003530 272.4030 338.8996 15.70725480  2966
STARLINK-6040           
1 56809U 23078AU  23168.16667824 -.00903042  00000+0 -80845-2 0  9994
2 56809  70.0005   5.7958 0003546 272.1662 338.5554 15.70712298  2962
STARLINK-6031           
1 56810U 23078AV  23168.16667824 -.00858050  00000+0 -76619-2 0  9998
2 56810  70.0022   5.8018 0003566 271.9175 335.9006 15.70642974  2965
STARLINK-6063           
1 56811U 23078AW  23168.16667824 -.00953297  00000+0 -84163-2 0  9991
2 56811  70.0010   5.7929 0003501 271.6029 342.0210 15.70776477  2969
STARLINK-6065           
1 56812U 23078AX  23168.16667824 -.00885223  00000+0 -79145-2 0  9999
2 56812  70.0018   5.7985 0003456 269.3404 340.8027 15.70693066  2964
STARLINK-6056           
1 56813U 23078AY  23168.16667824 -.00956889  00000+0 -84467-2 0  9990
2 56813  70.0015   5.7927 0003518 272.3331 341.8698 15.70788744  2963
STARLINK-6059           
1 56814U 23078AZ  23167.91667824 -.00848889  00000+0 -73946-2 0  9993
2 56814  70.0020   6.4987 0003742 273.3578   6.2455 15.71202734  1308
STARLINK-6057           
1 56815U 23078BA  23168.16667824 -.00966384  00000+0 -85300-2 0  9990
2 56815  70.0012   5.7908 0003575 273.0616 342.3009 15.70812630  2962
STARLINK-6067           
1 56816U 23078BB  23168.16667824 -.00962478  00000+0 -84962-2 0  9994
2 56816  70.0021   5.7932 0003524 272.3270 342.4551 15.70801833  2968
STARLINK-5982           
1 56817U 23078BC  23168.16667824 -.00875506  00000+0 -78259-2 0  9992
2 56817  70.0010   5.7980 0003492 272.5686 336.4129 15.70669657  2967
STARLINK-6028           
1 56818U 23078BD  23168.16667824 -.00971986  00000+0 -85795-2 0  9995
2 56818  70.0010   5.7907 0003583 272.2377 343.7029 15.70826036  2968
STARLINK-30119          
1 56823U 23079A   23167.91667824 -.01640259  00000+0 -17183-1 0  9996
2 56823  43.0006 139.4505 0001701 266.5166 214.2269 15.66640811  2430
STARLINK-30120          
1 56824U 23079B   23167.91667824 -.01640407  00000+0 -17176-1 0  9994
2 56824  43.0006 139.4498 0001643 274.9037 206.2071 15.66653901  2433
STARLINK-30084          
1 56825U 23079C   23167.91667824 -.01644075  00000+0 -17212-1 0  9991
2 56825  43.0006 139.4490 0000933 263.5832 217.8535 15.66671840  2439
STARLINK-30114          
1 56826U 23079D   23168.01604994  .00159830  00000+0  10082-2 0  9999
2 56826  43.0031 138.7603 0001608 193.8139 166.2687 15.75395103  2442
STARLINK-30151          
1 56827U 23079E   23167.91667824 -.01642155  00000+0 -17165-1 0  9997
2 56827  43.0007 139.4475 0001548 272.5786 209.5259 15.66700004  2432
STARLINK-30152          
1 56828U 23079F   23167.91667824 -.01640419  00000+0 -17134-1 0  9995
2 56828  43.0007 139.4478 0001647 274.5384 207.8951 15.66713857  2432
STARLINK-30139          
1 56829U 23079G   23168.25002315  .00376760  61645-4  11167-2 0  9992
2 56829  43.0038 136.3616 0003138 260.3325  20.4219 15.91730619  2497
STARLINK-30134          
1 56830U 23079H   23167.83269665  .00340308  00000+0  10948-2 0  9998
2 56830  43.0046 139.0695 0003191 282.9930  77.0589 15.89271760  2757
STARLINK-30128          
1 56832U 23079K   23168.25002315  .00356308  00000+0  12200-2 0  9994
2 56832  43.0028 136.5977 0003823 226.8511 321.1173 15.87985317  2499
STARLINK-30131          
1 56833U 23079L   23167.91667824 -.00593656  00000+0 -41066-2 0  9992
2 56833  43.0049 139.0965 0001503 250.1731  13.5707 15.75224645  2431
STARLINK-30069          
1 56834U 23079M   23167.91667824 -.01644123  00000+0 -17139-1 0  9993
2 56834  43.0006 139.4438 0001267 276.2965 207.5139 15.66773074  2438
STARLINK-30144          
1 56835U 23079N   23167.91667824 -.01644441  00000+0 -17132-1 0  9990
2 56835  43.0005 139.4438 0001151 275.4571 208.6619 15.66789572  2439
STARLINK-30142          
1 56836U 23079P   23167.91667824 -.01636851  00000+0 -17033-1 0  9997
2 56836  43.0007 139.4433 0001677 284.5625 199.9063 15.66797740  2432
STARLINK-30133          
1 56837U 23079Q   23167.91667824 -.01640522  00000+0 -17059-1 0  9996
2 56837  43.0004 139.4408 0000693 256.2377 228.8587 15.66832357  2436
STARLINK-30123          
1 56838U 23079R   23168.01572531  .00096740  00000+0  61698-3 0  9993
2 56838  43.0042 138.7588 0000233  94.9941 265.0955 15.75360166  2441
STARLINK-30076          
1 56839U 23079S   23168.25002315 -.01476436  00000+0 -16031-1 0  9994
2 56839  43.0007 137.4467 0000999 253.6170 313.8250 15.65448235  2489
STARLINK-30073          
1 56840U 23079T   23167.94424290  .00014704  00000+0  90155-4 0  9996
2 56840  43.0068 139.0816 0004921 275.8798  84.1511 15.77097762  2436
STARLINK-30078          
1 56841U 23079U   23168.25002315 -.01436671  00000+0 -15532-1 0  9999
2 56841  43.0011 137.4462 0001231 287.5050 280.6123 15.65476135  2485
STARLINK-30135          
1 56842U 23079V   23168.25002315 -.01632202  00000+0 -12873-1 0  9993
2 56842  43.0025 137.1173 0001196 271.1250  69.3132 15.73363643  2488
STARLINK-30137          
1 56843U 23079W   23168.25002315 -.01639888  00000+0 -12831-1 0  9995
2 56843  43.0026 137.1160 0000977 234.4483 106.3608 15.73562729  2488
STARLINK-30136          
1 56844U 23079X   23167.91667824 -.00036798  00000+0 -25011-3 0  9996
2 56844  43.0029 139.1298 0002816 230.4726  19.6488 15.73847096  1301
DRAGON CRS-28           
1 56845U 23080A   23167.49074611 -.00152675  00000+0 -27135-2 0  9999
2 56845  51.6394 331.9694 0004893  61.3577  36.0003 15.50048895401682
SZ-15 MODULE            
1 56873U 22162C   23167.66370512  .00030580  00000+0  38544-3 0  9993
2 56873  41.4838 159.2081 0005365  36.9834 323.1373 15.58931918  1910
LONGJIANG 3             
1 56874U 23082A   23168.02379664  .00015077  00000+0  62868-3 0  9994
2 56874  49.1317 226.4304 0006760 298.8745  61.1519 15.23784756  1204
