STARLINK-4091           
1 52830U 22062A   22198.25001157 -.01106840  00000+0 -97113-2 0  9997
2 52830  53.2177 257.7779 0002476  18.3713 186.9790 15.70917769  5198
STARLINK-4089           
1 52831U 22062B   22198.25001157 -.01107051  00000+0 -97208-2 0  9998
2 52831  53.2177 257.7767 0002804  14.0194 189.4704 15.70895908  5190
STARLINK-4083           
1 52832U 22062C   22198.25001157 -.01106845  00000+0 -97168-2 0  9994
2 52832  53.2177 257.7767 0002599  16.5773 187.5328 15.70903114  5170
STARLINK-4086           
1 52833U 22062D   22198.25001157 -.01106816  00000+0 -97137-2 0  9999
2 52833  53.2177 257.7781 0002559  17.0634 187.6669 15.70910410  4686
STARLINK-4108           
1 52834U 22062E   22198.25001157 -.01107184  00000+0 -97094-2 0  9991
2 52834  53.2177 257.7789 0002935  12.1832 193.7871 15.70925194  4687
STARLINK-4080           
1 52835U 22062F   22198.25001157 -.01106821  00000+0 -97051-2 0  9992
2 52835  53.2177 257.7804 0002479  18.2659 188.3245 15.70932365  4686
STARLINK-4043           
1 52836U 22062G   22198.58334491  .00083021  00000+0  61016-3 0  9995
2 52836  53.2136 256.1371 0002946 331.9000 324.9851 15.72411416  4736
STARLINK-4036           
1 52837U 22062H   22198.25001157 -.01107223  00000+0 -96958-2 0  9996
2 52837  53.2177 257.7811 0002736  14.6385 194.4311 15.70961583  4684
STARLINK-4092           
1 52838U 22062J   22198.25001157 -.01107181  00000+0 -97015-2 0  9995
2 52838  53.2177 257.7807 0002699  15.2477 192.5823 15.70947139  5170
STARLINK-4048           
1 52839U 22062K   22198.25001157 -.01107386  00000+0 -96909-2 0  9994
2 52839  53.2177 257.7823 0002827  13.5519 196.7566 15.70976302  5174
STARLINK-4049           
1 52840U 22062L   22198.25001157 -.01107126  00000+0 -96926-2 0  9997
2 52840  53.2177 257.7814 0002578  17.0216 192.6674 15.70968889  5178
STARLINK-4065           
1 52841U 22062M   22198.25001157 -.01106848  00000+0 -96799-2 0  9996
2 52841  53.2178 257.7844 0002151  23.9184 188.2482 15.70998017  5174
STARLINK-4046           
1 52842U 22062N   22198.25001157 -.01107016  00000+0 -96976-2 0  9992
2 52842  53.2177 257.7800 0002572  16.8513 191.5987 15.70954166  5174
STARLINK-4188           
1 52843U 22062P   22198.25001157 -.01107184  00000+0 -96758-2 0  9997
2 52843  53.2178 257.7855 0002436  19.0869 194.3179 15.71012824  5175
STARLINK-4208           
1 52844U 22062Q   22198.25001157 -.01107228  00000+0 -96871-2 0  9993
2 52844  53.2178 257.7827 0002681  15.1826 195.7454 15.70983528  5175
STARLINK-4168           
1 52845U 22062R   22198.25001157 -.01107070  00000+0 -96724-2 0  9996
2 52845  53.2178 257.7859 0002293  21.1631 192.8608 15.71020008  5176
STARLINK-4212           
1 52846U 22062S   22198.25001157 -.01107344  00000+0 -96796-2 0  9990
2 52846  53.2178 257.7849 0002592  16.6222 196.1635 15.71005581  5179
STARLINK-4206           
1 52847U 22062T   22198.25001157 -.01107927  00000+0 -96706-2 0  9999
2 52847  53.2178 257.7857 0003142   9.5979 205.6640 15.71034808  5177
STARLINK-4202           
1 52848U 22062U   22198.25001157 -.01107039  00000+0 -96837-2 0  9999
2 52848  53.2178 257.7835 0002377  19.9163 191.6310 15.70990791  5172
STARLINK-4197           
1 52849U 22062V   22198.58334491 -.00010462  00000+0 -70181-4 0  9994
2 52849  53.2140 256.1133 0003138  19.7408 289.3959 15.73198873  5237
STARLINK-4187           
1 52850U 22062W   22198.25001157 -.01107419  00000+0 -96716-2 0  9990
2 52850  53.2178 257.7849 0002552  17.1180 197.5250 15.71027331  5174
STARLINK-3809           
1 52851U 22062X   22198.58334491 -.00003376  00000+0 -19645-4 0  9991
2 52851  53.2145 256.1121 0003331  17.0917 292.6526 15.73166080  5235
STARLINK-4184           
1 52852U 22062Y   22198.58334491 -.00018928  00000+0 -13074-3 0  9990
2 52852  53.2144 256.1144 0003117  18.2759 290.2757 15.73190554  5232
STARLINK-4189           
1 52853U 22062Z   22198.58334491  .00001034  00000+0  11799-4 0  9992
2 52853  53.2174 256.1088 0003053  26.0360 284.7628 15.73203517  5236
STARLINK-4204           
1 52854U 22062AA  22198.58334491 -.00003837  00000+0 -22935-4 0  9992
2 52854  53.2147 256.1110 0003055  15.0671 295.2627 15.73174957  5239
STARLINK-4209           
1 52855U 22062AB  22197.91667824  .00042770  00000+0  30789-3 0  9990
2 52855  53.2149 259.4062 0002606  11.3409 123.5069 15.73175938  1300
STARLINK-4201           
1 52856U 22062AC  22198.58334491  .00007572  00000+0  58413-4 0  9992
2 52856  53.2148 256.1085 0002974  13.5811 297.9515 15.73165441  5234
STARLINK-4199           
1 52857U 22062AD  22198.58334491 -.00019281  00000+0 -13326-3 0  9998
2 52857  53.2142 256.1045 0003011  12.6676 301.2645 15.73193455  5236
STARLINK-4198           
1 52858U 22062AE  22198.58334491 -.00061342  00000+0 -43556-3 0  9992
2 52858  53.2146 256.1075 0002836  13.6744 298.4482 15.73208226  5234
STARLINK-4196           
1 52859U 22062AF  22198.58334491  .00027220  00000+0  19779-3 0  9998
2 52859  53.2145 256.1053 0003212  18.4799 296.0120 15.73190257  5239
STARLINK-4191           
1 52860U 22062AG  22197.91667824  .00220351  00000+0  15436-2 0  9990
2 52860  53.2172 259.4019 0002904  14.0710 121.3430 15.73045975  1305
STARLINK-4112           
1 52861U 22062AH  22198.25001157 -.00069064  00000+0 -49030-3 0  9992
2 52861  53.2144 257.7444 0002401  21.2863 207.2528 15.73262390  5172
STARLINK-4010           
1 52862U 22062AJ  22197.91667824 -.00010960  00000+0 -73724-4 0  9993
2 52862  53.2139 259.3964 0002752  15.5269 121.7185 15.73205566  5123
STARLINK-4270           
1 52863U 22062AK  22198.25001157 -.00065457  00000+0 -46460-3 0  9990
2 52863  53.2147 257.7480 0002765  19.0356 208.3278 15.73243805  5176
STARLINK-4267           
1 52864U 22062AL  22198.58334491 -.00130222  00000+0 -93814-3 0  9995
2 52864  53.2163 256.1009 0003102  16.7183 298.9676 15.73184369  5236
STARLINK-4274           
1 52865U 22062AM  22198.58334491 -.00293618  00000+0 -21533-2 0  9993
2 52865  53.2154 256.0943 0003036  17.3457 301.3207 15.73277909  5232
STARLINK-4272           
1 52866U 22062AN  22198.58334491 -.00019293  00000+0 -13335-3 0  9991
2 52866  53.2142 256.0984 0002793  17.6545 299.2609 15.73193578  5235
STARLINK-4126           
1 52867U 22062AP  22198.58334491  .00000819  00000+0  10269-4 0  9998
2 52867  53.2174 256.0910 0003098  25.2153 294.5251 15.73203627  5237
STARLINK-4261           
1 52868U 22062AQ  22198.25001157 -.00060439  00000+0 -42845-3 0  9993
2 52868  53.2141 257.7416 0002587  19.7473 209.4005 15.73241456  5173
STARLINK-4266           
1 52869U 22062AR  22198.58334491 -.00016467  00000+0 -11310-3 0  9995
2 52869  53.2146 256.0934 0003033  13.2871 307.1703 15.73197622  5237
STARLINK-4195           
1 52870U 22062AS  22198.25001157  .00000463  00000+0  77300-5 0  9991
2 52870  53.2177 257.7396 0002554   8.1985 222.0123 15.73203954  5179
STARLINK-4207           
1 52871U 22062AT  22198.25001157 -.00051717  00000+0 -36549-3 0  9990
2 52871  53.2141 257.7344 0002656  20.6634 212.6447 15.73247970  5188
STARLINK-4213           
1 52872U 22062AU  22197.91667824  .00014427  00000+0  10712-3 0  9991
2 52872  53.2141 259.3858 0002541  15.8719 127.3557 15.73181235  5129
STARLINK-4211           
1 52873U 22062AV  22198.58334491 -.00012601  00000+0 -85477-4 0  9992
2 52873  53.2146 256.0856 0003153  13.4049 310.0394 15.73194179  5230
STARLINK-4210           
1 52874U 22062AW  22198.58334491 -.00170961  00000+0 -12335-2 0  9998
2 52874  53.2153 256.0883 0003178  15.1340 306.4871 15.73286476  5230
STARLINK-4193           
1 52875U 22062AX  22198.25001157 -.00051332  00000+0 -36256-3 0  9992
2 52875  53.2145 257.7318 0002771  15.9305 219.1547 15.73257596  5185
STARLINK-4200           
1 52876U 22062AY  22197.91667824  .00029303  00000+0  21258-3 0  9991
2 52876  53.2143 259.3833 0002736  14.2863 130.7066 15.73186451  5125
STARLINK-4214           
1 52877U 22062AZ  22198.58334491 -.00075794  00000+0 -53976-3 0  9996
2 52877  53.2143 256.0816 0002779  17.8828 307.3942 15.73225203  5234
STARLINK-4171           
1 52878U 22062BA  22198.58334491 -.00067735  00000+0 -48154-3 0  9995
2 52878  53.2145 256.0825 0002951  16.5055 308.1545 15.73219263  5234
STARLINK-4139           
1 52879U 22062BB  22198.58334491  .00047944  00000+0  34472-3 0  9992
2 52879  53.2145 256.0785 0002902  11.8159 315.1983 15.73152806  5232
STARLINK-4186           
1 52880U 22062BC  22198.58334491  .00010724  00000+0  80825-4 0  9994
2 52880  53.2146 256.0786 0002835   9.8871 316.5376 15.73171397  5236
STARLINK-4192           
1 52881U 22062BD  22198.58334491 -.00006902  00000+0 -44810-4 0  9994
2 52881  53.2145 256.0817 0002974  14.1750 311.6850 15.73180250  5231
STARLINK-4181           
1 52882U 22062BE  22198.25001157 -.00100410  00000+0 -71671-3 0  9992
2 52882  53.2149 257.7265 0002903  18.1409 220.5309 15.73285822  5180
SARAH-1                 
1 52887U 22063A   22174.76914807  .00057931  00000+0  16917-1 0  9990
2 52887  98.3930 181.8659 0001741 114.3380 245.7128 14.43706701  1277
GLOBALSTAR FM15         
1 52888U 22064A   22198.12190829 -.00000128  00000+0  00000+0 0  9999
2 52888  51.9749 132.8648 0009919  26.8961 333.2446 13.37539450  3705
PVSAT                   
1 52894U 22065A   22198.56171780  .00000205  00000+0  54817-4 0  9995
2 52894  98.0235 348.9153 0010351 150.2197 209.9593 14.57451815  3826
KSLV-II DUMMY           
1 52895U 22065B   22197.86395772  .00000023  00000+0  14644-4 0  9999
2 52895  98.0245 348.2711 0008538 168.0712 192.0691 14.58137586  3733
KSLV-II R/B             
1 52896U 22065C   22198.54021518  .00001454  00000+0  29543-3 0  9992
2 52896  98.0740 349.2540 0012837 342.2737  17.8015 14.62543387  3835
STEP CUBE LAB-II        
1 52897U 22065D   22198.41463439  .00000583  00000+0  13565-3 0  9990
2 52897  98.0224 348.7948 0009423 171.2128 188.9246 14.58265568  2630
RANDEV                  
1 52898U 22065E   22198.41487590  .00000551  00000+0  12867-3 0  9994
2 52898  98.0222 348.7936 0008597 173.0052 187.1278 14.58333641  2356
SNUGLITE-II             
1 52899U 22065F   22198.41578240  .00000578  00000+0  13430-3 0  9994
2 52899  98.0221 348.7930 0008177 172.4562 187.6773 14.58355753  2064
MIMAN                   
1 52900U 22065G   22197.73218446  .00000407  00000+0  97739-4 0  9996
2 52900  98.0225 348.1271 0008090 168.6247 191.5152 14.58181580  1580
TIANXING-1              
1 52901U 22066A   22198.54524280  .00178699  14300-4  42552-3 0  9998
2 52901  96.7459 243.1291 0011808 262.8933 236.9236 15.96541070  4050
CMS-02 (GSAT 24)        
1 52903U 22067A   22197.81438219 -.00000270  00000+0  00000+0 0  9991
2 52903   0.0604 256.6215 0008415 203.3655 221.3033  1.00272444   277
MEASAT 3D               
1 52904U 22067B   22197.81507660 -.00000254  00000+0  00000+0 0  9991
2 52904   0.0601 280.5399 0000727 136.6325 262.3790  1.00273907   308
ARIANE 5 DEB [SYLDA]    
1 52905U 22067C   22197.25620558  .00016100  00000+0  58917-2 0  9991
2 52905   6.0961  56.0536 7269506 197.0782 111.3846  2.28871526   532
ARIANE 5 R/B            
1 52906U 22067D   22197.66361897  .00002749  00000+0  79027-3 0  9995
2 52906   6.2569  53.9437 7276186 199.2222 104.0381  2.28745048   554
YAOGAN-35 D             
1 52907U 22068A   22198.55132735  .00006704  00000+0  27977-3 0  9995
2 52907  34.9952 128.4184 0005003 137.3404  32.2262 15.22967224  3724
YAOGAN-35 E             
1 52908U 22068B   22198.54800311  .00008638  00000+0  35742-3 0  9994
2 52908  34.9951 128.3939 0008653 174.2509 354.6668 15.23178288  3693
YAOGAN-35 F             
1 52909U 22068C   22198.55183541  .00003891  00000+0  16283-3 0  9990
2 52909  34.9964 128.4237 0006979 125.1228  45.0719 15.23009479  3730
CZ-2D R/B               
1 52910U 22068D   22198.50425009  .00030638  00000+0  11849-2 0  9996
2 52910  34.9942 128.4779 0007889 140.7282 219.4007 15.25242484  3692
CZ-2D DEB               
1 52911U 22068E   22198.50122837  .00019374  00000+0  75147-3 0  9996
2 52911  34.9966 128.4535 0007808 142.9080 217.2224 15.25219447  3690
GAOFEN 12-3             
1 52912U 22069A   22198.42834187  .00000694  00000+0  98187-4 0  9992
2 52912  97.9847  86.0029 0001543 103.5464 256.5912 14.80240949  2931
CZ-4C R/B               
1 52913U 22069B   22197.75396893  .00002523  00000+0  16182-3 0  9992
2 52913  97.9706  86.0846 0072741 341.8721  17.9914 15.07346339  2878
CAPSTONE                
1 52914U 22070A   22184.14236111 -.00000375  00000+0  00000+0 0  9992
2 52914  39.0806 321.8334 8405410 344.4990 285.0037  1.02266752   396
LUNAR PHOTON            
1 52916U 22070C   22184.14236111 -.00000375  00000+0  00000+0 0  9994
2 52916  39.0806 321.8334 8405410 344.4990 285.0037  1.02266752   398
NACHOS-1                
1 52917U 22015D   22198.49647923  .00039052  00000+0  57095-3 0  9997
2 52917  51.6422 185.8178 0008156  25.0853 335.0533 15.55192618  2914
SES-22                  
1 52933U 22071A   22197.35177323  .00000103  00000+0  00000+0 0  9998
2 52933   0.0434 237.6176 0000452 324.1872  76.9856  1.00272943   194
FALCON 9 R/B            
1 52934U 22071B   22198.10532890  .00001009  00000+0  92827-3 0  9995
2 52934  16.6069  60.1223 7250562 191.5521 131.8536  2.28778492   385
DS-EO                   
1 52935U 22072A   22198.33047384  .00002844  00000+0  16780-3 0  9993
2 52935   9.9975 313.5610 0006295 202.7237 157.2691 14.99679164  2503
2022-072B               
1 52936U 22072B   22198.52669117  .00008483  00000+0  60543-3 0  9990
2 52936   9.9925 312.0751 0007010 208.8998 151.0835 15.00054820  2541
2022-072C               
1 52937U 22072C   22198.58972620  .00004203  00000+0  26985-3 0  9991
2 52937   9.9902 311.5541 0008493 213.0180 146.9528 15.00296064  2578
2022-072D               
1 52938U 22072D   22195.99456019  .00033000  00000+0  20836-2 0  9998
2 52938   9.9126 329.6942 0027615  38.5421 265.9938 15.06607618  2188
2022-072E               
1 52939U 22072E   22198.55424649  .00003250  00000+0  17412-3 0  9999
2 52939   9.9542 311.1332 0035932 198.4200 161.4734 15.03416109  2579
WFOV (USA 332)          
1 52940U 22073A   22197.71311772 -.00000098  00000+0  00000+0 0  9990
2 52940   0.0460 157.1757 0011826 125.8218 292.7749  0.98502039    28
RECURVE                 
1 52944U 22074A   22197.82280524  .00008576  00000+0  36549-3 0  9996
2 52944  44.9964  38.9012 0003476 315.3607  44.6994 15.23374770  2210
2022-074B               
1 52945U 22074B   22198.60856634  .00007935  00000+0  33788-3 0  9995
2 52945  44.9942  34.6028 0004077 330.5815  29.4969 15.23494715  2333
2022-074C               
1 52946U 22074C   22198.23681395  .00009254  00000+0  26927-3 0  9998
2 52946  44.9971  35.2271 0047999 294.4799  65.1081 15.34680779  2287
SLINGSHOT 1             
1 52947U 22074D   22198.53804177  .00009630  00000+0  40128-3 0  9994
2 52947  44.9860  34.9370 0004544 287.8691  72.1695 15.24008936  2329
2022-074E               
1 52948U 22074E   22198.59897269  .00007123  00000+0  29613-3 0  9996
2 52948  44.9853  34.5301 0006016 284.0137  76.0148 15.24437584  2334
2022-074F               
1 52949U 22074F   22197.95111567  .00013218  00000+0  55057-3 0  9999
2 52949  44.9926  38.1456 0004834 321.6217  38.4365 15.23740576  2239
CTIM                    
1 52950U 22074G   22197.95143198  .00014047  00000+0  58475-3 0  9994
2 52950  45.0012  38.1537 0003867 323.0513  37.0181 15.23716735  2230
2022-074H               
1 52951U 22074H   22197.95167926  .00012837  00000+0  53597-3 0  9995
2 52951  44.9889  38.1561 0004206 318.0664  42.0825 15.23683658  2235
DUMMY CUBESAT           
1 52983U 22065H   22198.14616136  .00000307  00000+0  76354-4 0  9990
2 52983  98.0214 348.5226 0008125 159.9579 200.1939 14.57989580  1443
COSMOS 2557 [GLONASS-K] 
1 52984U 22075A   22197.38890056 -.00000069  00000+0  10000-3 0  9993
2 52984  64.8160   4.5071 0013210  17.5623 342.9727  2.12523611   190
FREGAT R/B              
1 52985U 22075B   22196.59481702 -.00000068  00000+0  00000+0 0  9994
2 52985  64.8302   4.5557 0078875 120.7758 240.0140  2.08817271   170
STARLINK-4260           
1 52986U 22076A   22198.58334491 -.01053218  00000+0 -71810-2 0  9996
2 52986  53.2176 329.9378 0003610   5.8534 157.7230 15.76575774  2070
STARLINK-4259           
1 52987U 22076B   22198.58334491 -.01053141  00000+0 -71899-2 0  9999
2 52987  53.2176 329.9408 0003620   5.9405 156.6010 15.76546088  2074
STARLINK-4291           
1 52988U 22076C   22198.16668981 -.01058168  00000+0 -69099-2 0  9991
2 52988  53.2176 332.0084 0002891   7.1193 310.5682 15.77558596  2015
STARLINK-4293           
1 52989U 22076D   22198.16668981 -.01058025  00000+0 -69236-2 0  9997
2 52989  53.2176 332.0121 0002829   7.9585 308.2584 15.77512055  2017
STARLINK-4286           
1 52990U 22076E   22198.25001157 -.01055516  00000+0 -69548-2 0  9993
2 52990  53.2175 331.5942 0003023   7.3687  63.2703 15.77351374  2024
STARLINK-4285           
1 52991U 22076F   22198.58334491 -.01053273  00000+0 -71672-2 0  9999
2 52991  53.2176 329.9357 0003476   7.2843 157.8337 15.76621875  2075
STARLINK-4269           
1 52992U 22076G   22198.16668981 -.01058006  00000+0 -68991-2 0  9997
2 52992  53.2176 332.0067 0002926   6.8885 311.7796 15.77589140  2012
STARLINK-4264           
1 52993U 22076H   22198.25001157 -.01055391  00000+0 -69349-2 0  9996
2 52993  53.2174 331.5909 0002963   7.9818  64.6352 15.77412877  2024
STARLINK-4256           
1 52994U 22076J   22198.58334491 -.01053250  00000+0 -71520-2 0  9999
2 52994  53.2176 329.9320 0003501   6.7721 159.8803 15.76668544  2070
STARLINK-4296           
1 52995U 22076K   22198.16668981 -.01057973  00000+0 -68804-2 0  9995
2 52995  53.2176 332.0034 0002710   8.9405 311.6801 15.77651096  2017
STARLINK-4295           
1 52996U 22076L   22198.16668981 -.01058192  00000+0 -68860-2 0  9992
2 52996  53.2176 332.0039 0002897   7.0405 313.0909 15.77635950  2015
STARLINK-4301           
1 52997U 22076M   22198.25001157 -.01055546  00000+0 -69026-2 0  9994
2 52997  53.2175 331.5841 0002914   8.6027  67.4614 15.77520770  2024
STARLINK-4254           
1 52998U 22076N   22198.25001157 -.01055585  00000+0 -69166-2 0  9993
2 52998  53.2175 331.5866 0003069   7.1571  67.4303 15.77474824  2025
STARLINK-4217           
1 52999U 22076P   22198.25001157 -.01055595  00000+0 -68929-2 0  9991
2 52999  53.2175 331.5822 0003050   7.2723  69.7738 15.77551500  2022
STARLINK-4194           
1 53000U 22076Q   22198.25001157 -.01055423  00000+0 -69106-2 0  9993
2 53000  53.2174 331.5857 0003046   7.2635  67.8125 15.77490605  2027
STARLINK-4190           
1 53001U 22076R   22198.25001157 -.01055595  00000+0 -68880-2 0  9992
2 53001  53.2175 331.5812 0003006   7.6852  69.8447 15.77567814  2027
STARLINK-4121           
1 53002U 22076S   22198.25001157 -.01055380  00000+0 -69057-2 0  9992
2 53002  53.2175 331.5848 0003012   7.5623  68.0071 15.77505760  2025
STARLINK-4255           
1 53003U 22076T   22198.16668981 -.01057998  00000+0 -68370-2 0  9991
2 53003  53.2176 331.9949 0002895   7.0000 317.9965 15.77789727  2019
STARLINK-4253           
1 53004U 22076U   22198.25001157 -.01055522  00000+0 -68971-2 0  9996
2 53004  53.2174 331.5829 0003017   7.5694  68.9818 15.77536678  2028
STARLINK-4288           
1 53005U 22076V   22198.25001157 -.01055625  00000+0 -68738-2 0  9992
2 53005  53.2175 331.5785 0003073   7.2819  71.7199 15.77613491  2022
STARLINK-4290           
1 53006U 22076W   22198.25001157 -.01055587  00000+0 -68835-2 0  9998
2 53006  53.2174 331.5799 0002942   8.5002  69.5216 15.77582889  2020
STARLINK-4215           
1 53007U 22076X   22198.25001157 -.01055554  00000+0 -68593-2 0  9994
2 53007  53.2174 331.5756 0002999   7.9181  72.5492 15.77659544  2020
STARLINK-4275           
1 53008U 22076Y   22198.16668981 -.01057956  00000+0 -68274-2 0  9993
2 53008  53.2176 331.9925 0002836   7.6439 318.3207 15.77820568  2018
STARLINK-4277           
1 53009U 22076Z   22198.25001157 -.01055620  00000+0 -68453-2 0  9995
2 53009  53.2174 331.5725 0002981   8.2553  73.6677 15.77706598  2025
STARLINK-4263           
1 53010U 22076AA  22198.25001157 -.01055549  00000+0 -68638-2 0  9992
2 53010  53.2175 331.5761 0003028   7.6969  72.2795 15.77644554  2024
STARLINK-4265           
1 53011U 22076AB  22198.25001157 -.01055599  00000+0 -68402-2 0  9997
2 53011  53.2175 331.5717 0003078   7.3057  75.1073 15.77721452  2020
STARLINK-4271           
1 53012U 22076AC  22198.25001157 -.01055520  00000+0 -68544-2 0  9999
2 53012  53.2174 331.5742 0002989   8.0122  72.9440 15.77674726  2023
STARLINK-4177           
1 53013U 22076AD  22198.25001157 -.01055549  00000+0 -68263-2 0  9999
2 53013  53.2175 331.5688 0002964   8.3707  75.5059 15.77766719  2028
STARLINK-4183           
1 53014U 22076AE  22198.25001157 -.01055672  00000+0 -68510-2 0  9992
2 53014  53.2175 331.5734 0002949   8.5372  72.9098 15.77689729  2023
STARLINK-4262           
1 53015U 22076AF  22198.25001157 -.01055660  00000+0 -68174-2 0  9996
2 53015  53.2174 331.5669 0002977   8.3332  76.5096 15.77798036  2025
STARLINK-4283           
1 53016U 22076AG  22198.16668981 -.01058039  00000+0 -67948-2 0  9992
2 53016  53.2176 331.9859 0002832   7.3146 322.0275 15.77928419  2012
STARLINK-4281           
1 53017U 22076AH  22198.16668981 -.01057933  00000+0 -67706-2 0  9997
2 53017  53.2176 331.9815 0002855   7.3903 324.3588 15.78004575  2012
STARLINK-4279           
1 53018U 22076AJ  22198.25001157 -.01055535  00000+0 -68306-2 0  9997
2 53018  53.2175 331.5694 0003030   7.7202  75.6685 15.77751647  2028
STARLINK-4282           
1 53019U 22076AK  22198.25001157 -.01055633  00000+0 -68031-2 0  9992
2 53019  53.2174 331.5640 0003003   8.0453  78.2535 15.77843574  2025
STARLINK-4287           
1 53020U 22076AL  22198.25001157 -.01055592  00000+0 -68217-2 0  9994
2 53020  53.2174 331.5674 0003014   7.9925  76.3697 15.77782051  2028
STARLINK-4203           
1 53021U 22076AM  22198.25001157 -.01055702  00000+0 -67942-2 0  9992
2 53021  53.2175 331.5620 0002969   8.5467  78.7168 15.77874552  2024
STARLINK-4216           
1 53022U 22076AN  22198.25001157 -.01055665  00000+0 -68080-2 0  9995
2 53022  53.2175 331.5645 0003007   8.1256  77.6888 15.77828334  2022
STARLINK-4284           
1 53023U 22076AP  22198.25001157 -.01055624  00000+0 -67844-2 0  9998
2 53023  53.2174 331.5601 0003023   8.0141  80.2232 15.77904018  2021
STARLINK-4289           
1 53024U 22076AQ  22198.16668981 -.01057975  00000+0 -67475-2 0  9994
2 53024  53.2176 331.9763 0002873   6.8473 327.2998 15.78080825  2017
STARLINK-4218           
1 53025U 22076AR  22198.25001157 -.01055723  00000+0 -67750-2 0  9996
2 53025  53.2174 331.5583 0003049   7.6913  81.4953 15.77936666  2029
STARLINK-4119           
1 53026U 22076AS  22198.25001157 -.01055845  00000+0 -67999-2 0  9997
2 53026  53.2175 331.5627 0002980   8.4202  78.3612 15.77859186  2021
STARLINK-4158           
1 53027U 22076AT  22198.25001157 -.01055768  00000+0 -67619-2 0  9991
2 53027  53.2174 331.5554 0002973   8.6111  82.0279 15.77981421  2022
STARLINK-4161           
1 53028U 22076AU  22198.25001157 -.01055709  00000+0 -67801-2 0  9990
2 53028  53.2174 331.5588 0002980   8.3368  80.3742 15.77920533  2022
STARLINK-4143           
1 53029U 22076AV  22198.25001157 -.01055772  00000+0 -67572-2 0  9996
2 53029  53.2174 331.5545 0003012   8.1336  82.9881 15.77996415  2020
STARLINK-4160           
1 53030U 22076AW  22198.25001157 -.01055728  00000+0 -67709-2 0  9991
2 53030  53.2174 331.5569 0002956   8.7777  80.8957 15.77951281  2022
STARLINK-4137           
1 53031U 22076AX  22198.25001157 -.01055780  00000+0 -67430-2 0  9991
2 53031  53.2174 331.5516 0003057   7.8658  84.6934 15.78042523  2024
STARLINK-4115           
1 53032U 22076AY  22198.25001157 -.01055759  00000+0 -67668-2 0  9991
2 53032  53.2174 331.5559 0002946   8.7780  81.3847 15.77965523  2024
STARLINK-4167           
1 53033U 22076AZ  22198.25001157 -.01055838  00000+0 -67482-2 0  9994
2 53033  53.2175 331.5527 0003043   7.9770  84.1050 15.78027014  2022
STARLINK-4151           
1 53034U 22076BA  22198.25001157 -.01055822  00000+0 -67521-2 0  9992
2 53034  53.2175 331.5531 0003133   7.1062  84.4877 15.78012788  2015
STARLINK-4157           
1 53035U 22076BB  22198.25001157 -.01055718  00000+0 -67383-2 0  9993
2 53035  53.2174 331.5508 0003021   8.1922  84.8526 15.78056922  2014
STARLINK-4155           
1 53036U 22076BC  22198.25001157 -.01055721  00000+0 -67330-2 0  9990
2 53036  53.2174 331.5491 0003098   7.4368  86.0771 15.78073444  2010
STARLINK-4153           
1 53037U 22076BD  22198.25001157 -.01055904  00000+0 -67296-2 0  9995
2 53037  53.2174 331.5489 0003164   6.8115  87.1872 15.78088016  2010
STARLINK-4156           
1 53038U 22076BE  22198.25001157 -.01055884  00000+0 -67257-2 0  9990
2 53038  53.2174 331.5473 0003036   8.0055  86.4820 15.78101914  2017
FALCON 9 DEB            
1 53039U 22076BF  22198.47430507  .00870533  11513-4  83825-3 0  9999
2 53039  53.2224 329.5505 0059169  75.6217 285.1376 16.07152846  1606
FALCON 9 DEB            
1 53040U 22076BG  22198.40885076  .00785117  11520-4  76130-3 0  9991
2 53040  53.2190 329.8460 0054631  77.4632 283.2506 16.07597631  1590
FALCON 9 DEB            
1 53041U 22076BH  22198.40178903  .00793815  11554-4  71443-3 0  9999
2 53041  53.2195 329.7920 0052627  70.9261 289.7464 16.08879091  1593
FALCON 9 DEB            
1 53042U 22076BJ  22198.39977404  .00960464  11577-4  81651-3 0  9994
2 53042  53.2208 329.7794 0052429  71.5168 289.1556 16.09684526  1595
STARLINK-4362           
1 53043U 22077A   22198.58334491 -.00747036  00000+0 -65569-2 0  9993
2 53043  97.6555  16.7269 0001436 101.2752 330.1409 15.70906485   327
STARLINK-4349           
1 53044U 22077B   22197.91667824 -.01284199  00000+0 -10569-1 0  9995
2 53044  97.6555  15.9944 0001725 102.4037 159.2608 15.72937519  1303
STARLINK-4350           
1 53045U 22077C   22197.91667824 -.01284675  00000+0 -10560-1 0  9996
2 53045  97.6555  15.9949 0001779 110.3499 151.8116 15.72966502  1304
STARLINK-4331           
1 53046U 22077D   22197.91667824 -.01284859  00000+0 -10549-1 0  9998
2 53046  97.6555  15.9949 0001789 111.8205 150.8400 15.72994445  1309
STARLINK-4352           
1 53047U 22077E   22197.91667824 -.01285449  00000+0 -10529-1 0  9993
2 53047  97.6555  15.9956 0001852 118.2519 145.4048 15.73050032  1302
STARLINK-4355           
1 53048U 22077F   22197.91667824 -.01284777  00000+0 -10536-1 0  9995
2 53048  97.6555  15.9951 0001779 110.6967 152.4637 15.73021691  1300
STARLINK-4345           
1 53049U 22077G   22198.50001157 -.01125475  00000+0 -99018-2 0  9995
2 53049  97.6554  16.6382 0001597  76.2089 248.6092 15.71453045  1017
STARLINK-4343           
1 53050U 22077H   22198.50001157 -.01081507  00000+0 -95000-2 0  9991
2 53050  97.6554  16.6375 0001663  95.3921 228.3225 15.71380641  1601
STARLINK-4336           
1 53051U 22077J   22198.50001157 -.01161494  00000+0 -10226-1 0  9992
2 53051  97.6554  16.6387 0001774  79.8266 246.0895 15.71524190  1606
STARLINK-4341           
1 53052U 22077K   22198.50001157 -.01103547  00000+0 -97017-2 0  9992
2 53052  97.6554  16.6378 0001547  92.4892 231.7778 15.71416565  1608
STARLINK-4337           
1 53053U 22077L   22198.50001157 -.01218257  00000+0 -10554-1 0  9998
2 53053  97.6554  16.6393 0001673  99.4249 227.5861 15.71595598  1609
STARLINK-4339           
1 53054U 22077M   22198.50001157 -.01141976  00000+0 -10049-1 0  9991
2 53054  97.6554  16.6383 0001678  76.7687 248.5981 15.71488541  1603
STARLINK-4338           
1 53055U 22077N   22198.50001157 -.01249293  00000+0 -10821-1 0  9991
2 53055  97.6554  16.6398 0001553  97.8159 230.2856 15.71665443  1607
STARLINK-4314           
1 53056U 22077P   22198.50001157 -.01179812  00000+0 -10392-1 0  9994
2 53056  97.6554  16.6389 0001767  97.5506 228.9139 15.71559489  1608
STARLINK-4252           
1 53057U 22077Q   22198.50001157 -.01268474  00000+0 -10975-1 0  9995
2 53057  97.6554  16.6404 0001688  83.2730 245.9158 15.71730243  1609
STARLINK-4317           
1 53058U 22077R   22198.58334491 -.01059909  00000+0 -93077-2 0  9990
2 53058  97.6554  16.7302 0001404  86.6017 352.1127 15.71336472  1039
STARLINK-4320           
1 53059U 22077S   22198.50001157 -.01277495  00000+0 -11034-1 0  9997
2 53059  97.6554  16.6409 0001651  96.4791 233.7942 15.71790213  1608
STARLINK-4305           
1 53060U 22077T   22198.50001157 -.01259926  00000+0 -10908-1 0  9997
2 53060  97.6554  16.6400 0001583  90.9218 237.7238 15.71698370  1601
STARLINK-4308           
1 53061U 22077U   22198.50001157 -.01284548  00000+0 -11075-1 0  9992
2 53061  97.6554  16.6415 0001545  95.6901 235.6660 15.71848428  1604
STARLINK-4311           
1 53062U 22077V   22198.50001157 -.01272203  00000+0 -10997-1 0  9990
2 53062  97.6554  16.6405 0001708  94.7136 235.0179 15.71759866  1601
STARLINK-4307           
1 53063U 22077W   22198.50001157 -.01287098  00000+0 -11072-1 0  9994
2 53063  97.6554  16.6420 0001612  87.4666 244.9654 15.71906268  1607
STARLINK-4313           
1 53064U 22077X   22198.50001157 -.01282113  00000+0 -11065-1 0  9990
2 53064  97.6554  16.6410 0001563  93.2982 237.5172 15.71819706  1601
STARLINK-4312           
1 53065U 22077Y   22198.50001157 -.01286118  00000+0 -11050-1 0  9994
2 53065  97.6554  16.6423 0001641  90.6970 242.2741 15.71932859  1601
STARLINK-4309           
1 53066U 22077Z   22198.50001157 -.01286310  00000+0 -11078-1 0  9999
2 53066  97.6554  16.6416 0001590 104.7775 227.1170 15.71877625  1604
STARLINK-4306           
1 53067U 22077AA  22198.50001157 -.01286652  00000+0 -11016-1 0  9991
2 53067  97.6554  16.6430 0001566  76.3241 258.2522 15.72017140  1601
STARLINK-4325           
1 53068U 22077AB  22198.50001157 -.01285372  00000+0 -11030-1 0  9996
2 53068  97.6554  16.6423 0001634  90.9176 242.5898 15.71960396  1600
STARLINK-4323           
1 53069U 22077AC  22198.50001157 -.01284986  00000+0 -10975-1 0  9994
2 53069  97.6554  16.6435 0001585  91.2676 244.3774 15.72070796  1608
STARLINK-4342           
1 53070U 22077AD  22198.50001157 -.01285463  00000+0 -11018-1 0  9996
2 53070  97.6554  16.6426 0001572  88.5624 245.4800 15.71988536  1609
STARLINK-4328           
1 53071U 22077AE  22198.50001157 -.01282409  00000+0 -10925-1 0  9990
2 53071  97.6554  16.6440 0001619  94.8386 241.8680 15.72125324  1608
STARLINK-4344           
1 53072U 22077AF  22198.50001157 -.01285755  00000+0 -10995-1 0  9995
2 53072  97.6554  16.6431 0001550  87.8998 247.2113 15.72043957  1606
STARLINK-4346           
1 53073U 22077AG  22198.50001157 -.01282159  00000+0 -10897-1 0  9992
2 53073  97.6554  16.6445 0001565  96.7961 240.9675 15.72181129  1604
STARLINK-4310           
1 53074U 22077AH  22198.50001157 -.01283872  00000+0 -10951-1 0  9997
2 53074  97.6554  16.6436 0001625  84.5746 251.5992 15.72099192  1606
STARLINK-4348           
1 53075U 22077AJ  22198.50001157 -.01282461  00000+0 -10874-1 0  9995
2 53075  97.6554  16.6450 0001583  90.0736 248.7441 15.72236809  1602
STARLINK-4347           
1 53076U 22077AK  22198.50001157 -.01282060  00000+0 -10909-1 0  9990
2 53076  97.6554  16.6441 0001589  93.7975 243.4384 15.72152983  1602
STARLINK-4315           
1 53077U 22077AL  22198.50001157 -.01282023  00000+0 -10844-1 0  9998
2 53077  97.6554  16.6455 0001645  76.9709 262.8968 15.72292181  1607
STARLINK-4322           
1 53078U 22077AM  22198.50001157 -.01282897  00000+0 -10891-1 0  9990
2 53078  97.6554  16.6446 0001545  88.7936 249.4974 15.72209365  1600
STARLINK-4327           
1 53079U 22077AN  22198.50001157 -.01280808  00000+0 -10821-1 0  9994
2 53079  97.6554  16.6458 0001592  96.9894 243.4058 15.72317825  1608
STARLINK-4330           
1 53080U 22077AP  22198.50001157 -.01282376  00000+0 -10860-1 0  9991
2 53080  97.6554  16.6451 0001642  77.9061 261.4366 15.72264778  1604
STARLINK-4326           
1 53081U 22077AQ  22198.50001157 -.01281749  00000+0 -10804-1 0  9993
2 53081  97.6554  16.6463 0001553  91.9670 249.4707 15.72374350  1604
STARLINK-4321           
1 53082U 22077AR  22198.50001157 -.01281425  00000+0 -10814-1 0  9996
2 53082  97.6554  16.6459 0001571  88.0161 252.9017 15.72345827  1602
STARLINK-4351           
1 53083U 22077AS  22198.50001157 -.01283083  00000+0 -10791-1 0  9993
2 53083  97.6554  16.6468 0001649  71.0363 271.4464 15.72428822  1604
STARLINK-4319           
1 53084U 22077AT  22198.58334491 -.01289026  00000+0 -10965-1 0  9998
2 53084  97.6554  16.7372 0001606  85.9818   7.3465 15.72174332  1614
STARLINK-4324           
1 53085U 22077AU  22198.50001157 -.01281270  00000+0 -10749-1 0  9994
2 53085  97.6554  16.6473 0001588  90.3173 253.1998 15.72484021  1609
STARLINK-4318           
1 53086U 22077AV  22198.50001157 -.01281283  00000+0 -10762-1 0  9994
2 53086  97.6554  16.6468 0001608  90.7325 252.2684 15.72455724  1600
STARLINK-4329           
1 53087U 22077AW  22198.50001157 -.01282088  00000+0 -10732-1 0  9996
2 53087  97.6554  16.6478 0001548  88.5527 256.0015 15.72538207  1602
STARLINK-4333           
1 53088U 22077AX  22198.50001157 -.01281321  00000+0 -10737-1 0  9991
2 53088  97.6554  16.6473 0001568  92.6975 251.3371 15.72511467  1605
FALCON 9 DEB            
1 53089U 22077AY  22197.53533562  .00157145  00000+0  60103-3 0  9991
2 53089  97.6746  15.6355 0008680 233.5777 126.4694 15.87005099   878
FALCON 9 DEB            
1 53090U 22077AZ  22197.53406214  .00166039  00000+0  62195-3 0  9991
2 53090  97.6733  15.6364 0007398 214.9142 145.1644 15.87427150   879
FALCON 9 DEB            
1 53091U 22077BA  22197.46750559  .00180232  13823-4  65090-3 0  9998
2 53091  97.6691  15.5668 0012466 216.1611 143.8818 15.88516066   869
FALCON 9 DEB            
1 53092U 22077BB  22197.46637297  .00173472  13011-4  61682-3 0  9992
2 53092  97.6681  15.5674 0012408 201.2155 158.8604 15.88832978   862
TIANLIAN 2-03           
1 53100U 22078A   22194.13372968  .00109935 -28304-6  65800-2 0  9997
2 53100  27.1649 175.2060 7307300 174.7636 353.4062  2.27980749    17
CZ-3B R/B               
1 53101U 22078B   22198.15366230  .00042279  12308-5  11566-2 0  9991
2 53101  27.1328 174.0938 7244802 176.3742 195.7986  2.37108290   113
LARES-2                 
1 53105U 22080A   22198.04600985 -.00000012  00000+0  00000+0 0  9992
2 53105  70.1461  76.1619 0005894 284.7543 245.3769  6.38964621   229
2022-080B               
1 53106U 22080B   22198.18935576 -.00000003  00000+0  00000+0 0  9995
2 53106  70.1501  76.1200 0008348 233.0213 312.7912  6.42567105   229
2022-080C               
1 53107U 22080C   22198.17845311 -.00000003  00000+0  00000+0 0  9992
2 53107  70.1476  76.1250 0011582 253.7938 261.1306  6.42121727   122
2022-080D               
1 53108U 22080D   22198.17845311 -.00000003  00000+0  00000+0 0  9993
2 53108  70.1751  76.1156 0002898 285.6762 229.6048  6.42148223   136
2022-080E               
1 53109U 22080E   22198.03471133 -.00000003  00000+0  00000+0 0  9996
2 53109  70.1433  75.9806 0009040 242.0591 306.4195  6.42584907   103
2022-080F               
1 53110U 22080F   22198.18615493 -.00000003  00000+0  00000+0 0  9993
2 53110  70.1338  76.1122 0042512  99.6734  77.9708  6.42553394   116
2022-080G               
1 53111U 22080G   22198.10916232 -.00000003  00000+0  00000+0 0  9991
2 53111  70.1471  76.1532 0010630 257.1283 102.9435  6.42553560   106
2022-080H               
1 53112U 22080H   22197.22866146 -.00000003  00000+0  00000+0 0  9992
2 53112  70.1463  76.4508 0010840 259.7188 224.1212  6.42613720    58
DRAGON CRS-25           
1 53113U 22081A   22197.53941149  .00006218  00000+0  11695-3 0  9994
2 53113  51.6403 191.2111 0004958  16.9898  80.7469 15.49970581349736
2022-082A               
1 53128U 22082A   22198.40383109 -.00000071  00000+0  00000+0 0  9990
2 53128  97.3852 206.3799 0011345 260.2341 240.3333 15.24509915   215
2022-082B               
1 53129U 22082B   22198.40347137 -.00000072  00000+0  00000+0 0  9993
2 53129  97.3852 206.3782 0010859 270.0442 230.5078 15.24900490   229
2022-082C               
1 53130U 22082C   22198.40297546 -.00000072  00000+0  00000+0 0  9993
2 53130  97.3848 206.3807 0011857 278.6841 221.3205 15.25310438   217
CZ-2C R/B               
1 53131U 22082D   22198.38862628  .00021422  00000+0  59357-3 0  9994
2 53131  97.3588 206.3317 0049294   8.7160 105.5615 15.35729536   219
