YAOGAN-33 02            
1 53698U 22106A   22274.80135863  .00000123  00000+0  35929-4 0  9990
2 53698  98.1878 280.6047 0000836 109.1630 250.9654 14.59139417  4210
CZ-4C R/B               
1 53699U 22106B   22274.94879941  .00002134  00000+0  18082-3 0  9992
2 53699  98.2024 282.2525 0143540 316.6151  42.3838 14.91572444  4312
STARLINK-4725           
1 53700U 22107A   22274.91667824 -.00088543  00000+0 -63238-3 0  9991
2 53700  53.2138 140.3704 0001571 129.0298   3.5113 15.73225874  1304
STARLINK-4711           
1 53701U 22107B   22274.91667824 -.00091857  00000+0 -65692-3 0  9990
2 53701  53.2135 140.3688 0001477 128.2963   4.8438 15.73210335  1308
STARLINK-4724           
1 53702U 22107C   22274.91667824 -.00096812  00000+0 -69311-3 0  9999
2 53702  53.2137 140.3665 0001660 144.9974 349.3443 15.73206120  1307
STARLINK-4731           
1 53703U 22107D   22274.91667824 -.00084382  00000+0 -60266-3 0  9999
2 53703  53.2134 140.3711 0001371 135.0294 356.9088 15.73207040  1303
STARLINK-4714           
1 53704U 22107E   22274.91667824 -.00100169  00000+0 -71754-3 0  9996
2 53704  53.2138 140.3754 0001380 132.0009 358.1497 15.73208637  1307
STARLINK-4717           
1 53705U 22107F   22274.91667824 -.00097842  00000+0 -70049-3 0  9996
2 53705  53.2136 140.3737 0001586 133.6986 357.0592 15.73210579  1308
STARLINK-4716           
1 53706U 22107G   22274.91667824 -.00072679  00000+0 -51785-3 0  9994
2 53706  53.2136 140.3726 0001566 130.3463   0.9995 15.73201439  1305
STARLINK-4667           
1 53707U 22107H   22274.91667824 -.00101123  00000+0 -72382-3 0  9998
2 53707  53.2135 140.3640 0001495 131.9137   3.5841 15.73229961  1305
STARLINK-4694           
1 53708U 22107J   22274.91667824 -.00044167  00000+0 -31219-3 0  9997
2 53708  53.2134 140.3675 0001316 127.2117   6.5391 15.73180133  1301
STARLINK-4685           
1 53709U 22107K   22274.91667824 -.00043516  00000+0 -30743-3 0  9996
2 53709  53.2137 140.3789 0001487 136.8332 351.5346 15.73184825  1300
STARLINK-4696           
1 53710U 22107L   22274.91667824  .00226086  31045-4  57044-3 0  9992
2 53710  53.2102 137.5585 0007260 353.1775  67.4661 15.95134968  1306
STARLINK-4627           
1 53711U 22107M   22274.91667824 -.00022709  00000+0 -15798-3 0  9993
2 53711  53.2137 140.3800 0001383 133.4314 354.3430 15.73175778  1307
STARLINK-4683           
1 53712U 22107N   22274.91667824 -.00092514  00000+0 -66132-3 0  9993
2 53712  53.2138 140.3777 0001445 140.1986 348.7667 15.73223822  1304
STARLINK-4698           
1 53713U 22107P   22274.91667824 -.00056109  00000+0 -39808-3 0  9994
2 53713  53.2136 140.3825 0001463 136.2749 350.2936 15.73196371  1305
STARLINK-4688           
1 53714U 22107Q   22274.91667824 -.00079518  00000+0 -56750-3 0  9999
2 53714  53.2138 140.3814 0001396 124.1003   3.0820 15.73200441  1309
STARLINK-4686           
1 53715U 22107R   22274.91667824 -.00025696  00000+0 -17946-3 0  9992
2 53715  53.2137 140.3858 0001491 129.3303 355.4747 15.73168668  1309
STARLINK-4699           
1 53716U 22107S   22274.91667824 -.00096589  00000+0 -69146-3 0  9991
2 53716  53.2138 140.3851 0001290 135.0719 350.3267 15.73208249  1307
STARLINK-4702           
1 53717U 22107T   22274.89444063  .00250702  36435-4  55919-3 0  9993
2 53717  53.2094 137.5310 0006779 340.5767  19.5004 15.97368141  4838
STARLINK-4695           
1 53718U 22107U   22274.91667824 -.00025412  00000+0 -17742-3 0  9995
2 53718  53.2136 140.3835 0001363 128.2904 357.7013 15.73170012  1306
STARLINK-4644           
1 53719U 22107V   22274.91667824 -.01243118  00000+0 -48907-2 0  9998
2 53719  53.2163 137.7948 0001058  71.1414 237.8037 15.88592330  1306
STARLINK-4642           
1 53720U 22107W   22274.91667824 -.00015457  00000+0 -10604-3 0  9996
2 53720  53.2138 140.3874 0001432 131.0890 353.0935 15.73171998  1303
STARLINK-4707           
1 53721U 22107X   22274.91667824 -.00024471  00000+0 -17066-3 0  9992
2 53721  53.2139 140.3938 0001509 136.8521 344.3624 15.73169666  1302
STARLINK-4700           
1 53722U 22107Y   22274.91667824 -.00383662  00000+0 -28405-2 0  9991
2 53722  53.2156 140.3910 0001611 136.7513 345.6657 15.73322599  1302
STARLINK-4705           
1 53723U 22107Z   22274.91667824 -.00104733  00000+0 -75035-3 0  9994
2 53723  53.2138 140.3961 0001547 134.9206 345.1045 15.73223129  1301
STARLINK-4663           
1 53724U 22107AA  22274.91667824 -.00100669  00000+0 -72060-3 0  9994
2 53724  53.2136 140.3921 0001539 132.4512 349.3702 15.73226909  1305
STARLINK-4704           
1 53725U 22107AB  22274.89599378  .00246200  35447-4  55642-3 0  9995
2 53725  53.2090 137.5416 0006787 342.1071  17.9719 15.97134921  4972
STARLINK-4697           
1 53726U 22107AC  22274.91667824 -.00095471  00000+0 -68303-3 0  9995
2 53726  53.2137 140.3948 0001352 119.5404   1.0692 15.73217742  1301
STARLINK-4701           
1 53727U 22107AD  22274.91667824 -.00089356  00000+0 -63875-3 0  9990
2 53727  53.2138 140.3997 0001176 124.9883 353.2486 15.73210266  1309
STARLINK-4640           
1 53728U 22107AE  22274.91667824 -.00124593  00000+0 -89598-3 0  9994
2 53728  53.2139 140.3985 0001509 133.7556 345.0841 15.73212976  1307
STARLINK-4651           
1 53729U 22107AF  22274.91667824 -.00107714  00000+0 -77179-3 0  9993
2 53729  53.2138 140.4033 0001486 137.4039 339.0366 15.73233050  1304
STARLINK-4641           
1 53730U 22107AG  22274.91667824 -.00033498  00000+0 -23554-3 0  9990
2 53730  53.2138 140.4008 0001372 134.5487 343.1056 15.73166977  1302
STARLINK-4636           
1 53731U 22107AH  22274.91667824 -.00027225  00000+0 -19043-3 0  9990
2 53731  53.2140 140.4060 0001463 128.9814 346.2655 15.73169967  1307
STARLINK-4661           
1 53732U 22107AJ  22274.91667824 -.00018995  00000+0 -13140-3 0  9997
2 53732  53.2139 140.4024 0001370 133.7021 343.3572 15.73168942  1305
STARLINK-4574           
1 53733U 22107AK  22274.91667824 -.00119721  00000+0 -86055-3 0  9992
2 53733  53.2137 140.4083 0001284 119.3032 354.7563 15.73206366  1304
STARLINK-4616           
1 53734U 22107AL  22274.91667824 -.00087127  00000+0 -62230-3 0  9996
2 53734  53.2139 140.4048 0001483 125.2003 350.6657 15.73218342  1309
STARLINK-4618           
1 53735U 22107AM  22274.91667824 -.01213632  00000+0 -18767-1 0  9994
2 53735  53.2169 140.8091 0001831 144.7190 131.4490 15.56489832  1300
STARLINK-4652           
1 53736U 22107AN  22274.91667824 -.00021441  00000+0 -14893-3 0  9997
2 53736  53.2140 140.4074 0001418 129.4894 345.1645 15.73169804  1308
STARLINK-4646           
1 53737U 22107AP  22274.91667824 -.01221591  00000+0 -18915-1 0  9994
2 53737  53.2169 140.8114 0001751 143.4005 131.6787 15.56475415  1303
STARLINK-4662           
1 53738U 22107AQ  22274.91667824 -.01201766  00000+0 -18557-1 0  9999
2 53738  53.2169 140.8068 0001442 128.2212 149.0360 15.56501724  1303
STARLINK-4613           
1 53739U 22107AR  22274.89004437  .00299003  47731-4  63463-3 0  9995
2 53739  53.2088 137.5015 0007007 337.5815  22.4908 15.98217614  5007
STARLINK-4607           
1 53740U 22107AS  22274.91667824 -.01220023  00000+0 -18903-1 0  9994
2 53740  53.2169 140.8134 0001840 145.0384 128.9555 15.56453292  1307
STARLINK-4614           
1 53741U 22107AT  22274.91667824  .00023357  00000+0  24153-3 0  9999
2 53741  53.2132 140.7232 0001428 117.3266 201.9504 15.64660154  1301
STARLINK-4637           
1 53742U 22107AU  22274.91667824 -.01205524  00000+0 -18677-1 0  9993
2 53742  53.2169 140.8157 0001574 139.8910 133.0220 15.56421291  1304
STARLINK-4645           
1 53743U 22107AV  22274.91667824 -.01213971  00000+0 -18876-1 0  9990
2 53743  53.2169 140.8248 0001742 141.9009 126.6564 15.56344460  1307
STARLINK-4670           
1 53744U 22107AW  22274.91667824 -.01218947  00000+0 -18916-1 0  9994
2 53744  53.2170 140.8179 0001611 135.9181 135.9024 15.56410902  1301
STARLINK-4656           
1 53745U 22107AX  22274.91667824 -.01210891  00000+0 -18840-1 0  9991
2 53745  53.2169 140.8271 0001602 139.3151 128.1539 15.56321179  1300
STARLINK-4589           
1 53746U 22107AY  22274.91667824 -.01264575  00000+0 -19377-1 0  9996
2 53746  53.2169 140.8224 0001792 140.0053 129.6294 15.56388708  1304
STARLINK-4657           
1 53747U 22107AZ  22274.89561698  .00883480  43656-3  10330-2 0  9994
2 53747  53.2078 136.7896 0007221 297.3052  62.7409 16.08143701  4376
STARLINK-4669           
1 53748U 22107BA  22274.91667824 -.01194197  00000+0 -18574-1 0  9998
2 53748  53.2169 140.8292 0001622 141.6540 124.7304 15.56288034  1300
STARLINK-4680           
1 53749U 22107BB  22274.91667824 -.01212754  00000+0 -18902-1 0  9994
2 53749  53.2172 140.8321 0001402 128.2687 137.0182 15.56281014  1309
STARLINK-4612           
1 53750U 22107BC  22274.91667824 -.01219127  00000+0 -19023-1 0  9992
2 53750  53.2169 140.8336 0001573 133.8042 130.3889 15.56265075  1308
FALCON 9 DEB            
1 53751U 22107BD  22274.86387644  .00522980  13549-3  85192-3 0  9995
2 53751  53.2091 137.3230 0006965 313.0161  47.0288 16.02738363  4274
FALCON 9 DEB            
1 53752U 22107BE  22274.88983951  .00364019  66710-4  72559-3 0  9990
2 53752  53.2056 137.4942 0007707 348.3184  11.7667 15.99287581  4273
FALCON 9 DEB            
1 53753U 22107BF  22274.87070871  .00478239  11343-3  80002-3 0  9991
2 53753  53.2056 137.3644 0008516 316.3689  43.6669 16.02269338  4277
SHERPA-LTC2             
1 53754U 22107BG  22274.86223017  .00155878  20401-4  42707-3 0  9990
2 53754  53.2118 138.0612 0009130 350.6583   9.4274 15.93692632  4264
FALCON 9 DEB            
1 53755U 22107BH  22274.84934806  .00437151  97558-4  67985-3 0  9993
2 53755  53.2028 137.2132 0006637 302.8347  57.2046 16.03530547  4276
FALCON 9 DEB            
1 53756U 22107BJ  22274.90577660  .00597794  18183-3  85828-3 0  9994
2 53756  53.2049 136.8558 0007956 298.5574  61.4659 16.04814040  4287
CENTISPACE-1 S3         
1 53757U 22108A   22274.91985030 -.00000666  00000+0 -10338-3 0  9999
2 53757  53.5320 240.3936 0009667 354.8541   5.2394 14.58216627  3763
CENTISPACE-1 S4         
1 53758U 22108B   22274.79192606  .00000328  00000+0  11129-3 0  9997
2 53758  53.5289 241.0005 0009275 339.2775  20.7831 14.57726143  3748
KZ-1A R/B               
1 53759U 22108C   22274.86377434  .00595039  10121-4  80423-3 0  9991
2 53759  53.5543 226.1994 0322687 156.6577 205.0231 15.51473002  3963
YAOGAN-35 05A           
1 53760U 22109A   22274.92826882 -.00006999  00000+0 -28798-3 0  9998
2 53760  34.9974 223.5624 0006528 140.4495 264.0726 15.23131710  3937
YAOGAN-35 05B           
1 53761U 22109B   22274.86865281  .00012310  00000+0  50734-3 0  9995
2 53761  34.9957 223.8790 0006357 165.8551 291.5193 15.23270904  3886
CZ-2D DEB               
1 53762U 22109C   22274.61094303  .00021969  00000+0  87177-3 0  9999
2 53762  34.9949 225.3647 0007916 146.3356  26.9338 15.24441112  3844
YAOGAN-35 05C           
1 53763U 22109D   22274.87172780 -.00047148  00000+0 -19735-2 0  9997
2 53763  34.9951 223.9066 0006931 168.5526 288.5413 15.22888034  3888
CZ-2D R/B               
1 53764U 22109E   22274.61178649  .00039686  00000+0  15550-2 0  9997
2 53764  34.9970 225.3680 0008319 136.8916  36.6072 15.24754195  3842
EUTELSAT KONNECT VHTS   
1 53765U 22110A   22273.70000000 -.00000188  00000+0  00000+0 0  9991
2 53765   2.7490 141.7600 7694329 181.7490 120.5110  1.06155131   260
ARIANE 5 R/B            
1 53766U 22110B   22274.27533263  .00000376  00000+0  10228-2 0  9991
2 53766   3.3291 145.7340 8151800 179.1357 185.4341  1.26390474   302
1998-067UE              
1 53767U 98067UE  22274.79480284  .00039253  00000+0  63394-3 0  9996
2 53767  51.6406 168.1393 0002758 359.7618   0.3370 15.52476592  3950
BEAVERCUBE              
1 53768U 98067UF  22274.41076901  .00035211  00000+0  57329-3 0  9994
2 53768  51.6401 170.0730 0000681  17.8781 342.2233 15.52304836  3901
CLICK-A                 
1 53769U 98067UG  22274.08507332  .00076373  00000+0  12010-2 0  9996
2 53769  51.6415 171.6514 0000936 330.7636  29.3302 15.52928466  3858
1998-067UH              
1 53770U 98067UH  22274.07819417  .00083285  00000+0  12762-2 0  9991
2 53770  51.6401 171.6031 0001872 327.1023  32.9851 15.53605443  3856
JAGSAT                  
1 53771U 98067UJ  22274.07652809  .00089896  00000+0  13659-2 0  9992
2 53771  51.6398 171.5922 0001803 326.4440  33.6436 15.53804052  3842
STARLINK-4718           
1 53773U 22111A   22274.91667824 -.00119304  00000+0 -85633-3 0  9999
2 53773  53.2144 163.8914 0001422 121.8085 121.0284 15.73237605  1303
STARLINK-4719           
1 53774U 22111B   22274.91667824 -.00101635  00000+0 -72813-3 0  9994
2 53774  53.2147 163.8906 0001174 128.2658 115.2061 15.73212516  1301
STARLINK-4722           
1 53775U 22111C   22274.91667824 -.00062317  00000+0 -44296-3 0  9992
2 53775  53.2147 163.8858 0001278 123.3322 121.8842 15.73196302  1301
STARLINK-4708           
1 53776U 22111D   22274.91667824 -.00083765  00000+0 -59797-3 0  9995
2 53776  53.2147 163.8891 0001323 120.2030 123.8395 15.73215418  1307
STARLINK-4664           
1 53777U 22111E   22274.91667824 -.00104483  00000+0 -74882-3 0  9999
2 53777  53.2146 163.8846 0001303 119.9618 126.4596 15.73215033  1307
STARLINK-4709           
1 53778U 22111F   22274.91667824 -.00083711  00000+0 -59783-3 0  9993
2 53778  53.2143 163.8876 0001270 122.2007 122.4713 15.73205520  1307
STARLINK-4706           
1 53779U 22111G   22274.91667824 -.00112458  00000+0 -80697-3 0  9993
2 53779  53.2150 163.8830 0001069 122.2702 124.8360 15.73218816  1300
STARLINK-4678           
1 53780U 22111H   22274.91667824 -.00102940  00000+0 -73739-3 0  9999
2 53780  53.2160 163.8876 0001386 144.7049 101.0855 15.73220064  1302
STARLINK-4462           
1 53781U 22111J   22274.91667824 -.00101126  00000+0 -72411-3 0  9991
2 53781  53.2163 163.8815 0001734 148.5693 100.2397 15.73220605  1306
STARLINK-4679           
1 53782U 22111K   22274.91667824 -.00091435  00000+0 -65259-3 0  9995
2 53782  53.2162 163.8833 0001521 139.9495 107.8272 15.73255200  1308
STARLINK-4536           
1 53783U 22111L   22274.91667824 -.00062119  00000+0 -44177-3 0  9999
2 53783  53.2162 163.8789 0001450 127.5565 122.4737 15.73182828  1305
STARLINK-4687           
1 53784U 22111M   22274.91667824 -.00095856  00000+0 -68595-3 0  9994
2 53784  53.2159 163.8817 0001580 143.5843 104.6321 15.73213113  1308
STARLINK-4638           
1 53785U 22111N   22274.91667824  .00101794  00000+0  43291-3 0  9998
2 53785  53.2023 162.6943 0006414 320.8879 138.3004 15.84481992  1302
STARLINK-4631           
1 53786U 22111P   22274.91667824 -.00118779  00000+0 -85227-3 0  9997
2 53786  53.2151 163.8781 0001480 132.7082 116.6887 15.73243248  1308
STARLINK-4743           
1 53787U 22111Q   22274.91667824 -.00115210  00000+0 -82710-3 0  9999
2 53787  53.2163 163.8730 0001674 149.9162 102.4972 15.73216665  1301
STARLINK-4744           
1 53788U 22111R   22274.91667824  .00108101  00000+0  45665-3 0  9997
2 53788  53.2025 162.6899 0006405 320.2594 141.2131 15.84598997  1303
STARLINK-4666           
1 53789U 22111S   22274.91667824 -.00129591  00000+0 -93168-3 0  9997
2 53789  53.2157 163.8706 0001162  73.5714 180.0092 15.73238439  1304
STARLINK-4734           
1 53790U 22111T   22274.91667824 -.00095699  00000+0 -68517-3 0  9990
2 53790  53.2158 163.8747 0001368 117.4138 134.4533 15.73201514  1305
STARLINK U              
1 53791U 22111U   22274.70975163  .00131920  00000+0  55654-3 0  9990
2 53791  53.2027 163.7319 0006596 321.4967  38.5587 15.84542316  3271
STARLINK-4739           
1 53792U 22111V   22274.91667824 -.00082205  00000+0 -58776-3 0  9997
2 53792  53.2160 163.8720 0001615 154.4477  98.6349 15.73169971  1309
STARLINK-4728           
1 53793U 22111W   22274.91667824 -.00108329  00000+0 -77623-3 0  9996
2 53793  53.2163 163.8690 0001333 101.9374 152.8193 15.73235030  1309
STARLINK-4730           
1 53794U 22111X   22274.91667824 -.00063909  00000+0 -45468-3 0  9993
2 53794  53.2154 163.8686 0001286 126.3399 127.8771 15.73185611  1303
STARLINK-4742           
1 53795U 22111Y   22274.91667824 -.00051518  00000+0 -36563-3 0  9993
2 53795  53.2159 163.8674 0001857 156.0342  99.4330 15.73151492  1303
STARLINK Z              
1 53796U 22111Z   22274.14108553  .00124625  00000+0  52767-3 0  9990
2 53796  53.2026 166.5819 0006427 321.1655  38.8907 15.84492290  3189
STARLINK-4723           
1 53797U 22111AA  22274.91667824 -.00083049  00000+0 -59288-3 0  9998
2 53797  53.2165 163.8654 0001243  99.3176 157.2640 15.73211258  1307
STARLINK-4712           
1 53798U 22111AB  22274.91667824 -.00099931  00000+0 -71590-3 0  9996
2 53798  53.2150 163.8649 0001215 109.3136 146.6627 15.73205903  1300
STARLINK-4710           
1 53799U 22111AC  22274.91667824 -.00107846  00000+0 -77316-3 0  9994
2 53799  53.2164 163.8632 0001130 108.5340 149.2062 15.73222006  1307
STARLINK-4720           
1 53800U 22111AD  22274.91667824 -.00098592  00000+0 -70585-3 0  9995
2 53800  53.2165 163.8641 0001075 106.2846 150.9019 15.73215889  1307
STARLINK-4715           
1 53801U 22111AE  22274.91667824 -.00101985  00000+0 -73026-3 0  9990
2 53801  53.2156 163.8599 0001332 100.9306 157.9514 15.73225468  1309
STARLINK-4726           
1 53802U 22111AF  22274.91667824 -.00119390  00000+0 -85780-3 0  9990
2 53802  53.2160 163.8612 0001123 103.3079 155.0555 15.73215675  1306
STARLINK-4727           
1 53803U 22111AG  22274.91667824 -.00100219  00000+0 -71757-3 0  9990
2 53803  53.2152 163.8561 0000989 107.1992 152.9605 15.73220522  1305
STARLINK-4729           
1 53804U 22111AH  22274.91667824 -.00072820  00000+0 -51890-3 0  9993
2 53804  53.2157 163.8581 0001144 115.8955 143.6493 15.73201750  1306
STARLINK-4763           
1 53805U 22111AJ  22274.91667824 -.00115504  00000+0 -82933-3 0  9993
2 53805  53.2152 163.8548 0001083 115.7233 145.0019 15.73216334  1309
STARLINK-4768           
1 53806U 22111AK  22274.91667824 -.00083880  00000+0 -59915-3 0  9999
2 53806  53.2168 163.8563 0001140 110.3021 151.0222 15.73202490  1305
BLUEWALKER-3            
1 53807U 22111AL  22274.85239189  .00002980  00000+0  15842-3 0  9993
2 53807  53.2013 172.5470 0012610 354.6380   5.4479 15.18366159  3179
FALCON 9 DEB            
1 53808U 22111AM  22274.86989610  .00316892  47978-4  10497-2 0  9996
2 53808  53.2021 162.5837 0006971 286.0816  73.9443 15.89857925  3300
FALCON 9 DEB            
1 53809U 22111AN  22274.88068365  .00192971  00000+0  71889-3 0  9997
2 53809  53.2003 162.6528 0005850 331.4808  28.5897 15.86940234  4358
FALCON 9 DEB            
1 53810U 22111AP  22274.87343299  .00186049  00000+0  66979-3 0  9993
2 53810  53.2003 162.6038 0008860 327.5013  32.5467 15.87621524  3305
FALCON 9 DEB            
1 53811U 22111AQ  22274.01600842  .00193849  00000+0  78931-3 0  9997
2 53811  53.1957 167.2148 0005622 284.4611  75.5790 15.85106937  3168
FALCON 9 DEB            
1 53812U 22111AR  22274.14207349  .00128405  00000+0  53958-3 0  9995
2 53812  53.1977 166.5813 0007680 299.6475  60.3784 15.84624641  3187
CHINASAT 1E (ZX 1E)     
1 53813U 22112A   22274.94034602 -.00000154  00000+0  00000+0 0  9992
2 53813   1.4799 280.2168 0002604 248.6893 261.6732  1.00270843   272
CZ-7A R/B               
1 53814U 22112B   22271.48551843  .12436359  37052-4  53487-2 0  9994
2 53814  13.9255 205.6605 6675946 187.1733 153.6033  3.18733824   364
STRIX-1                 
1 53815U 22113A   22274.76663019  .00003936  00000+0  32168-3 0  9999
2 53815  97.6596 325.4468 0012120 245.7035 114.2923 14.99896825  2386
ELECTRON KICK STAGE R/B 
1 53817U 22113C   22274.89569412  .00004719  00000+0  38043-3 0  9995
2 53817  97.6578 325.5821 0012665 239.7847 120.2158 15.00315772  2400
STARLINK-4749           
1 53818U 22114A   22274.91667824 -.00082025  00000+0 -58200-3 0  9991
2 53818  53.2147 195.0959 0001625 103.8659  80.8941 15.73347058  1300
STARLINK-4738           
1 53819U 22114B   22274.91667824 -.00096861  00000+0 -69635-3 0  9999
2 53819  53.2144 195.0897 0000465  19.1338 168.1185 15.73113005  1306
STARLINK-4758           
1 53820U 22114C   22274.91667824 -.00074862  00000+0 -53034-3 0  9994
2 53820  53.2146 195.0946 0001543 100.6347  84.7544 15.73347217  1305
STARLINK-4752           
1 53821U 22114D   22274.91667824 -.00058891  00000+0 -42062-3 0  9998
2 53821  53.2146 195.0915 0000613  92.0747  94.5126 15.73063091  1307
STARLINK-4713           
1 53822U 22114E   22274.86484470  .00722727  11542-4  64937-3 0  9994
2 53822  53.2127 193.6348 0054947  91.9869 268.7460 16.08641301  3160
STARLINK-4748           
1 53823U 22114F   22274.91667824  .00136593  17701-4  48926-3 0  9990
2 53823  53.2132 194.2140 0018220  87.4637 164.2980 15.88332623  1303
STARLINK-4757           
1 53824U 22114G   22274.91667824 -.00057579  00000+0 -41137-3 0  9995
2 53824  53.2162 195.0937 0000909  62.4554 125.9194 15.73046535  1305
STARLINK-4751           
1 53825U 22114H   22274.91667824 -.00108053  00000+0 -77500-3 0  9993
2 53825  53.2149 195.0897 0001063  70.4446 117.5796 15.73212333  1303
STARLINK-4756           
1 53826U 22114J   22274.91667824 -.00067938  00000+0 -48120-3 0  9996
2 53826  53.2148 195.0838 0001647 108.9943  82.0982 15.73312558  1308
STARLINK-4764           
1 53827U 22114K   22274.91667824 -.00015795  00000+0 -10856-3 0  9996
2 53827  53.2146 195.0861 0001531  46.1900 143.0440 15.73150001  1301
STARLINK-4760           
1 53828U 22114L   22274.91667824 -.00029252  00000+0 -20521-3 0  9990
2 53828  53.2147 195.0824 0001030  84.1637 107.3653 15.73146375  1303
STARLINK-4759           
1 53829U 22114M   22274.91667824 -.00111458  00000+0 -79923-3 0  9991
2 53829  53.2157 195.0892 0001428  46.0634 143.7522 15.73230207  1302
STARLINK-4761           
1 53830U 22114N   22274.91667824 -.00026941  00000+0 -18836-3 0  9991
2 53830  53.2149 195.0802 0001106  88.2559 104.4949 15.73174834  1303
STARLINK-4649           
1 53831U 22114P   22274.91667824 -.00071058  00000+0 -50590-3 0  9994
2 53831  53.2147 195.0853 0001392  91.3761  98.9730 15.73211344  1308
STARLINK-4747           
1 53832U 22114Q   22274.91667824 -.00073112  00000+0 -52069-3 0  9991
2 53832  53.2146 195.0774 0001422  84.9996 108.9279 15.73215438  1300
STARLINK-4771           
1 53833U 22114R   22274.91667824 -.00117354  00000+0 -84268-3 0  9995
2 53833  53.2142 195.0794 0000981  85.9623 106.2394 15.73221853  1303
STARLINK-4737           
1 53834U 22114S   22274.91667824 -.00074499  00000+0 -53457-3 0  9994
2 53834  53.2148 195.0758 0001638  99.4400  95.6104 15.73047297  1301
STARLINK-4783           
1 53835U 22114T   22274.91667824 -.00065404  00000+0 -46283-3 0  9990
2 53835  53.2142 195.0771 0000885  61.1208 132.3550 15.73320483  1301
STARLINK-4778           
1 53836U 22114U   22274.91667824 -.00130923  00000+0 -94019-3 0  9990
2 53836  53.2158 195.0705 0001208  75.2054 121.1647 15.73269558  1309
STARLINK-4776           
1 53837U 22114V   22274.91667824 -.00106054  00000+0 -76051-3 0  9995
2 53837  53.2150 195.0778 0001047  93.3224 101.2351 15.73208981  1307
STARLINK-4773           
1 53838U 22114W   22274.91667824 -.00012594  00000+0 -85611-4 0  9994
2 53838  53.2149 195.0727 0001257  77.0003 119.9341 15.73157158  1301
STARLINK-4784           
1 53839U 22114X   22274.91667824 -.00067049  00000+0 -47708-3 0  9994
2 53839  53.2152 195.0759 0001303  75.3674 120.3648 15.73201879  1304
STARLINK-4766           
1 53840U 22114Y   22274.91667824 -.00089871  00000+0 -64261-3 0  9996
2 53840  53.2143 195.0671 0001175  88.6452 110.0877 15.73206305  1306
STARLINK-4750           
1 53841U 22114Z   22274.91667824 -.00029582  00000+0 -20727-3 0  9999
2 53841  53.2148 195.0708 0001404  83.3723 114.1517 15.73179878  1301
STARLINK-4754           
1 53842U 22114AA  22274.91667824 -.00098056  00000+0 -70200-3 0  9993
2 53842  53.2144 195.0649 0001194  76.2334 123.6600 15.73213585  1309
STARLINK-4769           
1 53843U 22114AB  22274.91667824  .00006871  00000+0  53503-4 0  9994
2 53843  53.2141 195.0661 0001464  79.8501 118.3286 15.73124692  1307
STARLINK-4745           
1 53844U 22114AC  22274.91667824 -.00086010  00000+0 -61467-3 0  9997
2 53844  53.2146 195.0635 0001048  71.4779 129.6455 15.73201178  1305
STARLINK-4753           
1 53845U 22114AD  22274.91667824 -.00022592  00000+0 -15730-3 0  9995
2 53845  53.2153 195.0694 0001159  72.6212 126.6865 15.73154016  1307
STARLINK-4746           
1 53846U 22114AE  22274.91667824 -.00082121  00000+0 -58611-3 0  9995
2 53846  53.2153 195.0637 0001084  99.7506 102.5516 15.73213049  1306
STARLINK-4777           
1 53847U 22114AF  22274.91667824 -.00104597  00000+0 -74966-3 0  9999
2 53847  53.2145 195.0637 0000973  80.7823 119.7660 15.73215606  1307
STARLINK-4780           
1 53848U 22114AG  22274.91667824 -.00033619  00000+0 -23629-3 0  9996
2 53848  53.2146 195.0586 0001077  92.3751 111.1076 15.73179758  1301
STARLINK-4770           
1 53849U 22114AH  22274.91667824 -.00069646  00000+0 -49652-3 0  9990
2 53849  53.2154 195.0648 0001332  83.2645 118.4204 15.73172036  1300
STARLINK-4767           
1 53850U 22114AJ  22274.91667824 -.00070995  00000+0 -50602-3 0  9998
2 53850  53.2145 195.0550 0001314  79.2404 126.0170 15.73185248  1308
STARLINK-4755           
1 53851U 22114AK  22274.91667824 -.00092521  00000+0 -66186-3 0  9992
2 53851  53.2146 195.0602 0001121  98.2835 104.6304 15.73207656  1302
STARLINK-4797           
1 53852U 22114AL  22274.91667824 -.00093584  00000+0 -66942-3 0  9993
2 53852  53.2150 195.0541 0001172  87.3098 119.2047 15.73213848  1302
STARLINK-4794           
1 53853U 22114AM  22274.91667824 -.00092813  00000+0 -66383-3 0  9997
2 53853  53.2157 195.0609 0001092  86.6624 117.4311 15.73213199  1306
STARLINK-4800           
1 53854U 22114AN  22274.91667824 -.00069902  00000+0 -49764-3 0  9995
2 53854  53.2153 195.0531 0001234  88.8597 118.7893 15.73206844  1306
STARLINK-4703           
1 53855U 22114AP  22274.91667824 -.00100049  00000+0 -71651-3 0  9994
2 53855  53.2142 195.0549 0001015  88.3753 116.2980 15.73214729  1301
STARLINK-4795           
1 53856U 22114AQ  22274.91667824 -.00088371  00000+0 -63166-3 0  9990
2 53856  53.2141 195.0431 0001125  93.4734 117.2399 15.73207734  1302
STARLINK-4809           
1 53857U 22114AR  22274.91667824 -.00073192  00000+0 -52186-3 0  9996
2 53857  53.2145 195.0536 0001010  89.1991 116.6963 15.73190226  1300
STARLINK-4798           
1 53858U 22114AS  22274.91667824 -.00062686  00000+0 -44567-3 0  9997
2 53858  53.2150 195.0505 0001368  87.5512 120.7195 15.73193712  1306
STARLINK-4790           
1 53859U 22114AT  22274.91667824 -.00062621  00000+0 -44502-3 0  9996
2 53859  53.2144 195.0505 0001106  88.3002 118.7675 15.73203943  1301
STARLINK-4799           
1 53860U 22114AU  22274.91667824 -.00075998  00000+0 -54174-3 0  9995
2 53860  53.2142 195.0446 0001071  84.2765 125.7731 15.73210452  1301
STARLINK-4781           
1 53861U 22114AV  22274.91667824 -.00095891  00000+0 -68628-3 0  9999
2 53861  53.2142 195.0467 0001043  84.8586 124.0356 15.73212282  1309
STARLINK-4792           
1 53862U 22114AW  22274.91667824 -.00071777  00000+0 -51083-3 0  9994
2 53862  53.2144 195.0436 0001334  81.3992 129.8443 15.73224336  1307
STARLINK-4788           
1 53863U 22114AX  22274.91667824 -.00030207  00000+0 -21173-3 0  9995
2 53863  53.2143 195.0451 0001082  70.5494 138.9266 15.73184001  1309
STARLINK-4779           
1 53864U 22114AY  22274.91667824 -.00098714  00000+0 -70612-3 0  9995
2 53864  53.2143 195.0401 0001192  81.3043 131.1279 15.73235750  1304
STARLINK-4785           
1 53865U 22114AZ  22274.91667824 -.00068228  00000+0 -48581-3 0  9993
2 53865  53.2145 195.0415 0001285  84.1279 127.7359 15.73192539  1304
STARLINK-4762           
1 53866U 22114BA  22274.91667824 -.00099375  00000+0 -71158-3 0  9997
2 53866  53.2142 195.0366 0001034  85.0060 129.2070 15.73215101  1305
STARLINK-4793           
1 53867U 22114BB  22274.91667824 -.00129321  00000+0 -92856-3 0  9991
2 53867  53.2158 195.0381 0001230  89.2505 123.7559 15.73266784  1302
STARLINK-4789           
1 53868U 22114BC  22274.91667824  .00046448  00000+0  32957-3 0  9994
2 53868  53.2154 195.0345 0001462 111.2627 106.0525 15.73479874  1300
STARLINK-4810           
1 53869U 22114BD  22274.91667824 -.00104205  00000+0 -74658-3 0  9997
2 53869  53.2147 195.0383 0000963  69.2778 144.3459 15.73222560  1308
STARLINK-4732           
1 53870U 22114BE  22274.91667824 -.00067371  00000+0 -47959-3 0  9995
2 53870  53.2145 195.0353 0000898  83.0420 132.4037 15.73194428  1301
STARLINK-4740           
1 53871U 22114BF  22274.91667824 -.00101337  00000+0 -72506-3 0  9993
2 53871  53.2145 195.0333 0001105  85.6356 130.4145 15.73241472  1308
FALCON 9 DEB            
1 53872U 22114BG  22274.84884504  .01626009  11718-4  92454-3 0  9996
2 53872  53.2150 193.5391 0044705  97.3958 263.2164 16.15853922  3161
FALCON 9 DEB            
1 53873U 22114BH  22274.84587461  .01497681  11712-4  88496-3 0  9996
2 53873  53.2087 193.5103 0041808  97.9028 262.6758 16.15672085  3168
FALCON 9 DEB            
1 53874U 22114BJ  22274.83643644  .01642366  11752-4  88906-3 0  9994
2 53874  53.2139 193.4401 0039341  90.8059 269.7488 16.17035335  3163
FALCON 9 DEB            
1 53875U 22114BK  22274.83361260  .01581997  11781-4  78726-3 0  9999
2 53875  53.2155 193.4224 0038351  92.5312 268.0119 16.18187803  3168
CHUANGXIN 16B (CX-16B)  
1 53876U 22102B   22274.90263125  .00004985  00000+0  46975-3 0  9990
2 53876  28.9978 113.0160 0004842 302.1436  57.8690 14.91821406  1814
YUNHAI-1 03             
1 53877U 22115A   22274.96147530  .00000177  00000+0  80927-4 0  9997
2 53877  98.4974 273.4776 0001506  97.1106 263.0266 14.32793458  1580
CZ-2D R/B               
1 53878U 22115B   22274.92098446  .00000780  00000+0  13099-3 0  9990
2 53878  98.5448 274.1314 0124445   8.9882 351.3509 14.67935058  1610
SOYUZ-MS 22             
1 53879U 22116A   22274.46188292  .00014869  00000+0  26380-3 0  9990
2 53879  51.6447 170.0519 0002623 316.7478 215.0466 15.50450812361660
2022-118A               
1 53884U 22118A   22274.91372653  .00004135  00000+0  17927-3 0  9996
2 53884  97.5204 281.4282 0013609 234.8413 216.2266 15.22864621  1067
2022-118B               
1 53885U 22118B   22274.91088054  .00004801  00000+0  20388-3 0  9991
2 53885  97.5201 281.4319 0010779 242.5165 208.9648 15.23511480  1055
STARLINK-5028           
1 53886U 22119A   22274.91667824 -.01167657  00000+0 -52184-2 0  9991
2 53886  53.2184 218.8148 0020089  66.6524 160.8706 15.85783951  1309
STARLINK-5029           
1 53887U 22119B   22274.91667824 -.01171110  00000+0 -52227-2 0  9999
2 53887  53.2184 218.8120 0020246  66.5260 162.0553 15.85827932  1303
STARLINK-5034           
1 53888U 22119C   22274.91667824 -.01004577  00000+0 -44537-2 0  9997
2 53888  53.2186 218.8140 0017728  78.1758 149.8007 15.85671737  1307
STARLINK-5031           
1 53889U 22119D   22274.91667824 -.01102563  00000+0 -49043-2 0  9999
2 53889  53.2186 218.8130 0019472  68.3017 160.0187 15.85756728  1302
STARLINK-5050           
1 53890U 22119E   22274.91667824  .00207150  27228-4  56077-3 0  9998
2 53890  53.2242 218.7650 0040960  74.3131 180.8707 15.92356325  1308
STARLINK-5041           
1 53891U 22119F   22274.91667824 -.01053649  00000+0 -46713-2 0  9993
2 53891  53.2184 218.8108 0018083  66.0842 163.2175 15.85768594  1302
STARLINK-5046           
1 53892U 22119G   22274.91667824  .00325179  00000+0  13071-2 0  9992
2 53892  53.2187 218.8054 0017084  83.5766 147.8733 15.84846217  1301
STARLINK-5052           
1 53893U 22119H   22274.91667824 -.01162006  00000+0 -51822-2 0  9990
2 53893  53.2186 218.8091 0017905  71.2280 158.9487 15.85904383  1308
STARLINK-5043           
1 53894U 22119J   22274.91667824 -.01212462  00000+0 -54198-2 0  9992
2 53894  53.2184 218.8110 0019533  65.9806 163.5364 15.85907340  1304
STARLINK-5032           
1 53895U 22119K   22274.91667824 -.01355315  00000+0 -59913-2 0  9998
2 53895  53.2184 218.8084 0018204  65.8472 164.6520 15.86046764  1308
STARLINK-5037           
1 53896U 22119L   22274.91667824 -.00919603  00000+0 -40149-2 0  9995
2 53896  53.2184 218.8079 0018484  75.0320 156.1272 15.85764275  1301
STARLINK-5035           
1 53897U 22119M   22274.91667824 -.01101909  00000+0 -48910-2 0  9993
2 53897  53.2184 218.8098 0018614  70.9212 159.0180 15.85833320  1300
STARLINK-5044           
1 53898U 22119N   22274.91667824 -.01056867  00000+0 -46508-2 0  9997
2 53898  53.2187 218.8063 0018345  72.6481 159.4060 15.85916049  1529
STARLINK-5042           
1 53899U 22119P   22274.91667824 -.00937489  00000+0 -41000-2 0  9997
2 53899  53.2184 218.8062 0017506  78.7517 153.0877 15.85806154  1522
STARLINK-5045           
1 53900U 22119Q   22274.91667824 -.00932500  00000+0 -40645-2 0  9993
2 53900  53.2180 218.8047 0017742  80.1746 152.5334 15.85854336  1524
STARLINK-5024           
1 53901U 22119R   22274.91667824 -.01353160  00000+0 -59636-2 0  9994
2 53901  53.2185 218.8074 0018328  65.8023 165.5347 15.86098788  1529
STARLINK-5021           
1 53902U 22119S   22274.91667824 -.01227254  00000+0 -54234-2 0  9998
2 53902  53.2185 218.8021 0019679  65.9771 168.1504 15.86165723  1521
STARLINK-5022           
1 53903U 22119T   22274.91667824 -.01355665  00000+0 -59615-2 0  9995
2 53903  53.2184 218.8053 0018440  66.2525 166.1134 15.86143404  1521
STARLINK-4787           
1 53904U 22119U   22274.91667824 -.01348349  00000+0 -59135-2 0  9994
2 53904  53.2184 218.8047 0018480  65.9967 166.7903 15.86181255  1521
STARLINK-5003           
1 53905U 22119V   22274.91667824 -.01359375  00000+0 -59453-2 0  9999
2 53905  53.2184 218.8024 0019013  66.0153 167.7084 15.86236596  1529
STARLINK-5054           
1 53906U 22119W   22274.91667824 -.01123728  00000+0 -49294-2 0  9993
2 53906  53.2185 218.8009 0018703  73.7853 160.9749 15.86116897  1525
STARLINK-5063           
1 53907U 22119X   22274.91667824 -.01043571  00000+0 -45722-2 0  9993
2 53907  53.2182 218.8037 0018268  70.6894 162.5242 15.85977626  1307
STARLINK-5057           
1 53908U 22119Y   22274.91667824 -.01395314  53118-3 -54153-2 0  9999
2 53908  53.2184 218.8005 0019992  66.3287 168.6876 15.86217124  1309
STARLINK-4796           
1 53909U 22119Z   22274.91667824 -.01341395  00000+0 -58738-2 0  9991
2 53909  53.2184 218.8032 0018303  66.4266 167.0063 15.86206366  1524
STARLINK-5056           
1 53910U 22119AA  22274.91667824 -.01159605  00000+0 -50750-2 0  9990
2 53910  53.2184 218.7984 0019657  66.1196 169.9029 15.86205360  1529
STARLINK-5048           
1 53911U 22119AB  22274.91667824 -.01226765  00000+0 -54170-2 0  9993
2 53911  53.2184 218.8013 0019572  66.1157 168.2564 15.86184931  1523
STARLINK-5059           
1 53912U 22119AC  22274.91667824 -.00979113  00000+0 -42383-2 0  9998
2 53912  53.2185 218.7992 0018951  72.0543 163.6935 15.86050517  1528
STARLINK-5053           
1 53913U 22119AD  22274.91667824 -.01302475  46860-3 -50462-2 0  9996
2 53913  53.2184 218.7969 0019966  66.1065 170.4760 15.86237689  1521
STARLINK-5040           
1 53914U 22119AE  22274.91667824 -.01297779  46560-3 -50214-2 0  9999
2 53914  53.2184 218.7967 0020240  66.3187 170.5072 15.86254292  1520
STARLINK-5017           
1 53915U 22119AF  22274.91667824 -.01304927  46997-3 -50693-2 0  9999
2 53915  53.2184 218.7997 0020042  66.1671 169.0827 15.86180755  1523
STARLINK-5051           
1 53916U 22119AG  22274.91667824 -.00186572  00000+0 -76032-3 0  9990
2 53916  53.2188 218.7951 0017245  79.7835 157.7547 15.85556817  1529
STARLINK-5036           
1 53917U 22119AH  22274.91667824 -.01287375  45866-3 -49903-2 0  9994
2 53917  53.2184 218.7980 0020256  66.6684 169.5702 15.86214530  1305
STARLINK-5012           
1 53918U 22119AJ  22274.91667824 -.01293435  46287-3 -50008-2 0  9995
2 53918  53.2184 218.7956 0019939  66.3510 171.1651 15.86279300  1308
STARLINK-5023           
1 53919U 22119AK  22274.91667824 -.01150675  00000+0 -50150-2 0  9991
2 53919  53.2184 218.7943 0019091  66.1408 171.7632 15.86292451  1305
STARLINK-5025           
1 53920U 22119AL  22274.91667824 -.01239552  42853-3 -47802-2 0  9991
2 53920  53.2184 218.7924 0019896  67.1385 171.9417 15.86323655  1308
STARLINK-5005           
1 53921U 22119AM  22274.91667824  .00265001  38535-4  59342-3 0  9993
2 53921  53.2247 218.7136 0050395  72.3872 208.0524 15.94929339  1527
STARLINK-5002           
1 53922U 22119AN  22274.91667824 -.01307587  47260-3 -50279-2 0  9996
2 53922  53.2184 218.7921 0020126  66.0630 173.2274 15.86386865  1528
STARLINK-5004           
1 53923U 22119AP  22274.91667824 -.01302921  46936-3 -50182-2 0  9996
2 53923  53.2184 218.7929 0020303  66.6246 172.1593 15.86346517  1525
STARLINK-5001           
1 53924U 22119AQ  22274.91667824 -.01310442  47469-3 -50302-2 0  9990
2 53924  53.2184 218.7903 0019736  66.2664 173.9501 15.86435707  1524
STARLINK-5011           
1 53925U 22119AR  22274.91667824 -.01230811  42286-3 -47234-2 0  9994
2 53925  53.2185 218.7943 0023812  67.2517 170.8223 15.86275645  1528
STARLINK-5014           
1 53926U 22119AS  22274.91667824 -.01309934  47444-3 -50221-2 0  9999
2 53926  53.2184 218.7898 0019904  66.2360 174.2207 15.86454818  1520
STARLINK-5008           
1 53927U 22119AT  22274.91667824 -.01301746  46887-3 -49975-2 0  9997
2 53927  53.2184 218.7903 0020263  66.9080 173.0254 15.86413446  1525
STARLINK-5009           
1 53928U 22119AU  22274.91667824 -.01307198  47269-3 -50071-2 0  9999
2 53928  53.2184 218.7893 0020017  66.2316 174.5327 15.86468812  1520
STARLINK-5018           
1 53929U 22119AV  22274.91667824 -.01224846  41943-3 -47194-2 0  9993
2 53929  53.2186 218.7914 0019526  67.5234 172.0842 15.86351171  1303
STARLINK-5010           
1 53930U 22119AW  22274.91667824 -.01532341  63276-3 -58289-2 0  9997
2 53930  53.2185 218.7884 0020019  65.9872 175.2254 15.86647398  1524
STARLINK-5015           
1 53931U 22119AX  22274.91667824 -.01315039  47820-3 -50281-2 0  9992
2 53931  53.2185 218.7867 0018873  73.1991 168.6234 15.86544672  1305
STARLINK-4772           
1 53932U 22119AY  22274.91667824 -.01325509  48514-3 -50659-2 0  9996
2 53932  53.2185 218.7882 0019352  69.2318 172.2061 15.86539776  1527
STARLINK-4782           
1 53933U 22119AZ  22274.91667824 -.01531338  63191-3 -58351-2 0  9991
2 53933  53.2185 218.7887 0019473  65.9536 174.9556 15.86630812  1523
STARLINK-4775           
1 53934U 22119BA  22274.91667824 -.01526610  62870-3 -57991-2 0  9991
2 53934  53.2185 218.7868 0019478  66.0959 176.0037 15.86692741  1525
STARLINK-5000           
1 53935U 22119BB  22274.91667824 -.01527288  62938-3 -57920-2 0  9991
2 53935  53.2185 218.7849 0019624  66.2022 176.5573 15.86721830  1523
STARLINK-4791           
1 53936U 22119BC  22274.91667824 -.01528298  63010-3 -57985-2 0  9997
2 53936  53.2185 218.7864 0019572  66.1399 176.1744 15.86714399  1527
STARLINK-4765           
1 53937U 22119BD  22274.91667824 -.01260193  44263-3 -48094-2 0  9995
2 53937  53.2185 218.7845 0018675  70.3165 172.6451 15.86579568  1521
FALCON 9 DEB            
1 53938U 22119BE  22274.29147950  .00757321  28692-3  91880-3 0  9991
2 53938  53.2276 221.7694 0067624  72.0706 288.7685 16.02831013  1856
FALCON 9 DEB            
1 53939U 22119BF  22274.28963672  .00720383  26077-3  87226-3 0  9990
2 53939  53.2257 221.7533 0063197  73.7718 287.0257 16.03414835  1857
FALCON 9 DEB            
1 53940U 22119BG  22274.28527625  .00787460  32100-3  89265-3 0  9994
2 53940  53.2253 221.7194 0060733  69.2801 291.4728 16.04696407  1854
FALCON 9 DEB            
1 53941U 22119BH  22274.28463093  .00783109  31766-3  88166-3 0  9995
2 53941  53.2258 221.7145 0060885  70.9297 289.8317 16.04777903  1858
2022-118C               
1 53942U 22118C   22274.94690145  .00049408  25836-5  61218-3 0  9997
2 53942  97.5257 281.4365 0274194 340.5877  18.5077 15.26486557  1064
YAOGAN-36 01A           
1 53943U 22120A   22274.92079177  .00010318  00000+0  41204-3 0  9996
2 53943  34.9955 151.7067 0008776 323.1030  43.6231 15.24341099   825
CZ-2D DEB               
1 53944U 22120B   22274.86389587  .00022357  00000+0  87786-3 0  9990
2 53944  34.9982 152.0626 0009888 320.5798  96.8932 15.24773349   812
CZ-2D R/B               
1 53945U 22120C   22274.86437799  .00020676  00000+0  81871-3 0  9991
2 53945  34.9998 152.0752 0009267 311.5969 103.6766 15.24510731   783
YAOGAN-36 01B           
1 53946U 22120D   22274.87321472  .00004653  00000+0  18754-3 0  9990
2 53946  34.9956 152.0330 0008098 310.8091 148.8364 15.24205703   773
YAOGAN-36 01C           
1 53947U 22120E   22274.80186767  .00014406  00000+0  56430-3 0  9990
2 53947  34.9975 152.4443 0009439 325.0683 115.0437 15.24924965   808
2022-121A               
1 53948U 22121A   22274.87280155  .00006342  00000+0  31708-3 0  9996
2 53948  97.4544 295.4395 0011351 248.9432 234.4545 15.17736269   749
2022-121B               
1 53949U 22121B   22274.87212127  .00004457  00000+0  22262-3 0  9991
2 53949  97.4527 295.4387 0010074 254.2331 229.3019 15.17948096   743
2022-121C               
1 53950U 22121C   22274.86732587  .00004427  00000+0  21935-3 0  9992
2 53950  97.4558 295.4383 0011737 260.7063 201.3469 15.18216097   745
SELFIESAT               
1 53951U 22057BA  22274.86739233  .00011315  00000+0  64140-3 0  9995
2 53951  97.5260  28.0584 0011254 153.1869 206.9946 15.13098891 19525
2022-122A               
1 53955U 22122A   22274.83610885  .00001163 -36785-5  00000+0 0  9997
2 53955 136.8660 131.6631 0046766 163.4157 217.8370 16.10113543    98
